96039 9279369501
-40725 2948268645
48475 4546093081
35211 2115455769
-29309 1949548985
-8021 4844919605
7543 3154064369
46219 9596858269
-99477 5487067449
-97997 8792658997
-75285 6017705301
-64157 2684798741
8523 1558958157
44967 5048222937
95539 9630085901
76387 929627801
21739 3592289773
3595 1443195649
47275 3898138733
86175 3933308337
90615 7828625493
-89025 7142692473
66555 5494518849
-8057 9511116529
65643 5507186157
-53717 1939781081
-84653 8588476193
-35049 4288027689
16431 8176350441
42631 4800850561
60319 8157472381
-9045 8679490881
-26357 5363100881
19327 2787538729
-79397 3811244897
78847 5869072229
70587 4546957593
33463 4189716869
-46397 1762288309
-34193 8471463661
-75033 4791077445
-16937 9815058889
531 6730239669
-75401 7882057673
-46833 5434721397
-77685 3188219793
-31133 1925332097
20763 9413380581
4015 4321063621
-49373 5873204621
-48309 1765873929
-54713 3082000861
57631 5708298385
-26345 9005004725
88423 7292277749
10999 1582779925
-84365 1874237365
-17681 376408397
1015 8705382161
-87473 8587045613
87091 1445633341
22147 8142302945
64887 5263794357
-22341 2263246713
76663 1055540017
6879 5495932065
-55229 8925924065
14719 8865608305
50523 7857346449
54907 7781754541
-41513 902813297
53227 9020517109
9547 1579661909
-64445 2727671569
-39293 4177846981
16579 7205785685
-70757 5730210713
-58745 4652937073
-1749 970960929
91747 6520395217
61455 2161502973
51583 2506843849
-78809 4555185269
27811 7035466457
-97773 8028456273
-23789 4846963981
55167 8727143589
48943 4887597257
-99305 8289250189
74227 5173615717
-477 1104560625
9619 4770452585
-12473 5596675433
30931 4769765293
-72789 1399016337
51703 3855332609
-18593 1180639433
9379 471070897
11227 8931045017
-69233 8426413289
-82401 9739091169
-25397 3490353409
60031 9563252401
28759 7576882213
56767 7822490665
36811 2155811441
-57953 535583041
-8265 4897998645
17599 9925527169
43159 370845253
23331 8262032241
-33665 9650444041
-57549 6476615433
17779 1889504989
59071 1686773513
35455 4209706657
-2345 4120235641
39987 1563550557
24835 6887262169
70723 667694869
28363 8254974065
-56973 9046491813
-96957 9910903545
-58157 2169001517
31699 5375468357
3823 8577144121
90535 2190463901
8779 5969418445
-54665 6509940589
25351 820162933
4423 8102803601
16567 3696500257
-36861 2207564733
61399 3005720929
-98081 4831642361
-31973 1241960321
91735 2034690593
34123 8589758257
35275 1942377461
-33837 8828563641
-52589 2747416385
-3921 1755622077
55743 3849498981
-56733 5883350265
86767 7995197945
-62393 3716128669
98731 9159347509
53403 2199461529
24555 8050611465
75559 4532405489
26103 7085703285
-96953 7964695637
41875 6457231045
-64781 7499120017
-67973 456581653
-67913 7942781725
85699 2523395305
-95601 9067460829
-38021 2971411781
92983 4043028461
47587 6830729897
-39041 1721905613
-36557 9880714753
571 8435920241
-38073 706096293
-8537 2920172257
-50045 665323909
36139 6502145789
37915 3186895873
39015 1176664113
21403 3332333101
-23669 2374122821
-46949 8014147265
-13973 5652389729
84355 2114711113
2419 5498953069
-12497 8101809373
-56397 4366571073
-65309 5270296733
-74385 7801242885
-30069 9042771609
-94617 5337362973
-73749 2256607305
21207 1983463449
49063 5978611045
75259 9155396633
-63749 1844163397
49375 3505114573
22507 4603470073
13639 7175355157
-43133 4840508125
-25905 5208038913
81687 8557513329
-64505 5129515609
72067 9537838001
-33513 5843310045
75823 4925181125
-58689 8882201409
91215 747797985
-50537 1092286493
33223 2153161793
-72425 1296758777
-21185 8157825953
49171 6461466757
53799 4911618789
-37449 7284607149
33451 4206859133
18511 6701053073
-34917 7120905513
-41297 1089340361
-73397 3744838993
-29129 3147975425
19179 7692542445
-10149 4211209245
96007 8083099421
-67881 8818906017
11215 3848814173
-40637 4852882081
-55109 7019007409
-59333 7186862677
-14897 6792819329
-43773 4930834365
-413 3599296057
-72045 1263622233
35755 9800286745
-47861 7788355925
54963 1139074977
-16545 9345427965
57655 9423303301
54187 6980537021
-65981 8476993985
-79157 3314966545
-14093 5612347457
55927 5258185709
9055 8762313701
-47093 5975778065
-83633 8222202749
-89717 7536291037
-80585 1458786697
31183 4272518893
-23601 5621686029
89707 4438950305
7371 6034304013
39367 556199405
-33897 8029942977
-36105 703947909
-28817 4041770605
3055 5682229697
-82601 2066844701
46063 2943442457
-58209 2382062541
-33909 1305117009
-2109 4822258077
34723 4438622137
-45773 4123035617
-67961 1431083281
-92549 4572114917
-90437 5893384661
-66789 3615324561
83575 1857271049
-90509 1092927817
94987 7335253961
96595 5037173345
-72281 9422015633
88479 2501354865
-21377 3306952805
-55949 8630112641
41847 9985955505
-4385 4325892329
69847 3210768017
98431 4734572725
-11513 3624501545
78235 6023355781
93763 4697678009
6163 7924621525
90459 4626303165
85599 3147019353
31963 1127519669
60211 7220404813
-51777 6527852073
39451 7275711325
11295 778930437
-81101 1005525749
23535 6358954761
28291 2159023625
-61941 7270617153
36859 1685633537
28539 4694358297
28171 5478540325
10395 1285771557
-79497 6865682253
-27261 2301860169
-61605 789338421
-4481 2071026509
46695 2421586953
-44385 9489163281
-62469 9141997161
-6629 1243825781
31939 3874655773
-67665 1352386677
-78821 4589047057
-67997 7994089301
-85337 740931509
54951 2305089549
3427 6248076469
18043 5028283661
-63005 3366760657
84787 9179399513
-84065 1370586877
60763 5074208753
-73061 9843627197
51975 9166093701
19135 5742820561
-30521 1877349077
-20289 2762179953
78343 8959808221
57115 3417391537
-65705 5540791405
92059 6620366165
96595 5949111805
-99593 6823560893
-31737 4990951341
-80633 8300384813
3691 6583220605
583 5061580361
25951 6950487049
-13245 9518190273
35179 470652137
-16649 1733260513
-35313 7978531869
8175 9795586065
42351 1845647133
-61361 1765853069
-14453 5365802881
-68669 7942934861
76159 3397346557
-37209 7396160481
55735 9309372797
25339 4100879053
475 5204955433
21487 2004719513
25779 3974538717
6759 4942441833
54091 4271698349
77995 9461189665
-80201 9450099421
-58733 7325318585
-73445 8049800201
-94493 5528022413
22195 9649660253
43263 8520255693
-56381 8864585881
27643 5196925649
-67733 7668078245
-64281 8901946701
883 9008788417
-58917 1398853833
9943 7786466309
17959 8636397953
-34493 7449759941
-60429 5362840065
-45413 7006861481
15843 4177656273
34843 2008853669
11079 602520405
-94389 5727809097
30583 7403457769
-25317 9388875789
-27549 542479677
61711 549930313
-36761 8351564845
-61545 2120763825
-67013 2571467609
43423 9982835365
43119 8270060673
-26769 6136094265
-16169 1365419965
-7841 9939701149
7699 6096151997
86571 3181421253
-10817 8410171997
16767 8059011237
7855 6637919821
-89969 8814271589
-52937 9264569705
23127 995993841
-63057 8348188377
65539 7121870501
-46049 775272401
32611 3671331209
6999 9397234185
-12869 5380784633
-65909 1537050797
-98405 9819804293
11299 1859347613
-80793 5835125901
11907 838522089
38787 6212790393
-44649 9883712565
13615 4240572569
20923 9510622465
90219 1288772337
17563 9065646869
-11609 6022483489
13843 8902225213
-84213 2841297549
92583 3182460177
83583 3605803077
66675 1402985061
-65921 1852774253
83539 4938626173
64495 8327260961
78187 8514789613
-64925 8788227257
-43653 9572067969
39459 8012472765
-22209 9160221597
-47705 9699478597
7035 2956557561
99475 9185761385
73051 2779919093
-48065 3439088461
-48509 3523522421
99067 9937697477
-51089 9089863297
49591 8801468057
44515 9569998685
45399 9516922017
-25493 6168095305
-51893 4478676457
-23417 6745394689
98211 6352235169
-37025 7838710709
-3405 9607755705
80635 2105540933
-1769 9312453809
82675 4705492937
-12989 6615973205
16927 6333431617
98551 7671398849
-20765 2280602705
-17501 4268499629
-4733 7016454341
-1385 9294985937
-6021 9411286149
-27725 5950207309
3091 2081327777
65739 2456506341
-56801 3553341433
-17897 3817791109
27043 541152893
-82133 5276721829
-47621 8372550601
-66053 7840054597
-70337 783174221
-10233 5354333337
75699 1490750361
47163 5146929861
97039 9253064449
62683 7337805701
85947 2763508269
-68597 6026184089
28495 3182209621
-60701 5916729169
-99381 6996568149
-84365 946005541
9807 4217933445
-30933 5284290993
-51741 9902991129
94927 6283459649
40923 8597148321
27775 8340687161
75555 703046625
29763 7955590845
-91389 8695034265
-53453 1697501597
-73169 2134236565
-58049 1720766545
-95645 7297025453
-9189 243587241
-15701 3246876997
-22193 2960576345
26407 4715449141
-47693 2943180553
-44213 6924868265
23751 6212582373
45067 2554498861
-46625 9347475569
-73425 7344892725
78043 9876258197
94399 6441912617
-75293 6372151177
-27749 3714162877
72199 1113509353
53035 5114674493
17587 7780224305
-21461 4784447305
53431 2280700685
72643 515555213
9115 4700053289
-62001 9789733497
96691 8156667521
48795 5163624777
-27557 9775691977
-76413 3383728665
31267 2199296249
84451 845463281
37819 9208529437
34731 138882117
-37193 1857286709
19279 9890128645
-71181 8567568801
-20177 5447043233
-80525 9652360237
55095 6784558521
74719 2465008921
47979 9379822413
91267 5154938857
90855 4356306237
80851 6425134597
76183 1406124409
-83985 7496623773
29755 4409193305
-21957 6317686905
-8345 5246093257
-64169 7017023117
-74933 5319350621
61543 6828876145
3603 4424562885
-83313 9544716957
51055 4739586565
81835 8304461237
-19973 9216521609
71319 9045761205
15019 3352265621
73687 3823244573
63031 4190364449
80823 9528598869
15787 1550309545
69951 8004808245
80547 4204244385
57775 9196262065
-63537 2866325157
-87885 7264306593
-50405 6894184393
-90833 5812056557
-3101 9031673581
-13253 1992772049
7459 4695215597
19687 1873045757
-89321 8170415657
-17585 503115293
-50081 6408695725
28035 3470272365
91347 2642738697
17911 7624772885
-5825 2898214381
87343 4621580941
-52793 9347261617
-93977 5844603725
44215 3694709753
-63209 6433156009
70087 2126824321
-18281 8829899833
99739 6919435769
81987 3264674817
94147 6058677077
-86553 1810419729
46711 9819969529
26695 4060422133
-68873 3762684397
83751 4983637197
49023 5653235373
-28413 2612559597
-22733 4756093573
34387 5142140393
69879 2253465261
-50061 9612228801
-43685 9871820237
26079 7460950029
71947 2017108109
-43209 9384479001
-88217 8211950209
-81773 6991516673
-37385 7819759025
-78797 4435076297
-23525 8766132809
84955 3818712065
5239 9589448977
80767 9297362801
24771 1841285781
-17909 8578906105
-28817 5928102229
63459 7315365333
-48965 1046013841
63787 8679038425
-5897 3131042249
55591 2259357905
-50285 4180477337
-62321 9428473265
-45713 9804384457
82143 6008800749
7807 4092056089
-42057 4556524665
-50637 7395403641
46159 634021333
-92289 1617545397
-43761 2007370437
-17397 2135364897
-35945 2889124417
-11805 2694637317
54043 6733626877
-76457 2684756837
67431 1905368205
-78497 3853757725
-63053 5238843889
40231 4547412557
38155 4717803481
27627 5701296489
13975 7572366401
-24197 4136626553
-97709 2008481149
10579 4991700841
27583 2851653269
-62357 6662644225
36723 8129761725
-99737 6674542493
-12149 4682895973
24739 6282650969
-9353 7856415617
-22457 3791255393
-22325 4630778237
95227 8476906385
60607 1936044857
43479 1317673161
61735 2374355261
-47625 5155909221
-76661 9294220729
-32669 6029858249
49819 7531328405
63219 2344564329
-52805 2090416625
98095 9372880393
-56313 8457874785
10095 9209962929
-38021 4341241249
77127 5601007017
-53621 1520904889
49383 444311145
-68493 3171950769
-96569 4714522697
-63557 3462573061
65143 7879740985
-85037 7692619477
43687 8649607889
-51293 1239335381
1435 2801344825
26751 2941837005
47743 2046421945
38659 7561972909
13635 8234906037
56731 6387954685
99903 6491804961
75415 3030232513
-2381 5983184725
12331 8838611749
-39053 3177150493
-66557 4534935557
-43781 7706279633
-75717 3626275089
19135 7109631385
21111 8095163805
-53013 2928170541
-87017 3046688777
-86813 797077621
-52781 383905669
-30173 5076138077
39247 1714481045
-71565 5666229165
13923 225070065
-79385 737708545
24391 274761041
-93953 6396096161
43107 6070871229
-89325 9544317189
37899 5625337101
52459 2225088433
-89337 5364707313
-94397 5542132189
92083 8875965209
62647 5410838437
18127 5879954417
-27305 4623676909
-86277 5414421429
-22601 7099292977
7783 5141024701
-47645 4476926201
-33825 6180972417
67375 659502481
-49529 1323045449
-36165 128766453
75151 2494249153
15583 3874841993
-16325 6195332893
76087 6119674169
-90593 7670893225
-28985 7036053721
20119 5677675337
-11189 9801772865
-55961 4587527969
-72581 6287021033
-64313 9954969229
-59057 4704598313
8835 8313280929
98499 4410949437
1699 8245707437
87655 4905287089
77203 4345497989
32575 7693008133
6199 6764847665
-54989 9078303113
80911 6706079789
-25149 3256750761
-95477 5150298317
-61853 9508744765
20323 6963841093
29239 1769117897
88459 5390690921
-99581 3953950345
41323 7583039189
-3885 4771412709
-26177 4710542057
-75233 4565814097
-6365 9170874449
8991 380238585
98799 1106407689
23439 6449697897
-84633 6775457325
-30545 1098029617
-16325 5793021293
55915 9741525809
-46001 4524054097
24451 1203773045
14319 5300768601
-12681 3832132293
-56957 7077872777
31911 936413433
-6437 1599688937
-38673 2123755797
21631 7585591757
83007 5734850013
-72269 5309506769
-86553 4987374573
-90741 6603358197
-26969 9038739301
66631 9784111217
-425 3402598565
19503 7787697453
63531 9342977505
40579 1459581625
-94529 9811947853
-65433 4305654321
-41685 3563420529
-11501 8976523769
7411 4175304385
60715 3899119045
56575 7502023433
46651 7072134245
94539 3724701621
-32201 9512065645
6351 2790456801
-31601 5125378373
-81965 9639004705
8239 6406278397
50031 6355759245
88179 8541296721
14311 9991139069
94399 2880144601
-78281 607780409
-50417 7346306849
-6741 8278154253
7275 3701426505
-61673 3451179133
73647 3369977721
-70281 9807174237
-73685 8884166477
-23957 6999005317
-53489 1184192393
84003 1890329661
9235 596366017
-1877 3556258345
82527 6993682161
-32541 3100308969
-71129 3922753325
40747 4741983313
-58637 1483974037
-96645 9427099521
65779 1742874421
-30485 5208142885
10183 6646533581
-52577 8844884521
-65825 7393809269
97639 2957118265
26967 7005943053
-71033 8107742893
21675 4201939125
76111 958354985
-88389 2998359969
51651 1702354149
-7397 1923363245
-68297 3691003937
48663 1266755649
-50097 3519473781
-31101 7163930253
-29201 1456940525
60943 8541380713
-15509 9452023033
-97289 9812013029
-12521 1842690181
88243 5638111337
-10253 9488401037
17131 210966397
-46865 1129395197
17439 660628593
44923 2441138873
-59649 9473577873
-79625 7199342441
29923 3108474433
36931 7203018493
-97997 2246960773
55015 6051379781
35787 5917437465
-32717 3716998909
-17697 6173439753
-78213 6685781169
95023 9636105905
519 1238692509
22399 7096914577
19479 4330556913
-35817 4655582373
46603 1037048825
39519 7640405229
-9761 4352514773
78175 6897641285
-20157 6223223337
-21497 6349292225
90439 5804588273
76131 9962565957
39967 6218573753
-5261 5756902025
30759 3901808229
-64365 9394819665
96199 7485582733
-60293 7102340249
-64877 7415973637
64155 3798906717
84295 686408849
-65417 7398375869
25563 3537261813
-67469 6691538669
16047 9673487001
55155 2178602757
-69641 8916112973
-30201 641681253
86491 3339298093
-83309 7867903397
45007 3483936773
27211 7123812617
-98345 5530626125
-98333 8568427969
-33821 8205583321
29947 8488716893
-91829 2404150657
18483 6537088737
-16049 8262228677
63135 4298815257
45811 3996434617
-4421 3461971625
91747 7529536945
8023 976228537
86059 2423983901
24967 8859255461
-80141 6956773529
73311 2406289653
82051 4325024365
-67869 1564084641
-3305 3784302905
-66977 8844917317
13563 2969868453
-99053 2543776289
26851 2880814913
29191 6560233873
38167 7459630085
-82293 1834871949
-1061 8077873997
-40385 547011457
-47409 9208888209
-87765 4030788693
-99545 8727599521
-30533 9190637185
56071 8960412709
46951 832184293
-42017 1867848809
-1685 2669077265
21127 1898340325
-11097 2958189033
72595 7602837857
-53801 522771749
84031 5246336053
-6585 904233645
-12129 5755692645
56683 1862225957
-22517 2443738169
78163 5234426341
36519 1236760017
-30273 6588583941
1867 5948275513
53575 3672130757
-27429 7290038301
-60869 6297824461
-66041 3909448289
-73917 3821590461
-53585 6284090165
-65817 9627722985
24615 6849332097
6115 2305383641
29947 6505674073
86923 2135715653
68431 6233484025
69171 2111585445
-60497 1434453625
24115 6387388217
2359 9907588625
-43653 664193505
53047 348984337
-41225 6508718393
-89037 2356368585
-99117 6913451529
-5813 7067019809
3687 2497271697
65043 9979373313
-54041 5309454457
47479 3758172301
-15473 1638080081
87007 8400412609
-59465 5350778005
-25325 813545905
-81989 4225919113
45307 4236496609
-71753 5274796225
-34577 341529941
-88325 5596300417
64087 4359226921
18007 8902568441
93447 3457608321
99639 6667035225
18403 2288462641
-87605 4640833465
-11885 2211986665
-72329 4889509465
-12953 6311607637
-32333 4709570885
41023 1397755289
-59609 705576277
-49625 9952147385
-53357 3323468341
-22661 5960790977
-71205 1660109457
19827 3494622777
77859 3012407349
-46073 6134517353
-2349 3014813757
-43041 8581999797
-61617 6812860929
-79985 917364605
-38153 204798649
-7337 2739090253
34491 3733244049
-2993 6817004105
-86177 6938011745
-23969 8858592209
-84545 1030841537
-85289 6453827041
-73145 7471407425
-26105 9876436321
-62105 2017999301
-29045 1580402965
-4217 8984239537
-78725 9525004001
35355 3369090621
99031 3209286761
-16445 7390348249
75663 2519011617
30543 229430709
44911 581814653
41023 8331050137
13083 9370384353
-82581 6769449369
-17309 2117058817
28375 147290657
-59573 7522779601
51439 2825389265
-29429 7333254901
-59601 4226860329
-92673 7216235313
17539 3217980893
-1757 7242545453
-18605 4832061553
-24873 4054085901
-40265 6355912445
-64329 3224848113
-51089 9407917477
99087 3347701761
69099 1775340813
-42521 9006625805
8299 9175988333
37651 3303852853
92911 7170637781
43947 3610242093
16543 610071533
11383 7201644821
-33849 9077076969
-42161 8414928905
12159 9311493237
-64961 1785057961
41371 6605596537
41959 6372375701
13143 1306025889
51963 7630769421
10447 3410203333
35163 1451404413
59587 2948808469
-9581 1597994209
13375 9963569689
-70353 9777105117
4411 9173647165
66859 4723741189
-98945 2462118497
-43113 6056502957
-52625 6710567005
6495 8773556469
-74141 9933022153
-18149 4214055197
-24297 6120088437
-86133 5238349893
36763 6415120333
63595 4269374605
66079 3034939357
-29361 6040956633
28647 7906387749
-50633 7011706229
29071 6337606241
-13541 9618546937
73963 1632758149
-34505 744184657
10839 4996897977
39955 8534345101
74023 8062370581
-14109 3547233465
-70809 8153588673
36475 8081719109
-88421 4195125353
73183 8228305565
-54561 7990015521
-37353 4921713753
-67001 878821121
-4397 6764261177
-8205 5190617385
-47301 5098937661
-34733 6740352709
-71273 4292320333
-69161 8664367853
-58769 7737311233
79119 8557954605
76735 9313409917
45859 2512164329
14431 8273511373
38883 5574836769
-56721 6284410485
19111 6650308937
31219 3456458189
-98913 5066611389
55987 3898380853
74431 8952907609
-65721 1163833773
-9861 6773192061
-37229 354451945
-98585 6369160601
58903 7885596649
70423 1802105605
7575 2394416121
58231 4470472993
73287 5365616445
-66093 5064901809
81007 9533315089
71079 8813120469
-48285 6627220137
-30353 2329329793
46243 2862501137
-71613 9611365749
-86469 6956831025
38215 620798741
-34065 3541299861
-53537 4820632961
-837 4178704413
50815 1096292065
24991 1782710177
-74813 7773726901
72583 9868445321
-66057 1263838125
41547 6593665497
-6077 9773222225
50179 3418301389
-35705 6884914489
76155 9945275517
-84885 2944119969
17275 5044196261
44875 3180813361
-30701 4130293921
47695 7146004721
-29765 3607907957
-73161 6751313205
49327 8288822705
-77265 5901360501
92815 8676843745
-21989 9282526489
76147 7989772013
-74405 8489859233
-70565 6206103997
55243 7141940749
-32973 8973428817
83919 6723637149
-50117 5336868265
-11525 4680638833
-41853 7949697141
64767 7128067065
33567 1754507877
-62597 4123807709
-29913 4093933005
88099 811335433
54279 1524722253
68547 8327495805
80559 2806412793
75763 5616591485
49635 2472125181
-4857 4363797105
-45485 2766697721
18679 1177094281
19999 1226762677
72175 5979656933
-85241 4298233561
95635 2198205341
-95585 7892548205
-7109 8472812965
80431 9505367845
-63317 3297725449
29931 1532014197
56275 7349946881
-87869 6084268573
42151 4831088317
-94493 3556342021
10791 7475372577
40771 715168753
39159 1517714853
21463 8044532969
-54161 6731562785
71427 3246902229
74583 3513866121
-59837 6254357981
32851 8132115937
36235 1959323809
42303 565811469
-73913 6021403681
14815 4483222753
71655 2556817569
11071 1570789229
86035 9530001689
-16073 7562039797
-19533 7185616785
-54497 813961249
-36681 3225209697
-45857 8181907873
-94673 2215028065
10839 5052392061
68263 5189191945
-88337 1987514297
-9545 8598791785
13971 3471805185
51031 7604271133
92467 3801523277
8619 8401027629
-16661 4466629529
-19937 5683531057
-57269 2027943841
37015 5590097405
-29045 9625169581
57811 1476243065
86299 7078576973
49039 3435497885
-34649 7822364977
-68673 9546044805
-8685 9276030861
22099 4770815765
13287 335271741
-31325 6438683117
21771 3614002101
-92177 2505991517
58231 5564953397
-81245 4375750849
-16181 4954012325
-25529 9873250549
50235 2906355129
67575 3214862049
67735 1106431145
-41309 7052843821
-5033 8343823909
-49277 4143623017
48763 1494545617
-5589 2599552425
-52689 5511970569
25555 410523581
-25197 5711088801
64143 9029997621
-33665 96644273
5539 4523270917
-2285 7662781757
50239 5010889885
75631 5802061009
-11105 2202551497
85431 639132633
39103 7740243481
28615 2631631153
-44613 1057211709
-18177 9359368137
93207 1960737141
-37001 5987544533
-617 1694917373
82395 1977503781
-61193 5973905305
39567 1178578413
-50825 9455171597
-84245 1865732117
-20889 152048601
-96713 3952224233
36367 9463593773
85339 7832730565
-11721 1803939321
-45165 7172115969
96619 9580251809
20743 9093014569
-42305 6728274109
-91745 4826964557
-42341 2656321757
-26553 7789367229
-31137 7413541617
83079 1924492293
-78401 3210318353
-80741 3005238673
72603 2792871297
-11189 2347096277
37371 1515385137
27519 7660323465
64039 5155067365
98035 5301880925
64219 1045929421
84247 6803946989
-72977 9827750417
-3941 4349430317
4567 3164502521
86475 8169073761
92767 7066349585
85783 5038411897
72763 7860814045
-33621 595291509
-11957 8882730773
-27809 2728755145
70975 9114808013
-53801 9277407397
-80825 3659639357
30271 4280080117
-75425 1365238481
24447 518007789
77407 9152725037
6763 1719381985
89395 7749708713
-11073 1934217753
-39425 1471870997
-66617 5391295877
99187 4989439813
-62121 1479007977
-87953 3865606813
-77289 7271385537
-91277 1041299389
27499 6913884989
-68009 2495898481
27379 8540650645
-35405 143461337
-99569 7593396161
-16913 3685847593
-95417 3723696497
97335 4950626673
65647 5556370301
6475 7699920469
-43965 9537382317
68415 1141912365
97671 8395244805
-36581 3783354553
73815 8653355673
-71285 1340031121
61135 2135428825
25723 2419797041
69759 9316702437
463 4971482449
-69837 9391815873
82639 1116905161
87151 3800597813
16063 751486505
64051 6038753953
5503 84869993
-74021 5698289737
-98309 8872545761
76171 3812513449
60547 2413207429
79207 3950575993
-94709 1128523993
58651 1102509461
-48713 2563996153
10855 4539863269
50791 1084793329
92979 4970350905
17343 9946319625
91191 9998559405
87879 728070129
-1517 5092896173
-43433 1170514349
-49901 3645656533
91075 8390338885
16363 7706972165
-72093 6375824385
88911 2771889717
31447 9565474789
-55853 329114005
86443 6739335493
57075 1999870293
-8133 2402686581
46375 3577223081
23475 7395667557
62871 4580481069
56155 3502911973
62631 5335779657
-11789 9586917541
-4205 631373213
46179 6829082553
-56229 5703966381
49159 6630772153
68151 4275857025
-28317 4383185217
-81797 9847166929
29227 4325769305
-42125 2368603405
97855 8981047933
61183 1166993945
-10073 9835786729
83239 8481839017
95707 6356533225
-66237 4912177329
-11313 1289483745
-61853 8816219117
-84185 4620420073
95391 7173441957
69291 4696965921
-74261 7373584601
-63441 977296845
-59457 6983976105
59787 8171466981
8491 7794834733
66931 795015629
-99077 4567399357
11719 3340568545
-86525 1609873393
-52325 8144465381
-33053 474724865
-1865 4534062593
87967 8457170777
16267 5556440905
-97413 2071723125
59347 8888124001
9135 9925633641
-49833 4520326593
6471 2717009433
-30449 5290692721
50671 4229238517
36451 925085473
-44129 4009142773
25767 9282023673
4939 9787160465
79675 7475864677
-33113 4357575329
-44705 2073446761
84847 2037820769
51979 8227503601
-90677 6361941473
69847 8162693333
-9201 4903370325
82807 3613114285
-75545 7366300393
-47489 9906504133
28111 2274220993
95347 3334983485
52927 8033362729
-64025 8067184513
-89997 3656183781
-34317 1569419661
78847 9639138913
-96813 799466649
95683 3170910685
8407 5519680345
60159 9741002013
28531 1334348081
-8481 1684916661
49107 4626787017
41547 5435779905
-88269 5734222761
51535 5453304289
-7013 5544936941
63655 6666769157
-17021 8511691217
5707 8974596277
-27893 8814002801
22135 9220838141
-2037 8074347249
37171 3190548997
86919 5956430517
-79649 2672124293
90819 1320027297
8751 3500120781
631 4343732521
-5273 1733011945
-32909 1036106545
-41861 5437389469
-49481 3968929837
-68009 4996946141
35671 9629268997
23935 2373940657
-74081 9484457629
-6377 2080160429
-16173 5334129609
36823 3848691073
-25353 6329673537
-50261 8735010329
55111 7801932757
40939 2427346925
61315 2739209093
-4949 2027512969
-35669 441658889
32103 6275265981
15571 2763018569
-24549 5519083305
-9521 1882899401
25347 9256935525
47727 7185027513
-94137 6901901385
-66969 8505900489
25915 8004823181
64519 4218010201
41539 7119325529
50023 811231669
-33549 4444012977
-5933 7467376121
-95081 7031932853
-33965 590614733
7563 5973255561
-50753 1588142693
-17921 4535827873
56655 3489029433
3375 5762607897
-62321 7689361793
-12377 4937269069
-48593 3019162765
28015 223363309
37279 9831078533
-58833 7504794405
26847 7074041373
-97625 4523640961
83707 5826061049
30823 1637114977
92371 7631277709
23299 3773197693
-53741 4957341521
14491 3655949309
-65217 8362377501
33847 2388575585
-85313 953881061
93091 917719157
61887 1473749745
16747 8632419965
53371 2464802893
23659 8978869121
-34241 3728934545
-63093 5146783545
20515 6007261729
-7605 9912098625
98191 952967869
-23949 3973336305
-86693 7819252685
-13361 4199497477
-79773 9380590197
89947 6401207677
-17321 3841447297
-24497 9533254861
-36365 4303110565
81031 7319788529
94867 3093014237
21271 6940410557
-54437 9973368161
86799 8852702457
91735 8618118349
-53321 3688289345
38655 195490665
-70701 3383192637
-86009 3746569265
-90945 8610253065
43279 1783303193
-24249 7466319741
74811 2413725573
-11657 3024862897
66367 9860062685
52551 3951491757
-54165 7339971837
-59561 5962236613
93447 3956630181
-72521 982408957
-96629 6220500893
37743 2995034097
58647 3634562721
-61769 8047994021
75495 4088177217
-60509 9585923965
68143 5885255645
52027 9325447673
-72605 8326458737
8079 5130321885
-26069 5576256425
-58065 2533033701
47883 7568269521
49351 1141409633
69859 1457052845
89611 7119273653
-38757 2253457053
-50621 5312712701
92379 7176531921
-69345 4766158377
9343 7236573361
-617 4829292833
-14225 9076243349
-74625 9989265321
-16077 6397492533
-98573 2981047909
17155 7306728661
-85901 9458650073
48355 5218976137
-17357 6086401709
-49601 4834384301
8383 3743290213
91567 8435130449
92239 2860558469
2571 1883096277
-87617 6876199829
-55325 6520242781
-13881 8868556017
25879 2064108901
61027 1655968241
-1233 9816139005
72987 8084741049
41431 7240479701
22375 8016444113
-7169 5849990465
-43989 2195183781
-94085 4587278753
-73493 3247161169
-12173 6550125685
52951 9490819445
-32445 1046779161
-55065 1184830389
87711 8252644761
-52385 9918293273
12295 9009907117
-54317 2364948881
34963 8218763245
-34809 7153473609
3331 1321136185
-57641 8853718165
27663 4279738341
-15641 2370002053
-72285 4630711821
-36729 459816705
-56441 4828225613
-76121 5855082113
47995 8923924045
53227 7478548045
-96341 4946273497
-6237 3635898321
-37305 1895092089
-87821 6683970989
-73245 6604704453
70599 1195483617
70207 6079850401
51499 8980349297
22027 1905790685
-50741 360207709
-57137 351331897
-89889 3079419393
-25781 8177071585
70203 5605301553
-19613 5641982237
-90089 4507747409
38751 9830597577
-77009 8694295565
34735 1498312205
22903 7158725309
-48497 3162913193
12475 1849089029
-47561 7676742445
10747 4882964909
-7841 3322802669
18643 5642557945
37975 9571147085
-27449 6263068441
40423 247430525
58999 5375353241
60703 4713119365
95115 7013693697
5551 9646433317
-33309 4035754569
-96113 6682821257
-15977 7650558677
-40281 4142822337
-6117 9117047265
26427 6482522877
-21041 1507008785
-28337 4129146301
10627 6378907213
-14849 5809717885
-59913 2306867241
-28865 2804547529
54235 4644433229
7203 5031520221
50743 6388314925
55123 4460088857
-68673 7485585009
-81525 9007960449
399 4289093481
88471 9450754069
70927 2019415897
-9933 2929252101
70479 4252648473
70027 1385056057
61663 3465619289
79011 2068891089
70671 7691129073
-1781 9288589781
16279 8110453921
93363 5394742929
22015 4995639005
15567 8054572941
98847 4248742233
80859 6076930125
-453 9525016977
52675 6094172809
-69465 4423314921
45867 5842057461
38995 6540814465
8995 1370815145
46675 9060393181
10983 4703503065
-47085 3179377233
-85085 8238708737
-63785 1558208177
5275 1967844197
-42153 9153435585
3295 6788473769
72687 8229056181
-96909 1603273389
94659 2350484433
-33125 1924753249
-55313 1516897609
18703 131716429
19015 8185710101
-47837 2971986881
5383 5398023517
-11777 9690614209
1771 1709836285
28767 8319384021
19123 467033089
-75797 6770244937
-75249 4704053241
-81341 4358837165
24903 9131879265
5263 4699044913
90415 8087825321
-4433 9622306109
-46701 3826426017
20227 6011651473
51219 5005091217
66547 2224675589
-70781 5896088329
-64497 9811093065
-44873 643319485
11731 3142880341
-44129 6626032189
-57477 7966593393
-38105 7339087861
97971 9132965961
66979 1441672121
-64905 4567148793
-80969 9529101841
6451 9312378025
-35537 9484415537
-9773 685342361
2631 3604257345
-70629 5832875313
40075 4846667549
-82749 7033462125
-96113 1284880177
-52397 8278306181
83671 5967710833
6667 757548293
-42557 9011398021
86959 4896959201
-29945 7074523969
-56081 5728846693
14527 3164640749
94375 6056616281
71479 1626970961
-75965 9090025441
-761 2025349381
7699 6040431557
187 2847126845
65631 9558451869
-8805 1563883269
32959 6067172225
24871 7443300833
-14289 546143445
54847 9214603573
77475 7919906889
-65345 8404620757
74335 4763860325
-51633 4156302501
-73529 4617980449
-80429 4661183273
-7157 6828615761
7131 3745115901
93247 5425682501
-62105 3950527817
75235 4541220365
28975 6315202489
61647 9929802321
-64241 9190134061
69775 4605663805
9739 5556965449
49611 1897198365
82743 8946372969
-13065 1029176121
45211 6565099697
64147 2737614089
46035 9106151613
14167 7271870437
-63429 9664214301
90591 9080024217
33223 6792164189
-64017 2764328385
-97001 1964222021
-10785 3777833949
-13001 5048868889
-56933 7857705305
15999 8898881685
-16601 1917211441
29479 696076933
-55521 7242127101
-30885 5102948073
-22701 7853653353
-38801 3895859989
-61637 4566342305
46531 9987080173
-42033 6604569129
-17913 3066998157
30507 6415713549
25939 6678005353
82423 1562838073
-9405 2485794117
88243 4233100933
-47301 6207929169
68451 4439102949
-26229 6321563073
-21161 2506454333
65419 3457235617
-11409 6871985181
65359 6600560777
67623 8587474485
-30201 2010007425
11551 9693218281
-23741 2571485741
70567 9410523377
-85833 5335982133
89851 6012150913
-67533 2269789005
-78801 9970694505
58923 5274569613
-53837 4393849457
42019 3607334525
73527 5726730249
9111 2468818749
-73937 4812039317
-59889 9450107697
-64721 9615611293
-41129 2004097445
-16049 5814753545
-31709 8283771817
-20945 6840614689
84427 6365301293
-53033 9019369537
-41753 4753870897
-58077 443586621
-98441 6143523869
-67865 1863297589
88831 9262102901
-84869 6046871689
-78453 5568611661
82971 6104461413
-47105 9768339637
-35729 3898471829
-71813 2124111385
66811 5908692517
26791 4800889253
-6429 6994744749
-8609 3353965513
46491 5074139973
6151 397247465
45651 6168051549
-78929 7875332573
-43389 2272699017
34399 447826321
57363 973837869
22867 7767051761
37027 7629330013
97843 4944263057
-83693 3458396605
13231 3043882837
-13841 7861227749
-96729 3802144125
-63533 648245609
-67257 7769881773
26479 2048599061
91467 6546095037
66523 8533724261
-19613 976087037
-25193 2097554441
60019 9185216329
18811 3977247685
-13269 6134251749
-22989 2968145229
13767 6941456481
-45141 7137577329
89791 7489779937
28471 2793358489
-77841 4426303269
76471 9838421725
75307 8598447853
-51165 1978115649
-46073 4700455529
41307 2348828949
98995 4052684977
40555 3324725753
86131 3852186973
72343 9677417813
-16385 371860589
74979 2802339717
-29325 4847417421
95883 8014688469
-98285 1585581421
-27693 2344860873
27819 4132641141
-32637 9538372473
-61265 8924820269
-24209 4848268037
96379 3635316185
36291 3860085237
-57509 5103294737
-54377 7634677513
-83765 2841796069
-18077 8571413989
-41237 1021435577
-48885 2436968133
91315 6927161741
-11505 643396281
-11189 6044181965
24243 1959854877
88243 2149592389
20967 686030481
-80693 9552073909
81727 7583945321
-56409 2665185657
30771 8945158413
3267 3585453213
-20385 6630248697
5023 6731447681
21727 2479501721
99631 4626201589
-4053 3517826577
87039 9659078625
52327 5896539833
94659 6272082165
7783 5428143565
-70217 9586708201
67639 3422765405
86791 8711336473
-46073 7823860613
79111 5131027609
23695 5865298421
81931 4836209785
1447 3923590789
23623 3166042865
-51321 6555147561
51115 8985775453
-14861 2045589005
74707 6066207461
58087 8370412633
-50873 2050783009
-18981 2907651381
82987 5278643513
27703 7942722697
-7133 6483541433
97275 8870919333
48351 195265317
54823 5137684837
52867 2810174965
-3881 9399159925
-45161 2227228897
-8477 3987310277
57487 1612093921
58887 4206337377
-2129 3906132865
-9309 1050790317
-42857 7211234377
-75789 5185011081
-95621 2484965921
1027 1864180481
-51045 326632413
-69093 1985341797
-53013 4132197681
66283 9504624781
-32289 2987767485
-28457 4401546985
26119 9000289189
-42029 3108605389
53839 4215834817
20703 749358537
-49617 6392869713
81187 5892923065
-80525 5896415557
-79653 8822385609
77563 9623952673
28831 1831186625
64699 3496927709
-86897 7525755853
79143 1904282613
-34949 9806960137
59323 334186789
-50793 1013883825
36411 306543657
39067 6292698229
-59529 4012517121
-92429 3670410085
93783 8874539349
81855 7885180221
-66713 3581196817
-91053 6665243757
99151 3011418245
12951 6863758353
80251 3829979437
-31845 3274623153
99871 7210391893
39195 6308562573
26179 9282060073
-93881 3581479097
-83601 8078174289
-33209 6020673173
-51249 6697197057
60463 9522619817
-45317 845640733
13951 3252394217
-29705 9958292269
93387 3782940405
-43017 5444461221
42787 6067279205
35943 3682459725
68587 2938877497
97975 8135336785
-50465 497443037
10183 3574986197
20599 917992945
