85269 572225165
93213 378767543
71608 215166975
92099 589673143
61566 100975550
53255 81622470
16322 22089317
64856 145281360
37252 16674957
30851 67930037
91312 371417007
76065 135722978
39811 79337754
81691 297415503
95498 124605438
90798 351126941
82733 151160861
49720 42636273
98739 278925200
48657 180482207
89310 553989521
91273 649993731
92246 290304884
56931 174847087
82862 506430312
89573 540069683
55329 12963976
89967 176426554
52481 128293281
94582 261893676
15753 3621091
85024 246408780
71715 387469537
50555 88256115
86801 88957695
84904 215537295
86319 606146546
80478 192173932
65601 32154263
40709 113687803
75128 217499719
74022 89616794
91520 355677417
20492 20168732
72714 188563840
96020 92311018
98937 233377492
71942 376414590
58904 101041639
91781 129047017
89996 474628967
80922 470686628
98733 620250055
44552 23513135
76496 161779594
85155 543934238
83240 314858339
84179 214927326
82172 114350819
45289 101462580
67463 220300640
74180 190710218
94739 375838458
30944 1656378
87617 340377111
58486 246952428
81076 300569736
98658 456383722
49419 103957828
87946 479078469
95003 451035781
97253 490535993
99615 385656497
90559 61745148
97181 662096212
98827 451329525
95588 749911614
93119 371115186
99770 168640677
63417 253371995
89345 153597268
97956 732613021
38405 23258782
93628 51612987
66557 336129969
93683 607823842
76776 288389650
76757 156484205
30102 70558744
84491 342864545
98382 534898070
92413 624987972
85182 348421088
80598 112251920
99410 600945363
62072 106460865
68466 96418846
76736 364006728
77285 452853466
99459 529783759
89370 467928820
90394 410084949
26611 47280375
99636 86660506
97998 170072596
66518 338838205
68441 382575281
88640 318817977
99477 485506880
92905 357310299
56945 68077554
71612 242661850
88758 154174156
88235 572047431
78024 423924194
75271 332030904
91088 519475278
76547 451102659
72450 196928300
50716 126635070
67639 339284886
89812 378340887
89012 540101987
62738 101193444
51491 58508087
96162 754501345
49343 181111819
44381 104337913
83580 343236328
68040 49289443
13655 11921234
44667 137311808
61112 222780528
90113 537253501
82467 251670062
92386 42701100
61685 140529080
84565 69788124
99380 273708867
58019 37184404
65624 200358320
89366 111741226
56279 179130599
68768 318159285
95014 720921132
57980 197395424
60054 218168191
64511 307150653
90587 577135699
99870 655217111
93083 580873590
98217 138694487
53826 236052767
49060 139016895
94295 658261214
61796 158700205
71063 79885397
99400 683303400
77712 337427906
84515 65085704
66602 160126726
89842 588509394
66948 222462626
51936 119245187
99341 75105006
74726 100543127
86910 296356153
86426 16921833
75890 97571828
54045 152744954
91554 604723198
59928 42353987
80361 78462166
90689 633590266
73736 396876016
58365 153554498
47460 171629366
94861 670474710
87201 624944668
66387 53522273
59610 34612451
80018 107228021
96740 222511550
74621 437603742
97126 765566388
57575 250796385
84308 506082936
92766 259689251
85665 533904521
87234 515341478
66299 107056180
84788 64533720
48469 13483527
82806 187881862
78519 482988016
92142 93108058
31985 43856960
59387 98785274
61858 121208571
32691 51424847
78279 209796466
49511 73493818
98457 322193767
72736 22492959
83766 186337724
79989 148162754
73745 249639292
63323 41822277
64452 17534021
91266 268443013
55731 196409123
82602 447783295
99917 11750666
93524 350741718
99348 465711941
77246 427545238
77899 80221221
70292 13034604
70793 204263300
49518 170225492
79061 245900082
55735 18085770
68093 253828915
72075 244111088
92575 220551585
79067 503163152
71097 8011192
45138 18519740
50304 92898470
98797 305172690
70402 56590536
64284 43418377
97776 281399011
88499 295370024
79964 135862268
99400 5184117
80499 220797721
88748 491456584
32459 67565104
99757 290405367
74144 81200247
81641 110115374
38636 96835168
31996 10065420
33546 23760731
54550 14135292
80703 256500437
61154 47165286
25460 4392798
47453 30887280
93519 144824245
81768 141448160
96757 110639673
69155 372573090
84663 533170669
98112 544035815
81173 261019271
24078 43677284
90492 531130645
75620 410974574
83984 570810260
78526 159754236
41837 111245430
69189 144486478
85404 143089589
60942 195929626
75181 434289741
91615 645517590
96413 695345817
84905 520271712
49518 143504023
30431 60537774
92696 534616022
89339 298680859
94208 327838450
75051 75737522
84314 145348356
29771 55843214
79098 250967594
28932 24364541
94776 417782320
96014 397565120
73102 100226355
85934 43688961
86714 108177374
92442 395220598
40785 12104594
86421 390117203
39965 25042477
53460 24079738
57296 224769080
91544 132801793
66805 91033581
63791 277154801
99414 221860253
77010 464224064
74845 380175426
45398 23672677
90408 89672197
78931 165798936
99160 610154469
78753 351145597
88971 603378232
98533 100884906
50282 38910689
70020 76490965
44556 79267474
87972 310043402
47777 189747574
96207 763763042
94826 211830776
98225 543936757
33025 21630963
87128 309974059
94115 433019263
83216 67669660
42656 104685014
61604 210074476
96458 83291113
66090 314477488
83809 266965761
95195 508727416
97185 624768491
80777 345005676
44817 75067990
46017 132790939
83233 82975386
78949 403518702
51746 122239703
16696 7505625
60660 169640384
98912 795729318
96231 726525220
78714 60755338
85051 351557982
65103 242583532
94748 325823210
49707 129590434
96045 449598188
94931 505635177
78662 8942651
82215 296621168
57467 273570447
73431 423979525
56991 156896780
40958 135275188
73722 97045603
67032 294089167
87689 215199693
97040 501569916
81815 355723611
44633 153417559
89762 513978248
89120 579616541
81351 547769627
86875 418940820
73939 216125628
96740 277354110
88550 303114517
68377 376208790
58229 82304578
5628 1069580
67454 49112241
93521 266737777
82557 157527931
69734 382810450
75846 169958044
98435 712181587
80593 48385650
96020 543630330
86354 425020690
68773 70733514
24791 48164596
84956 43809613
99929 755036202
95246 298495436
77837 311033390
53450 59232190
98516 447280129
73370 174105309
82857 338507618
82046 543778438
68013 336143696
48594 123226811
63951 46068142
90323 273359928
86576 226205573
56272 206464257
99596 341230919
93431 41935784
67790 347851862
86228 492670860
79816 449608383
77486 309562651
97670 192740371
78212 438859696
93707 496097171
61456 178092369
78256 503487651
78660 308330132
95402 269782155
99355 705279147
95682 270754154
79665 262497503
57902 267918904
85169 269952182
62829 140875067
96158 267781465
91977 153588760
93107 305813274
80976 24571199
93810 437429207
88953 516564814
72948 117125642
63131 172558498
90983 29061760
44605 90715893
83099 319089201
68778 302925016
35386 96477432
95178 358697356
11155 6281811
98149 519069516
37251 46146559
79276 335893245
92951 239330919
92673 335011595
95174 149991773
72506 178276230
84930 132207283
52431 224978512
75293 340455741
66321 360838315
82900 281481483
98784 157225109
69893 141008673
74250 134613758
94055 28793458
84932 11048941
59239 130345557
46445 147733809
90632 333554605
61884 53812001
83711 492544499
58742 283479890
56807 71645589
97502 626384914
31833 66214664
91606 241996911
52385 72670531
11879 5013458
83135 163435588
73666 403533813
35866 39292107
71603 14416912
33937 89318196
81495 477547814
88440 8314162
65368 180455532
62214 219199720
53316 53734922
88827 348616484
93584 441424908
60819 77333575
69185 132989992
79757 382525489
35498 36109773
57012 226324327
48832 34884141
70460 270654627
82023 259240192
71994 137076575
97607 296904178
55817 214834227
77039 199636639
90584 511868775
69884 268203022
86487 505704356
53998 201270501
58904 283865297
98456 197666437
93115 323035305
91332 525641788
80591 526299720
26549 31715814
59712 175432465
86073 314411030
97710 472766323
78222 365032780
37246 81177972
96531 13672579
96530 332511173
41265 96879211
79883 360075887
69836 23792594
77137 458249472
78706 174453099
82724 18849771
89814 52547731
29153 17808157
87593 132341065
53619 99397045
66344 89963000
89603 520120007
91415 362476808
87308 476000819
65099 158055356
73286 339520360
62199 192893441
63289 332885406
59201 218465878
89202 170042725
88666 445370484
92086 473610543
95027 512486705
57551 219128313
72786 387647908
93437 632822141
40580 8375391
32925 55146865
19340 27015525
91084 529168143
85959 369045862
64895 158135533
86454 467413823
30327 70105763
88338 386023514
96807 520859779
88314 487068335
93699 346333534
87467 254233145
86226 316848875
48140 121787383
66781 156108483
78953 104141404
98882 571567866
92306 68427778
97592 285362723
98222 527183830
35810 64331816
94301 655596243
76454 425790889
40066 17824470
69546 300116617
58596 158903245
64080 230157460
44634 129676595
31103 21808712
86025 507788554
84758 502081474
79113 389018105
94419 334312981
63314 181690757
92637 430235429
74291 383372874
38824 82234956
73916 353502299
86949 598734067
67372 271301505
46262 37468628
39539 53126973
66788 23504618
72285 90355708
94769 172766124
49451 74349589
94276 249071589
93665 505252979
75191 318062284
55637 64866825
89734 620265480
47057 1550964
71323 135267366
69542 253938129
85962 594239929
79500 526110409
92555 426867546
96438 512153149
77721 65756399
80414 357255142
80573 212211404
92453 654768351
54996 163382552
27207 33348154
98016 273868534
95880 482674789
92043 13413200
59462 170810406
49223 184319160
84410 335619237
88991 280052878
83643 457749065
16856 6020660
93930 627719696
87600 89645279
87648 236737207
83418 324667640
91773 573311380
95679 512952469
93657 606920602
76625 114330867
85565 435861679
76399 130866465
45660 96978578
73781 54594973
89705 99485728
61727 83610114
95458 723384639
58655 181508118
97625 600199154
70899 325781149
21818 24419698
87599 440288825
83797 522789924
83260 122735385
94422 253157008
80377 131850738
91472 400786674
98756 460252883
49331 140919398
86101 340565934
76529 59754963
69175 172974732
66531 51140797
57473 23253136
96102 222810347
98905 317222100
85475 343091845
92537 394842399
64580 107692916
62384 243626332
97056 573078272
86046 161648117
87038 379424360
77573 53234285
72494 98166165
86764 120990294
45764 135471672
63635 259430472
74666 286302177
64400 200010820
98093 126973034
92121 373664323
97799 210862662
90244 471190977
75886 123775359
60356 268183389
91244 682477095
93842 724407752
93391 416939418
92591 128071935
75749 17226801
47412 28483379
24624 11663047
89867 78759874
90819 462223300
51818 61009377
91373 556512353
88764 263033462
84791 354930852
97876 749011362
89682 598922594
69042 133171990
91058 261194952
79841 528188162
98530 508123200
37767 111328067
77515 361772649
97796 164255925
80471 538448918
83506 169203135
92255 578800877
93398 712619355
44225 116308294
41016 31681208
94706 651183874
67601 287503802
79805 143836350
71204 2622193
83975 129045173
94247 521215806
36574 60629694
96782 89362122
37772 84715470
80342 64941783
61163 193458918
87854 279184105
82613 187122735
40334 55270023
53343 193131022
36998 53729711
69371 117657008
45872 39831869
88595 612409640
89174 314365346
98132 516206023
92277 281123747
99302 356624266
85401 439616174
67591 345371757
84719 275574356
77696 464835951
63275 249049146
77975 5123267
22991 14842563
84256 196200867
96248 39541148
86309 582628436
94532 405847541
63227 12820184
79957 481167411
42439 117570102
87289 618215631
68825 299331438
79244 470221884
77463 241081739
83664 182144663
43376 47424921
92676 585716486
73899 345460076
82095 401739979
54140 135758627
97461 582775091
89078 521850340
94595 548225138
44694 95589502
77903 302286292
98874 65563732
95412 437847409
86717 508016571
83874 258018491
85934 420227075
98660 24716756
41114 112688404
28300 50760942
90085 13210248
65165 302951893
89806 356735673
68714 307631841
70511 149372656
86046 41932052
95317 688502517
80002 159406302
31452 5221625
93234 54983143
73088 387166933
74636 101560944
95680 396997731
34292 30267276
69512 289994923
99572 296702351
61791 202187501
87998 182386629
96139 40427289
62646 11551265
91193 635776058
95464 357416967
89324 206489639
61844 117778340
87596 390800554
88362 494626339
97636 454489185
44196 34924705
77703 378655891
97848 76151050
17639 19360578
41042 5983160
73186 21069894
85034 177167736
68727 79580320
94322 3850532
41126 54433936
88061 405648795
82031 132370883
96168 588731494
95505 300408301
91629 605635600
99088 783280584
64620 189853316
81283 359392560
76151 238180923
84548 223620190
69329 33133668
84558 24758852
59821 277246950
90653 47606584
77459 270679337
84545 578997652
80864 22686688
92785 527413338
68853 156588743
77541 418793561
90264 331020629
47909 60110653
73005 102649168
80175 498234484
60039 41840137
77844 257357846
73029 290155838
80459 537239319
35285 45526263
74162 137362188
83354 28120319
72817 370540614
73142 121177711
56150 46799636
76784 59903706
87584 52413205
93018 191257273
59843 104343923
94028 531692176
96072 304020272
91268 681891648
86624 19108728
59652 110372435
66083 286515355
56259 258551596
97248 770271566
98108 320955766
87098 37264997
78044 416999073
97199 353460745
92348 181072387
36251 7727810
86120 344574034
79190 449380756
78870 349090028
37659 36894781
77620 353992233
74541 342827270
66281 328544182
58486 30068346
96183 450670570
60806 210430540
77416 346755336
95057 265599610
52743 45604175
77823 169588271
82227 437203832
84492 113326511
98226 657299597
94560 98666807
60080 176598038
90315 470924398
82270 150471693
94241 399973544
62230 305784972
83354 179258823
85087 488825451
85631 99490711
83889 345890419
72906 218064722
51467 210933331
49075 156179253
88329 234286496
98941 467819871
92604 149124241
92196 183598357
88622 413285331
95146 514480494
60033 162765560
91709 540160266
78953 139800279
90831 153530501
63879 247315990
87202 95780802
96545 258413048
97335 364125514
95118 541524316
92210 488566940
74985 22812538
93497 395804237
99182 140687345
68189 71677870
84163 289969290
31338 51542422
75692 93006769
86103 576831427
40058 97412375
68583 353577874
85992 430163711
85440 451584802
74227 271052763
90378 50129093
87860 96738583
23750 29907194
96768 678848108
89437 530619339
80597 395946698
84936 482017711
88758 357716542
93569 321790274
94841 134070635
62925 198189205
55625 128884753
70877 118140053
68594 48551876
58211 212678971
41447 27197724
96384 34580563
98492 422282755
58232 207828189
87760 457433280
91697 661618127
90134 582247781
37434 49803493
93844 468363738
75753 288429524
70539 269594477
42368 10926523
39717 126751775
83151 128065456
51040 119981616
41494 12449622
84567 244104854
47622 53845844
75389 333488954
62502 168418781
94865 722714510
78687 96797804
69422 229251366
91136 602517654
70403 320834027
97918 401811786
91047 227462593
83310 15436586
87252 552421088
97720 223474617
36257 91172368
49713 116006491
46820 57130228
55140 152440132
94557 17889472
92525 211149796
67776 281865365
77949 341869855
71964 117228566
77415 383281969
99229 167050587
62051 190081531
78974 34856897
99927 165617897
76031 293313635
69097 386135502
62016 155383171
91907 222172334
41356 98423487
74550 171308203
85425 49488715
58280 224679187
77322 341017709
52863 55550158
70302 225948274
76374 431067872
64136 178730367
45996 35438317
55908 233709112
47321 112663166
63780 85371181
71445 197360147
97942 17139465
87692 263427971
97067 152978493
55560 218125273
96724 403655769
45956 134909060
83123 519087728
26231 54435692
93029 467422003
76335 126176125
58665 71499440
27777 53644057
91537 336708300
79424 113557617
30844 78807312
95583 656439346
87228 510065303
65931 179878621
80622 385196506
73164 302459675
59947 257292816
96048 482104522
97688 105129106
90761 84320038
48759 168403021
44816 78270895
81024 50202674
88787 368952991
51423 218378303
63222 314614276
82168 509885439
85728 430093918
91404 465624751
92976 462797893
86159 264432652
91009 665211669
70559 174676858
86163 334118599
90408 88738570
74809 417811017
51234 69387707
82334 162580362
59165 168185832
99089 595145496
68219 326859346
86055 427208794
87307 73994418
96968 551172020
87078 323979382
46167 62831044
93866 327339402
97337 48189840
84008 128312369
97575 564866345
94034 249229410
87111 114253933
93642 34555099
77235 341800151
66740 47121482
87523 194510166
82688 458142484
71319 306813581
75605 39275653
87421 403792755
58272 193010846
82067 144281356
51752 97215275
89258 475239689
94263 265930217
56294 14736960
96810 237248540
26993 55713878
87737 293848956
86021 594513360
93908 422703149
53787 219342443
39527 96957480
60780 253659781
98663 196716258
49589 196657740
92903 7014924
83978 418286807
92482 382499853
78525 58495385
76874 42711121
53594 34026480
58791 117495550
73316 291467932
97239 87818767
57892 170521779
51396 157482304
58510 20682342
72192 166525492
95663 231859880
86056 512199081
89644 344007459
69002 97722172
56898 114502090
80198 430139777
94667 579600730
54048 188264159
95205 11130572
96358 516682197
98957 438708698
95129 483640419
77387 151971088
80860 171917085
33569 84561088
79173 404649242
96491 667079680
70430 238675935
70293 118936175
84348 82781392
69062 176766188
81229 380867619
98493 645706672
92891 77831359
63289 211875726
91254 532905616
90065 244872506
44958 6706270
90717 245986165
91483 240362433
62933 187608737
55244 143501409
92981 280026280
61755 175049996
94562 464815097
84194 45290632
68223 377576306
40337 61885308
68897 373115442
41303 14417453
55271 141733468
89946 569057479
96532 529109817
29120 21159671
91151 457367465
97752 255226841
41023 117608994
22428 36198431
97213 701308623
95509 499214718
54997 104595729
90075 359986967
41276 120737128
78533 102313081
29975 32801633
94158 305044949
95934 382523776
91835 556453342
57872 216550557
39620 31244272
65153 28939653
61235 25526644
92855 208005047
82398 437378912
99894 45340616
64541 31351519
99819 83016608
89806 592031040
50305 59348340
96932 265841425
94673 292188381
97398 435314083
38149 88062003
43657 39443211
38765 71127301
47520 138389708
85465 499049283
99158 196338009
92564 619143068
91681 494678727
7133 668537
84711 68415956
52053 124134856
73122 124213606
95227 25773795
76042 353932689
85641 360003601
78548 235868371
77180 82201966
98894 575616832
99046 120553836
81355 345064584
97197 58486555
94535 681748872
52379 78284945
83217 274984325
98699 704697730
73852 282837840
76929 60510431
47161 78427965
95358 6565775
91792 16192269
75068 224221723
81847 370645251
69089 126232119
98465 495252597
76890 284206511
75567 20607013
62567 172453355
51770 87473301
98516 33789812
48991 164611353
51824 84198621
72162 80627494
77242 337992921
57805 243454023
95813 288458469
75237 43689047
32550 12161434
38336 121930586
39990 70003283
98270 720411681
81363 110703181
59519 260566580
89863 285978981
68255 176274548
80257 29516988
80676 32592218
99881 445937152
86915 582167701
96167 673715494
60834 161570059
80282 337879766
89105 424245958
68289 79033793
73982 1886455
36080 26523274
85391 374011441
79610 434262175
94253 322834544
49652 13854825
88403 526462471
89469 633515428
68768 188646208
80408 355766241
81068 230018083
99233 463819431
31695 66052489
57401 165018061
79344 216606253
88836 281343184
99458 474913268
95570 535446873
99971 593752899
81686 377624986
67052 10953493
57514 213367878
63192 38345228
84134 21802895
85422 214667216
67199 50619816
73551 268908766
97046 406894901
95243 228775315
62733 272937425
75948 393686468
95363 295158195
73119 235658117
91865 645721835
67187 120040419
92136 311074094
55391 34643539
93804 634581161
40268 120508363
60178 144962991
85166 173930048
92433 484402189
94444 130441902
90376 121071297
93663 595070690
80709 281303098
81325 167824539
72518 338627268
53464 51489717
70374 334954774
95768 527725080
98069 645299524
78947 414260526
91406 469405571
64695 202448629
90524 144780696
88211 419317996
56897 13909832
82040 77141010
47310 108090353
95532 684624103
95205 316079638
74129 392334993
56697 105718892
71847 21694763
55895 49794178
92225 6382437
73004 441670615
45212 12206650
77184 14210957
92829 695849110
86419 288261483
69835 190965360
43167 75633313
98229 206136272
82341 50993773
73429 258267315
75366 270739925
62786 79178144
74166 299455354
59118 228485411
85803 28351946
47190 140037439
97582 286841145
51377 141362112
96068 104662427
95825 514307662
89267 381714533
84510 414607058
43689 142750979
51321 3630601
91341 595017131
69643 76238547
97966 77607006
99633 597665446
33349 41055078
69243 241806937
90648 552178586
68324 322651264
81893 478970986
59241 289463429
77289 104247496
75617 455645233
79487 149559312
81452 362625129
81672 525761659
98217 405657176
80168 113584447
85685 581204250
94599 714906730
71377 348573609
51839 47624623
99089 244340309
78902 25236849
86054 181992576
61619 151232304
54978 181089646
84455 439073366
87253 378476193
42919 24515691
61225 186278826
84542 593323537
95132 252199257
77573 183241352
79882 365604765
69506 66806074
84761 69556480
35987 100720623
46770 46000028
97376 522624165
75969 394536964
40050 45931136
34702 24821895
78113 447936413
74312 443875497
83091 3119954
78656 56400756
35976 91694168
79875 361045015
58064 270436352
69246 144633074
35403 22576630
77976 225054517
86053 341395170
48726 131274481
98529 37292150
63387 304552853
98300 721610962
92507 561329034
65111 277440106
94868 694202765
98405 289597011
61397 246342064
71456 236122703
94101 300248765
58286 269372219
44759 139063106
97107 180615154
74502 115730735
88422 466353469
95725 293541426
76311 314547332
89315 241004531
78276 195850343
97081 398285295
83858 3744576
83949 261773684
67578 9092474
56006 257828886
23000 4221950
75003 9779264
61931 13715444
61087 11220273
92317 431991543
68516 372879104
86268 160861945
43481 10005920
40132 30594180
90920 133682059
91962 517134101
98685 288381730
92024 124598344
91286 613008356
95262 207645670
94775 679351787
73161 169693406
30305 63826208
74658 353788880
66540 353834998
68378 291583216
86249 443772390
86989 66650139
91024 448839435
90122 638533978
72363 331571860
58556 244526320
99519 95067520
96170 134771394
34068 32527987
62766 134837951
85775 254395734
54653 152995356
53715 4625303
65712 165874157
41342 1352675
28428 58208611
49250 65338523
88361 108941342
83588 231207260
53124 228545377
75550 421258926
82004 276002855
51830 78252395
59858 74436736
74286 39911179
83472 77156533
89063 425434986
95507 203934094
27335 36132444
99941 134737682
82802 482211101
90884 307250846
90122 425955730
81452 410405620
81387 184292647
38000 38103706
95409 306400744
74408 229033479
51128 97416597
57882 156323215
65078 145961258
82565 557545229
85535 218676305
76422 94942960
61812 300523322
59833 230443002
34304 86483114
89042 232198080
62787 99221186
69341 144948130
45110 49865728
96605 466040684
92930 191838110
97670 400542875
80892 427483130
82508 547032917
67998 85494671
98151 689671964
66671 258447526
54740 13085892
66290 199997251
53123 99239503
64447 324171699
84038 520212270
51140 132344848
45644 34602395
66786 186169354
98659 634910214
63044 17826336
63543 112763335
53260 28609371
52431 31359479
76418 238259868
93441 510974258
68198 170978100
85602 269905040
99725 686230591
60815 249248942
95830 276414774
42800 29878500
73917 200903749
91197 569393365
94503 289733993
59507 275965455
50875 64125576
84198 38017825
67065 194333395
93765 526703149
78870 483196241
86616 305121595
65884 338550720
51524 43108058
74529 266041901
49369 109558071
80524 202759044
70746 381690706
91112 239839380
76718 446585588
65204 337535165
92115 263371582
97793 70004421
62816 320377996
91279 624179898
79963 460074171
68789 123902062
80452 269116512
55535 254102729
40423 15396555
78527 116408624
97737 687479902
56736 194529682
71842 9891348
96733 634972062
61973 261569888
96117 687010633
78830 1616451
67726 39680535
45968 10423856
78506 179051547
67202 353395614
77707 131953881
93552 394866844
63285 284981728
40049 36155259
88373 177343562
52635 159780628
95484 623246438
95018 340454384
94535 349931325
81174 164686912
50784 66836093
68204 94497800
28541 13679842
93918 125212876
91846 431043621
73522 394817709
81585 493046303
79351 375170190
94174 619062672
56278 5138145
92603 20988181
63374 75188147
77142 199381904
48284 34725021
79912 428039187
87506 423748139
59201 285986530
95789 81198274
73700 142210771
66941 148932411
64460 341567314
93510 149184541
95744 307637497
85841 276259929
92852 56133001
81089 171893771
28957 52404303
75611 302409260
98951 717844130
94091 64784441
75589 218750205
77598 81319225
80214 454860335
80295 160726633
56171 132694874
29075 61746515
89690 412078
85048 67335576
77430 172446176
90299 375356392
73222 337800489
73816 115308252
55502 241039486
99536 72724967
88727 70173809
25088 42195717
86650 456177498
37125 71381953
80695 507427125
99691 475620825
86877 54416089
99625 482323293
99989 342395527
79895 17780331
88730 597170630
98129 340247228
57315 190116433
77120 424405013
67301 294117479
82235 53294958
70817 193158318
88610 362618978
67209 88695298
99780 719764808
99053 638006363
87510 618621382
78439 230937873
78467 43236611
89993 120618085
77729 364989156
92547 657443833
99581 486186447
70756 208708290
50424 119357648
53619 44935999
99520 371603808
89201 511513369
82795 559839486
99548 428776136
65660 33578898
98678 115949445
80861 373590856
87263 617743786
88140 111689126
51900 52349804
96397 385649460
32099 14446810
96161 23230117
34700 18730584
74942 119267433
95868 17477521
85143 495386126
95099 561139981
64923 182345992
99211 568460100
81935 479716259
98981 406547063
34726 76814541
69386 233110001
79001 436953407
87326 426247469
85235 418180651
92553 381944173
61277 246896879
96099 765872312
94221 643860844
89930 569932049
68897 90684912
94020 637503232
83579 291225840
35424 51011182
90817 400185807
69893 362269
82872 104408615
69847 266388297
78017 467168718
72004 33081033
66427 172269918
85542 453379949
50114 128765311
37041 40447492
62063 253644552
96236 260453386
85250 570197160
42207 137583881
83910 121516943
80507 434047502
88652 517914917
52617 10854598
36279 44665517
73172 409505357
74298 171403939
91805 140160195
72566 357514251
67487 86197623
88709 433843333
36171 45350042
79929 422487601
96500 477890315
84816 113498102
97652 540894110
79330 419918472
88499 219319406
83315 535910319
86076 134172557
68546 193782332
79975 30614745
78092 436077322
51659 124023655
98664 597555811
86824 559546923
95345 452068797
45882 83602327
65021 82086110
87210 69393544
56918 37455598
49992 32392364
27446 4479771
87180 225350716
66953 253644277
85281 196368095
98567 310471997
20491 7511544
63134 260040774
48340 141948948
54659 248804238
73607 334717290
46783 106383048
82187 399064674
66513 335811929
87005 589249313
98486 115471090
99185 582578715
82472 484658100
28599 27895430
89946 620894515
99165 177857722
97635 697876906
56501 193023214
86738 271441419
79611 148437521
98007 681332006
86505 4083025
81950 238330834
49620 120288146
69809 169715605
58718 144959482
52231 70863075
90764 332160723
64409 121505331
92424 573332740
64958 345252334
76777 398412846
69420 391376284
79515 499434395
68348 226416441
79967 338659903
26628 33956984
96860 560678788
67702 380528484
99600 103457132
97536 557289391
64843 291131148
92249 95036377
80907 94056034
93516 627120176
72210 319978403
84506 104576299
77377 297166887
96920 695302877
61361 117816526
62219 212955589
49552 155175258
43787 14441511
75582 105174955
84575 100702114
98441 540063672
72690 25641062
87507 160781527
85250 96928002
86936 422822664
93760 598742382
91881 238199111
92540 680690758
66293 352802366
61550 241068583
46442 84510727
98827 138596220
65396 39153154
94231 541500213
94040 251129869
62438 252331567
90989 100154681
91670 249603652
74618 260141115
74063 393488327
94814 632347217
58499 17628798
53002 74707017
82898 82039198
70150 134825436
79184 263049479
82211 92135863
42551 60555351
42719 124847051
90644 123739803
84171 461139481
94164 443085046
78436 127429845
98489 40693290
98687 22232562
90641 631138871
93791 661803507
50622 17590237
71523 345482338
86193 359256782
81542 288344655
68440 269775906
79632 107332163
84757 441152700
64143 109938686
91506 43012915
26780 57667543
84175 377370915
90488 337098467
97055 612361469
84371 376708368
86736 563980718
27241 20543787
98577 358059917
80616 123495340
60033 256081195
91166 526029927
42642 11929957
91450 167751804
85802 364426730
94908 565446614
76846 298016076
95906 370793608
52023 33606893
99008 518623232
98976 640964335
86342 185747901
64476 287123180
84150 264556327
94875 641138893
58649 285532577
37847 3512664
93538 721943811
94589 744110603
67371 197698616
75981 453799525
73408 13298346
90429 579969139
59930 182842243
38405 87229748
92848 383239650
92536 43476144
62495 262574653
79020 102226781
62102 247059710
83047 108058104
94670 177594265
85082 513063588
83428 348844944
59156 43790212
95826 611409533
59270 181548715
94982 629219687
30902 16783029
74784 378946579
89720 146677560
97604 640763843
28993 5878191
94522 191567448
85335 205270019
95946 39891871
74771 111150224
76163 422226304
73634 259941074
56448 152222614
92313 12474334
53018 123604943
73721 260704953
82263 183960434
64667 136216749
21981 33598126
81132 214002938
92082 194494031
96395 467220346
89451 115129948
55618 94196121
55230 18761570
84075 388627849
66012 167872892
88880 333433205
61813 166346298
66156 312642466
53010 97686340
87485 105196861
93287 641594456
58724 196662299
80862 200602457
66653 281676717
61231 31054551
81878 375981253
87596 407472063
98379 231237347
95960 753057077
99427 314928162
79379 360126245
53391 16899581
72050 244901722
91209 293746300
88274 128427565
29969 12112408
43545 97440160
83266 559572390
89087 512839309
50458 139368600
95386 113811111
71906 129757206
97617 18957812
69093 43043623
65255 20027934
62120 258710337
91463 510453961
97686 658385533
96142 452524770
66161 83109795
97837 334640250
19649 5746382
94397 273985587
50076 52014391
75762 222224039
24776 27223967
98946 697668155
53174 42538021
98639 771794316
99338 261318313
94368 676445993
91263 266407516
97062 511803736
72778 391140576
96266 653475371
91421 512076743
48006 77554091
88131 431021846
61649 229096656
77503 224192292
81900 385435861
96595 213055656
82637 383759883
98042 187223914
60111 73321808
44967 47481664
56586 38042260
53331 51401618
82960 293680002
76559 305813778
91733 427597014
85157 302148431
65274 198374210
74426 25630912
83318 101234374
90503 390401733
67882 308302722
40028 110176140
73815 327546820
22683 10822387
69986 27267085
54964 248477862
69458 341156562
80925 185516962
38140 12551979
81868 55596699
38750 73526710
83594 297926262
98438 492798879
64478 113907591
76171 271679745
30787 35185299
48675 125126678
32180 60160012
93677 272716925
60972 12449477
87792 65345776
54989 30303672
77843 81772962
57849 179143498
77576 193731889
89912 187960329
97166 386926142
83852 393711878
49970 72103042
65719 181412703
71109 349029595
53811 30663089
45591 48999937
82670 216806096
51999 103538605
74536 70300215
79671 223943531
69575 328495692
98593 349263333
97157 126882801
88832 525396187
56135 18942251
74882 457664120
96383 484314836
32426 55622287
89457 99728585
64624 127022481
98419 553728768
94294 364444227
89633 124766481
47240 94491398
92930 142207180
92961 155921612
90276 453497261
84149 577633547
69927 304311173
89917 476832360
54944 48730671
27458 39784461
99947 554020774
87831 519679064
90314 190903546
56671 226012692
25951 1156071
72769 51594648
96879 281971439
93248 316091624
98435 492865305
66921 280566631
61672 123956661
94392 59424824
99015 240231949
30079 51524763
52884 67092368
79782 460905346
91421 135932476
58769 58822667
90695 121466938
43347 47190122
51758 58762604
93877 269110143
85756 486833103
63860 120009138
79674 393440413
85880 325207174
60834 125102426
73340 187486638
91649 181559392
