3 -8879449644
17958 -4657089294
-22610 -3003088720
-56423 -5791013533
-8735 -8419622740
-35573 -6788184403
-13097 -7879414744
24445 -4009895935
36923 -1695884194
-74103 -9812718513
90495 -2009407500
92758 -3325212634
-41933 -5127458863
16510 -6871211830
54490 -5674596580
-22505 -441769240
29057 -865333393
51973 -663359731
-29900 -4867523515
-6353 -1473522283
65232 -8210066802
-36137 -5332275424
-52718 -8087488018
97157 -6927169147
21832 -3553971703
70657 -6601726132
-80138 -1810796548
-84167 -3337231471
-17752 -4904542351
682 -6775456318
-6998 -2941536637
37028 -9549035911
-67233 -6728698392
49333 -4797468991
-67752 -8281980081
1390 -7077158905
39852 -8566049838
1838 -4323889054
60597 -451701543
-9718 -8113030042
-77412 -3287729511
66460 -5635448575
730 -1423050265
72243 -6358019091
-81622 -3581659921
58232 -8113272523
-217 -5564650399
-94140 147386310
-92178 -2817796053
64942 -5649275422
7315 -6482111215
-12183 -6153248307
19620 -3859714455
83377 -8235209608
36228 -5924676189
-98162 -5434051096
-60998 -4198334248
-63983 -3442756552
1667 -589382098
55123 -1456081279
82452 -4454463258
-6455 -302629675
-41603 -2817903112
-22032 -7520334591
-14178 -9547072617
40255 -640870015
-4072 -3547450981
34578 -3652268976
59573 -2691886444
32878 -3307959649
-33283 -6273288553
-79078 -6906388813
35907 -5687079942
95302 -9666143182
81032 -5603280703
-86147 -7499141089
-71785 -7762052815
73522 -2371483708
-10168 -6213791557
-72087 -8640751881
-6432 -8637494229
59452 -5341949653
61272 -9231142173
-40535 -5175934165
-83872 -2043303394
-71240 -9316985515
-84368 -6991266397
-6163 -339507628
5815 -3967428250
66327 -1665724527
63073 -6257648344
-10937 -4636843774
53575 -6013442365
-21768 -2367182577
92948 -7134220609
-97543 -6493165483
-99593 -8110550578
-63248 -4777361953
-72142 -6762004546
93367 -3242829178
-77187 -3339616641
27322 -3142789177
-7212 -7777287201
97388 -2273037274
-20412 -7486908699
-85350 -1238781990
75897 -6469663257
-85103 -4151171368
76878 -4887824229
-56273 -3784369753
38930 -3401905900
-17868 -3182179833
95688 -898189371
-75592 267029489
-62633 -8054333632
99323 -6292951744
11752 -4431364303
-34002 -1980634896
59888 -109031461
88058 -8243354044
30537 -5559409392
76192 -9209327242
47537 -562703212
60987 -6538402368
-7907 -3633144169
-38203 -1505550613
-6887 -3201041359
-92057 -8906296669
32267 -7286253598
18997 -6465869272
48660 -6229495170
-21217 -7498445164
-11063 -2954103463
17117 -7069903288
12302 -5617297138
-98068 -3857419918
-96157 -1663280134
-79922 -9101490481
9638 -8117296261
29188 -3202724959
14192 -9402234358
-48983 -6196600777
39795 -5048300445
-69533 81433838
-17897 -1166864539
7555 -5692714690
-3113 -2656353562
-79733 -116586622
-43418 -8202507172
95473 -2864885251
92128 -7178752066
79627 -2616909502
4098 -2165572809
-18582 -3629217981
-39747 -3777983019
-46178 -5103997378
-152 -9056809309
-38537 -2568486001
-85817 -5118214819
84852 -688147917
-58407 -1709487624
-72787 -629884021
24763 -3564245101
-2093 -2449577782
-76255 -3304855840
-5283 -8737628172
64663 -1465433764
33955 -5252710750
8365 -8393714980
81227 -4966474708
65003 -5916765469
79173 -7416446439
55598 -2592249076
88683 -7755001179
22082 -2844017908
3893 -7418079124
-68512 -6600485671
-67677 -4206544071
-54417 -2244536934
-90787 -9894130621
-40798 -8183550532
-20050 -7218837220
28235 -6945806080
-24763 -9130821073
44585 -3180340780
7552 -1184652082
-35525 -3556410790
-16972 -1646831926
-52508 -2717792443
66567 -9668209053
52013 -7674922264
-87490 -3912927385
-74888 -341850397
-12905 -935167180
-95653 -6290852497
-17347 -5360869141
-21703 -5531623552
-23537 -2876834869
72023 -3802582954
43588 -6803837926
-64212 -6947840394
47225 -9879891085
3525 -3283579500
28408 -9517518901
91090 -7740989230
56130 -4683093585
-69313 -6046711873
70078 -278501506
-3323 -2775264373
-8378 -6088141402
-12687 -6606765501
63823 -4786945759
-9407 -8745798751
16483 -3294334171
69958 -1886790721
-74332 -380757739
-67702 89765459
-85780 -7734517870
37915 -1325594230
72552 -5960320038
56928 -7204230786
-64532 -3346604854
92427 -5428952658
-35788 -5205672823
-97553 140930483
99982 -3446209432
89205 -1215523620
-82392 -2102614374
64987 -9668427898
-98472 -285814506
71720 -9707223730
-94678 -4955052448
-92292 -5977307949
55832 -3448456537
99850 -8951381605
27712 -6032835982
72077 -6743308432
6408 -6784653591
-32757 -258916116
-89543 -1118383192
-13343 -8638365628
-52303 -8491165237
62883 -4859479926
-47147 -5152314469
-75123 -2045706852
94353 -6074696091
-21885 -9537841320
-63008 -7919365363
23682 -1680956358
-57930 -3285502725
-6592 -3400973299
-7872 -897459906
-43637 -5194815526
-31687 -5447008339
-26868 -5983116198
7893 -2768081961
-12293 -3891987337
75288 -3625475331
-64772 -6310022131
-40123 -1222482877
-50767 -7981802581
54405 -290037720
-7102 -1113499486
-56188 -4914294478
-69532 -6022376359
25913 -6964231849
-97313 -2464113682
-87498 170758248
-62702 -3642454501
41853 -9833579379
-43083 -7690706472
85008 -3227659629
8712 -7905303243
13535 -4779526015
48858 -6681971946
-62400 -9099348135
56357 -7042091257
60922 -8274854278
67313 -245985151
38433 -1358948964
29183 -4060538464
18457 -1527045457
51120 -6166871985
-73912 -5166475381
-42537 -6271419009
36328 -236368594
48978 -974731929
6917 -2886204388
89560 -6699076585
-7207 -4447398136
59663 -8607465016
16192 -7781638618
-67708 -2006894863
29663 -4310978146
-43963 -1123750783
-91817 -9897103621
64095 -4432188090
49273 -3389925289
-75030 -8085739425
-88168 24838937
-70238 -2119949122
-39783 -1690142988
1852 -7097179843
-71097 -4272641406
77608 -850085491
242 -5350685908
-48422 -6296915626
-53947 -5901954556
37200 -4380923865
40370 -224239765
94262 -8598043708
-31578 -6445519002
21948 -6172261341
51535 -4495949875
-42237 -9969666486
67360 -9918380875
-52888 -4665997783
-51167 -4333938781
-24358 -5340816637
87223 -846514036
48327 -9325103577
13232 -9600529657
-36823 -1038188677
-84548 -6356883277
-53467 -6236833759
63408 -7721341914
88632 -8892761727
34027 -9537324757
-68213 -568540867
-20448 -2999534538
25338 -926971461
-85887 -5305803264
-84548 -1555256773
-66645 51082320
-913 -3538904182
-69393 -250109472
16255 -9017858770
-94922 -9056313436
91897 -8143800712
-77590 -6996424360
-50258 -8438185222
24438 -7117937154
36852 -4974756327
-29953 -4511056672
-99888 -6844104402
46200 -114847050
-33243 -2135887788
-10592 -7591632406
79355 -8106085660
-21532 -4984590286
-3452 -8109007354
-98850 -8625214560
1392 -2868589497
16427 -7570883557
75523 -9803463226
-93658 -3231157228
71667 -3486805632
-43732 -5024577346
-27518 -8596605832
68602 -810821908
-93167 -1100145079
61127 -8544707197
-8803 -2946595477
-25127 -2884232464
78478 -9416259421
-51167 -1689213091
-13383 -7225642608
-69380 -5055922030
8280 -1443414345
94917 -2709461433
36113 -4579907344
80887 -7342992922
61542 -5826510213
87032 -858640813
-68333 142449077
-21997 -3780079669
-86055 -2331514560
51827 -4923899443
-68427 -6851983824
4682 -7219481653
34647 -5032004613
-72230 -2630408365
32627 -7263156193
-50147 -8650641871
-84733 -2762286328
72928 -2744047411
973 -421883356
-20758 -9683290273
80387 -964742332
87032 -9941164498
-77648 -7902154678
51843 -7549912596
-7528 -5966426647
37422 -3168503298
17040 -2438078310
11932 -6768442903
70488 -4456882074
96878 -7366226794
99583 -5360584741
26532 -2281017417
-65075 -4478357575
-82365 -205576875
-14183 -171823183
-67387 -6798159496
-42675 -39625500
67735 -9948757945
-72772 -1614712681
-12882 -282104244
15723 -351263109
79013 -5792349664
97422 -8881347228
89493 -4478683629
68683 -2848979866
-66715 -9618600595
13185 -6384745320
-70898 -6720953857
24577 -5084965513
-6693 -4162214202
-88918 -1393657168
-3252 -759277221
1583 -5863559026
93047 -8126893828
-69112 -9306460249
17033 -9368598439
-14927 -4836459361
28977 -5674265508
-37125 -9558628320
17525 -7489171555
97477 -4387759837
6303 -5184758679
-7073 -4791011608
30237 -5091097017
-85040 -5877729610
-73003 -7846567552
20863 -8520475096
60012 -718637337
-62260 -4781937355
-16647 -8880217011
62520 -6150728625
55605 -5272286295
-53253 -9624360798
66553 -2825843236
38025 -1289010555
-68238 -6395117778
-47953 -4565162947
61610 -7682005990
-34625 -2235634615
-26537 -2143880389
-24878 -3600434842
30613 -5562881071
42233 -8494718329
89222 -3976335538
-15507 -3218869824
-73943 -3766181392
39542 -6196215742
-91833 -1277969748
-77022 -3306668964
-98423 -2454298303
59207 -7385616172
93472 -7251096223
-43070 -8003134690
-31173 -8197572942
-16418 -5850888142
86968 -5995061746
-34473 -8457866343
-60692 -9898646641
44268 -6413912571
-43113 -5071581342
57235 -9564336910
-73477 -3935511031
-79940 -969030910
34432 -4266676693
-77130 -8916855600
-99207 -8524021719
83217 -6212049357
-51832 -2382152266
18932 -793054777
-40597 -4089337279
-84362 -6820608961
-40723 -4429970233
-9148 -4251019522
-658 -5430341398
2912 -7995422458
-60953 -3991870963
9688 -9864207226
-43757 -5292335959
5777 -4976894992
-42353 -9565338307
-78925 -3115553020
-41772 -5090721186
72625 -4688939875
-32570 -78012220
-87957 -3296207799
44817 -9940450428
77392 -9678887782
60667 -3872669668
99977 -5059811467
88088 -8896070074
-61765 -4937855500
-94050 -2798496600
60428 -4518563719
2057 -1030768567
-54273 -3057563643
34847 -9508316743
25918 -3041558386
-23232 -9578717319
522 -6911680668
49003 -6967849576
-49328 -2308074793
-69365 -4470794395
12107 -452567782
68712 -619719543
98255 -3630780685
70772 -8378047813
-41733 -8412028737
-37910 -7158274240
9927 -4759818447
6112 -6704286298
61767 -8786735433
-31090 -7697924860
-40950 -6856535340
-99773 -870674272
-66202 -5810997166
-50352 -7408953321
-11277 -5998036839
84582 -3447101538
-31585 -899109700
94860 -2461042710
33580 -4185701545
-85480 -9452825170
-4088 -8795363137
14622 -7989627513
62198 -9136725004
-66628 114081578
-7357 -2011174996
-36348 -338585157
61128 -627538806
-1417 -3859635856
-86583 -2694263412
-3672 -8478944751
-66317 -8560922161
-64377 -9272185446
87383 -9631463176
-40227 -294418971
-52760 -1116341290
-5767 -4507624249
95335 -7310437645
86832 -9948222147
57878 -2024239756
-76860 -2027868555
65568 -7476295479
-6127 -621376669
98138 -1813594504
-61630 -4450781920
78832 -4066549453
36827 -3419040838
77158 -8860526596
-49265 -697538860
-26245 -4258770895
98663 -9846534841
94333 -7481446801
93800 -7186146070
-6643 -4803740908
29172 -6816771213
-34203 -3890989677
8483 -1416781894
-49938 -332959977
27913 -9636291724
-5757 -5343314346
-12405 -618801765
-88268 -9479313997
-22323 -7697301612
-31983 -7331371497
-17462 -2298123736
-82097 -5942284906
90437 -9425213992
10207 -4958961007
17312 -8066003653
95917 -8671599157
-87820 -182104315
29495 -3392764000
96070 -6476070625
40393 -9888524959
2923 -4775982259
51263 -7219201669
-17332 -8770381669
23 -889381639
65203 -6843253444
-89723 -5744468632
37388 -3793570606
-97147 -5972950621
22607 -939532747
-12603 -7969409973
69287 -9260221327
-18338 -9628439602
-23047 -4071974884
-15380 -3670752595
47348 -9331596346
-91978 -4118978992
4447 -7466595553
-94858 -6286568257
-42547 -5647543756
92132 -1065521653
-3793 -4513464748
5677 -7977590743
23268 -1445606286
47195 -3011732470
89042 -3747137662
90022 -4652848438
76968 -2344719906
-78888 -23959218
80427 -6460826628
91202 -8297094232
-23848 -6890141227
-31197 -5349437211
-27472 -7032558961
-54558 -9854464632
-23372 -6369279949
53518 -3727630624
19727 -7997277667
-54273 -9760937598
11903 -7596005344
22998 -3281085894
-97955 -6827984680
70740 -4353032790
-61537 -1591707451
3788 -429785821
99607 -9896018182
-50005 -8452249315
88563 -6747909966
78085 -7890767320
-60317 -3922642774
97258 -9192724081
80435 -5066345080
96522 -9250549413
-7708 -1445763397
64902 -6820469982
61827 -559896087
-50908 -6180884647
-77362 -2078390821
-33157 -6280742179
-66263 -7903413973
-35902 -2079211144
16295 -5526263545
14547 -4304202327
-78172 -1766862589
-78413 -389641258
-61487 -8555373541
2467 -5883896833
-27283 -7812980113
-22393 -5558489287
75527 -9388795192
-16447 -4341435619
-51132 -9532529739
-23098 -8022104692
92150 -4216485430
-83353 -5115479932
47553 -3089922489
-91243 -1357673992
73417 -8140222207
-68643 -3741406587
-83417 -8680653094
-26985 -7054316820
-7478 -5036704417
76973 -8166304336
-49233 -2699774733
-56483 -2236351753
-84388 -7413331933
50443 -2051130649
-7457 -2393632351
62077 -2190848983
73775 -9303550285
69707 -4568454208
89223 -3369354771
-5238 -3083234742
10028 -9120385546
-15072 -8104394106
-28672 -1759144639
-17680 -4317257065
79083 -8317689444
-743 -6382962352
-83613 -2895136962
7152 -9915702138
-80793 -7004790642
-43517 -1735512241
74078 -5087565634
-95207 -5174259241
-51675 -3184020465
85173 -4737833076
-12473 -9990743647
35248 -8261726686
-65542 -632699374
-35123 -6871950043
-91277 -32152564
-49597 -2793809464
24323 -6616793326
7158 -4953357234
91877 -5018941192
-34033 -1353404158
10732 -6391183918
99667 -2641914907
67112 -9166866433
39028 -5953743331
75497 -8840620708
65548 -7303126774
67765 -5671726840
42348 -6470602269
-14253 -7407859173
-71368 -1091657662
-20535 -3107511555
-97707 -4167816489
-32998 -5339961478
-77763 -7224952512
-84747 -9918611736
52497 -7213440417
-6263 -7142730397
-75002 -8453310421
91142 -9726195697
-43292 -5090143099
-78582 -834338241
-98753 325474853
65468 -6211235419
43477 -6315333403
-55112 -8865082279
77038 -9868523794
50448 -2893063914
-25813 -2000452237
79972 -2980374277
-61775 -1496287780
77353 -5202391561
7962 -4992291702
65290 -877216210
94847 -265211047
-34377 -1753091976
-47712 -7649197614
-68402 -8231099221
-64708 -8122521793
-7757 -2455659859
-26323 -1927292077
57432 -6656521977
-92832 -6273259671
-73237 -260656096
6885 -6489099645
-9128 -8862787507
30463 -8520502456
-86443 -2576685703
-9397 -7817101084
51167 -4215743692
-26238 -7797048042
50207 -7566205978
-73272 -6452335509
-9808 -3596399782
59038 -466308754
-14598 -9545477148
52052 -9193060687
2198 -847794649
-32132 -438655531
-73073 -3014879488
-58402 -9784835569
-41277 -7332696504
-18338 -5528929297
16268 -3950513269
-67517 -4139710564
11633 -2057606164
-47437 -8760926869
31017 -8206503612
74987 -50795377
67220 -7499912035
21412 -7115481643
98935 -8072485810
99242 -829093432
-21915 -2304633165
-6988 -3516335797
-33135 -643657785
-96208 -4037302318
-42647 -2554041421
-30142 -3936713536
-11593 -3874896607
82557 -5099496672
-87105 -7075638510
33360 -2462470905
-59552 -4112723671
-90298 -4243134718
25402 -9334983958
99013 -8486708239
-3103 -7406269888
89942 -6444583288
-86235 -9571170000
-5777 -3549815596
-30005 -467212645
99623 -5795215906
-76668 -8759201253
-87253 -2399230852
-23058 -2790924057
55838 -7401180589
-29427 -6835713981
-31400 -5309117050
-52957 -2072170216
30775 -7546935385
57823 -6323444674
47227 -253064452
93868 -9854129809
85838 -1746592864
-18457 -2555176804
-39493 -3438718093
94487 -7412056057
41232 -3428137053
-18602 -401794204
10447 -447786847
-95838 -7394878677
80482 -4177743193
-47362 -9548903836
89617 -8550642712
40242 -5777825952
20208 -1424589831
55793 -8933088976
-10398 -3005822457
-77113 -3923944933
-19938 -4464925668
49777 -2596437073
-8530 -2496954970
40508 -6133527679
9753 -3841562856
-26717 -8982712174
-61737 -1438099656
-14102 -4909580401
63732 -8019271518
33245 -1445167705
50207 -8329116043
12812 -7767404413
-76778 -7823902102
-30212 -3191155639
99367 -2268559933
-4067 -7215666016
88903 -985707484
-76582 -1988989489
84380 -7812891910
63828 -1133617614
-70695 -1760382405
96778 -2436720049
-66767 -3902866549
-32823 -9401743008
38072 -9184495297
-92097 -3641471826
74217 -8704889652
89215 -9822492655
-53468 -8501800678
12407 -6266283592
-44895 -8044520595
-17293 -2518679887
-93603 -8385396813
82918 -3559453021
18207 -2779856208
-8500 -9638586895
-55670 -9243968065
50782 -2755877848
-43088 -3690348697
-75807 -6268567071
73895 -1849188100
8665 -2840933185
58328 -5230072306
68987 -6207459853
72743 -8547348871
-62193 -9329649678
-82928 -1605894547
66538 -8509645846
51618 -1212618969
-51587 -2560966756
-10945 -6694788655
-17673 -9631445232
29902 -3554897998
4943 -4464802159
87013 -1929553429
-26308 -2884760593
-5462 -8293691776
-46633 -2335346722
63738 -6208239894
-78188 -4913132887
72823 -4773926074
43522 -3842410942
-79040 42603530
20512 -212387683
82543 -9113859481
-35738 -9902202757
-68335 -8256898360
7530 -7027901745
-23570 -1045916920
49127 -6632032528
-26202 -4594473069
54643 -7120271089
20902 -8807986933
-77722 -8682162256
42687 -6823540452
25518 -5953331709
11113 -3898830211
-3417 -5121640824
-71348 -1130042578
-59680 -5030034655
-2938 -5640541717
-95230 -2902450510
-37612 -3127979026
97063 -6779381419
-37455 -9713075925
94928 -5109087634
-98348 -9172294033
-9268 -3362126122
66770 -1834263925
-76237 -3763367329
82197 -6730566063
44618 -1581965701
27507 -2324826468
39723 -3185606691
84057 -1089898347
-74868 -9222585513
-8530 -3352916065
-76277 -9006263476
-11605 -6175956385
29223 -9597894294
5658 -1835066256
82303 -2210811271
-27397 -6193756996
-1775 -5726756095
-47608 -1500733627
10415 -6372856165
14635 -67864630
72462 -6666551598
-45520 -3954239575
-94363 -9912450808
-78400 -478924210
1797 -4954851408
-45585 -4861136370
-13833 -5899608033
81652 -3467043163
-7887 -5451273591
7957 -4527550027
-32125 -3559634380
43828 -160287511
55665 -586827900
22405 -1973590300
-63252 -1258305471
79995 -4200664305
-68633 -4158122563
-80968 -5366951677
90637 -7371474412
55048 -3100475326
-53435 -738106900
9923 -24417241
-98850 -1731857850
71742 -5199871713
64168 -3140121991
-25350 -7670246760
43537 -753100708
99908 -5127980911
24662 -2707708333
80350 -483764530
25383 -8027148024
29630 -9823202230
-91128 -6395859057
-91228 -2715981373
54282 -7707477648
-31102 -1844218636
-12478 -7192876897
-34622 -4165747369
-94600 -6462815755
-60608 -305224363
80687 -1896283423
94682 -8357880208
-2997 -2682231876
-22877 -3689816146
-53688 -8218319667
-21962 -5923271344
31608 -1408960686
79063 -8393961151
-80413 -3595942078
11577 -3103744332
75028 -9000367579
31363 -6771311764
-84548 165721127
95267 -3519209203
-55108 -8240544733
-68967 -2935663689
-27862 -3297200836
-78070 -3643700980
-35763 -829149873
63272 -2148516433
-65085 -9190568745
-63497 -877519879
12600 -1496426490
-44593 -7431777463
12733 -7909608301
-47788 -5154832858
-25553 -9988308163
7182 -4023081258
-20828 -3497276233
65308 -6859161529
8083 -6456123244
66645 -5205319005
482 -580125472
-74122 -8266909801
31018 -140164216
-13970 -9410564905
-30758 -9225823252
91488 -4950233946
23238 -2675005776
-87347 -8097024559
78353 -3221396869
52057 -161410192
-53753 -4180836787
-26578 -8177132473
-49633 -1583534653
-22125 -7234472850
-34612 -8331179359
35098 -9815880724
88333 -7591464664
-52822 -7139590129
-38113 -2515286683
12178 -1875971224
-74848 -2050667413
39287 -7698329323
-79107 -9815267016
39892 -2141319298
-57248 -9976620187
68298 -3518627076
-38905 -284008945
86742 -4297558752
66592 -2496172357
55587 -2277499368
-21253 -8726098978
31750 -2129401600
93175 -989626375
-30127 -6418675561
11078 -1902064441
-13532 -7382771671
40658 -3113577394
-46328 -7726351177
87612 -371777073
-6788 -588694777
20693 -1254120064
-70880 -3987448585
-56078 -5359077928
-88297 -1831300474
6558 -8423107344
-4117 -3278103451
14863 -2450800804
52518 -8070136986
6250 -8444206870
-94367 -4149732589
-70197 -7105440744
92767 -1087086457
63422 -3440334733
32002 -8254832302
-51207 -7463747424
27932 -1496958667
-93592 -8312583286
81747 -3395122983
-32765 -9325827070
61275 -632036295
-71623 -2158442437
-3252 -4385897721
81918 -701361009
-84188 -4624921417
34852 -7603056133
99632 -5061123457
60708 -3111369459
83490 -9292511490
52863 -8943009186
97667 -9420267793
42293 -477139516
-75357 -3875123379
6692 -4652472463
67407 -4234176132
18818 -2261556286
14663 -3228531931
40922 -9674665378
21918 -8802184464
66653 -4817586319
76018 -7751841754
39317 -5704519147
65487 -6523522152
76473 -2851461291
52487 -9895282303
66852 -7244985597
3593 -2029781479
-47652 -735003579
-16780 -1282524070
89655 -9030744375
17400 -6449724255
64603 -4429255606
88363 -8011760464
11302 -8945624068
-11165 -5684043955
-66332 -6220881781
54210 -9495721005
-37852 -6857366311
58347 -4943048217
95247 -651682728
23437 -1334639827
79592 -8417522302
27458 -8280289096
-46308 -4992189063
97003 -6283875274
15902 -4774925608
24312 -1530331647
93357 -802451067
-6363 -4484105268
-99055 -1914040225
-55902 -4419809781
-1258 -2881254193
87877 -3715719697
-86672 -3128855239
-95838 -7833544512
20677 -2483902597
95027 -7002569497
-66127 -8107495021
-76978 -3461084008
-36137 -3367527121
-69142 -8250413374
3163 -7093848691
1223 -3485471644
-48287 -2519055091
-65198 -571157812
-50812 -4701668701
-245 -6470093890
-97483 -1982057233
94812 -1641294273
155 -240794320
-70782 -4119472824
99312 -4909341687
-1240 -6166512985
-36513 -6902014263
35630 -9994994980
-58152 -8185609461
72627 -5138999292
15500 -4054763335
2467 -1824739042
36937 -548064472
-29583 -2050859133
1450 -5642179480
18250 -2508416530
-63025 -672860575
-69230 -1403096485
-50720 -5103585805
-24403 -6376895797
88455 -1470731730
27727 -2508481237
-92573 -2686920487
71978 -9164954056
-58137 -1071702531
-57753 -3628274247
-3215 -9646101160
44690 -8841492085
56307 -2923405878
-91692 -511231671
22562 -4183502572
33282 -8174151702
74587 -3862461043
-54247 -4098309271
-60315 -7420154655
38118 -3560538384
-74995 -6421350055
-93313 -4838779747
83990 -1858562665
41355 -9949857420
-56390 -245275960
-69828 -4523209878
-8533 -6997704283
15912 -2818701573
47348 -7720565134
67242 -5112349077
-50653 -9092268742
52802 -69675217
42785 -8497730995
46733 -342108316
74258 -1220788354
64477 -8336695213
-31618 -7979143153
-30402 -6266082084
-99190 -7601558260
-85545 -8885601585
35232 -5283057213
24082 -7108975162
-72708 -1827942642
-60868 -7995710563
-82002 -1768245429
28463 -6984329071
89328 -2103247974
19155 -9645637005
-40262 -4597499641
-86252 -6454001509
44288 -1845598891
-99223 -1616733553
-89320 -6220290250
12373 -4675072864
-50308 -7164860557
-42810 -533225160
67303 -4453091299
-33205 -2632945465
59188 -2333902129
-52995 102141915
96265 -5999575060
48078 -8026295694
97487 -225888487
-15685 -3661262860
-19327 -4196031169
-86233 -6380828047
-46782 -8423177406
-64365 -7524062415
-30902 -1967434561
55368 -2537025609
-68357 -9584468569
-69502 -7396199221
-71233 -8064658237
29182 -8238210952
-33635 -4845468160
70052 -8859708337
-63227 -3883670641
44628 -9261221394
-24098 -2507229052
-14737 -8437273651
6740 -58357390
83863 -9992826886
-65888 177148322
-53870 -4369659250
-37090 -5174066380
-50592 -8948320734
78943 -7666814299
-16642 -3466053766
4718 -5488031614
44683 -3032083486
-12340 -7046137255
-51245 -7082898730
-8108 -2205013933
39968 -426439969
57580 -5844862885
-8038 -6900376288
-29052 -5832605799
92200 -6775174135
83857 -17284627
42543 -9621582144
-21203 -9844278283
-23282 -7311104386
-95598 -2008895568
-58633 -2031717052
-88932 -276529071
-68407 -7849252771
13982 -6376497682
61687 -5261038297
-9825 -9337981575
-53213 -6637392607
-35718 -9167501052
49123 -1003059091
-33357 -9067832184
-41797 -6195561046
61830 -3836664045
52803 -7879560639
-30623 -1377821473
74928 -1842928521
-25893 -7436006298
-71838 -9374207568
21467 -1019699137
79772 -190183282
-56187 -5278064421
30213 -9753165021
-10983 -2140515537
45485 -853003105
77878 -9515345989
-54573 -4714689903
55357 -7303716172
-74923 -2093990692
-78837 -4055350851
57245 -624692860
20735 -218477230
90602 -3866775628
78170 -8297250745
-57642 -3851778429
-93897 -4280028729
29600 -579940330
6378 -7588325826
-98428 -4966618318
-74928 -8489492157
-89323 -9053159872
36627 -920977458
-74557 -9232439074
-93532 -6302476069
-41742 -8048978001
25622 -9657323422
13825 -4008986605
3537 -3819476973
60912 -4017681687
33763 -2099292079
69373 -9839985001
-85425 -6043050870
29863 -5087430694
-19528 -4310287963
75187 -874306357
50372 -5983289233
83723 -9906292069
-16100 -1046496865
39682 -5987557822
93542 -9107409628
-4918 -3123085372
-32257 -7638980464
91383 -7717972884
58512 -4581966393
-9593 -4148839543
-71377 -2705399089
14227 -262626838
-64527 -4253078241
60612 -300599718
-10697 -1962335509
73360 -247376065
-1997 -4628265571
80008 -2792994169
-79248 -3743603502
13400 -5958010105
52623 -5714238114
-55293 -5354420298
89877 -4077925503
33113 -5643267541
-51623 -3620571223
-5582 -7241636356
-21943 -5067606547
17072 -9077366218
-43783 -2829022567
93777 -350487612
9747 -2224479513
5622 -7660675578
-7977 -6274734171
-35065 -6977748415
27642 -3155419038
64902 -5213346192
-62558 -3197276353
-34317 -8602636134
92087 -138809452
-15150 -7422897450
25523 -6427047274
72822 -9092901693
-33638 -1956423448
-59533 -8675541247
-11518 -3285369238
23735 -433042630
-33792 -9010298094
-61493 -1792752022
-93017 -7906907866
26818 -6026053669
-22062 -9440231229
50963 -9662453611
-43333 -5497111963
-94552 -6993121279
67343 -6658406809
5892 -3365558202
11838 -1011645006
-45875 -8174491525
-26845 -1900955635
-45450 -2495762220
40973 -7663021336
-9108 -8519994153
-53037 -6018556191
82100 -1860209125
92487 -9389298537
-84797 -2871421729
18048 -2727092751
84637 -9495058672
23872 -2986047697
-14607 -3179484744
86553 -8837470659
16493 -4796758936
-93710 -6719978365
38867 -4809131707
-85777 -1469266774
-65118 -906593457
49583 -2971661119
-67842 -5932060926
-3337 -6600464914
-2890 -769069165
94418 -8288468764
-19040 -1004630725
-93643 -6929797843
-24628 -5599437997
-42562 -1496080489
-76897 -4303311829
-2618 -7610511688
75498 -1442445276
-40475 -7090320025
-79808 -7894391653
57322 -8785056673
63868 -6217352239
-51008 -9394875397
18528 -4628342574
97167 -6556870188
32658 -8283577881
-81380 -3361179025
-75503 -2785425943
12463 -5187251866
51267 -5382971412
-11493 -2900343333
-20477 -8974716064
60785 -1933477660
33592 -5106670378
-41998 -6613378882
27150 -6861541785
-18338 -1407390073
95993 -989742361
53765 -6847798315
-6988 -4533890563
-25533 -1876736277
65985 -9170575125
-45013 -3879478507
57440 -443380615
3382 -4267291837
-37093 -37871797
-93023 -4806025027
55045 -1015616680
87940 -367856845
49518 -6124018326
1993 -767490481
18707 -4431350008
63530 -1711810240
61703 -2940364771
-64260 -7534960845
33687 -6717960918
52118 -3457916224
99703 -5696602996
43940 -9449209165
-3673 -2340292393
16703 -1517154001
91377 -9554515623
-50420 -3270240370
-25193 -6711527392
-97575 -2559349080
37007 -594135073
-26718 -8296105392
68417 -738608827
16887 -9716477928
-81062 -1471211374
93400 -9061302430
-69333 -7710957873
92837 -691197832
19120 -1891136935
79997 -7683623872
-52977 -7352112561
-59553 -2514290883
90632 -7735427542
9762 -8127772932
-46713 -105530388
-49628 -8028875113
99407 -6143934868
13083 -3207481524
49693 -3357326119
15325 -5544433180
-59445 -4013902725
30432 -3659083053
-87987 -3811943379
69268 -5752547221
29497 -6191976403
64858 -688448134
2722 -4337320102
-23672 -9123956281
94613 -3791333209
-58967 -6604346659
-42893 -5614180753
-33317 -9658662316
-81855 -9283252785
41098 -7292785429
40668 -2963224851
92968 -2297761291
53063 -2589673624
22582 -9830084998
-57857 -8941313431
92528 -6846728419
-91137 -8686575381
21642 -6203530857
56683 -7360085731
-77588 -2865192838
65787 -2956249992
16023 -6162367536
-5625 -9981742050
-13995 -3658403205
-30643 -7429566277
-53838 -6184956732
-39450 -4263041805
32763 -6434768826
-10533 -9756660012
-73405 -5370478345
48470 -7421059105
-26787 -7902030696
6368 -4101886741
-8633 -7806895612
56503 -707885686
46648 -8498383681
-36112 -1556179834
-15528 -7871762667
-10075 -6845986120
-86322 -5415821589
60178 -6245374876
39323 -8580147286
-32522 -4753492726
-72147 -8287341231
92863 -8372216116
-75227 -643705351
-48268 -7787744602
84658 -8979206644
-30713 -9232768663
-77385 -1871450340
69857 -5741499937
177 -8109807732
22568 -413970781
-47125 -3768111460
-46877 -21561649
70918 -9316791844
-60412 -6956203594
57583 -4744977916
24477 -8525239527
-24313 -4888768372
-95142 -7390912584
65215 -3417752395
-82858 -636870952
15995 -785223190
6160 -9744584590
59685 -9830830620
67012 -8727878218
1003 -4634911396
42863 -2074753069
74047 -9779819128
21375 -5934154170
-638 -8500356892
-36948 -6508560438
96087 -1529757087
36157 -8426910868
40247 -3968900962
-94993 -6952715023
21030 -6877139265
89283 -6462528306
-4553 -2749249462
-43417 -2948329714
15723 -6420074616
15963 -2000435349
-16845 -6926801505
87952 -2869729057
7645 -502533100
-51312 -9800400234
29397 -9489573012
-68805 -4512940185
61230 -7208928030
92963 -5611405114
-49593 -5697181602
44773 -5083931116
54763 -7296290386
75965 -5660404765
43733 -1605414481
-21458 -6351219928
-30548 -4708432483
40058 -5965903624
-26553 -8787344433
-6357 -5060155611
-40862 -6851940634
96322 -9089482858
-34620 -8786868345
-75467 -4333881391
-39358 -2241004552
-20278 -574326562
-51838 -1394470798
32413 -9842706676
-75230 -8380586425
-75868 -3289178458
-96122 -2387868829
80903 -9686802256
-43015 -2973146740
94388 -2787005239
13365 -580049580
-84753 -3335594373
-7292 -9523041259
-74460 -478008225
20748 -7010889966
-40220 -9628264165
31327 -15234232
33682 -1987400362
17878 -5474327626
-66605 -1664319415
11750 -2175298390
-31897 -4648976086
-82702 -6714171916
87460 -8984038825
18433 -9470463529
-40520 -650604175
29727 -7719365463
-61157 -9635015566
67047 -154634298
9658 -2684964214
31600 -6267422290
15607 -8158469833
-86050 -8104245265
-12418 -890952652
70022 -3504354862
-92797 -135563071
-30417 -5162735469
12363 -2801422611
-77293 -8919063487
10007 -8113147033
-74953 -7182904252
-52717 -848003029
-12338 -934651612
84617 -7492883413
-60250 -6770810650
94362 -9121974297
-9387 -3129352344
-72497 -9482619214
-85430 -1229499670
-17965 -6321981460
-26625 -4418399655
79983 -8584394016
-6303 -764128167
-88567 -3885855229
-28598 -8575047178
81968 -4190180626
60947 -1752662728
94002 -7552126578
38993 -2068644691
59455 -1394756680
-54003 -8145574908
-31393 -5163715387
97295 -7084902130
19773 -6466771524
41180 -1974486850
-84743 -9058513747
-4072 -3082381249
11793 -8613225129
21310 -8019679870
77408 -3390394261
87425 -2095992640
15097 -8636933113
21598 -4282557094
97172 -6132034537
74183 -1506741454
41763 -2802517149
-36037 -3725323411
31342 -5671116988
-52427 -987349456
-21183 -9134874777
11538 -3022501704
-43767 -3719627589
61913 -6316678024
-52043 -2901173593
-75138 -6433478733
-24892 -4503184261
-13832 -7434029029
41682 -5355708678
34283 -1308206866
23232 -7512026418
-75497 -9658810174
-35533 -8200514938
-46067 -8320344229
-66797 -7138993384
-94907 -62123851
-31577 -7985911741
-88132 -455176114
61995 -8103620685
79193 -8600095639
-81692 -8105236141
54563 -3860414119
24863 -428819191
-36813 -7211400762
46127 -9907037332
-68472 -5129778369
15995 -5549830045
35192 -4235383327
-79253 -4892834587
48207 -4017862962
-50727 -2017617591
27487 -9540615478
-8313 -9637577823
11943 -7950763044
-60103 -7677157393
-46955 -9345728725
-38202 -1194734436
93148 -9856678426
-27263 -9971977303
-71783 -4065763597
77203 -6624091294
-58127 -408004264
57278 -6827489194
-63713 -5730822298
-38117 -9812440549
-53218 -7390733137
43885 -6832484845
-72062 -7261078249
-13865 -4037747200
22565 -5599213840
-61582 -9138577546
-56798 -4669291642
-86033 -7506810043
-38600 -3755086675
-13092 -2076797319
42367 -3195354418
-84518 217069163
-48800 -6532205155
-3472 -3555878569
82333 -3234654031
54448 -90034954
-75897 -3130032279
34563 -9810696351
-24138 -1782630072
10220 -2549747170
-49072 -5960711449
-86262 -1311698976
44152 -4696781062
-57323 -8219341723
-50885 -1230691210
69412 -9034188757
-26000 -6643676635
47898 -2555986116
-40220 -9305713435
6768 -5337785859
57688 -7222039
-62827 -634678201
39747 -9818225607
-30722 -7375942996
88862 -2584084393
-57653 -5497173268
-48487 -8065566796
-70138 -44025097
-56883 -9376909332
87163 -9778553224
-48697 -8010459709
16662 -7366027377
-44898 -2629111722
54912 -7611634878
50872 -9516031498
35167 -5150200438
-98428 -8450778547
74897 -5333703583
-2968 -2581072402
17655 -1197410070
-2767 -4353225004
-58400 -1754005195
-40335 -6527020200
-50417 -7201380946
-29093 -4984626208
-60705 -112808625
-30788 -7777700113
-76167 -317401839
-25663 -6518470912
-22285 -6834938875
34233 -6854462529
76852 -9962256682
-11797 -7995719176
80022 -2831447778
-95777 -5527470076
1440 -257827230
-42607 -9157576501
-98845 -8563573870
-88687 -5940885244
-75187 -84025624
-4577 -4716417391
-83183 -8149128592
-57770 -3600160105
25203 -8577184431
-79043 -6384396112
59500 -3073398730
-22757 -2758303294
87423 -7238395956
-82610 -1652583205
52703 -6386809096
-27525 -1201633080
-79997 -3974519836
-38888 -1088266417
56995 -4774074955
67127 -983801473
16082 -2216496418
93438 -4571130621
88297 -2740272937
-662 -3552398689
-29022 -9685735344
-57737 -2110255501
-51302 -3445431004
59852 -4851879862
-78843 -4557788853
-31858 -4987146622
20340 -2466376290
350 -2330666725
42943 -2012920519
-51380 -6259342765
37488 -368809299
-81857 -1986049411
42017 -8002087087
39977 -3935794192
-74597 -7066564081
47735 -6792067600
72622 -5295814162
60113 -2350618489
68522 -3840141982
56783 -9807490531
82425 -9181222995
41612 -1743490717
85793 -4472197891
63075 -2929983000
-56925 -9985237410
65218 -2848929016
-91642 -1821468949
78737 -1506975772
-90657 -1104958884
-92218 -4366158958
58227 -7326070383
87812 -975028993
-4460 -5723893270
70912 -9856693597
-59607 -5751774471
-36197 -1799132059
-8723 -270429472
-95305 -1499802850
34448 -4982979721
-79918 -4802825608
51988 -7458815806
-78748 218900597
-66262 -7693706086
-75643 -6087070813
10615 -3587029255
69623 -5654445139
9238 -4445250586
-51730 -9322469350
70660 -9822813745
24592 -2698098643
-88008 -79200798
-92405 -3889583770
-89183 371812217
33767 -1850556298
-66343 -475860832
39642 -4559785188
21277 -1650029452
94428 -7324679709
-28167 -9339496929
44928 -3778650774
-11383 -5536796212
71652 -7024528602
-20112 -1483330146
-18372 -3961427094
-85228 -7429603798
-8633 -5222054203
-82013 -2275493842
-24498 -877094193
99777 -5263045887
-478 -3994142113
45707 -2235405703
47057 -4865878363
-26555 -5020419475
38990 -8737995130
19372 -3418912807
15447 -1695308727
-37703 -6851450323
6507 -3292656828
59428 -4150325701
-70340 -6249669235
-69562 -1769957689
16843 -3941600794
75647 -7974471343
78858 -5527857909
46058 -117588649
59537 -3716853592
97947 -4064550807
82017 -3668899353
-7917 -9976603389
-87378 -6514183692
30200 -3103129825
-97943 -8394411193
-69950 -5456445730
-24592 -7522648621
3790 -9271272385
-34672 -3708073291
-6225 -759049635
-74045 -681708070
-33988 -2481582802
34388 -9161387059
47452 -7122131173
62707 -3870724978
56208 -1812324789
-64157 -9833717059
65813 -8479237261
61557 -50318352
94853 -5068419319
-7953 -7862999712
21193 -3297116101
1213 -4062982921
23817 -4311163353
53918 -5130155596
48627 -9226720092
1527 -4022795397
-12422 -1672835629
-93808 -8889860497
86015 -2378036125
74442 -5978008422
-24903 -9363257208
5240 -902027365
-86622 -3867873309
-29085 -5567431020
10230 -8635013730
-55583 -1501029583
-67742 -6016763389
-71895 -9251811360
-29670 -6487111605
-97905 -8706481590
14187 -7007216907
-97268 -9948428842
-63285 -6127091115
19367 -8244099022
-21450 -7691911770
-64517 -7248860251
-7660 -6219478090
65998 -2487224161
19993 -6873504769
-70678 -8495187832
31800 -6348139035
-69350 -2321086660
68967 -3117986088
-60993 -2326872702
-90007 170966984
51977 -9350436832
97180 -6924641110
-30232 -7958570149
-44763 -9375384687
-87408 -3112751058
-23118 -9401130408
69093 -7766041341
-73368 -5373956442
83628 -9722620269
63508 -4536009331
87542 -2328290782
60697 -9467060248
-8083 -5708622448
41848 -2976811669
-34162 -7325516146
-77082 -3843096924
98298 -9608529756
79467 -9544477548
-55517 -5811371071
51033 -2213432409
-36228 -1920241287
-16523 -5586594277
18833 -1942727359
12418 -8640371434
16552 -9631315477
-53822 -4378258801
-38633 -9249587137
-63947 48591251
11587 -2755876057
-17423 -232127068
-96537 -2487486576
-89577 -5353805454
-15365 -2385226375
77915 -7928678695
5248 -3668484061
7383 -3077971416
74627 -693588397
16755 -9584089455
84700 -7939395565
-21242 -1764828784
45977 -1728554548
48915 -5293525650
-2772 -9414153729
-51872 -2009879971
52573 -436717759
-42863 -3603561232
68875 -8289204775
-24592 -4832403766
23622 -9654544122
14880 -7607389335
-89185 -2343696880
-59747 -1223519884
13383 -9498011271
-10205 -1909062715
-44333 -1248065398
59515 -7574636530
96975 -8839130685
-67558 -1216007848
98772 -5973111543
-53023 -2741592283
-69137 -5549864626
-20835 -9066798975
36940 -6520273855
-79133 -8525894632
49015 -8128736515
-9097 -2471369914
-12013 -2886306268
-83993 -1049558572
19695 -4356633180
76575 -9851946300
46107 -1118607957
-39838 -82151737
60863 -2791047574
14533 -3055505671
-47472 -4394861034
-11627 -1295037559
-66590 -7880985385
-26158 -5859771217
91482 -5857588008
-65235 -1412815245
22452 -4730225082
96790 -8534083405
-44228 -3869711503
-65497 -7357425391
47702 -9798013762
75753 -5865144924
