-92530 -6935418299
-59272 -3008550511
45798 -8485610759
-97988 -7731757839
41467 -4985594031
-96212 -9647379073
10041 -141671609
20977 -6199150049
48971 -4380370335
-52834 -9178900517
-62317 -9636445559
67024 -4794508899
-90593 -4098361521
-39285 -5734930287
1792 -8482834615
-73046 289330919
88730 -6928336689
7197 -8592953075
76367 -7163649193
-78513 -3710231225
32218 -5568069771
-82971 253935155
-66565 -5776666477
-36235 -6063213809
-26061 -8012955817
42737 -6866255615
-34506 -4184753545
-34692 -1769254351
-8512 -4533638743
-95053 -9431062365
48678 -7254882275
-10273 -5337363763
75228 -5489600921
81115 -6069409483
-63486 44089729
-64043 -4674160015
-50641 -7089880727
95892 -4429095661
80439 -4834075897
28223 -65631881
69757 -9527599133
78112 -3820751773
-35863 -2899240111
-93381 -7142536319
-78642 -2863344635
60137 -8980856535
-95992 -6654574245
91876 -2645255077
-93484 -745063095
-95014 -7000857587
-74472 -3377921965
-72336 -8145134489
73071 -3139754141
18560 -3796475061
-46180 -8097740639
-46350 -5829643973
-7153 -7024446945
-43834 -4803826681
-96541 1053529243
55547 -6051272369
30332 -324294959
-48342 -9205247829
-8609 -1699882367
-91579 -2137380495
40437 -9842371925
851 -682039357
-40072 -8810177483
-29574 -885399555
-81964 -2236607795
98907 -8825569941
-8127 -6971263245
4733 -4721992525
86471 -4749719095
50610 -4401536307
-50679 -1073766049
10979 -2335070299
71045 -2419962379
-70191 -623525561
21013 -1131286341
-190 -3570423033
-44777 -5403723399
38577 -3037467799
-32839 -1430708631
-2909 -8930939041
-59923 -2386777569
94007 -5099721021
-5879 -6347712869
30944 -5045525837
-48699 -3814774175
-46386 -5067187761
43400 -7245559497
-99679 -3926654979
20792 -1791802655
-53470 -8401726983
-97588 -4055382711
53903 -6556904749
38874 -8100281607
-1908 -6369873795
-93768 -5392387753
33158 -6794185699
94340 -7449159021
90624 -2877068347
-38591 -8440437749
31116 -4960494015
-39210 -7058913063
-55311 341598659
-7539 -6183320501
19367 -5960315703
-48724 -2444396079
-53905 -7613537221
-4118 -5817057291
-1245 -526378989
85646 -1654328209
-56632 -9194372743
-96523 -5161458561
-6392 -6824927665
7663 -875268693
-74614 198895803
-4836 -330254195
-1730 -8235332833
-50272 -1757092821
-1819 -9720409537
-94545 -7704003123
23239 -9168724705
17678 -2201028979
-31070 -2303573087
-94854 -9025944667
-37162 -1966099193
10606 -2990824821
-37809 -1055942627
79335 -7905942457
97587 -3243812111
-5371 -1991787939
23620 -4957132289
73468 -7329857383
68909 -6916041437
-82870 -4272653681
44892 -2208733871
47761 -5185268211
-53020 -1505023331
2570 -3980658369
-1396 -9423142121
58592 -9380455421
54493 -7075066821
41361 -8854598311
-40802 -9637866181
-73679 -3274517641
-31255 -4926247821
-50864 -4809261807
-99536 -9567376369
39150 -4658675931
-78374 -7065249201
-12811 -3933252141
87223 -1796081715
43737 -338180459
-80329 -9490081281
-26761 -5158493987
-15088 -8244934799
32441 -2127615995
-53165 -7320925231
17652 -6572773459
-11206 -4163267887
68206 -6665959517
-44866 -3739801119
-9181 -9203643667
-80648 -7366693479
-70475 -9936326931
60515 -5808967291
3862 -797006889
61250 -7533664271
14660 -3758896817
95494 -9534078585
-37374 -6587329301
-14874 -3826372285
-90677 -4888252153
30147 -4100543493
39543 -4408525749
8474 -6711611519
-46592 -1549547995
19959 -5408833547
-18981 -6984528237
-87858 -3118664245
-52871 -8350572379
68798 -1608210213
9587 -3441606843
75649 -5420600917
-91689 -4728920201
-20008 -5719858621
62943 -7476031073
59009 -8974125345
92274 -5256611585
-63148 -7985047433
83607 -5648398709
-50608 -7973005455
16319 -50018571
21318 -1531616419
-75473 -9560023299
88366 -6341557431
-31883 -6879790985
-65407 171092865
-26797 -2459111715
78977 -1587881473
-22614 -4937268937
14978 -4206787523
-94994 -9558284877
-32309 -3123151669
42534 -4621655635
-35953 -4342404713
-43422 -3456653593
-42656 -4615327407
-42551 66106123
-78908 -1883894971
-71629 -6035745437
-39401 -4985671885
-83070 482428611
79316 -7668376797
69886 -8428507465
94143 -8666951869
23229 -9684308107
9768 -4431918853
-28831 -5060019167
49358 -9129903401
50005 -1185501749
-12982 -1722027285
-97362 -8082957209
-63160 -9514451079
-56057 -9429408333
14550 -5556278987
-63247 -6668912725
86312 -9038944295
28702 -4039515033
94036 -7775474181
91266 -188177127
62435 -5897348083
74276 -4339009417
-59669 -5791886259
90385 -7098200341
-72337 -4816163933
33792 -3457511795
9704 -3311286451
-85968 -2978213773
85497 -6585072725
-58383 -897311659
-30102 -7396832133
-52416 -6045638887
66065 -4367953967
-16409 -7827408989
-69762 -8512953891
72282 -7995620535
-60430 -4095174723
10372 -4973481231
33579 -6339626821
79925 -9053909477
80821 -1484472127
-55504 -1271404397
-15814 -2632910097
-74076 -6487190695
-85505 -1481238757
25104 -4593343469
-40666 -2507848249
-73183 -4445349311
26016 -9561561917
-81239 -7715008229
-55538 -8120476585
47427 -9349572871
-56986 -1444850449
-20971 -2174839487
-86093 -1651771461
-96859 -3982380201
-82020 -8329370641
-126 -4550847377
-29192 -5221436145
48572 -902239195
-6123 -2626531269
48942 -3660496401
47266 -9311654551
45890 -2906865369
45951 -7136146409
-84586 -8418225541
21514 -8462605375
-93222 -7457402969
-11473 -9429760729
-19554 -1467938609
-1682 -3553086813
98451 -9968417505
55143 -9058626621
33798 -2858944465
27356 -9221180739
-91578 -7355632963
86338 -8486975531
72724 -1935476419
55449 -2660193395
-36442 -6990282239
-81514 -5005809337
44042 -4648105539
71485 -5676122649
-4479 -2827231777
-50963 -1806092005
92765 -803647213
-63966 -3867457475
-17619 -4280720941
51995 -3560849817
-68958 -7577170245
92914 -2827190665
13272 -4899023093
-95244 -6374194299
-78585 -3692336513
16618 -672975775
-6116 -3551816219
-403 -3720928825
-77412 -4501158181
-79048 -6191661589
23446 -1855384705
-88462 -8392289685
-79329 -6971979545
-88673 735096365
-37125 -6214360579
13169 -1668205061
37280 -5816281749
-9111 -8979586815
16177 -9606233651
57140 -2087841027
-14222 -4203663415
70620 -5381787409
70617 -4086825923
-7864 -1649584127
-76272 -1557752121
5501 -9658282617
8122 -8496382953
62961 -3045242561
44837 -3996461625
23292 -7495599235
45756 -752122539
18603 -3384869711
73430 -3109893817
-57034 -1790307467
82510 -8163008059
-37547 -7987006653
-40983 -2319280399
35789 -8994286115
-67720 -5749912911
-61309 -5589781661
-61890 -3790520597
2849 -8734849791
-57355 -3474500273
-59785 -6006725699
-17809 -2949406077
-55727 -5130365909
-19968 -6850670733
-31187 -2501602413
-56667 -1279753139
56282 -8891403663
-53850 -8120732367
-95809 -747530819
76756 -2105832357
-11116 -9706229507
-81167 -3329979831
60854 -4419548677
15145 -5667074027
-87563 355349401
68300 -9308623977
95304 -446994767
65107 -5747481931
89079 -9377702227
-71441 -2700747011
59035 -8543011279
-44270 -4082932261
86257 -7518144715
83094 -4822211447
12097 -902048815
-55442 -4549412581
68146 -247160529
-22240 -4519264277
8451 -1549193959
47401 -5885495377
10593 -477135813
-65917 -5672309363
55599 -9091948955
-63170 -7254917111
7154 -2761638847
89678 -4151897841
-50164 -6377243677
33991 -15345387
87046 -4770064367
-62601 -7448092965
-14175 -2412855421
56049 -1056578545
-90789 -4244987047
-10564 -8183377759
-36115 -9506224183
-49623 -7903673683
-62519 -5851007699
-98481 -9512301275
96436 -9439534595
7184 -4450321997
65692 -3715896649
-91855 158911889
-34395 -8830623433
609 -1292305481
62834 -9714863489
17134 -1068604429
-26781 -4547923885
-57412 -9932752199
95816 -4458419707
88159 -5168687309
-55110 -3571069753
-98672 -888071921
53070 -8928577059
9886 -5038442617
-6350 -6621301583
-67318 -9698348075
45583 -4722216401
-15199 -8808955309
98512 -2238849543
-46108 -4820969235
7089 -5069618887
42582 -8116512795
-3084 -3937000819
-91386 -6947593349
-20625 -4384045553
-94767 174878937
2166 -3751645669
515 -3087993683
32457 -1149017575
69403 -5141542441
77109 -5766503351
-18905 -3935110719
-10992 -4404966571
28517 -2044955843
82608 -4539237433
88052 -3003616653
-60208 -9895029213
96425 -1517981611
61477 -4672657171
28613 -1508072363
-72979 -6585882991
93285 -5181363871
-23598 -9506725225
30704 -4926046655
-63378 -837912945
-7889 -6008360459
64637 -8302851879
-18374 -832958979
-71691 -7049463777
16431 -8858671269
47926 -623514189
36883 -6940860445
5519 -4563914551
4953 -5239004841
26546 -9968387589
-88971 -8860371
-52971 -6389219007
-77896 -9778712275
86643 -777827349
75483 -4222543051
81474 -1252708431
-80669 -2228586641
99113 -809389009
-5349 -7544145031
68586 -9249805671
-25019 -2017899661
-53031 -212396177
-15250 -9348767841
-44646 -672547929
5090 -7366062097
-98360 -2178918861
20445 -7974264373
9618 -2485163579
-17760 -4476516971
-5494 -5617518291
73326 -8513028955
-10197 -2897293829
-53631 -4357045719
-25265 -7694782553
62799 -3808267337
-98419 -9548343759
-19201 -9838266667
-16617 -9730180831
-36046 -5485480889
-85396 -5543681751
97298 -2959112375
39968 -9673125693
-5094 -2591386291
68267 -5365568351
90567 -1961273501
77684 -4022290507
-37741 -6237827391
-94073 -5393916719
-69861 97824853
-60433 -4077857515
-3658 -2819791821
24922 -6992850549
-23504 -3714963017
99607 -5065258915
-30379 -1288547727
53936 -3012257849
-87026 -5615418705
88716 -6902088017
73031 -1718389665
56232 -3009630575
-19569 -9519103337
2487 -1318320125
69065 -3376799603
-24010 -6915063277
-2693 -2974936539
-66700 -4219301999
-97064 -450654001
7744 -249083415
-33703 -3838530299
12763 -347957619
-22184 -9318477097
23538 -9345860275
4060 -5421402447
-54564 -591223785
35520 -3764073783
63337 -503766449
36765 -5249917317
47377 -4952476211
23522 -1843829689
-11013 -776009963
-36203 -2536379925
-6541 -9660704427
50515 -1074491401
83273 -6204700733
71159 -6390285657
50129 -339025331
75370 -7678201261
48413 -4617777399
-73459 -8033296961
59609 -3582921659
-71159 -402372395
89774 -5536554317
-37825 -7308391749
-35277 -4435845571
79112 -7045200801
-56903 -3654268113
9083 -7415117753
15848 -2030648839
-66223 -3507952645
-34825 -1014081691
-63433 -3809173123
-55116 -9579160677
-29214 -7854947675
64402 -8260460279
-69071 -9399594765
-95052 -3994424335
-72024 -9001098461
-73027 -8714627955
-34733 -2322367815
99979 -2274012447
28066 -265403309
42765 -2489508961
97780 -7755827023
90987 -4400684861
-46050 -7706707521
-29331 -7319959451
-64596 443162591
-83827 -5758204831
61493 -4341352273
89445 -4560741103
64235 -8636140333
14804 -4666744161
16987 -9793692831
32421 -2359273519
42098 -6666304925
-69921 -6704164179
71477 -617607921
-28606 -1558107915
-40034 -4456632645
20125 -6587957207
82458 -2241529851
8564 -1437745185
1038 -1981127375
25352 -3039800965
18153 -3280632813
-47572 -9879812801
99490 -7501326807
65504 -4048357969
42547 -2717027455
-77917 -7377237645
-93988 -7453601591
-81956 -9175035231
49577 -4204861181
84317 -5096592693
-65381 -5005449755
91244 -192156511
89196 -9723466207
91954 -1087287021
49893 -5107245695
86702 -4016268981
-57249 -6608141739
-79454 550114121
-44854 -2143756471
-23099 -6853889937
-14228 -7194077235
-94106 -9152048217
-78670 -4089757573
-18200 -3702792063
-8727 -1380835649
36251 -1871072649
-71871 -7342257985
97123 -1870771341
-70455 -5237440199
90160 -9556147393
-90528 -357801241
1947 -3689825881
51413 -6836690789
33783 -5843953979
-58954 -2413209785
-89221 -5282930085
26295 -5069618617
93801 -5880352455
46425 -9057463503
-37528 -6362664575
-5796 -8494690885
-25330 -507748843
96510 -2853770893
74190 -8752357091
23232 -8156603155
-45454 -2786319439
-15072 -7404990981
44495 -5228900237
38315 -3856927337
91300 -2814660637
63821 -4404572347
-28970 -2221856329
88972 -9967691289
73616 -4602581661
-3910 -9075399129
24631 -7797660815
-52925 -1826358327
-25061 -5128496227
-27726 -4844882839
-93776 -3977771617
-87661 -2610157715
-47713 -2726030073
60552 -5308158783
-79090 -8529163179
-36142 -538560729
-17686 -8207840377
64862 -4965901253
-36149 -2622986145
-27583 -3525517371
-29298 -2015779643
99209 -4970849137
-3157 -5666704995
-52880 -979996281
-76170 -7323346163
69695 -2636059149
-16624 -6017617361
44534 -8223134295
27630 -5081857741
-60757 -9683120413
21931 -9305049131
-50873 -7087528121
-48304 -8522547041
83865 -8247089493
48131 -1309934445
94432 -8299275709
-8373 -3675336531
23021 -3873212291
-87013 -2759501585
-99032 -5200215749
13737 -2616409025
65797 -9597767061
-33165 -8525862009
-27504 -4325131387
58965 -6408130333
-97507 -3425427275
-53660 -3608647049
78714 -3584332477
-86505 -7518970379
-36862 -948363981
37222 -7760438795
-82806 -9562243829
-31168 -3427956045
18264 -2558280957
74668 -6983014693
37563 -9123944359
9177 -9122763523
8935 -9590519591
72925 -7711478849
-58322 -3726057099
-34266 -2490478601
13233 -1915395783
37241 -7034684595
98656 -4444806895
5044 -8576817471
-24000 -9027113697
49503 -8936579463
-53847 -8933686969
54254 -1041014099
-73183 -9665065583
530 -6726526889
70736 -6015202637
79674 -249451571
53419 -7245467087
81485 -5405848611
79510 -9299440301
75040 -5542717697
-88146 -522003509
-3397 -3940269833
-67514 -3513625999
-58060 -4575429723
-71388 -5295019489
-26079 -4028348657
85313 -8644396655
50274 -3948259329
-43963 -6739124433
-87053 -9690255993
2428 -2718510781
75922 -5358992841
-33930 -9586941599
-71928 -1279007179
60092 -2203032469
-49596 -3019531267
70450 -2637941851
-88839 -132837825
-22683 -3298941061
62374 -6120849795
-75979 -2893986285
-79819 -9601836181
-41380 -2044260607
23409 -7401099819
28981 -1225517317
-72411 -6314709871
-80495 -5226854293
-42296 -5960161011
80785 -993279033
-76542 -7158365015
43951 -5077261169
-35283 -3682568991
33819 -733722645
-1011 -9589881165
-49888 -2655973219
-33345 -4954116319
-58890 -8975638191
-72975 -6481743339
-55409 -199855157
-26777 -9425744319
8942 -170777855
-18466 -9149650617
-70196 -950970169
-74282 -4543769613
-64515 -411407009
97473 -4421683333
3242 -2941435865
27202 -7112292369
-85760 581965517
-75806 -6296531127
40931 -8492982281
-5698 -1589495795
49026 -4480893385
-77930 360162947
4025 -8518575801
68851 -3810099875
-52573 -7097348953
70048 -1512380979
-30605 -201299697
-37637 37530565
38916 -3401390045
-64768 -7381706635
70639 -2267190751
85554 -957805867
20823 -117161759
45615 -8977727097
24779 -7050450755
47288 -6791769893
-29120 -9917537907
19118 -5497696075
-19929 -4417610389
9863 -9236726059
-59727 -107278041
-96043 -3361489565
-48828 -2083190911
-73819 -8008132839
-72886 -4268336591
59549 -4262182829
-17703 -9297019589
-50971 -5029039487
98442 -4877599601
-43163 -7551342211
-3692 -7089206093
52069 -4046747117
-93279 -2960245639
49359 -7667476109
38266 -9462588749
-76732 -3776104381
-78527 -9782652089
-67724 -52572571
-45054 -8269542811
8513 -4078802751
-4465 -2833474069
31269 -7020936699
-24250 -9469708251
-15796 -2007785455
80039 -3651577527
54421 -3728181181
-88556 -3107070795
-74325 -99475311
-71398 -9613143701
-31058 -6119544031
-98173 -8163330123
-3800 -7626319001
46039 -5955652095
87938 -1618999111
-26668 -482077795
-2256 -1156213357
34842 -50229193
40531 -8475328557
-61631 -6838424931
52003 -8813705249
-4502 -2380599729
73065 -5640419989
-6299 -3332979419
11295 -1857939087
56276 -4737464129
64296 -239211149
-11264 -170501849
-27580 -3690982649
87296 -8120541499
-33627 -9597816093
7910 -7259604549
-58083 -37379489
47090 -4418281639
-17565 -4987780611
-38990 -5326565893
61243 -1488067693
85880 -4836599401
-38671 -8107427677
52732 -9163408753
-59309 -1413725869
46994 -8756551945
21235 -6221690339
-53219 -8370715101
-59290 -1955430181
1412 -2741049191
92132 -8270066661
-41496 -9780687427
22812 -6611334695
87465 -8462069843
-47390 16218123
-20087 -7545481363
-4234 -2619380465
-67260 -4375880737
33056 -66707341
-6851 -2480986117
-69307 -1015456609
21099 -6636119059
-40866 -6468985467
-58147 -9162306879
78691 -3042709991
-25223 -9062934175
-83234 -1775482077
-18284 -9310272359
-81384 -9250863965
-30071 -6938918497
90261 -2610708399
44791 -4370087737
-4068 -4648183729
-51013 -9414180823
45289 -8979456157
23775 -1945448813
-23227 -5734989535
-79119 -6761581067
32294 -8788181461
54402 -2032361751
-20096 -5535947507
70267 -6002375491
70049 -9990726275
-80554 -1071757797
3176 -120714065
79208 -9671982509
-49612 -1309942005
-8919 -6618012199
69316 -1352355707
-7727 -6244491129
-99519 -8202838165
38891 -346397291
46940 -7810048067
-26583 -2457300791
85817 -5720295109
95038 -9023984485
23988 -4458432419
-52974 -6437511561
-1002 -2154513959
-11970 -4055549191
-58063 -209869775
30403 -1807809723
48439 -6057620401
-9139 -7177624681
88663 -6584744599
-56267 -708602189
43144 -9256193221
-62710 -8496525673
18475 -257720229
29811 -3721200937
-84097 -8859215743
-54856 -4262218851
-57205 -7732379661
65389 -4204599287
-91071 -8002145459
82222 -5002443051
29806 -3671543535
-58675 -4441487263
78905 -4421120907
-50693 -7340137155
-5530 -894681927
41189 -8595674277
43273 -2595465321
17913 -7443960981
-30631 -9568707049
-40693 -5224828929
31364 -6588990117
-25087 -8698697859
89610 -1447006413
53826 -2021304561
89939 -3173934715
-18361 -2994182061
-20997 -9508310279
-47933 -4439927853
-51199 -1732898695
44609 -4433301725
49236 -6467247151
-1173 -8838346261
-56838 -8796672039
-24179 -8568141107
-40110 -2624054373
-99262 -1451773933
-73331 -8834349141
-3616 -9500843829
20381 -4620371831
79509 -6667724095
-10218 -3398177549
-59076 -3966695627
-34623 -4284742581
43644 -5252868411
72985 -9246980699
24382 -4806863311
-53769 -568520979
-51413 -7187000183
-68326 -2268659967
-96897 -5947360293
91582 -19828989
2450 -677921377
-26640 19768987
-18018 -1746855153
48856 -581208891
-75335 -3214311123
81931 -6746627395
-81993 -3122213695
86913 -9203740105
31620 -6240806523
-74178 -6771592263
-98025 -7956326143
-28568 -7292189371
59510 -8171087493
-2753 -5373148815
-31053 -502226031
-42655 -638732119
28983 -6684053483
-46724 -3347224727
45667 -3042114291
-77606 -6469956231
44968 -459371223
61433 -1616641303
-87348 -3471272531
-9319 -911087577
-73657 56403927
-16094 -6547425355
99466 -6758612525
38339 -3531004017
63968 -9256415063
-42435 -8555526017
-24794 -3695246037
88731 -1498443687
85265 -1475099531
-21118 -5453543121
-64277 106741911
-18059 -5520143127
42499 -8417322337
34830 -1712100807
2203 -8228115999
-15928 -341395865
-89453 -5386430191
52965 -9594804673
14822 -7370545633
-89172 -1748502641
-98232 -4846340013
37211 -1141131207
-93214 -5339693249
88577 -6903553023
47861 -1111707269
-50039 -6410938171
32218 -8820478889
12743 -8532174455
62474 -6765747519
-65059 -7304460167
-64540 -2965655353
-13236 -3759659737
-72001 -1566444931
-95161 344596131
27347 -3325703319
-33720 -6203439809
54616 -2738902441
-52843 -6351461299
-31105 -1510510821
6946 -9163698835
34451 -222044989
-40212 -5596033395
57430 -3513731143
41977 -5293235453
-57195 -937959609
77637 -3536857831
-30021 -2185407871
-98712 -1512087929
98926 -2751454095
26433 -1264483461
-36245 -1429477967
-32906 -8222633851
-33286 -464571901
39528 -919695121
-11184 -7066834769
13937 -4864620219
69150 -8195428701
90158 -1135067029
-37224 -6038167675
-72093 -1946285369
-36853 -9566367709
48427 -342510019
-21806 -1014963729
-93097 -6700281701
36751 -9019330401
-30205 -6565294821
-73102 -2210087131
73396 -3463842991
16355 -9001108241
-93051 -3319052059
-80346 -4501755669
-28625 -8828665213
-92514 -2382858599
-75540 -1288514983
-95512 -5376714399
27293 -9423429943
85556 -9018611787
-77175 -9343489451
97362 -2854986879
3360 -8748469043
31080 -3326211717
-56666 -7814370381
-69146 196520309
-54751 -9613600055
-12280 -8165787973
-35040 -4191291353
53202 -4164590869
43873 -1091212023
64509 -3265769515
71777 -8342866253
25536 -8460710555
-92942 -3160785681
52835 -527744397
84913 -3666708039
-73947 640784951
-5415 -4508906631
-26246 -6040424715
86411 -498462385
17172 -8442395341
-12810 -9543734317
-72187 -3163008039
-7097 -1411232823
43000 -6200170507
-52885 -3212188953
-7102 -7929440755
16368 -9943732741
4827 -2987332515
73563 -9456645063
90658 -4513184969
92092 -8327596049
4461 -1045265109
93768 -1828229945
-31988 -8638014923
92515 -7985362737
-67963 -1426729565
12374 -3755883851
86662 -4017221355
58302 -4538744541
-77593 -6061633159
5874 -2317405595
-5003 -9365558783
-40720 -8152178407
-61479 -82566517
39106 -6325507389
-44386 -7770999437
-98263 -5725595903
-31004 -5249776945
-65066 -7101420117
11349 -172498741
-68887 -3829958625
20014 -4072081627
-32571 -2923335219
-95397 -7507794803
90765 -8816043431
-47328 -6515728079
18349 -9064643267
96284 -9046155935
92813 -6592934945
-47526 -6170783945
50762 -7043717599
-65821 -8640332881
-45561 -845880189
22985 -9280606649
34606 -890202175
-89519 -7791408399
-97478 16218147
17339 -93811547
-38176 -41756661
-34314 -2961558009
3923 -7534191231
-58663 -1186246249
11660 -7701700207
41827 -3231463789
-70704 -4125258837
26127 -9247533473
-15745 -755643267
-92079 -5581456285
37513 -4364725149
17966 -1606193197
13263 -1804238035
4212 -1318555305
33043 -7358643721
16394 -9204430007
-80191 -4355076587
66071 -5493136427
12672 -3173032965
-79705 572091729
-97856 -594794351
11146 -6973023085
15004 -45148015
24486 -1767484541
-81132 -1524033169
47228 -9099488019
73407 -907599489
37650 -1480421083
51856 -3461320789
-95807 -5328671701
11739 -8072768869
53158 -6546907419
-58238 -9508905945
68132 -5984336459
-11634 -156742125
-21264 -6684122601
-89377 324813285
-11802 -7921935861
-64089 -9642670399
-12958 -4239531269
-30952 -439582095
-43272 -5790743173
-17749 -2559412621
39473 -8346291231
-60173 -2122168935
-46807 -4679180305
-44253 -619592521
78968 -4364065741
-56903 -5004235205
66792 -7188861123
41957 -2632371393
19324 -7632993499
-1318 -8974665385
-86223 -176783915
-54448 -5496266833
-16663 -3084782299
80029 -1092560251
-26152 -2420975163
82160 -6487563609
58696 -9882294041
86848 -5897364021
-47454 -9530090189
-22298 -862312973
-46709 -9277780189
52990 -1158841767
-49501 -7197489249
-37608 -3171830553
92849 -8028554015
84421 -3887012147
68493 -4619739195
47556 -314504209
66488 -1205388029
-18258 -6816871595
-93346 -1637754057
-20575 -1959399741
-56332 -527254803
35050 -5122984417
-36748 -5613170699
-79086 -4395004521
28550 -4712587339
47721 -8187105375
98380 -1708463593
-59537 -5533367903
-84905 -8721750753
-88372 -7983085469
-68140 -4383313907
93960 -8371326879
-73762 -9863812509
75978 -9628746433
1270 -2661122941
-93099 -6619132229
65367 -86040055
-36567 -5930183513
73620 -9659592183
42715 -1942712077
34249 -1169275811
60004 -7713089131
55984 -407699847
-91461 -2335328851
-26965 -3616496597
-46938 -4727088233
19427 -9621509129
53970 -5699722499
54626 -2661881997
-19367 -7633808415
64116 -1983013731
-7947 -4581353235
89261 -9426714309
-58921 -2925183165
-84157 -7317603753
-72489 -9125384721
-52346 -3006512927
-96945 -7817393079
12074 -6250363307
-8534 -5758345119
-59734 -5626879149
-88120 -5510330877
-19753 -8195528411
2909 -905132871
-12197 -8361434481
83860 -7258175763
70794 -2884489741
56432 -4397246531
-95195 -8292277613
24175 -8141903481
23413 -5966603719
-77565 696262411
-84094 -6391171695
41885 -4321641513
-43429 -5054130369
77218 -3720937741
-84870 -690121721
43155 -5816784591
-53169 -6183881151
46157 -1391953321
-67715 -8072782391
-44779 -732178007
-53382 -4739077321
-56804 -7042050697
-90297 -5576599915
18929 -4606893141
-52423 -2480483369
30075 -9842467471
-36725 -6072735367
-53636 -9381557449
-40509 -3179325377
-89426 -7176908041
-53914 220371385
-88210 -7260169921
-52977 -4080642143
93709 -8788695221
-24137 -7207086429
86782 -9771838869
-23623 -6934046635
-53685 -6740517387
49918 -9948202793
78348 -3153424545
51235 -1834027467
-88391 642829133
85376 -9775571147
83433 -9656910259
2859 -839738899
94971 -8574174145
30165 -294894587
4243 -9378580633
-42643 -8746846651
-77729 -7736354909
56418 -1861038681
-60460 -8215906713
91160 -4136541287
-88460 -9850627391
-33779 -3323700787
-48519 -2082028481
-24967 -281578913
-68338 -5354891043
-7870 -5948457287
51458 -2014159339
22810 -7884559491
14483 -7657831685
-10725 -9445121543
10516 -3388043285
99720 -1642045627
-22032 -434445029
22213 -3540121175
16209 -8956551707
73948 -6799795379
44781 -8237813167
11670 -7283836409
22286 -6022217671
-44735 -6535602391
84853 -8984499503
-40311 -3004271251
-18447 -5755671501
-68059 -877596131
54200 -4572301097
99884 -2611077307
94070 -3406826109
83998 -442584923
44735 -3602810123
-96477 -1038721759
48854 -4575324861
27462 -3415323701
89453 -6653079829
-15892 -2925844763
-24786 -1676688169
-7447 -4345131593
15001 -7894005835
17391 -6094849997
-74927 -9704751435
-21957 -8857214619
50419 -6675517299
94548 -9676830939
8645 -8396593483
61509 -4428524381
66596 -5519108517
46850 -5661471753
-57121 -2252477579
58187 -5435496035
-68350 -6255113761
-74534 -1024108219
87461 -4122246695
-39399 -9021057385
92964 -2369169717
-96330 -5056561853
-48773 -9759652391
-6232 -2048103279
-19117 -952571705
28445 -2049832447
-1807 -6515291473
-37713 -551886101
-72009 -4750832685
-87365 -5875010641
3660 -3730309181
-71817 -1967687145
-6241 -7656325425
-27853 -9400867345
44413 -2014448443
-27106 -10569561
-57640 -7533657107
-1361 -7342783071
87377 -1927184991
-23787 -7987644953
92173 -4199629051
-78996 -6936893615
-89496 -4506301677
53169 -887696967
-71624 -2124985135
10073 -2274504311
-68205 -179425111
1852 -3963994965
-23066 -3145029801
83752 -4342635985
-39810 -7285016573
51494 -9057662075
63354 -5663996195
-47473 -3893859991
60846 -580660085
-12259 -7208816589
-98868 -2026232155
221 -152515037
-55643 -7201330351
-82882 -8030013375
56015 -5009345397
-75997 -5718318833
-75963 -458743339
72257 -8023867679
-74784 -9054429385
-11084 -5350060819
45571 -9397555585
89751 -8350955911
52108 -7916457201
-10426 -2194247537
80722 -4283399315
-89828 -1025763125
-79520 -1813620897
4348 -6667456893
-2374 -3536551587
28195 -9545459067
-62512 -3767019243
56272 -7186561915
99921 -9666066039
-81234 -2177857875
-59444 -3837243227
43211 -3025039399
27834 -5260357841
45377 -3999624283
-43582 -9978786269
79427 -7091865775
-15337 -7178570891
-76566 729440529
13377 -6206090199
87696 -1857560161
-65904 -8586842129
47159 -8106264111
-34562 -8888068933
-23043 -637197989
28839 -7945641481
63528 -2102394635
64348 -7146157279
21127 -9728253331
-96306 -6344776595
-62168 -7521005903
6043 -1091502651
14276 -8501157931
88752 -7775649231
-81276 -6829944525
74902 -7397638475
-70410 -1472218283
-27279 -2054245031
50107 -9643720841
-91413 -5905886993
-11299 -7611305497
48359 -6580055305
-8797 -4220114713
53432 -3077590291
9761 -3618057249
53050 -485884411
-96880 -6968652887
95618 -4318588269
73404 -8369294509
-47370 -6417459991
90665 -598613661
-88730 -6249153129
-73580 -8479697697
-64439 -286630489
21083 -5629938735
-36793 -4703769465
2321 -1493669841
99394 -432435955
99271 -7337069267
24637 -5948768889
7551 -8012678005
57074 -8973415019
53553 -7451366121
40796 -568978367
76526 -7102851915
59209 -4861718367
35590 -1855328643
-28137 -1194944693
11260 -4457468217
22704 -8029474331
-81035 -9709859507
-9562 -5360556573
20946 -7421380875
-24545 -6799943037
-64359 -6258571677
78226 -2570181815
-9524 -2501168311
65334 -718920231
79034 -6262125857
-47353 -7406877533
-92552 -4200702313
98835 -6344654773
95798 -2992529105
83975 -1991277477
-96563 -9771680319
-99262 -7764349611
17922 -2959025805
-66683 -4533078309
58268 -8515623515
-94436 -9357694751
23362 -9615957969
15350 -7038652249
24114 -7468298357
-58207 -4367787795
45062 -347748821
86715 -9751874791
-63981 -7635951909
-34209 -9805556057
-93596 -9874040369
-4079 -5863604895
22727 -9642368519
-77504 -1922384997
44237 -472185461
63306 -1916908451
-38267 -7354981301
77509 -5013261259
-90620 -5542594999
2284 -3487450789
-71114 -331164675
-69407 -3668997521
-99661 -3796945349
58065 -6424482011
8313 -519098645
-69448 95054529
90721 -9850967975
-36818 -4368231369
87786 -2708112637
22368 -9344335363
52150 -2146649917
82586 -6635509317
40525 -3362213527
-81374 758399899
-39533 -2415764883
22444 -8981098919
17276 -8412918601
-89655 -2789816117
-37583 -5636425185
-29863 -1191076003
23823 -736076131
30996 -7173430009
-77577 -1159191149
-92503 -7086068489
71103 -2073304025
-70069 490006551
-85933 -3351810693
-82010 -3049197843
-48847 -7611221613
-12029 -5424252621
29880 -1275664063
-31289 -658696755
-86121 -8038224799
92231 -1754889465
65412 -2268900619
-21521 -4412899109
24312 -7570800703
-22335 -2914675369
11193 -4916560675
-991 -3344530161
-61123 -5242840183
-40579 -4891099079
27777 -2327979001
-83346 -7274593747
49148 -2055774671
48364 -8991855025
-65054 -224581609
30188 -2098559961
24455 -2463310289
-65406 -5869009085
46801 -160222537
-91639 -5649960565
-65076 -7050790089
54649 -3069660189
-52465 -5047875063
-12635 -6424926089
-20582 -3365051189
13285 -5721711617
6685 -4758375693
13978 -4201302123
-60377 -3306297375
-48432 -5701895803
-57582 -1166206303
-64424 -7777192097
-24629 -8852544917
94251 -2749026471
54208 -8418321079
-49193 -5916612865
-97686 -5904136537
-20890 -5937862851
-83812 -5040655133
-37503 -3735253143
-22254 -303594315
-97592 -5037953063
22131 -9798476817
59245 -5754397349
-93908 -7959006241
4013 -7216804495
-50022 -4871573051
82662 -1296231535
69922 -5587128635
-95413 -9458989395
40939 -1293708527
-93490 -7473083889
-98052 -6706730921
70644 -7744038485
-29965 -9610815609
59501 -8314745057
51680 -1388878227
-2849 -2772181139
275 -1383851179
61419 -648509587
-73475 545927287
-14659 -6518500211
-3512 -4539768365
29404 -1673751901
-89604 -8333453735
55569 -8191507929
81324 -9138623761
52790 -9797189573
-57267 -82642183
-31225 -9922565577
86329 -872257271
-61324 -1958084527
-17272 -8271731571
-69386 -2156070297
-80322 -86745823
31119 -2405705071
32410 -4027677987
56541 -7125531331
-47987 -1937130023
17591 -2965429879
64515 -21419779
84279 -7960272305
25094 -6797586525
-58295 -6406609557
-21408 -1672485145
-59946 -8598580579
-37846 -900903077
-2801 -349884021
-65674 -7797715661
266 -9221492845
-8221 -7055398801
74511 -1234824977
-63282 -5637664853
57684 -8496419821
19859 -1318096019
43918 -762207203
-13275 -1790746921
16963 -8328244003
-79189 -4919144579
27268 -5339906529
46229 -219724817
-55301 73862771
-65633 -6151512199
-89905 -8331319031
34592 -7748841869
70495 -3650304323
30538 -4690264919
46796 -1542215079
18121 -922750737
-40082 -2153238123
-76910 -4512228121
53948 -8364957753
96452 -1150245325
42351 -6441117277
-7246 -2572243147
51133 -5182033471
70893 -4395935351
16603 -2347083159
-5855 -6675422269
-18996 33489405
-42691 -5665862875
-94910 -1141348203
-59017 207769925
-2363 -6264840419
-77494 -6365274075
67617 -756544963
-82554 -6245563055
94839 -3527699597
40781 -2881753281
77508 -7536549931
15295 -9495364819
-26302 -58290945
-97579 -50896931
-16633 -6765574349
-60137 -8670244453
-99683 -8378609115
64029 -1694360911
-40335 -6874008597
-72958 -9697921555
76824 -5585320827
86669 -3502352021
43902 -6999956935
90666 -9888117881
-9352 -3702935275
24029 -5785306711
-23947 -717352365
-22175 -7048274277
-79930 366689897
97871 -9813685011
-25110 -154433017
10784 -9123074061
-65805 -9657857223
-44239 -7255421999
89796 -3450460297
22696 -2798781009
-60807 -4376212259
49401 -461794435
-2131 -5465056279
78256 -201056515
70711 -2690315461
-76371 -5921287885
77147 -3492812595
-53411 311369341
35525 -4386539399
-92322 -8670873333
86731 -3296703067
-44963 -5047743951
92285 -1167942459
-11750 -824068923
18538 -5736649549
-66459 -7803619969
35080 -7467347481
-33635 -2621347213
-16696 -5326266885
27844 -1548243335
10138 -5794650753
29672 -1688621525
-98367 -7955453393
-36030 -7710032327
-90031 -450483891
-94426 -8515962815
18596 -321978329
24321 -5767289937
-9795 -6625227799
-57643 -1850331741
-58148 -6187680311
-1398 -4961792285
21102 -9729638871
-32601 -3482080025
-49687 -9703761441
-35422 -4088504133
-42400 -2384692219
35691 -344522389
-29954 -871279329
98196 -1052777561
68684 -6323512709
69055 -8448494501
-39288 -5001024115
-4945 -6251055951
-59742 -227935589
36945 -2776404699
-44165 -8990371981
81501 -5115081175
-63161 -2515084627
-85182 -9817483829
45344 -7802803451
31106 -3023734667
-15719 -7874602127
-80009 -3745281327
-87153 -1292705613
-797 -8424212455
47851 -7769868457
-93410 -3359731
62668 -3232987735
-31697 -4243983253
-89026 -6088693101
-22307 -3409736919
-49473 -6481145269
64217 -6364892733
96971 -6072212841
45715 -3676606723
61469 -2998382169
-86238 -4731077959
84540 -3404775291
-96731 -5237822175
75810 -5888739959
85175 -4591725827
90268 -687977525
-33917 -5666124393
-1952 -5305093839
17314 -839043051
48735 -2566929953
37403 -8974935481
20033 -9315051465
41348 -123715849
-96119 -1938445337
-85007 -5567880873
38107 -2567536269
42957 -3117844223
-22865 -3444358551
-70526 -3374017865
-66665 -527232041
55746 -3648318581
-7303 -338199921
55131 -7322414655
-12486 -5512275285
-63451 -1031482711
-27373 -9842144121
-81014 -49982489
-5179 -6184248131
21208 -9534422255
44408 -4978228961
-96671 -6789514221
-52288 -3714336199
23931 -5466969909
-55667 -9461044243
-86959 -1846196277
46643 -7520140069
-77376 -8013292455
81375 -442600563
-82798 -9794016559
-70901 -3169710397
93862 -6474814611
-25252 -256774133
-57609 -921492719
-55367 -6714756283
-52982 -2611026879
49908 -6276266325
73643 -448202513
73915 -7078137883
9931 -7413889299
4881 -5395303159
-2373 -6168955823
-55154 -6730502055
26953 -9399321013
8644 -8056617375
75123 -6980340929
46971 -7533459139
-68726 -1791132077
77128 -3647589581
37359 -9253451171
91185 -7236698887
-58176 -6877388187
30813 -8911595123
-20796 -1510053777
-67768 -8143999413
83625 -5510148151
-5454 -5345578277
74444 -2989244085
16146 -9833323259
-71098 -3732829433
67325 -5009938971
13414 -110565395
69496 -1043783155
-24195 -8894205881
20646 -7008839071
50602 -2273708493
-80000 -5500971307
91823 -9134908825
-25725 -89697741
5221 -3944432481
-83934 -380167419
31847 -2186227473
70571 -8030633361
-42896 -4826582207
14339 -735012609
-33620 -6668388843
-97576 -8936485967
79765 -9587230329
-52836 -3620222495
47210 -7033741619
-98796 -5789839839
48850 -3863830103
-49805 -9991438917
-50142 -8525010785
-75871 -4797010129
-25649 -5982565727
9135 -5412061687
22130 -6279095311
-26757 -9274230055
22643 -1493578775
-51696 -3296100027
19382 -9169408541
-37760 -1567269987
-81734 -1400813785
-50019 -5282518459
92918 -6264605415
-21399 -1604062849
92727 -4341182869
-38263 -7255888861
72487 -4088693293
-81632 -7038627805
90241 -1615846011
34851 -9452231627
38612 -5455351985
56856 -2879305235
-73370 -4132849557
-78327 -5941551691
24594 -2836867729
-54141 -9084533599
-36068 157559657
37944 -4129470869
-17805 -8307860639
-35218 -8433890275
-59318 -4748586973
-11665 -5778825333
93440 -260470407
-9553 -6084440979
77899 -6729989135
-3754 -8410933949
-22895 -4745716243
89922 -4338756991
22476 -6856477791
5902 -6640145639
-43010 -678902029
-64607 -8430172239
48204 -305130177
-45258 -9575389411
-63248 309791681
-33693 -3594283143
-57949 -3564170245
-38769 -208200089
81229 -9730498517
-85535 -8178847219
-46496 -9683199795
-33376 -7022622299
-42837 -2838945925
5910 -3083327441
2950 -2487246801
-83863 -4228582669
-52580 -2072064603
-31766 -1797520797
22327 -4475165535
14679 -6040565845
54582 -735423541
97800 -5588849497
-39587 -8591412873
80938 -8315120651
-50149 -5656562739
-26946 -1242746535
58020 -2282074843
17679 -4402117311
-47504 -543234391
26415 -6725528127
-47354 -9953193747
-94583 -7180059509
36279 -720120139
77948 -9994341771
-65486 -3778077769
77622 -4477790505
58584 -8636906907
-96967 -9924500789
85508 -1890614445
42813 -3929841943
43473 -9048052923
74550 -8132215227
-66888 -4785107113
59281 -1193332367
19737 -4557043421
12606 -3168449087
84626 -1597733185
45066 -1690497015
-62014 -2758886627
-86130 -8682741907
-46345 -4035880223
59813 -4116498619
-54925 -2938126051
96878 -738376845
35429 -353821097
46312 -859934811
33345 -6472927247
63802 -9718628343
-92809 -6892813367
-20722 -3239688091
87451 -989706321
93406 -897077357
-4889 -4493467459
-33482 -425750125
-90194 -3724179017
94172 -7932927895
59163 -676208423
-39481 -9321652265
31697 -5111248103
77053 -6591224563
94931 -5316281725
-3244 -8300531715
64293 -9327460555
-46943 -2697888313
24419 -4277879335
99780 -710670837
-7153 -7137689279
64215 -7314392407
40926 -5168713649
57819 -8858920999
41410 -2352708223
47701 -6062611185
-52894 -2898238757
-93775 -6035037431
-93900 -8827476703
95668 -59962535
-91856 -7631897115
-63421 -9456313267
-33455 -8775654691
-64404 -7880942425
-55344 -8727630081
-85774 -3491436921
12311 -3301574591
-4726 -118681935
-15323 -8490732853
-93915 -2171017461
54431 -9752755027
23394 -4804830927
-95988 -1664007643
59956 -1686379619
-20986 -7100482349
25032 -5320783643
84331 -3207494369
-36628 -3914797091
39577 -9499216323
-63951 -7016094841
938 -4584881885
-57621 -1433221709
-12462 -6353823905
-75856 -2999795261
29731 -1415577891
20832 -7038964483
68055 -7727634563
38143 -9271936045
-28533 -8893250475
-94812 -692037663
2581 -4953898939
69248 -7667599531
47378 -9052445203
51998 -9911470045
57353 -5254159231
-33705 -7527915603
68002 -2932676293
-43717 -3808471843
-17259 -93011951
-76467 373490251
76025 -3999231969
65236 -4234512381
-32988 -5163897093
12943 -3537718373
70419 -1581848207
-2962 -9770530395
-31087 35718531
10484 -3509580317
22182 -3201385349
-43602 -6881051731
-12703 -741817063
-35199 -8087003415
24511 -8382169121
60164 -9422655949
-39579 -9854470455
-95894 -7615842645
-49192 -2500928625
-14167 -9441698531
63456 -1062488067
52110 -2048054219
-94718 -8041335481
-97057 -4513367943
-71753 -8305790163
-20642 -5065968469
-99475 -4116246737
-68586 -3854850137
-98625 475088523
-33132 -3714423749
4436 -7592252809
-78040 -8828363901
-24496 -9592246877
48085 -8560520639
-65350 -5136692519
-49038 -5032344413
92335 -9551201439
43619 -4471451509
-37632 -7148246393
-34337 -1561120381
22692 -5132892335
1988 -8852998371
80288 -8472177583
-3711 -6840101639
-7061 -4996133059
-97213 -5536631605
-92404 -5205041351
-20840 -6404109991
-5335 -7931697327
55863 -5852963151
-97600 -2224562773
23813 -7194734665
-31649 -8370043275
34997 -4528128035
27654 -4072657097
92688 -9964961323
54272 -1282447663
-60849 -1160507801
-35152 -3005228225
-50322 -2539846933
19278 -6120610769
-52390 -2811986443
-17970 -3562724419
-96463 -1278571381
54507 -3761568069
42832 -844278753
24356 -2781835607
6978 -3106659791
77245 -9348747319
84938 -7879949415
-48950 -7811918849
13142 -5104507121
-82224 -6836534089
-16250 -6532197549
67763 -1875059773
13927 -3112932975
60098 -2622613379
-86461 -3567711975
7829 -256331321
-81344 -16586167
-57780 -5581191979
26973 -2505729205
-95938 -6876938285
18367 -3670462005
34028 -2601724099
18811 -9358724035
-92948 -7851585303
63619 -5398968577
-76362 669320887
74700 -5195127493
85071 -1788740559
42481 -8242630357
2873 -241168751
32008 -1977317275
-73665 -4720438613
-91409 -3504374161
91615 -8674733149
-83527 -3584098605
42817 -7142004879
11145 -2365815853
3944 -7856966269
9502 -1447446145
-52772 -1513176179
-63158 -2720948661
96053 -2385983119
92638 -9610850439
17702 -3900854641
-10476 -3901797329
-30661 -9848751317
32273 -2424217749
24797 -1751635629
-14922 -3503817495
-68903 -250586391
83560 -8687638981
-55390 -8195023749
311 -7914416647
-80507 -3269379601
-91859 -2020064025
-84588 -7886617279
50350 -2622745777
99242 -4774003181
-39397 -1001330843
21591 -3415686107
80220 -6385305881
31783 -5986855803
27838 -9034911851
-59508 -4643347099
19452 -5871668651
36327 -3631600885
-97379 -4212817519
-73977 -9776712723
55473 -919848541
51636 -6053258875
-3149 -4493041301
-45749 -528267217
35614 -640530257
77400 -7949137817
-85146 -8392176351
-63030 -2911039543
66057 -7060023539
21647 -870905751
-82189 -9877443125
92926 -2853992847
42862 -8962663981
-58481 -9363990781
29748 -7266731703
-12934 -3146569137
-29747 -345505029
6219 -3259491411
86111 -6682918495
23399 -8523865137
39136 -7281629331
-26939 -6662237179
56596 -2228059125
98507 -3768286781
52404 -824528239
-47813 -8427467485
-99852 -8037986771
43520 -3040972927
29903 -6383155139
35022 -2082423525
-61327 -537999503
-91308 -9314624173
-91549 -8256810067
41643 -8537209135
-77258 -6516367281
8262 -8012741875
89348 -653922543
28840 -5637051537
51246 -7743247229
96782 -3728281943
9579 -4037359039
20502 -6511854115
22175 -5991129111
46247 -7843456013
-73576 -1155476775
27065 -1446382707
-38851 -1923731299
-6957 -388110315
1070 -3577963981
-65859 -9204098785
-90240 -3484374757
-59238 -4013243989
-42713 -3034612819
71422 -7769849055
9509 -6685278249
-41922 -2751166363
-83037 -9609756055
69175 -9898452009
60086 -2850766481
-80580 -3051701503
42345 -3813684599
79007 -8712376781
-48297 -9721343851
67998 -8048175395
-81559 -1815250295
40508 -6832058389
52989 -5573853455
31718 -8877036015
50559 -9019537129
43988 -9701022865
-69501 -8730748225
51470 -5773932077
37994 -278385915
24291 -7378720419
-43509 -4672063987
-43273 -8978798139
6708 -8610532225
172 -9164357079
95928 -4034035619
-44240 225246431
3728 -8835356191
4303 -3352402751
50726 -6856565169
-58588 -8714266521
-56082 -7687574483
-19087 -9684760159
-93910 -4188289963
2714 -8723830385
50205 -6379798833
80630 -6545113839
72361 -3257459579
57189 -1029337247
27859 -6218967709
35575 -6255322541
77213 -6741896695
93646 -5180149029
-17728 -9773971591
41527 -7536411023
-51091 267177919
74981 -5679717195
-77578 -2186654685
9195 -189062099
-65865 -9591344269
55845 -8942206247
50410 -472080717
55514 -138692319
-45359 -2219450657
94511 -977052747
82658 -6899647469
-97416 -9842569005
-87306 50056993
10025 -6992817697
-79762 -5970712475
96408 -8826777481
-82089 -1441144597
-27230 -4723440281
-16039 -2196049555
84616 -3118466301
59968 -6193519975
-42020 -2938219769
-49799 -346287507
-94669 821889425
47949 -6482451617
-2680 -6564092237
80141 -9321406359
-27094 -6252753709
51228 -506949139
-30868 -2602107645
57277 -2462661983
85323 -4170628469
-79462 -7241633829
51734 -8817311591
-45699 -6431261811
75227 -7931894131
15331 -8542734145
-92813 -2178168819
-82144 -8273548461
62196 -7013206459
-90397 -1367632579
35455 -991618539
-45709 -3219827125
-73900 -1802006391
64456 -9993286369
18815 -6687662773
-10415 -2055166341
-2227 -693873603
33182 -5371133691
-44571 -6430514199
-76724 -1261973311
-1460 -5903964407
67689 -455729907
31865 -5960418847
-42427 -3961348789
-3403 -2346388785
-84166 -3610731857
-36567 -8753727945
-22166 -5620686417
-50978 -8995158621
55915 -9207139603
37538 -2457491081
-69368 -3954104063
27019 -1468491159
77935 -1549375269
88877 -2265121355
50737 -290522361
-13713 -2533983565
-38941 -5074754637
-81386 -7082950231
-47853 -3433386571
-43131 -8463605141
74592 -3672312509
41352 -6723737115
60069 -756161179
10421 -3265963187
68654 -5914896779
-760 -113378447
-40893 -8102421549
-14586 -8826561935
-60461 -2688862369
27191 -3255664527
-91837 -5928873049
-7697 -1127868069
99199 -7193802381
-45023 -1936006849
-37721 -3378269779
-49616 -7997723577
-49593 -9860432849
36724 -8422731197
92465 -6736533187
53277 -7205157273
67732 -1773805941
-59282 -2399128085
-30807 -1537450709
-55779 -9122872645
-91187 -9861174715
-64104 -2412078197
58420 -9933731541
-12636 -5311583949
73315 -8240111473
-10134 -9799547061
52732 -1054450929
-74881 -5522115005
13557 -5234747195
78935 -6833627243
36969 -1415878321
-89998 -2909933061
92705 -1623197377
42307 -6495212999
-95097 -6227237515
1744 -9408138775
37373 -5553612155
-9369 -6390641827
55741 -1780578287
-21544 -4017983681
-36661 -1906010305
-30669 -9887060359
-52691 -8221721561
-37726 -9247742547
-61146 -6501674119
69821 -9924555985
94471 -2458267209
59183 -5880715555
-66870 -3972025327
88894 -3800570857
24290 -6518558643
-96266 -7919431219
-69294 -3115778779
69947 -5350012685
6186 -5074867275
-13314 -5991484241
47299 -6680606257
-15634 -6733755381
-47513 -2456306279
-77152 -1312257799
27028 -2199267193
31386 -5331822905
95278 -7665477969
-44563 -6935812799
52476 -3566258741
-74572 611840025
22375 -5235964711
33949 -9469003371
-87582 -8770748821
43949 -2407105427
21589 -6852162591
-10446 -697383227
-84489 -6797595535
85949 -4683746111
50247 -5172559595
-35246 -2190236699
41404 -8325808909
74896 -9378684159
51443 -5331026133
5146 -9531893799
-99642 557041719
33006 -8326611235
-95928 -467682305
-83494 -8588824995
84232 -1872979031
91942 -2004575451
-75756 -5630589529
-56209 -6538866681
94735 -5166362973
76086 -7329541799
-64265 -7160822639
-62192 -9161982885
1021 -3685086517
-96155 -7878437107
92317 -6547951895
-96893 -8078537791
-81659 -1777053325
48833 -4353829955
80025 -3444994043
-55847 -4271911921
52809 -9366839735
17215 -534802851
-84283 -8086532869
-44762 -4904763039
42528 -9800066481
17271 -1292204231
-67262 -3665300455
30490 -472028141
-97201 -4755464887
58047 -6938602655
6651 -8134556059
29026 -8865870991
52516 -9831711877
86364 -4010623987
26314 -4297492757
59411 -7854013339
23753 -9082614699
-39743 -2221206603
-68822 -2068521095
-41076 -5715729531
61511 -6143474101
72544 -3772231475
-16676 -9583449885
99458 -4956170775
-73204 -7484705491
-71746 -5063327501
-76694 -790414801
89788 -1628329959
92925 -7530276771
-96762 -17778101
5174 -7022827995
84634 -5715814519
7118 -8404735401
-35337 -4890901319
83360 -6272112549
-29234 -4403135707
52735 -2165009847
26624 -1823598529
-66539 -2785066307
-80780 -4604438013
45635 -1967814947
-52261 -7155720897
-65839 -7038327771
9138 -8683605775
19063 -3041358905
16946 -8964359321
-85734 -7796254815
-63280 -1846490939
-25575 -6789325819
-3479 -262122479
157 -3546214529
-6206 -7092392805
-25709 -8968126039
-35820 -7769772853
43211 -4418509839
65637 -6738441035
-48392 -4798895261
-79863 -9074753261
-25463 -9032983213
-39193 -9026467333
63576 -3369128455
-94623 -5477078593
94112 -6463641279
-73417 -4318272501
-8237 -9446714263
44920 -430576971
37870 -4805181533
-25834 -9517377351
20895 -9357903353
71196 -1440743401
98606 -5640326929
-49639 -1392901775
-26973 -4885921321
14587 -7995689595
-99279 -236308617
-46333 -7956627685
92643 -1959552151
90784 -4467092479
20558 -9418719659
-55320 -7720236927
-10342 -9599697871
97910 -2840647857
40943 -1664659463
76604 -3057948379
-23520 -7683926197
9038 -6353498273
-74542 130021931
-45199 -9560656967
74077 -7340712353
-11526 -3133643099
48662 -1093992903
50590 -6327122551
72533 -4199210971
75079 -4803188971
7235 -2499202119
8993 -4111381493
51871 -8863638921
75038 -3732158971
36623 -8054131965
75447 -3406573501
-32515 -5343135567
-70323 -3632186533
1759 -4025390729
27740 -8985935303
53675 -4164872019
30708 -4896402943
42382 -4417068821
79532 -877175035
17284 -4967021251
77567 -5738659435
-69419 -9927593887
-82216 -1937484807
22413 -139460515
-95289 -50286385
29952 -512983951
81713 -390759313
-94630 -7642150949
-9891 -6713260281
-9955 -9346286299
27690 -38841791
16761 -7394121997
-46552 -3975272925
-45744 -5455544281
50598 -3104416055
79943 -7052120389
-16933 -9412268615
78815 -1194548341
-45254 -1050859545
-57448 -6759894909
-24775 -9480702123
-16956 -550098097
-66046 -3551501875
94515 -4941753541
49210 -7592698407
-44568 -6100258279
5779 -8838228259
-26580 -7098425853
61948 -732912591
33693 -3959337059
74235 -3947851779
87401 -443049007
-71112 -1030041329
37809 -4166791839
-97431 -8799605965
-51715 -9403728279
-16738 -1739319133
-38134 -7400225827
-12617 -269805359
-34888 -6924729769
26898 -9461593333
46415 -1309430063
19580 -2886328141
7583 -9846176065
91634 -4867830797
-16143 -3421207133
50178 -7584730981
-80533 -2239637259
-6272 -819362019
-24306 -2391102397
51059 -2741585917
8443 -4314772113
-73403 -7137320685
-96585 -9892761467
51006 -5601867795
-95343 -919323641
-3576 -3190778889
77422 -6789536601
-18886 -2070640367
99877 -6175066085
73989 -6053051835
-91113 -8530381683
31570 -1765317087
99465 -7104812843
12059 -7914488827
70027 -5126373739
43590 -4668425579
-87632 109383029
34189 -6856920775
-51836 -376718039
49122 -8909947785
41639 -9164871375
70452 -2956291115
-88189 -2818996199
-96408 -1862638311
-38512 -7313902045
-77473 -9583813045
92556 -1954582155
53030 -5287444271
42027 -6830395939
61347 -204805805
-98498 -6052962755
-11593 -8880068081
53062 -6651938491
63543 -610569801
23745 -4160521193
66606 -5431378601
-62078 -8436051021
-97455 -1241509211
49125 -5126278807
96761 -4275060241
-96728 527786717
-37686 -5677788819
-9179 -5627791827
-98893 -1871949039
-23233 -2852155653
-73404 -5232756541
-64404 -5162825811
-31975 -1898799013
-8813 -2271854161
66250 -9365872923
55070 -2168472597
-68528 -8255499551
-36084 -7173042095
90852 -2055915381
30256 -9923157781
-70481 -7951032097
-34012 -6835369205
-6276 -3481444355
-24479 -2326047399
80021 -1994547365
97792 -6201525035
-19615 -2006967121
-93211 -8487593437
-51042 -6187795073
57438 -1845892429
66635 -7786432873
75090 -2364703787
-72447 -7374907553
97467 -4705377209
73981 -6101130445
42452 -2598513315
22185 -4871441281
48792 -1597791101
-25136 -5803292601
-78366 -1535758129
-9685 -1941239423
-67648 -6127490311
69530 -3281801123
7435 -3939289429
-24472 -4368339143
-93746 -2849420715
4365 -1234191527
44387 -1269022863
-69009 -3993377141
63031 -9312899017
-80608 -8012692445
25574 -3860917101
-80271 -1811932607
1555 -1948543191
-24672 -1521651691
29264 -5110891891
22482 -1028740853
-62152 -2080085005
-1 -8471759491
1948 -6934999881
99308 -84973809
2294 -5033561359
39001 -1434156789
-74296 -3449395747
-64917 -7506551583
-92620 -8680696131
63531 -1494921735
-39483 -2289294621
-3663 -7661748591
71583 -7258680401
-58324 -2767967875
-42772 -805207869
2834 -2747683069
-55106 -2068252567
-16379 -5872237017
-58887 -5069972903
-26585 -8081440579
-78296 -8167333327
-12751 -9175214205
21414 -9284625359
16318 -3940060435
47146 -4852537687
-40550 -2555086071
28097 -6243644115
34026 -8458675487
-70823 -3047093863
-27963 -3561452791
-98123 279994245
-16652 -5154013155
-82053 655522109
17708 -1862578543
56326 -6280233021
19628 -9214704931
-79923 709967031
58965 -1788655807
3073 -539742049
-29950 -3995890633
60812 -4024200451
-75874 -233334659
25888 -5974265735
60154 -5498726637
90395 -5384478977
47355 -8737076289
-90999 -5843168991
-50991 -6047070675
-7704 -8714322541
-34619 -5931716737
1101 -3403431527
-84979 -3696299025
21845 -1916993999
79957 -5136359709
80924 -2044008467
80342 -3229007205
67329 -7697049601
-4132 -6830273215
-21903 -5253245603
70061 -745297741
-70077 -2774505413
95688 -3791299103
50051 -40483715
-91038 -7914246125
46943 -2633819919
-4984 -8580968875
88831 -867538037
52366 -173877885
-5134 -6866247721
-38340 -5409765083
-6366 -6990113695
-29314 -5259255729
-74574 -2550621281
-79519 -2292326629
40673 -4402692823
37317 -6908966533
7552 -9347626431
13426 -9604776171
11448 -5074078513
85205 -3486821599
39189 -896157581
46529 -3213470387
18540 -9371817731
-60333 -489246133
-6405 -7357064561
-4647 -5172406429
-21120 -5030655757
40903 -1454406363
-89958 -7044132685
-56959 -9336845305
60896 -4074335917
65437 -6068688463
-11374 -4283137919
1391 -9262314735
45249 -8909253191
13507 -1536320341
-95885 -7513149947
44856 -5220669845
20543 -8886643899
-75456 -1888420105
60153 -2769927425
-64834 -585588981
-16072 -936799275
15332 -7053806375
-44572 -8639193563
-26854 -9198838359
-52566 -7999583471
-37130 -9686206499
43945 -2622245159
-15383 -8618915209
-17605 -4906717469
15086 -4698801457
-73518 -1255899943
51282 -5612880253
-35045 -8033014387
34251 -3365127787
63472 -7403397949
-37974 -9503799109
-97829 -1443809849
-48276 200521221
-42243 -1871608159
-54042 -6110676249
77209 -230907691
29598 -5722568519
-32811 -7470190099
-25002 -1400667453
29305 -1002864553
64493 -8940124915
-66040 -7482268829
-16068 -7456343331
-87039 485855989
-27223 -4319913681
-13312 -9180240079
-54088 -686530943
-52954 -1824396651
-60645 -3623137699
-60888 -5322356161
97757 -7711491533
74106 -8959915155
2660 -1208404907
16705 -3242923203
26304 -251199595
61549 -6578887689
-80682 35611657
-58974 -4357078961
81189 -5202991957
64490 -4068686311
-59546 -4681897625
-38877 -8909933543
65709 -9440508191
80593 -7754598641
-52393 -994181015
-59415 -1442798867
-90295 -8133320471
4202 -3118739775
-2239 -9306333099
47102 -8305204499
8254 -894008089
86162 -4203466985
-60408 -6929138851
-98352 -323378515
56393 -7318121891
-67397 -8808824425
-63686 -3618451327
44790 -6814218871
19692 -6249571379
-30526 -3310000441
85328 -8105519803
-95214 -2012228915
13909 -8034240451
32634 -9883174747
92592 -3198995303
-43342 -8920715893
12137 -9820658699
53528 -454757929
-42175 -6586666477
-9906 -7079323871
-1921 -3410357157
-27832 -2897912015
-38565 -7233533361
12653 -1022995379
98255 -3738920159
99080 -408610377
-58037 -1151836315
39962 -6237966789
55828 -7744010983
-92379 -9483955819
-40665 -8061087293
70970 -5907746953
41994 -410380389
-50108 -8445738443
24132 -51962161
33157 -9248111195
92785 -9032538781
-67070 -3299523423
6789 -8045928987
79278 -3270593231
-84807 -4772821105
-3742 -7189461891
11008 -695522821
28192 -298705821
56925 -9264118253
31053 -7254773705
-23442 -4585540631
44533 -5149806903
-450 -104599069
99229 -6779407107
49355 -3568407871
22847 -384453165
-78510 303485477
26933 -7876912753
78308 -4312791785
-26443 -4398894783
58583 -5151025443
-51505 -2377765171
-39163 172101715
-81546 -5567232781
83481 -9383427681
-50774 -9582624715
-63534 -739628461
55265 -5945383417
-57011 -1020246981
-3556 -4130722091
-94060 311520533
-22770 -7193159617
-7961 -5859514247
74396 -8082781189
76999 -296111211
47774 -6727439635
-16676 -1662950709
-30417 -4486153189
40400 -8571542467
-21946 -5735896959
-48480 -7861120049
-5884 -1863728429
66173 -6030629109
52857 -8002772209
89998 -1221653035
-45450 -6104186533
44914 -1787007037
80243 -8120932495
-84394 -3858046235
-50380 -9803233361
84337 -7987428145
-76407 -1661334539
-59285 -4148386893
-34324 -7460268015
-35576 -7155607325
-363 -4782122133
22216 -8893716169
36825 -2429328763
44255 -1477616377
-95876 -161965351
-17649 -2744348345
-37969 -4803698035
96156 -4833682529
76091 -9553280155
68954 -9872351031
-55135 -3468217621
35136 -1472154811
-17777 -2689626859
-43964 -460813587
-85302 -6204615721
-40965 -5888694593
-33563 -2805608785
-24594 -8756423291
-96777 -1466519789
14245 -6868962453
82549 -5463521061
-65642 -9338013863
-20942 -2429988105
-64161 -2247966011
94290 -4045588453
39386 -2460495179
-20410 -8826372711
26560 -5425211121
-11128 -8520311041
-11469 -6349635919
57700 -5783429871
58372 -415226373
-4363 -1665696091
78803 -8534774555
-10300 -3493752409
56330 -3765879761
15163 -5766061531
46764 -5281841189
93782 -5767463101
65215 -4522589771
-57790 -1990409913
25681 -4455370101
52716 -7196318047
60294 -8854563479
-89562 -2664571859
-73708 -6688922415
51990 -1736463297
5145 -1185071331
92899 -8530476379
-92969 -8756769621
-94159 -2891683099
-94138 -8231141115
-38548 -4160969639
22369 -2961459977
51997 -8362317465
-46450 -2482226819
72540 -574853647
96783 -7205991243
60009 -8033882539
-46396 -6762661479
-71658 -6890753711
52263 -6826648181
4343 -411795793
-80131 -7275244151
-75908 -8416763869
-87907 -5010628601
52062 -9223162203
-85852 -7727607089
-91118 -7409786653
55708 -5111936503
-50615 -4652126931
47533 -3440610035
-82909 -6183561839
-48845 -968218267
-91739 -6787603187
5348 -3016705959
-65886 -6685857711
85311 -6656458221
-27430 -565263837
21738 -5642501875
-73664 -3189733851
11229 -2714974069
-60333 -2925600773
-65431 -6456108929
2606 -69924055
39100 -8734418969
-99806 1148204935
83539 -6437193269
-32945 -7993230987
-34132 -4917827311
-59575 -8223817173
45909 -2967093109
91756 -5907658457
-63833 -8423109573
85348 -6587426901
78676 -5001189959
55615 -4402528719
-70598 -8600958729
21769 -3970326127
5326 -9547284931
-70402 -1081306483
-54614 -2265460829
-94346 -3468040941
9374 -3917112047
-42303 -7000712913
-75790 -7860253147
-14176 -7004148091
-54390 -6699798573
-53704 -5292097377
-28238 -4340909439
61756 -9791435355
-85844 -7227911197
43472 -3782194261
75601 -6026700605
22705 -76086853
89620 -1820528833
2294 -7461085177
-19182 -7188191293
43903 -6967546789
-22658 -8802736651
-65805 -5656402809
14689 -6943326071
12945 -6865032469
-81458 -7041252063
-9849 -7546258379
26674 -7050274231
46880 -8521409859
65526 -9629081997
-50292 -2906393231
-69408 -4236469635
-52160 -908504271
82434 -3215652579
62323 -2394252585
74242 -6365691535
-30605 -4475472607
11036 -3110482507
-33019 -7806327391
53520 -3408564211
-99819 -8767107905
74247 -5118066455
26821 -2538182835
36357 -560095855
-14382 -256669373
26505 -1235139409
-98550 -3828058059
6582 -4719481525
76081 -211833537
-35414 -9319384237
83574 -468420857
7012 -1340820853
4188 -4996571849
77531 -7872540831
-12236 -4413462259
69865 -9902979647
88522 -1125997279
11232 -8591797915
74061 -447807881
24942 -3305888131
-20149 -3273095621
71024 -8580123119
-66025 -4462700161
-86961 -6234922029
39258 -8872312225
39839 -4979457555
58294 -7069054817
-24991 -1256704719
-89520 -2694241031
63588 -3149650735
-37913 -6469719575
-47434 -9146485041
-81441 418643061
86668 -8320013003
22290 -4400069793
-16634 -7112235175
-36053 -9043208043
-30704 -3184002951
-61885 -6594203077
56500 -5362845861
9993 -8984473193
10978 -8118377043
29141 -8808248727
63598 -2686430793
-78385 298532381
67066 -9493732249
-97072 -1503855615
-50032 -1485343873
-68818 -3468033653
-86571 -6919646895
-58451 -710412237
-48692 -1938508135
-17080 -390156239
-63269 -9573550249
-35612 -2638092411
99277 -5463771879
52356 -6684328661
71320 -5448255787
22992 -7931044999
65417 -9747952349
94070 -454302649
75264 -4468287711
14929 -2574765865
-20836 -636681735
-52692 -2713178411
83898 -1681965611
-46914 -1270259781
24884 -7384310839
62582 -3969434985
-38531 -1434086531
50484 -7280536725
17640 -3190236791
-41726 -2622630259
-2272 -9866222581
96212 -2725272401
-28912 -5569252069
-83828 -6922133301
49274 -9434780381
-89272 -6687207153
19982 -4469838295
-31939 -2542253577
-7905 -7610941853
75432 -7645568653
52003 -6170815705
-95362 -3325994073
-78411 -4273175417
50712 -4592416579
-93313 -665157275
73004 -9114337435
77636 -5949756651
44320 -9507075679
-25865 -4960370263
78161 -6758451397
4243 -2740603075
59875 -2994448933
36660 -4911675149
-17135 -2084803537
-82307 -6612190955
-687 -243871601
99848 -770974473
-16220 -7726534857
-3856 -2312567345
-9592 -7871130009
-59922 -4698165475
37243 -9880022529
90796 -3589662727
26727 -3435470743
50612 -8211457175
-24772 -1995237819
94921 -4854963199
15639 -9124050251
52249 -8383387635
-3253 -999383115
11413 -5507949619
-63644 -1518687417
54111 -5239218857
40415 -6729292171
-66973 -7699276435
76125 -5256463581
-71608 -8463899583
67924 -8847794475
10510 -3666818493
-42998 -8348666309
-47690 -3817397939
-15799 -584420275
31066 -6988844751
33452 -5117026083
68455 -3013021751
-53760 -2042430909
-76100 -7453124981
74380 -9560518831
64134 -8052438847
-42585 -9218462279
61784 -4071768249
-44394 -4984623107
-27438 -5959227473
42957 -7703369749
37843 -5372480209
-49419 -5488883427
-68349 -6042684767
-63266 -8822584471
11362 -1317526231
-77664 -770798957
11874 -9256859911
76977 -865072805
41542 -686860321
38708 -4841601283
31925 -8387794053
76600 -6317898097
-96375 -6307557423
82968 -1152057235
-39784 -3374463857
-35492 -2901002691
-50648 -114247111
16902 -3256123633
42151 -993730875
16300 -7577020177
66571 -9386882189
63255 -5893621783
-44107 -9408910359
-82146 -1285051457
97956 -9471128521
12864 -2618259451
-6021 -4280250025
-98818 -2735972001
76519 -8485856295
-44577 -5298819521
9021 -337867721
-32490 -1366106683
-12651 -6913044749
-31517 -9494547939
-28033 -1145584539
54413 -6191408885
-13051 -7858048151
-65418 -6456823433
-92438 723107987
-21866 -9701567331
-97241 -228120809
-16413 -3426436971
45156 -9569944037
24713 -4614903313
-33400 -5299489117
52030 -9303040501
71662 -3223016869
48987 -540508485
99026 -1760322529
-70246 -9771446531
37015 -6215342501
61518 -1571284161
57039 -2114825035
-14154 -9238302595
45931 -2015043427
68243 -1974815499
-33610 -360660331
-98130 -3137982653
-48993 -3427282985
74333 -9668178985
89707 -9425515311
-74840 531931389
-88459 910362945
7197 -2017992895
14978 -7579461011
-38547 -398927893
-56877 -7710988105
94314 -7446139655
-99460 -5911714181
-9534 -3212993555
55279 -6107068587
18999 -6093716859
33641 -8554259115
-79165 204872113
-1805 -8002343111
-38280 7361889
-15299 -5697231487
35919 -8396790811
-69618 -8085540059
24664 -6042296875
-80117 -4916633635
-41657 -1976926791
-1475 -6495409491
3794 -5629776167
-37387 -2323875469
-96871 -2634370955
-48386 -7666998579
-17982 -4034922421
-9895 -6825562441
33054 -4024940521
50885 -4355033323
5440 -8959392579
-40927 -4639772995
-57068 -1776922481
70187 -3267684283
-81062 -1307967773
-87532 -9297493439
-73142 -5857707269
-94261 -7130375267
77832 -9553269275
-99770 -4557623541
18157 -7334811345
21319 -2821119655
78538 -6301359541
15958 -4862091325
-48009 -7088445659
48375 -189327477
15245 -1457368247
-36765 -9005293701
-94858 -8565459939
43627 -1647726479
-59438 -5158973901
66201 -7799545767
33774 -7210731569
26993 -9214805909
-96138 -6502180961
-15173 -5676475335
24466 -5003262109
55602 -1098864113
-63943 -2308331193
-53519 -9754702209
-33298 -4415955255
93859 -9665330857
-7965 -5886002477
-8737 -4195390599
32522 -9601273459
76155 -4108561707
-33115 -8933628041
26652 -384250263
-77537 -2666125305
59516 -1569774831
88227 -797358811
-61924 -4844900317
47648 -9161203545
-43964 -6887812747
86128 -6182610955
-27843 -2922192419
-49523 -4608047849
15006 -4867737607
5883 -5360044371
88732 -6458045549
88141 -5138798767
-35217 -4493876435
18876 -3146194669
13340 -6243398009
16723 -219490969
-43365 -3528072517
-39334 -7235084621
31000 -9932318889
72492 -7880156813
16813 -6311159181
-95289 -6259621511
50168 -2568179193
-31738 -8917835871
74379 -1214808055
-44074 -2154834395
-43803 -6782884671
-40075 -2082591209
61788 -2750829245
-97998 -5162007871
-57074 -4397542785
64612 -1948505251
-63850 -7985161517
-20792 -8411286963
-84679 608715771
-14424 -2810733535
-41732 -3521750879
2001 -6262280455
-61251 -4876872907
-24567 -5829491035
-17592 -9993689131
-22439 -2412434569
44535 -583994909
76239 -2285641087
-24114 -3534672497
-96098 525663989
22364 -3239694891
-87287 -6364249839
-1724 -9619491069
-83315 -5647299513
-33871 -6623474369
12965 -6677677939
-33738 -6430220723
-26463 -1747576711
-89999 778435699
-10483 -98190245
37359 -8254318967
-83837 -4284807295
46510 -7787235549
39184 -8505180787
5588 -4565333795
-81524 -7564510387
-33904 -6298937611
81738 -168972973
-83543 -2605894555
19477 -6390101079
-69650 -6296783011
-10225 -81233177
-81582 -6582389311
90490 -4360962147
84248 -2340336659
13464 -8704307945
-75872 -853970809
911 -5207542599
34244 -480089347
-72628 -6953867081
90050 -7361180391
80826 -2041525605
-59262 -4751309331
23152 -3285578605
-47198 -8667562139
-75452 -9250954183
85058 -5117716139
-48718 -8261741675
89373 -378956709
-55021 -1155382647
16657 -6125268395
-39395 -1387726441
12384 -3748219401
-74729 -8057908091
-13763 -9186762153
40712 -3637654099
-76771 -705023159
79968 -8375172583
-57126 -2015357979
-16575 -3551197621
-28596 -7073685785
78225 -5168041247
57154 -9982059241
41332 -3658126849
15926 -3260854659
9619 -6622129691
29631 -3542293711
33899 -1642553107
82023 -4614143109
82234 -1462931415
64632 -8947478573
61552 -867649029
38682 -8929899445
73258 -9979420223
2294 -5624075315
-60819 -8023240541
-23967 -348218559
35079 -6323259347
-16449 -8387673705
-78677 -492484439
-83809 -5377323399
96931 -9363898967
25338 -2896318971
-64594 -2185002971
29354 -5781578165
89984 -9825572319
-65977 -9524575659
-95334 -1698852989
34629 -9599948405
-71936 -9026699625
-726 -4984347949
51928 -6941814029
51356 -1142908849
-12320 -8487952303
-81611 -5067806779
27495 -5951908829
-73849 -527521735
9108 -1264001571
66297 -3617096613
-79503 -6831443083
28015 -1164298931
19407 -8073734049
-78086 -9822954861
11858 -138499715
25020 -3454987501
55665 -5503520957
98447 -2523631209
50748 -3391774069
66572 -5038813883
37463 -79823159
-58728 -1724952921
87445 -6231214257
-28266 -1418908675
-31760 -8681036699
-73926 368137945
-79681 -8464039549
-69895 -9839494329
57787 -3242174809
-51337 -4593476275
-45533 -4532284449
-11458 -7966790891
-32968 -8357320953
-94233 -6971095379
2599 -9714916665
38769 -2963184689
-39890 -3999867177
-58040 -7084548779
37604 -5723541001
-46561 -5087996209
-17771 -8814862349
-77394 -5562120437
-92293 -4929297591
-21752 -6655154719
58968 -8748180885
71024 -8613295697
-78276 -8538342215
43777 -3055472415
51222 -1374262981
-89091 -9949884217
24352 -5442277009
31111 -4677267877
-6087 -4635303593
30677 -8240901513
-58521 -2362973995
43666 -9998958969
-46356 -2404510809
61201 -5195684059
-56982 -1663807933
10133 -4270816433
-48905 -7030932583
1387 -6578260011
-75885 539373043
71785 -7549108369
28590 -5215769441
-11721 -8941909461
81042 -9025938651
69909 -3939158661
57102 -5340392291
35741 -6509268501
86080 -7259753741
30631 -4074490547
13721 -2617369255
61657 -7675974605
-50897 -1282851093
-28404 -8331831837
-66386 -3565069251
-8803 -3173905171
-61089 -7758801947
63929 -8287512111
-29800 -2290017127
20215 -784430961
48283 -7717602055
78310 -8769000139
-48866 -3180247971
13584 -4022033929
18452 -5255001751
-78120 -3536187687
19860 -2225352293
35713 -1084785361
68135 -3588345857
96924 -9122059915
-27970 -570355549
44516 -9899664471
55629 -2176724285
-89090 -6769777233
-41669 -5425380439
55092 -1333215853
83114 -4659373309
-48701 -1914633067
-17984 -7036246261
14492 -5036242661
-35121 -5319194871
36523 -312577533
-32914 -1137154237
25606 -5462940821
-23666 -5865484429
53818 -8215905001
84932 -3571915115
63768 -9107000325
-57569 -6739039751
51794 -6077687901
-16411 -3676467217
-67351 -2718868519
-98876 -6137982807
-27866 -8427783107
14050 -3422460173
79078 -6180304769
-58696 -1418175375
26746 -4604977435
66617 -2234630825
16218 -8123790271
-6819 -3519970465
31255 -3577342643
-78030 -7337911037
441 -9959313879
-23325 -1570942051
-47712 -7808030151
-31264 -4412685187
-67481 -1723915357
65321 -6408134645
-72845 -8059855821
-638 -685862619
96938 -1605691021
-59290 -7367132871
-15394 -7273574771
-75523 -9176935175
31767 -2380275641
-46942 -6181876703
62760 -1214710979
80946 -8223044051
-23938 -8619733171
-90767 -5310503679
88089 -5221025465
2435 -6235532603
-50046 -1373829209
7832 -9971427091
26438 -2367386985
82102 -5213990473
83486 -3440194825
-23387 -153093049
93898 -1865772761
-3409 -4401441559
-94965 -4640504467
-39279 -5439811937
-31210 -7759679381
79557 -2870186195
-54717 -4524081623
-99351 -4356497695
-15079 -147251281
43686 -7676588865
-36918 -1324209681
-34431 -4994501561
67362 -4414814383
-54751 -6461131695
-94293 -3396173835
-94402 -2758665671
47892 -5215632281
50023 -46055503
-90059 -9538764015
28105 -9858641011
-47134 -7268064161
25259 -5198269889
-95936 -7529828827
11693 -9027659675
-17420 -2782032369
-95260 848734149
-27678 -6207037063
-19350 -4674038499
-7490 -740231893
-31686 -9553279631
8064 -3286878701
97343 -6718644441
4734 -2840900621
29034 -5743153695
-80808 -7514796769
-43517 -1974870559
83207 -3922037059
-31779 -4879113659
-42582 -8219092295
-72366 -831467105
-9034 -714764157
-11406 -1393826759
32170 -3799505451
30590 -1623005629
59345 -9407646889
40975 -3391698557
-67741 -2987254155
66421 -840235999
14344 -3226991115
4467 -7284926569
79674 -8786918809
4281 -1556859469
-50996 -4089594739
37983 -5716646299
-56492 -8759125185
-16706 -714240107
-9021 -1604564585
-64992 -92524709
69008 -972557611
25258 -9545014423
23485 -6640148023
14390 -6069122247
-24893 -1822634393
72421 -2831716947
51523 -5053740493
43633 -5502090235
-21296 -9172966637
-17190 -2517970519
82037 -9409266465
52827 -366739259
-5374 -9913543775
45057 -7979305181
-10920 -2585877827
-96476 -6541855345
49555 -6612618879
-83838 -728846393
-55000 -9002572051
4875 -686307419
45783 -4756839739
76317 -3286184503
46051 -4957681551
78623 -3699447755
84722 -9732379301
-49557 -733694569
41094 -4460768955
-46454 -3367936101
69346 -6046632095
-3477 -5256218509
-85700 -1111759887
-50692 -9297216325
-62250 -4800413383
-22577 -8364650845
99835 -7044417973
75294 -7354584507
-74997 -1773712363
17132 -9516887651
-15561 -3989409325
13581 -9479031961
90636 -4977946869
6458 -8948293553
23994 -2329097877
-58114 -7059818319
91761 -3842073401
15293 -1346599689
-42645 -7206959243
83983 -4047833689
-43196 -3139287641
69020 -7532129543
-89030 -35042017
83053 -674652173
-17214 -6800170847
-18225 -8994208663
87803 -5130065505
-20434 -5419653571
44708 -1587271533
77184 -2576014837
-49366 -7422902629
47284 -3097673607
-12619 -5094534125
-90991 -2108780047
82973 -3407479511
46116 -1054134331
-59347 -6558748061
5318 -6912330291
-50520 -6039397651
68854 -5651391229
-68700 -7245667429
-41487 -7787484969
-45121 -9450396239
68011 -2054461101
-94493 973338821
-18555 -9262864081
88539 -7796049529
8536 -490626249
6872 -9507969075
-39779 -445473499
-79994 -8440103595
-72283 -3962300081
22090 -5315694573
-84896 -6491626589
23242 -356767423
-87385 402159879
-82890 -990468349
-65048 -6608111549
95898 -8906264681
13217 -1116908631
64924 -5741649385
-88867 -53465161
23724 -8406356155
-34620 -7842192443
-26 -5790242415
53037 -3061483475
-57800 -5307662083
32282 -8909164979
-23908 -3852173161
-94228 392000265
-64554 -6103804417
-35998 -3186332429
94056 -7909569959
67324 -4988220449
-70503 -9697056743
-72808 -8772906873
57772 -4514281483
27659 -6205868547
-39196 -2215463029
-77455 -85985219
-32678 -9369390225
72278 -3387814919
60728 -8601581325
-68682 -8879102475
77053 -7777600181
-23853 -492650535
-77083 -9349044949
-8838 -4341865405
-7207 -1494309301
-52856 -9503047175
-63541 473864629
-90345 -2178124873
48090 -9644719049
-93300 -350831477
-84886 -9616609431
-2593 -6658950475
43792 -9215936691
-80119 -5776084961
-9856 -7742861235
4090 -8185520173
68717 -6891876451
-95985 -141062063
-92561 448102689
-8133 -7697136661
35036 -8532459351
-47384 -4605227419
54107 -8271050303
66340 -7481698909
-48107 -547994495
-25332 -167858793
92725 -3569493423
-8757 -5635898409
-7247 -4953942919
-27862 -7096226941
-96071 -4934594049
93894 -4439993069
67301 -8602055539
12922 -7501685519
-54051 -6283030969
53788 -745303423
79328 -9667945799
-68417 -8439065699
-99841 -8228589041
86055 -4722695741
46249 -2544251877
78647 -7139784003
48656 -5560008661
-19459 -8164341681
-52831 -6502196009
49411 -8997481689
-47290 -5712051591
-23241 -3510420809
-63503 -4821612555
91307 -5576777649
-60164 -5300774231
4397 -9945723849
4794 -9640200191
-88551 -6955289309
15247 -5983417699
18491 -3606240395
74519 -1654863677
58928 -8627404723
-29999 -138247777
63105 -9678164289
68904 -3209728751
85326 -7227252517
-75033 -3633561803
-81116 -8109172219
-37315 -7895915541
14010 -2005197023
27078 -805104805
-21261 -1894513531
-33799 -2672468125
-77346 -6098012467
-43252 -3806952311
23231 -8829496829
3637 -5275129519
9303 -6874833725
40373 -6201035931
-13908 -2458397273
-40243 -576682051
89960 -5071716601
38937 -5056502095
20996 -3599951955
-21285 -466870131
-35516 -250880177
43096 -3042638155
70084 -2711744289
-7886 -1813351951
-74091 -839324017
-84025 -8342083111
96871 -1299844907
63455 -6222766817
-45272 -3987286013
-10518 -6447205455
-45043 -9485558403
-32471 -8203286565
91292 -5959270283
97329 -2579571191
-60148 -4372947431
-52349 -6453803211
-98827 -9148689783
29854 -5848767469
-47148 -6798080783
-94945 -89705873
-35018 -831173653
-43292 -4648185989
-617 -6404022099
97075 -7230494947
-54299 -4991432589
-86158 -4396299829
72876 -5255073881
-95664 330652743
-63720 -4919874541
-52499 -3972048847
-29865 -9953357999
75469 -6014038611
43339 -6889538147
-4816 -5210929661
-85621 -1049423869
-46572 -8998248193
-65408 -2324242251
-72005 -8056772069
96810 -8704995097
-39124 -1127846189
38672 -5100503265
11015 -3962778929
-52182 -3358656273
35788 -9267259665
-75449 -7457611125
43704 -4550534545
-80804 -9987931425
58073 -4022782893
-76334 -4388647091
-62447 -5449290971
11921 -3184223539
-36968 -4726861095
11569 -2860649797
-12521 -4685814411
35490 -6060172229
24769 -2154363547
-32135 -1960720359
5402 -9200538605
-18827 -968588545
-34477 -5246037013
17650 -7549082051
-52672 -1837208969
43133 -6837000255
1891 -5860402367
-69062 -9793899319
-37000 -5752261253
-93420 -7983785339
7313 -9084867831
39124 -7467830865
-7657 -2512196911
-94504 -6745805715
-38696 -4902809351
52564 -3141824361
-80443 -4909227763
16825 -7291653283
-90536 -9249090601
-69730 -5206943529
-4740 -2069289423
54664 -171494479
96229 -168806981
-59644 -6164664971
-98859 -4121587209
-70157 -1651112855
8598 -22810331
-73840 -3395030073
-56025 6525977
96246 -4654000315
30934 -8363441827
84821 -4385236987
-54552 -1792756231
93112 -2823168935
-7126 -2393585737
56180 -3724782157
953 -5374843925
-34011 -9046502717
744 -2357832317
90053 -7857169021
-61495 -1651774053
48383 -2877044301
54351 -2521896191
-39961 -3115616455
35801 -3310969015
89434 -8920611357
17757 -3035236459
-34312 -8726970559
-90146 -6201193881
80044 -1321069537
-87621 -6017252837
-92480 -3185030029
-79058 -5342558133
-10010 -6138496529
-86482 -8605227181
-20521 -6253955259
83613 -7560634423
-12202 -8769197231
62443 -9384521605
-59747 -9290440201
-26938 -2652695445
6660 -4503698209
-57658 -3066698529
74907 -464700371
20278 -1922513709
-6687 -4045818953
76304 -8426055727
-85528 -3518299491
-63147 -247151755
90756 -7549185685
-24879 -8211223009
9518 -8799284823
63051 -4133267599
-57178 -2692164469
-16658 -7381653625
-89992 -9444522863
-25163 -1688041605
86685 -6721030671
750 -5994467579
92438 -4496705531
-70668 -891897211
-80339 -8986573175
41093 -8406817523
-26450 -7694063383
-35096 -1831341069
2575 -47040621
67733 -2641901693
-61535 -3276707193
8941 -5855223831
84130 -3262249197
10103 -9647227309
-54622 -4364412901
-45580 -9512965337
-12883 -9907231903
58395 -4740039619
66443 -8530320469
22738 -3833893999
-35371 -4149879819
75279 -964677131
-87229 -8391955309
35446 -5250306459
18399 -7711813879
24710 -8211340081
-19719 -277301729
-51527 -2294778865
40819 -7971794735
6458 -3565266563
-79404 -5743206771
38861 -7950216845
-91350 -9308940591
-76377 -7927618319
-99729 -673678695
25531 -1035473707
-22201 -1140098329
50153 -3241748999
-64857 -2135465099
76502 -9027607061
3702 -6676145471
78239 -3607641227
-39196 -8286837457
-29370 -9423706967
-19399 -6824352685
-53627 -7682459463
62374 -7391422555
5691 -9214225499
-33806 49411933
62110 -8376843247
-47563 -7488108143
63922 -7991098505
61234 -8435820867
-25596 -7969927567
80069 -5777812957
-7170 -8886824531
75511 -9952141285
-52793 -6065750115
17278 -3063683313
86488 -8432984745
96951 -4888829429
36971 -1935539261
-39552 -3381795945
-96646 -1642099935
40892 -6191638665
-75633 -2175530945
17786 -6243901257
44548 -4733416125
-38623 -2254501011
-75312 -3932260385
53786 -7666465235
30497 -761587175
-77223 -2341603403
6437 -277368563
88725 -1209935957
-89538 443386369
-72873 -5795188011
-32636 -7853273885
-22179 -7733028119
-81815 -3598490031
37202 -205185135
-42850 -6900839299
85770 -2222457469
-33015 -6689064711
85711 -9065143845
-92631 -8858252535
-67526 362319261
81974 -6584641561
64289 -2599876461
-99085 -3719722617
89536 -5152936647
-76447 -8960190373
70435 -3166042201
2284 -9403912811
-40140 -2040532037
72364 -157720595
-97099 -6887244005
-98263 -9246813909
-2735 -424409707
-43772 -2962826281
6162 -7942382909
-49951 -1922055979
30143 -624282841
98607 -2378436979
-53359 -4681830567
-84340 -202991851
-19941 -3177807999
-13348 -5303954501
15443 -1530206981
-70014 -8833014591
-36278 -9621703351
-40852 -5552506743
-32248 -5890940311
43356 -3238060921
28017 -9690291689
89352 -3979349261
-52930 -5138181403
37664 -5145150719
-33359 -1413316219
-10634 -5667735937
-31305 -7994349493
62987 -1648172851
80700 -3333855913
-33816 -150654281
-62072 -2564265129
93692 -5789391353
31566 -7524203237
-10387 -7536518303
-89988 -6272805275
88299 -7260320641
-57305 -8043910347
-28229 -5285055325
86668 -4329766145
61263 -3928747783
-3648 -1786999971
92837 -8422518559
96001 -5401052525
-85030 -830959787
95602 -5326626919
26478 -5768086325
61324 -8151392709
-28036 -5696065061
13664 -9823525267
-24849 -1705891541
-41888 -1348364185
80941 -4727161431
-88402 890152269
-22855 -3233814717
-55886 -2031844769
-41929 -5767153327
92884 -6777849537
-22682 -6729308819
57616 -6843048119
-29247 -4251351029
530 -102452927
23894 -3765260345
-43212 -1049869749
-94875 -5177751549
-57593 -4459599431
69097 -9435729979
-64605 -2804337933
-78756 -5205431225
52523 -6825997961
-61791 -868395035
-52053 -1589575559
34708 -4475181319
-85105 -6059363757
47328 -9536370963
-36296 -3209191567
54766 -685818787
74762 -1773679669
-12290 -4387311307
-34774 -4250363339
-79987 -3300469435
60326 -5414958937
-47892 -6755754093
-46378 -2476026399
93379 -6917867881
44272 -1852425115
50067 -3169603101
29246 -9324002151
-16400 -4721695521
52665 -7813684643
45008 -9746689561
97502 -6762324651
-68068 -9356253009
67273 -1810717621
47934 -8650989331
-83195 -9933191497
52573 -1752188319
26377 -234211805
-79307 -1668364929
99891 -8371639949
-70518 -4329241025
-67951 -3698798557
-50684 -6365712445
-80079 -3690665455
51934 -8274008479
-71950 362314343
-39351 -4100929501
-39308 -4460466813
93085 -3533210349
-81024 705883683
-71843 -5506645911
-88740 -2197377379
-4459 -8535149
21726 -8236896857
93855 -3920298193
22535 -8669920207
-32262 -9919372171
40279 -2102420347
-50276 -9901753791
-16725 -9579527761
-56939 -8945300377
15260 -7712223607
-16652 -7103050593
58726 -7496957851
24112 -4024126643
71134 -1015115185
44900 -3792871113
37122 -6048871949
35167 -8273861325
83880 -8185606747
-71177 -2884627549
18784 -1866006201
-7313 -1458230909
-52084 -5879609665
43148 -2437208993
39908 -1425522235
2199 -9383355791
-22676 -8718961357
-19643 -9167147355
-46121 -9700523257
43109 -7924699119
91040 -6988571271
85960 -9150252093
2383 -5768867025
-35238 -1206458869
56867 -1993484211
56460 -6998994611
32693 -881074565
20230 -6106821253
-11265 -5884846567
17220 -9026661137
-53842 -8336635589
-33067 -6741444549
-90174 964721285
-32580 -483035079
38965 -2294579289
9431 -2754809917
67032 -8056865213
-41962 -8093756333
54713 -7278430549
76480 -8004720689
-37986 -6124715109
11596 -4734655019
38403 -716922923
-23817 -3971193369
1604 -9364434279
22289 -3221493645
34524 -3773070307
70399 -7837637285
-91966 -7058567631
-58625 -4107470569
-37200 -3310278193
-24369 -1365215591
-57898 -535566645
-35823 -7229323343
-93007 -306350993
5505 -8778869553
-92521 -2612557231
-63905 -5252725229
-45794 -8616334587
-21960 -4316968439
63530 -2494446633
77744 -9073935281
-83133 -1974790079
74133 -1244226463
80771 -5738825791
29596 -7158892021
72947 -2948654591
57317 -5493397179
-90461 -4776725349
77550 -4068910171
6182 -1228987175
-2851 -7985432197
3639 -6159592469
309 -7436623707
-75749 -6577970495
93776 -2146474245
4996 -9964375265
67613 -1956307241
-7785 -550106437
-80295 -2573889941
17015 -7167169361
-68118 -2893103131
-86507 -7397369995
-31816 -1811941215
-70914 -4181983431
-88431 -4382387471
-97406 619896401
54014 -9216981457
49218 -8754906289
-49159 -3011451139
-95383 -7810946871
-54603 -87839009
-53546 -4804303095
11606 -8269780131
-16755 -3915893407
-16434 -6127910945
43445 -5660568459
-20053 -2515024161
37556 -6915102827
69608 -54078951
8327 -8141674449
-96624 -4080925229
95909 -1259522879
-75860 -9921532891
16004 -4262249167
21323 -6935240235
96315 -8237762203
-42670 -3974862227
-45261 -8925100009
-79691 372420495
46282 -4728529515
-67926 -1114355875
81451 -2445835641
42074 -3961973585
-46218 -4643634511
65313 -8501295465
80413 -7263503349
-47700 -4179697877
40539 -775154565
14521 -2819149095
-51277 -7595025655
82734 -1262166249
57434 -596903337
-51272 -3651150843
91349 -3224271435
85504 -8267161591
-34229 -4504979411
3163 -7837985365
-18877 -4237869219
81923 -2694353011
10098 -7597565643
70719 -3221707307
-77731 252308515
97480 -3271192571
-93272 950152609
55683 -7968106971
25387 -1746063589
-42833 -8707477165
25959 -6068219469
-52607 -4910529379
-18803 -9391132135
-20739 -1329469197
-71213 -1414721955
85494 -1456000877
27205 -7890756583
-28490 -2533676433
-10890 -3356846661
39584 -4657450859
-47681 -2196995469
78064 -484157187
81539 -348207817
-8769 -6943579809
55580 -8555075799
-47813 -8262617191
14600 -2937507377
65918 -8878330909
-28324 -4634676091
-2227 -3745475733
10457 -7238324075
82459 -5129819515
60671 -8764076279
-36141 -7550772205
70515 -3303129423
-35801 -8236126185
31034 -9421086965
-95262 -9475983319
85666 -9716886665
75485 -9465616751
26916 -6458171077
46569 -5167243235
5226 -1501413869
-14229 -6762793745
90935 -7130180147
-36722 -6776194135
50645 -8037683973
-66560 450849289
-75166 -4615015665
33272 -5342687019
55393 -7418278771
-84707 -3172823283
-22031 -1620940575
97400 -2395870431
-58595 -7230149497
-69610 -7197058807
-68982 -2503816993
98244 -8696974241
53546 -4699522405
-9818 -561701271
-92062 -8383561501
-32830 -1739420789
-16543 -1530840235
-24648 -8292357959
56441 -1115566161
-33690 -4497973409
-74195 -1548258139
-4852 -8758203339
42210 -2250794057
-61362 -7440141783
59497 -2944314261
-65627 -1091383879
41121 -9628320061
-5748 -8288120723
-57082 -2713086263
7112 -703721113
-51639 33032839
9494 -5811585065
-16545 -8752987527
-82922 -9672634085
-28982 -9304266301
26055 -3014933753
6534 -2409830395
42227 -8562755989
-57772 134176007
-59780 -404309719
30042 -2108211961
18517 -9987983605
68495 -6626697169
-97511 -3975692887
-90400 -4801648111
-79528 -8522657151
-10888 -312695699
-44220 -4118672811
12971 -2416830677
-3808 -7790606151
-78863 -5922388545
-48062 -8685670679
-75455 -7223129259
77075 -3131787027
52468 -4252648005
99669 -8557510617
-9030 -3130203443
12353 -5437585763
-99204 -8908869789
71330 -8648993769
51535 -9753206949
86879 -883597837
-73096 -7065399905
-12223 -5630611531
49052 -5446351903
-58621 -5313420385
-54199 -5761681021
76755 -1266533973
-84378 -1588306561
-4403 -2608886011
-87389 723976371
86292 -5920647961
25606 -3011879769
41037 -5758038195
54510 -3329132397
52725 -8564199757
97141 -7590672981
19642 -3969352425
-40456 -6176507941
-28508 -1992608643
8951 -7265994951
95868 -9181220511
56854 -1426675111
-20093 -445038425
77861 -1721345701
43980 -597438149
-77300 -6740146389
-89979 -8733417711
5959 -5817199765
-25912 -5178281071
-57025 -5524950237
-41813 -3916174723
17737 -8558095899
81889 -2521622767
-71325 -9026973731
-94678 -9201696003
25449 -2325335497
-9961 -1829821541
-71885 -1063595789
96733 -3970925229
-57643 -4412057749
72481 -9601317939
-20034 -7577100585
70980 -6385087981
-98980 -1266076157
-98815 -1896786943
60633 -4296230221
-1028 -3410442773
67953 -5286329093
-59797 -2217960589
-1690 -9159104773
83356 -7410030661
45543 -6125004053
-84959 -1949276279
51538 -532276291
-57878 -4762708659
-47963 -3591056729
-15171 -3106514567
13980 -5546464247
46335 -4469790119
-76951 -7512014915
-82560 -6322544249
54517 -9264587545
-19317 -4202333203
99121 -6892011489
-45128 -9952568833
22996 -5124571969
31294 -3114367551
-90438 -7651086085
-72176 -9578930527
12020 -4162149071
33254 -4062839345
1092 -634269115
-69157 -2141227635
-6994 -4726836965
-62323 -4495585695
7290 -5109158793
-48812 -9597380255
-39171 -7817751587
72930 -6006995729
49545 -4446958649
64264 -7404430951
98929 -1453919375
-85911 -8325671081
26854 -4955597657
-6223 -7498123525
55511 -3205365697
37145 -7132316321
-35169 -9270130429
81539 -8609830129
-69335 -7806191599
23189 -5794478239
-21593 -6200058581
26477 -9265350921
-5251 -3636513461
63386 -8930752735
14741 -6071251259
-39452 -3879025789
25974 -7632718985
-77266 -3548071917
98532 -8906206111
-91524 -573031059
-48507 -1435377113
94680 -4079559829
-58664 -2336564761
-62048 -3643589329
15801 -7357235675
88859 -7795973549
-53450 -5351426589
85046 -6736665161
-4940 -3766220047
8199 -9951968317
8086 -2781792997
-89326 74423171
35710 -2701543029
-37490 -3865743133
-75358 -4921636061
-53416 -609759477
-33712 -9162446641
51374 -4053293319
-66713 -4734187703
-70635 -1743592233
7592 -1157186791
47992 -7764527209
-85326 -2131052315
-41374 -7592639281
-72316 598961791
25361 -3229363511
-57921 -7717291069
21214 -7574777131
-54619 -5684531491
-73007 -1037214781
-88698 -5792635739
8322 -8918151829
-31848 -2859124511
27562 -9982524749
73191 -1726384349
21101 -2891847801
36064 -9772686775
-66580 -8724793873
17464 -5685698847
-91349 -2044805655
-37159 -1898043357
-35249 -318028687
-78676 -5708017221
40141 -1622930397
-2245 -1453380889
82293 -3054005259
79038 -6946152025
-49085 -8881805687
32928 -9503360119
2322 -9761901669
-96746 922658195
-96509 -6952269869
-23835 -1078246921
-36541 -9719270759
-7511 -7855241435
42041 -4589180089
-74577 -6020449601
-68748 -9708278499
-28462 -973056219
-96287 -302526889
33939 -601419275
-95472 459540779
87848 -8103435383
52770 -4618841671
-6419 -5727872877
-25291 -1155499957
-14324 -587618405
-48627 -683068681
63272 -3329034193
-12901 -7365749277
54575 -2139663881
-77797 -2549260765
77133 -3943232905
-48485 221904259
82173 -876649273
-47119 -664902579
89402 -9939496411
-6459 -7630190525
70761 -8885586499
50787 -8279166771
99204 -9821984955
-9254 -2633030961
-64081 -2077512291
-87644 -9420578689
-92578 -9776042155
88883 -4255744289
-43313 17072757
88367 -2398865439
81132 -1255592653
17423 -1832284539
-51720 -2357564203
52040 -5474560143
-99984 483391471
-64739 -598321291
89351 -8690268917
-56664 -7630668525
-71431 -9637169327
64108 -3376833921
60405 -5779187027
42291 -9450325659
80371 -1903280235
-57026 -3218688229
-65569 -258267445
-57765 -6859062957
-91676 -4043142337
98722 -8244857441
84579 -4232256961
81954 -5512442641
-45781 -5989412145
-80288 -1282015319
78853 -1379906083
31442 -5431514765
3804 -6154745259
85345 -2579896119
-80953 -404294973
64867 -9621761831
22234 -3793208921
-51896 -112417837
-13495 -8356859641
-92049 -9497615615
-46087 -7339340085
-12855 -9853960933
6612 -2969834105
39122 -5134667585
-69644 -7631921855
-26187 -3221167013
60764 -5237900459
-13507 -685863581
28023 -7225634873
71460 -2329029133
-56101 -9705836125
-75204 -5342550487
89442 -2717484521
-71275 -5274253043
78376 -8391027925
27460 -7110576321
3763 -4885261465
-71398 -9452678593
-17519 -1191469539
-33793 -5749679343
-19301 -9270572995
-4872 -9101273163
3036 -6205128135
-68402 -349115653
4931 -6528908077
59955 -5193353497
65072 -3149543519
49073 -5532330955
-63712 -5169092113
8235 -7513256693
63649 -636910861
-700 -8878195479
-29992 -5149634719
59877 -5506705305
-26159 -7649165669
-42665 -7993204123
29936 -7670063317
32401 -3423319639
26508 -6335878873
-60967 -9576592139
-10223 -9793044519
-60223 -6225438739
-32936 -9832236911
40341 -9440893511
4910 -2920495801
-2217 -976984219
30149 -4626706431
54296 -3158780211
-20454 -9237335229
-6436 -3507163699
-83980 -6494900821
4026 -4789051807
46500 -8826019181
27099 -9742330409
52064 -5672341471
-59090 -5503990283
-52533 -2903807951
-65323 -43694565
76794 -2921986619
38860 -1392269213
-72776 -5231314039
-23916 -5498646169
-35563 -6226575529
27760 -2306471871
-29579 -3001678227
85940 -6004451261
-96687 -4315268633
-47867 -6710311625
-68712 -7929358299
79166 -1193476107
51760 -2060459863
61367 -1858213569
-69143 -6192856965
-66275 -2756538741
-95750 -4158368679
-43328 -9617129793
62809 -4451969977
-89707 -7770343285
-72777 -8824087205
68480 -8298198689
-60520 -6080406907
-64918 -5319331781
-66727 -1410696739
20149 -919851079
-45211 -531510785
-50790 -7210447701
-15920 -5718715381
-15979 -4560214825
-92816 -4098646591
71388 -7156885993
-18487 -7402878599
-498 -7534549201
53868 -1760671689
-85770 -5571310071
-41149 -7487735027
-70 -1523782941
42780 -727230491
40148 -459252743
57452 -45637401
48351 -7637157119
-69865 -1516784993
-17918 -5030434213
75337 -8728122133
-69986 -985779295
-76053 -5447955245
34343 -1640471191
-74509 -2296415201
-63405 -2931856057
48845 -8126562353
73233 -5317541181
62842 -7751872971
-95844 -345903095
84478 -4924264569
85096 -2689755631
-23650 -3615270233
-68563 -2616015719
92733 -4216901541
-67162 -4550052681
-71116 -4077960291
51362 -2026367089
-84366 -6230722835
84874 -7517210157
-29744 -1878444939
-70482 -7925536695
97031 -1122404401
-15983 -4250386989
-35230 -6427103167
36285 -8244050127
-35427 -5812943655
-97891 -1484249521
-55553 -5008235523
-70383 578489741
37265 -7804831931
-95362 -2271868621
14735 -1358534817
-63096 -6812916535
60736 -1684801039
-57775 -7750891977
-91770 -3053877279
-27466 -2542396671
-87088 401656247
80103 -4752294049
-59405 -9595998049
10002 -3344833499
-1372 -6369000313
-17735 -8552718977
-6139 -5998194007
-95253 -7857592931
-91427 -8784774511
-7435 -3105211601
57134 -4695204329
-97253 -4522285279
-19569 -2356706501
52188 -650389063
6221 -9608676127
-81730 -4417845971
-89983 -6196773931
38270 -4552777007
5519 -3905135951
-78948 -8481446811
71619 -8794783921
17286 -5508003189
-35350 -8169534243
1221 -1127803665
37399 -9796214067
-78573 -320329699
88630 -9255560589
-6511 -6991193245
-74709 -5657411829
24424 -161960715
-92957 -2862435675
-91188 -1592412911
14678 -2220079429
-43732 -8741825739
76328 -7435105269
-38975 -8612468607
54172 -2192830645
75053 -5321801785
58599 -1941364645
-76593 418081839
-49263 -6241014285
-19176 -1247755255
81051 -1092115217
-89185 -2652388567
22232 -3962862229
4004 -4481355515
81266 -9919945411
-3676 -9220676195
91743 -3289444601
-65077 -5805176943
-99789 -1976549949
-16416 -5766023621
-38568 -4892755085
-21958 -9674297059
57099 -72708637
-34790 -3808196883
-45503 -9975433043
-91313 -3955629949
55127 -4177288849
-59210 -1476365919
98144 -7859631377
11590 -8666203423
-99044 -354772405
-27181 -7547971689
-95335 -6110387341
13101 -4425811375
-14506 -971762581
-49746 -9907856429
-54480 -5325823603
-7762 -3715291285
-58384 -5865680791
26502 -4081324093
-21802 -3078018499
88986 -7350093037
-14413 -9584851159
40827 -514719395
-11717 -391962951
-44498 -7994754911
40012 -7124727449
8137 -5125201043
-37320 -3110417483
42171 -8593017429
7929 -1345496499
61196 -5932618827
-55144 -4442807439
39451 -8672328847
-66174 -649561875
-26228 -9301512933
2656 -3607369561
56881 -7783984149
-4020 -2798320733
93336 -7589131535
-5366 -4595583535
55691 -2757633995
30244 -1497734187
18074 -3220274519
93135 -2697416783
56528 -5272813873
22224 -313637377
87677 -3144202743
77186 -5829136751
53852 -2566954235
64958 -831202425
81969 -9209968801
-31819 -2357403869
38204 -9155476279
77868 -8735195403
-36619 -4900791735
65043 -6886788881
98941 -6810031817
-73604 -8355223019
81069 -355876189
48703 -8974686903
82603 -1526719199
-66457 -8316419273
42254 -5451854505
65808 -3265214481
-14999 -9023865739
79776 -1310681345
86138 -8161121333
-8346 -3438923377
64607 -6932765259
-88551 -2112923765
41223 -8466092693
-13300 -2983825849
78672 -8436709271
42044 -9824741187
-99125 -4512318277
-83622 -5626519721
-5863 -4689575193
-51610 -116027719
-62058 -8900382215
-74938 -7486229491
84869 -4694389731
-96386 -39803835
-50817 -385009879
94857 -5118400533
58955 -3200523041
1336 -8787792245
6276 -8674840547
95213 -6993703759
37877 -6531816083
-91635 -6315399683
18549 -9563493729
47329 -7440935101
47462 -6866545381
52956 -8147857377
99029 -1474224529
31134 -3505208615
-87692 -1658362523
-65216 -6654712975
65852 -10287759
-33810 -1988304023
73937 -9307048259
-42369 -3260163705
-29758 -9033331329
38463 -8281184675
7716 -7962429111
-30270 -3683694021
-40020 -916678451
50308 -1699729269
22438 -4564344531
-70926 -3187671525
88499 -6321249669
65189 -2788412317
-73656 -9461455641
-81430 -7689631693
85194 -8204140377
-62369 -4061377545
-55762 -5280925053
-37401 -1353217777
22135 -4905149117
9961 -1365694867
34713 -1931057039
-85941 -8028666237
-11188 -7962129235
-66747 -6694049211
78611 -6233096641
69998 -2547897943
59274 -5693617585
-30859 -6137332489
-7358 -6632691805
-60344 -6349385967
-29742 -1146918015
7498 -7785936421
-58501 -36004651
94256 -936740431
-93232 168394385
99589 -9989586987
-2130 -8212251023
17042 -3843297729
24681 -9041558615
-57764 289830521
28249 -4273093785
5789 -6255894321
73647 -128913723
-61399 -8688023317
9373 -3652825195
-91516 -3697547909
-40862 -6286473839
-27359 -1227659907
84387 -4649868645
-57840 -8842800521
73249 -1493886349
35347 -1583253909
-52712 -2460221899
-7980 -3816924581
85527 -9170131185
-21630 -177477429
41346 -8781158189
11986 -3364272135
-15216 -723981129
78426 -3233131999
-10773 -4971820581
82406 -9794714499
-38970 -5999110213
