-29811 -3506395370
-75967 -7772005764
-66778 -8295481369
-9493 -9555141402
-98970 -5195063186
-804 -4805085218
69693 -7301815798
31706 -8551914049
89711 -4409186228
52455 -2608406829
-72306 -1567209358
23585 -4297951388
62432 -7290602988
78434 -8366756796
-23826 -6067780528
73400 -3439768704
-39140 -6689333538
-36678 -1903524220
-63124 -9061115318
-70063 -4618660566
98475 -9949668627
1996 -6737950567
41480 -6308216467
42249 -7291051707
61349 -7851956264
-97261 -6631508401
71605 -4714434438
76957 -2377573286
-39583 -1474690860
41902 -2252819503
-39326 -7245062606
-85425 -5540181962
49462 -9510240918
-86666 -2694614084
84327 -5980423587
-91338 -6251572563
-58056 329177768
73951 -7756347942
-11115 -558151659
-91457 -4594176013
16167 -704319207
-91971 -8007866288
48596 -9898346623
61565 -6418198670
-68909 -658086265
-22212 -7347886731
96433 -1361010217
24829 -8494528026
87190 -1996197733
-75976 -8415067441
41117 -9192695852
-5616 -63998980
-50698 -215216276
78526 -1217463662
81347 -2010162764
-75203 -4251014695
42862 -3142492926
-64131 -4902109624
20133 -8987539689
-3369 -6315933058
66445 -9944971352
-20764 22884172
-81728 -17350592
-13591 -1522947769
-18019 -7190272568
-88637 -1651127234
-38608 -3223394654
72568 -4571813335
59648 -303766824
-97676 -5297844116
21215 -2639601972
68591 -322931317
24377 -6656482170
-52876 -5891795318
5223 -9610071310
10025 -242722848
-66980 -1293521796
55046 -741897414
-60725 -8094309510
-97073 684171425
17397 -1034016561
86368 -9132129602
49694 -8801052438
41819 -4186286929
24530 -3175806566
16330 -3065487224
73152 -5529294813
-39766 -1124177748
-21326 -9404313415
-60322 -7275513444
-91166 -3689541919
-18457 -5037515929
18088 -3612919242
-46348 -6535861428
-81871 -3916870344
45223 -5246974896
-10663 -7207563498
7767 -4202452954
-44268 -3666326799
48506 -1380345440
-62474 -9871419086
95330 -8566247191
42248 -2895972170
64227 -7726702100
-23222 -9776720550
-17598 -6486339934
35297 -5464136738
13120 -4397349272
65861 -9694890786
66200 -2732951653
-61573 -3667848630
-6493 -9051830214
58463 -7927171225
43859 -3118900292
-23187 -938496327
81602 -3107254213
-59553 -7672497525
-43137 -2727680650
64044 -9107497426
82217 -4045903549
2725 -8847086310
20109 -3013738636
-38632 -2230707360
31114 -9381297703
94286 -4597280658
-77525 -7854004982
70538 -1203737269
63625 -6105756919
-40060 -3192854084
-30242 -6584786857
-34291 -2009700642
-22154 -8398973900
33294 -269093446
95417 -4606127935
-90526 -5944725817
-97312 -6478652179
98915 -866266704
27672 -2646944792
-80122 -4992074185
-82200 -5490677756
2722 -5077732160
8654 -3334383186
-33917 -2078754990
51216 -4402045035
-43510 -2479720543
-56506 -6306111242
9036 -319844776
64290 -9712229200
-22014 -2239505758
11187 -3149144487
-16839 -1368489830
33346 -2502235710
-57431 -6674980376
-9104 -4378026193
-40591 -3729051349
53439 -8109485793
-68807 -8790928358
71138 -9703545848
-11117 -5802926816
-72168 -8386838895
-69050 -7086978594
70216 -8887823730
-94794 -48896379
-93866 809360998
-40491 -2225770251
-91271 -7241666042
-42397 -2838708620
-7450 -1010102856
-53316 -2737784013
70825 -8670733722
-62215 -4538905052
-58569 -6821522170
8868 -2534315294
6130 -2689477676
39797 -8005855874
7784 -2602911476
42309 -5652918651
51492 -2734266159
-85980 -3698850723
86422 -1437386005
-20410 -4744048837
39599 -4091517824
-80214 -867858086
-43454 -9749288766
66255 -813642477
-72362 -107850697
31779 -6557109556
8023 -15063272
-58829 -9616469088
-60106 -827129394
60154 -8378488556
-99957 -7919185761
-83375 -9437125747
33547 -8888365052
-71319 -1545719458
-5494 -4841794130
-54226 -2715756132
-67164 -7650088000
-95162 -1044724405
79526 -3563998525
14430 -1371262636
54731 -4758172867
-81617 -6006725533
-44000 -3839296884
-87047 -3559239500
-76010 -7520765407
80439 -8995424786
-76812 -6080296666
88719 -7460686832
55161 -9306076112
92121 -918796786
-79289 -3734559397
-70378 -7617690967
-79961 -3524852468
59559 -8039862634
46603 -1781068776
50568 -3759666350
12977 -3134672790
-79596 -7660419068
26179 -9333748898
-32501 -9589574106
-11270 -3998518387
-26612 -7762089252
-81147 318367406
76127 -4685144372
5606 -3512365033
61037 -6175795747
69808 -5050211095
50460 -9427653068
20629 -8069212880
42601 -5381099953
89885 -9424320631
5990 -4560138582
-59620 -4934310068
-51250 -7649339689
58329 -2713662308
-84181 -7994655120
93305 -5896614258
-81911 -9802627298
68304 -7043737448
-52294 -3415692620
64651 -3289967978
49718 -9380763326
-49177 -3889510580
60388 -6367212456
-71949 -6831531122
-36795 -1661822600
86326 -3513099824
-2740 -6246584617
-15964 -2797431206
64256 -890822796
-68894 -5126065542
21692 -7968481848
-99130 -2601628208
553 -5875008342
16786 -7410499982
94881 -2764453886
-49414 -770844474
99884 -9127182031
5046 -994424595
75141 -7786824076
-57322 -1276016826
97065 -709148559
45545 -4174374750
13276 -6261997993
18778 -9034641842
34559 -1043636072
-89147 -5507542866
81095 -5209515278
31145 -1523012906
-88424 -8017833296
25594 -4739187474
63376 -5005614192
-25818 -165988251
46354 -3777303955
32075 -8397331050
77193 -7648521441
60303 -9554115796
25653 -5711906108
-57895 -1954223982
9550 -3097254656
12440 -1091400116
66049 -9918930277
82894 -2821468674
21408 -5269520960
23898 -2545059652
-85789 -3316631551
-53921 -2717617986
-51878 329991928
22172 -3743070415
2780 -1046910030
39625 -7336258578
63830 -2372284513
-95914 -8812839085
-46463 -7780444686
54177 -6474767606
47111 -7575764641
-11297 -5696019188
-72826 -5616495854
-37596 -7140160822
-52581 -9912896440
-11365 -370123110
69914 -7470811248
-82206 -8685923740
87587 -1292278585
62520 -6359076370
5059 -1548074419
-59493 -9734372176
-18604 -5700732278
75655 -7167084871
-42956 -7892868936
30311 -6019146294
-80195 -6358062163
-44293 -8471367500
10751 -3045320287
-5973 -1582902680
21115 -5326671638
85400 -4067200765
97320 -731649280
21532 -8733169866
-3698 -7353981684
-10835 -4285502220
64214 -4103844241
93020 -3483230892
-48076 -7834773404
-34007 -7385741473
89576 -5595860462
98690 -437107514
77708 -6946890703
-96800 -7842725996
-92086 -9254288773
766 -1085285995
84085 -5216436031
-55520 -7247359746
-73896 -8591917263
90873 -408511227
-90235 -1723370599
36579 -8105486973
51126 -3429583636
-16440 -8080492598
-26345 -2464802636
3938 -3608974626
13629 -5385637430
-11729 -4574476578
15181 -736436180
43455 -695901802
79187 -7044124890
37699 -4035953624
6279 -4839635066
11665 -757132614
-88310 -8518044344
49056 -7113854884
-61352 -4407458562
-48044 -9074071411
-81092 -349410925
-54138 -1612333978
-17570 -7490003540
85038 -5161901493
13280 -4313772193
-31928 -867613332
39985 -4360813729
-72987 411172940
83568 -6966846933
-3258 -1204153671
-8506 -6338933928
33561 -7486019396
92818 -8982423624
-47230 -3405427500
40780 -4755788462
36261 -9189346096
-92984 -5327505528
17763 -1882963953
58863 -6644812972
-14286 -1166741787
93422 -5136273558
80447 -6201779192
-30778 -7792838526
-66959 -4007257362
25104 -5233510322
-15131 -5609560788
-29985 -4165437230
91044 -8814980266
-56491 -6167404549
-15882 -633295887
4679 -1519184496
84098 -7202234863
-32307 -6714262498
-66539 -1541334818
73533 -2936449244
-25611 -578394532
64855 -2573281650
14976 -2323847295
97094 -9767771550
-79266 -4233781521
-67088 -6351280795
-4331 -8850381674
8559 -9118790830
65365 -3100223341
40177 -5418574232
-34495 -7764805980
75610 -7368059484
96963 -992208135
35751 -1946136100
68376 -1772084728
-56843 -4332994244
-62826 -2665794752
-4075 -3377702670
-64436 -7521806208
27198 -4429046956
77386 -8091065047
41876 -1101878628
32833 -5064791384
-76676 -2399508494
-58943 -4069171766
52594 -476475145
-17152 -4677503209
6557 -3591425592
-4724 -8597687702
43104 -5353092363
-26335 -3105358166
-83995 -2660000058
-53889 -293475808
-92815 -6976507273
61171 -6432468966
-62369 -4853464292
76541 -6929165869
53721 -6555182948
-97015 -1848686178
-26014 -6235968908
-45832 -3821291492
-82953 -2889002170
-41844 -1581745348
-90695 -1236593916
-79634 -7096930028
-87754 -7516437733
-28350 -4837140411
11251 -8295635078
92447 -1460591839
-48028 -4040680244
-88426 -2127440810
50225 -6553445910
-22852 -7632258824
50318 -2830767673
36067 -9819761035
90031 -8234422765
-41550 -5415653348
40729 -9297689041
-19682 -8479624610
75804 -5435883106
-22483 -9607715636
-47408 -7176456602
5636 -8731751658
-82665 -9219133372
-63877 -8304399098
-19390 -556203338
59947 -7144372830
7235 -9097730142
44866 -2601832430
85988 -1456361532
-39700 -878767884
11455 -2099536519
-84958 -5917692806
31142 -3239570156
8176 -5433574753
63895 -5368347721
53588 -3365355870
45204 -8534973442
-23458 -1836417949
97732 -2101947510
-49598 -1438770163
14178 -7124592008
58773 -9327624219
-26217 -9136685020
-71517 -9599128294
-18267 -2880045566
30998 -4256110586
-54786 -9146283050
-30030 -5184284222
-34653 -2911455207
-29814 -3402019323
11286 -4567474893
1262 -1013719476
-40503 -1748061368
-18751 -2332318656
-84812 -1982067828
-13158 19552341
-48805 -6809122754
8471 -4106101884
-25955 -1373422429
-48212 -8318535235
-17516 -9302751902
74479 -4027711122
-97593 -3194726150
-79321 -8348179218
12239 -5132950542
14850 -162061636
78015 -1411185915
64674 -7956954135
-39339 -3918520672
-90191 -6833714965
-57940 -9570714728
-14756 -5560651932
-83119 -8674821284
43377 -845416288
50075 -9855994346
50104 -6092932842
-2021 -4354940167
35851 -7029103574
-78738 -4258758416
-39784 -9507943052
-95594 -4173342524
-14656 -8758468562
12815 -9218030521
63684 -8855815395
22803 -4873865013
-30735 -9849595564
61311 -2932951136
27565 -8607039494
69291 -6826212374
-43452 -1031586129
14967 -5040306982
98065 -6657567122
28435 -3973396958
91035 -8554844720
-95502 -5866938946
-79992 -296208032
84188 -6972041899
-74191 -3352769965
14926 -6590259764
-51715 -8684210898
561 -6961122796
93969 -5162300714
-64889 -7958900965
25326 -4517570216
7434 -9214513365
75521 -2103736411
3414 -96930134
66438 -8683191922
6931 -9953843132
-65040 -8816689197
-67065 -9553309665
46455 -6452448014
91543 -5557772611
-65620 -211036753
-39710 -262907306
-73752 -7822329742
-34992 -3706520042
3419 -966473516
97592 -2659288640
23448 -9809913507
-13841 -3461309894
-24264 -7024587698
67424 -3798673004
77689 -3668714198
89962 -577891338
-1946 -8140199216
27074 -7951353128
85086 -2640809475
47319 -8758770190
-11394 -2321137965
3459 -5234516680
-89929 -5583923125
-28270 -2415035834
-64051 -9051297973
8004 -9384120818
-59538 -3441731464
15498 -3426692025
-13219 -8054460392
-37909 -9699076783
-34032 -7306311003
20516 -1034436139
71724 -1955369428
733 -3841123519
81423 -7076668018
22722 -4649790459
-91899 -2223295214
-54912 15200397
-68559 -6719372096
11845 -6883495082
17517 -5628287049
-48869 -5095330970
-85581 167414014
-16176 -5665822496
-74876 -40406617
62762 -4666295882
9113 -9882331970
-94465 -5274762680
77017 -4233958190
-56395 -8337158917
-55299 -4023839906
5812 -9474109249
86531 -3607058078
-66720 -2750679776
64042 -507971082
84290 -8335530684
-50968 -3788542297
8523 -3584703298
-1354 -5620661508
27304 -1544363072
-86506 -9473740266
-48210 -1826183188
-29099 78878003
-77615 -7122126596
-86523 -9450872464
66533 -8030966430
-30823 -4287248179
-16356 -739356525
-51635 -4925391541
60567 -2103925948
44846 -2171638274
-99960 -6357806630
37062 -6920559326
26428 -138843504
-11488 -885260394
97815 -6032668882
-31553 -1459824710
39426 -9308660612
-19410 -9367862684
66533 -4225583768
96944 -4745250222
-25890 -9690411976
-37519 -537767030
93085 -3691329152
13481 -6428621970
-3261 -1732127541
-89172 678677613
62326 -9381354787
15899 -289744038
56101 -5365447850
-79671 -2140540521
-23734 -3123619
59563 -2399285078
27463 -1027763766
-15633 -9117584618
97431 -6176646154
-96659 1012685736
17799 -2365582270
-63738 -4000404572
-59165 -410658506
-82609 -5607766352
-61457 150434430
34188 -5671593507
-39567 -3384565504
71370 -6513148324
34581 -2967221781
14093 -4201306878
81681 -3326868471
84245 -1379099611
-76635 -9361495617
-69828 -1227298479
64707 -7981121036
79388 -8004470694
66471 -4838004586
-68561 -1126122799
-58933 -8440086884
75598 -1209774054
-95595 -8322562695
27830 -2720895973
39259 -3157974018
91038 -1723966060
-243 -6353851798
13287 -8588869982
-61569 -920695545
-1831 -4072149115
-6435 -4412613134
47984 -5208841544
-12515 -7815242346
56279 -1664616854
70111 -1131005180
-29617 -4121191783
82431 -3288414898
-25751 -5243479292
19588 -3432777204
18408 -6826180688
56621 -8992810610
-76784 -6155671998
-69590 442455364
-79774 -8541982579
-89713 -1787853408
76310 -245831209
33905 -5223674425
51158 -2457124748
-22452 -1466224929
-69523 -480795198
63176 -5684106187
-41550 -6336094388
-43912 -4822340826
-20505 -96101170
24205 -8317868750
53986 -3906273091
97107 -1028332839
-21365 -7823067012
95905 -2123480245
-7106 -4071608168
65851 -69215292
14430 -7878968686
842 -1698226147
-71972 -7679261372
565 -5745605100
43200 -4610360427
83139 -128393572
57567 -5187752307
-48052 -2631876558
-33148 -9638173292
18982 -3270930714
7850 -3620469242
79707 -4091882896
-25534 -8061569948
-73065 -5342195588
97423 -2702149686
98849 -7854619688
57180 -402124336
-97269 -5101331775
37599 -7995481660
14208 -6801057584
-98345 -6664351220
66302 -8099412685
15411 -7728253779
95028 -8543135402
-64813 -9629126821
-28503 -856444329
15189 -4794891927
-4745 -2037679597
-58132 -2128850412
44424 -4916525121
91498 -9474633302
91888 -8949035406
-12156 -1770879604
96086 -5419592202
-8090 -2523766464
-23244 -3993740090
-65597 -8848390266
-8196 -6259986058
-69208 -8073157212
-53339 -1836971317
-56934 -5845574902
62909 -4157812542
-99025 -894378042
12055 -8442085632
-7244 -7929195642
-61767 -4396605682
-79200 -8065719741
-20752 -9710896182
-97961 -6429925446
-83779 -749461021
-4001 -9293226666
-7331 -1880709091
-54491 -7040306954
-54599 -6683042162
34213 -5326813268
-78166 -6986882449
65567 -4187950165
-10093 -7787464698
-61175 -6029110363
-65805 -7640606985
-26344 -5965511378
21679 -1457280698
56214 -6406887273
-10152 -2654246302
90581 -6182314237
41790 -8215395410
75935 -3584158184
71651 -1834656211
10238 -7370678796
1142 -7872734756
-79566 -6123498494
-49690 -4521458060
-44404 -5062945496
-56340 -409292744
78073 -5356479337
83542 -1689025778
-99329 -5903167867
-76985 -7736919516
-78565 -3120523118
-93199 -8179272390
-46207 -5775868628
-97650 -9894245919
29818 -1839586928
12410 -7367075707
82471 -965684869
27193 -2508337830
60897 -9091931427
9992 -7002599982
-5144 -2299998902
-10109 -2890203144
14795 -1947470484
-49496 -7653712338
-14254 -5212197283
-77951 -3566384876
-59781 -128290208
70466 -4786375315
-41713 -5336793673
6284 -2664286658
53250 -621947956
-73730 -5385822446
-29020 -3567492888
-80466 -8542866398
72790 -9002770957
31702 -7654519645
15702 -7961660626
-56394 -3032188222
48110 -860064865
-76233 -2882282584
-70008 -3465183902
-83814 -9994792371
71591 -6298674385
-42987 -8990515360
30987 -5429739
-57684 -686015001
-50307 120307094
34277 -2545018110
67286 -4790762958
-7239 -4329946514
13899 -1008523455
7174 -8517256957
-63772 -8965318772
31716 -7813454846
30917 -5170459244
96392 -6669737882
-42130 -5450769314
-13654 -7720086950
-3748 -1947386268
-64301 -4897411190
17004 -4940264056
69471 -117261568
-38376 -284045085
-94679 -3374361668
66383 -9661025528
69192 -5109399832
-26317 -2388380167
43335 -5715548692
-72417 -5176067350
-87386 787926760
-30570 -2539329693
14271 -7938334131
44249 -4826059308
66182 -7482237055
84794 -7889002508
40326 -821601909
-61057 -6585822181
12002 -5274335905
-20931 -2616832785
2890 -8154757782
63069 -5040997089
67345 -9372385250
96109 -9318456433
-93992 -1146505404
-41992 -4892044998
-72594 -5222406783
-70190 -6547163216
7889 -5709218918
-25929 -5244082203
-19276 -8343036787
30461 -9238595161
-19165 -4081243586
-47670 -7774625726
36205 -5000545339
5311 -7303812410
74239 -610679600
98672 -8433542965
-95690 -9877402315
95023 -8797707356
34572 -8663361470
89768 -4476031860
14002 -5600914668
-42916 -1222237926
33581 -2620495273
-39339 -4648117480
-59576 -2341256130
19755 -5327109410
-43515 -9043449464
-10512 -3948925197
40097 -2761175132
-33655 -3501300
-63111 -45823335
-93371 -5686215828
83556 -2337008319
33787 -8882477132
75166 -6031508928
2608 -3070765812
18950 -9014548016
-66317 -7804335768
-20149 -8129131478
-8924 -2499426337
96212 -7047508862
32655 -95722688
82291 -3184591614
84650 -6841860206
-65765 -8258074159
35893 -3426443611
37969 -2516697266
-1252 -3718627375
98380 -7600645362
-50113 -1927055378
89205 -486182997
-6233 -299581602
29948 -5486064366
-76063 -2068328768
-50362 -8537490895
7259 -2588092489
-73092 -4677360255
87339 -9080613244
-18678 -1496626024
64710 -9819921542
-70219 -2723510329
-65964 -9477342171
-86271 -2794068218
3705 -535980776
-34841 -4309080499
25415 -8431182596
30999 -9154737746
-97391 -6824151013
98205 -3278665184
-43976 -2326439040
-20213 -5165260490
-93737 -2232603608
47175 -2255777044
92221 -2278827475
-71489 -310622316
88638 -5830459792
-26349 -5661446901
61359 -7990916624
-85883 -5650446865
-51234 -1331313820
-84735 -8001405716
5614 -2368091478
-67553 -6511757772
-3573 -6433055835
79631 -587149148
93108 -3825132398
-74398 521808444
16445 -9280905391
-57531 -289080171
-98461 -4821244008
90148 -368591538
78533 -220083036
-61333 -638764813
62567 -1278851077
-54518 -4310321048
-58409 -130902212
12563 -5819770291
61760 -591553346
91021 -5679817908
61192 -9193036646
-52124 -2787312601
48547 -5810903630
-24210 -5588879060
-42575 224761074
71857 -3969080426
97923 -6915603465
66956 -6651627751
-89331 -6317475812
-18310 -7103928565
439 -6725529984
-43114 -9542451434
-99732 -7261128970
-383 -8448862525
-94069 -4645720934
-63692 -6292825268
8374 -5833480206
-23949 -2057941744
19988 -46910106
-33605 -4362332563
75926 -9417868111
174 -2095217672
-51301 -5025726150
-38821 -8856744588
1213 -2759856643
-23940 -7156264160
85468 -6526626457
68352 -3284111594
-66191 -2465877505
-36062 -5395228076
14280 -1296088292
29398 -5088421213
5634 -3695129169
-11631 -8824081060
57387 -5816173250
87577 -1759220720
26826 -6795309506
11792 -4566618344
-34448 -3029523516
-96695 -8406807884
-91089 -16614124
-27984 -1725732464
-54442 -8865289483
-33054 -4576291833
91248 -8041575044
-41222 -62843665
-83286 209056509
45436 -6822973958
24813 -6090974529
95064 -295416044
77345 -1320820464
-56232 -4467462952
-45262 -5513667062
-94080 -5182381496
674 -65567936
-84345 351199610
39476 -9094345778
91825 -3313510220
6769 -4463068316
-75396 -6546920631
-79983 -5709904059
44852 -7073777702
92599 -2777302754
-71337 -6109046770
-33160 -9404951420
-49712 -1698654032
29269 -8471296909
-56244 -3702563834
86801 -63910184
-21098 -1303084160
59134 -5257029187
-13881 -2261966655
-4459 -1478830152
-41947 -2657138186
46286 -8861327222
-63567 -1009113776
-44053 -6689396479
-71900 -8582017142
36903 -9370630988
99749 -1234117560
-57793 -2403043909
20585 -2526399211
-88411 -694198069
-68517 -9933790203
41363 -6229872703
-57721 -2426807034
-625 -1110157513
51917 -9753291866
-26630 -1430108756
96399 -4845980499
17320 -8953117519
-68203 -9908173531
-98585 -3507356803
67074 -2069205428
-57391 -3547816884
36400 -154085311
60727 -4379368368
-83847 -598429850
10656 -1138982456
-49811 -6387542846
-99498 -4882064823
-22614 -8726408542
40980 -9446884095
89187 -357233216
-39390 -1984389027
33162 -2096965005
83473 -4538212344
-53198 -9547274071
-51257 -3123285240
26628 -8906933726
-43701 -9232395459
18556 -525634555
-1389 -3721356201
30434 -3717759210
-40052 -7219367689
90709 -1181443622
-82326 -3213318874
11806 -4024726729
-82051 -3177548484
64220 -4538842856
52970 -1786673774
-36266 -1623538471
-15516 -1796123853
-84258 -5221858311
6458 -1807315788
-68205 -1446559996
38718 -1788837706
-93883 -4263657180
-13055 -6319818721
13123 -4478918376
55548 -812001170
-90817 -4454221860
-28609 -4302566335
74216 -248461490
-42310 -9810025998
73539 -6033214551
-87868 -1099317404
30330 -5418583185
-79543 -601612296
-5328 -9764545287
-338 -8227751118
-17993 -779839520
-82412 -9810559298
31417 -4093233500
37725 -7150239376
-62069 -8599584157
-94757 -8213115955
-58419 -3945878187
-65933 -2857891446
-55933 -4698170491
60515 -2353133851
4915 -4479204636
-91041 -6287300942
-48939 -7321889547
74211 -1101748264
44051 -5423126988
-79594 -9242601133
-2867 -524789100
96767 -1494798200
-28252 -7187286716
95649 -9869667579
-96720 -5164499980
46867 -1870058070
75973 -8699746974
-51208 -7188527408
-56132 -6907683223
37222 -8350946834
-84120 -4424501672
62143 -8580654450
15169 -7366295094
-78281 -3099949178
-46519 -2455620078
82148 -9324639908
56718 -2823263804
24292 -9519746414
-34204 -5942990155
-68310 -6032159589
-92495 -5514978691
68186 -9920589240
-75522 -5819833624
14148 -9355707573
84645 -1618268037
-39887 -7321268599
-88775 -9863060478
-39551 -8609604649
-60639 -756477118
-2577 -4693839159
72960 -2350222006
-58740 -8218536146
244 -1862434748
69846 -9465321885
-17123 -7447718444
-98798 -7825975447
34114 -7520529608
40787 -3039307993
-1 -5945873310
89748 -9801530752
-37721 -4340512399
59633 -7273977114
-33112 -3654936918
-77395 -7776986270
-19630 -9237369756
17447 -3198804109
74962 -6925668584
-11118 -8300357812
47072 -2215179516
-84585 -7823204644
-64365 -3184084173
70526 -8089694497
-18543 -4579211666
-79106 -9499609644
31875 -425477236
-78594 -9308364032
81277 -4194765481
-86682 -7857458386
85442 -498215767
82077 -8865419206
-10209 -8548508048
57583 -973322502
-62531 -8163193825
-69319 -6607343478
97765 -4116690667
-31115 -9335692064
75044 -4871855634
-60849 -6686994566
-98807 -7018028275
-26592 -2767204694
-60795 -4883483373
-99113 -3759346010
-44489 -9202431230
-60664 -6833587747
37965 -8548794980
-49340 -9211181016
-7499 -769656139
90807 -3352388499
64741 -482399226
84757 -2282021089
-74331 -1229465428
24168 -7675889260
-62846 -2787751
-83288 -2393627790
-22822 -5800226881
-87871 -5792067812
-72946 -2577835286
-47658 -5133986026
4645 -3681736646
35851 -36122406
30192 -5558895002
41669 -1547397348
-11912 -6230488663
-12317 -2997604836
-3079 -7558708453
21794 -8291143903
-42129 -4939525220
-61693 424721862
88592 -152102946
70576 -97432987
75526 -1702131139
43509 -9016865259
41188 -3481777405
73902 -7671934869
94537 -4854823951
-84172 -678549534
-71974 -6431088452
33020 -5535872846
-64602 -829354371
-26879 -3182916464
-8057 -1656392472
61955 -6416863944
-27603 -6135340785
56405 -4661860686
73945 -9247477158
25685 -1190114209
-80994 -6094384994
-35057 -6452842412
85015 -4528500372
49734 -5368580954
12197 -3564777308
72075 -4458037245
14720 -6015173054
-72366 -7208131167
95289 -164216296
60471 -2294754188
-870 -7118929418
-82517 -9268247154
-98761 -8170190521
-60388 -1952238294
86933 -8013756558
-24991 -7010136132
29292 -3522731391
-21423 -9492394371
-73549 -6508117753
7083 -3089660888
67050 -2538933117
-4884 -1000973686
84697 -6828446886
-3234 -1224057254
23022 -6597391456
-62435 -2028636794
-99444 -733294448
12284 -6833230567
-51041 -4234327784
98857 -8075255906
-4965 -701816528
-41925 -3781805217
-16979 -9909708523
17245 -6944600804
-70348 -1430239628
-9819 -1166663907
34459 -8469623634
-32104 -9451243416
70119 -2066842706
-59535 -380271424
-54193 -222175309
38107 -2882583181
-83811 -8558240426
-39816 119992725
-16343 -5342137146
-48927 -5727840429
-77743 -4180684416
-64305 -4281810057
-8511 -7640405230
70588 -7085113447
89085 -2321713779
-87259 -1404806083
72317 -5383744928
-87448 -392606946
5424 -3248520356
8141 -681103627
12661 -7375338091
42475 -7324047060
-12926 -943291952
52804 -5979174378
58850 -6515671771
26873 -7075211935
74534 -545293208
-75505 -3552648133
-24345 -8910212504
58796 -6550764091
31543 -1112450299
-49393 -3948656090
-85455 -1477449764
36001 -4621279968
-30371 -2943656570
18824 -6174111998
87505 -5559295964
90698 -1146016554
63015 -3937374604
56019 -8442869145
-82943 -4911947137
52037 -6810258583
13063 -1656733064
-8104 -3057479958
80678 -1873916125
-59294 -5238720752
-93648 -4692654219
47010 -6472629285
90906 -6329209334
-70189 -2742871884
-41890 -9657396781
-38651 -2452590926
-55439 -8620272900
59666 -7817782843
82808 -9781391538
-96542 -3330557336
19140 -8287055656
22126 -1412785374
96528 -995579090
-19372 -8672605477
-26825 -1570246724
44419 -5668736970
-48273 -4201752182
-87992 -9486804930
73242 -4186817457
83862 -4343087330
62825 -7883702478
-59010 -3208126606
22956 -6651188048
22542 -811659956
-93665 -1909469233
70127 -3522093860
13312 -7347821430
70016 -264328050
-83306 -5927108047
11117 -4530849362
5771 -9015774169
8560 -4887255710
62069 -974399256
54970 -9613761685
-90433 -1912911589
88652 -3139740775
-73227 -5254377682
-88403 -2133104540
-3060 -6591969622
77421 -9784284410
80121 -6724099197
-23442 -4516085630
-53795 -8504418338
-51441 -6386094399
-40444 -9980585990
70006 -2657475750
-61189 -9514212439
-40000 -6678585032
22762 -748785289
-35113 -6628209943
44735 -7671262921
-70369 -2300039568
26558 -2166960896
38684 -7098595950
70745 -3119244428
-13329 -2751943406
-31381 -2415624912
-49659 -6463131237
79261 -2646152172
65946 -6625522065
12005 -9466113050
-21714 -8758770465
-18387 -8356635622
-86704 -261009050
75334 -2609359112
41134 -9019028336
49612 -3357778507
-30423 -5618407028
24215 -3012537080
3194 -3464639107
-49850 -5704987776
57373 -7422359084
-30223 -4523090546
20665 -1177366069
-72366 -3250775217
47998 -6360021126
71714 -2670453506
5245 -7086326737
25504 -9056988168
-8469 -6744570321
-80488 -3456359839
55920 -3278601038
-40872 -9476277650
-87045 -4025090337
85796 -6190650613
15669 -9752715069
-84309 -8004553556
62000 -4429918009
2810 -1981552070
-49820 -6060885253
70998 -5785334572
-54313 -8494047487
-59852 -8099190697
-52077 -1123149375
15685 -8680133610
-4216 -3160859292
-64530 -6818345992
-20526 -7057671310
96374 -9954275934
80897 -296267738
-76862 -441260060
-26797 -9158328187
-75519 -7323459740
21620 -3373987442
-89157 -3491140628
-46713 -9996033717
-85912 -893889956
96440 -2266494769
-26585 -963773209
-30008 -3389940638
-89498 -9689169290
-59620 -4444924675
-62794 -4214504941
-65893 -6870549271
-61267 -9533156149
-23010 -8450374576
61721 -3017399652
60280 -8799631795
-35898 -7309526338
-99916 726522622
-76336 -8888748625
-88495 -8794354758
-92782 -381159786
-59597 -8858448486
-4159 -6674848808
-56896 -4240788248
84221 -1694945408
47913 -1521768748
-3937 -5067779563
-30137 -5884831405
-1129 -6398235109
-32584 -8311856336
42870 -8015634806
-10576 -4199668164
-13123 -9990671071
60865 -9552211124
83735 -4586038352
-15815 -263264820
-76083 -9649983741
-89586 -7842820336
-57084 -1050632704
-90639 -7807570148
5801 -47459420
-84052 -3724899775
2726 -2941081435
16582 -4564511730
-57475 -1219457383
21602 -4243297291
-2364 -695524498
-87435 -6391388463
-91157 24739912
94931 -1357271005
41622 -6471413960
-11886 -7739701234
-90427 -4415017358
-91322 -1782245761
-86617 -2283904782
1923 -9727970301
-94102 -8173663776
-5151 -7102347201
-7889 -7071646381
97808 -5946352447
-9792 -6814895385
-2184 -3168813656
-54333 -355936810
-89607 -8502174345
-39048 -8702674046
25268 -2066107452
86099 -9029859354
83857 -2533426770
-9081 -5927246156
-76902 -4050473307
-79261 -1846908157
98056 -3214346798
-40294 -8023517262
32226 -1112011971
-85799 -9278331655
-53313 -4431827889
-90566 -212559217
-11604 -3838897990
-71374 -8667506232
-17381 -4389555584
11376 -6305240397
40024 -7852971391
29489 -4274140338
72247 -1418541294
31863 -3615098247
77744 -6492464360
79785 -9818860803
55039 -746781980
47214 -2513431430
22921 -1317081229
37596 -6710146354
-99975 -4066748942
3174 -1622120108
52132 -7548867187
49978 -9211763274
8301 -2384609667
14907 -5560309868
-46378 -9587041952
-24954 -7365555796
2830 -9359649110
73368 -114810549
84050 -9197396960
9566 -1114779475
40524 -4693132732
72462 -5887999125
75326 -800860045
-47222 -8729817758
70444 -1072729495
22635 -3478275813
51551 -2179831622
29681 -9808614620
58234 -1051188589
93491 -5057239064
-34406 -4411250257
-82871 311763670
83931 -8152738071
88060 -3937259166
11516 -1918706178
-59078 -2756061734
-12707 -4700380862
-12450 -7967489348
56461 -6024734281
20543 -2062744836
-83585 -7144795063
9474 -209241890
-91522 -2690344495
-96470 -2107851636
19150 -6492847393
-8381 -3662756419
-7681 -8642834468
-77090 -1058678478
-66168 -4892730994
-17390 -3778056031
-5514 -9492007222
80848 -6512605860
95126 -4706572436
-14541 -1940678570
-24928 -1144967268
5668 -7552812008
83129 -6472589269
-59109 -4486896255
35098 -9660205436
-5105 -8618062789
-96726 -6659952957
-41187 -1562125053
35577 -1718521522
-35029 -9002125644
-24902 -5688839286
63529 -1958545566
-38007 -6221009343
-10478 -731800195
-80060 -6113860856
78511 -2374623524
15122 -6038856288
69255 -1166679080
-21295 -1148612630
-524 -3395723257
4096 -3949738154
91223 -467127752
-2736 -8141544735
-18690 -3325869356
-92643 -9368800292
-53895 -3219392372
43987 -409698121
20684 -8194256814
38092 -3864807859
-51953 -208591795
70046 -9175213099
644 -8261369456
68924 -6626131304
-3227 -6368873016
95624 -3632719254
72347 -1301187164
42704 -4900825998
73850 -9568114952
-5603 -4740203990
-95126 126461938
61892 -8290812415
-61087 -2488917049
-70092 -7934370188
75043 -6985275788
-35979 -1074911061
-22996 -403287787
712 -3108229802
58805 -4042295648
86494 -7250821866
84316 -2684369756
-11504 -2392097690
12623 -8504620663
99544 -9244501998
12619 -6328309790
69808 -7750830979
-56856 134300384
-7329 -6810736780
55815 -7072899454
-33201 -1345774659
-18693 -9546996874
57685 -7790678461
86050 -3781193623
87520 -3454186944
43316 -6140670386
-44474 -2954045599
31606 -7498548386
6526 -4120988826
64976 -9025646731
-13956 -6735533032
-26818 -1102999248
69596 -5583979994
-47117 -3211396777
70384 -8218366920
-54421 -3625164841
-9248 -9762992868
-72010 -3714990842
-33790 -8179373084
42415 -1172802978
-83933 -5068371722
-84282 -4623022917
77427 -730731662
-41421 -9996304054
16718 -2480389465
30296 -3072417865
-4424 -2765827021
64323 -8326739655
86045 -9139258872
-11148 -9106136331
-53141 -9328065174
-48272 -9917089746
85502 -2584455836
43353 -5656247944
56729 -5009071068
21065 -9362031535
40740 -57762430
-65851 -8293051976
7680 -367418830
47636 -9055792982
9469 -5785909219
38091 -1099534581
-77726 -9185570587
-10005 -9524639697
-91884 -7535947178
66217 -4631042922
16034 -3555718747
32593 -8242705783
16482 -7403374822
-61022 -2935635152
37708 -8204795172
89092 -7103990611
-94775 -6047786492
41275 -1595675748
2106 -3873694946
54754 -8567566308
-94685 1108167023
-50615 -7308733704
97122 -6038258852
-87076 -6311576846
76017 -1207788147
16091 -762210997
-18885 -2638163078
54611 -8211275084
-5983 -1844292936
25394 -2715656803
-57082 -289201675
-76104 -8635234886
-54312 -9648857601
-22189 -7277179020
-5272 -8763376627
-27545 -1030142545
67186 -1602943987
-11121 -285609428
79521 -1716933747
20671 -3597189516
-10187 -1634845075
-66483 -3770196753
32358 -6356624720
85069 -4666418701
-19316 -2671062548
99642 -8666005425
-25175 -6991298545
-35909 -522337675
27070 -6631120766
-3196 -8567260490
2969 -9771181135
-83160 -2319721131
-81607 -6452775630
-63106 -9723542083
39066 -6515732992
-40901 -4104057446
50608 -8810750395
94503 -6117632516
79722 -4543943776
-1839 -5110668716
-43509 -1976152023
33770 -9793595527
74207 -3023569662
49012 -4877368766
15429 -4287361724
-43749 -1499321391
-60772 -6455031319
94193 -7914959744
-30470 -8268542144
95339 -4984801310
-24692 -5091404552
96310 -8009784679
-89338 -5494536668
-70239 -2418110722
-91498 -8768329585
-7350 -4523683028
31343 -861611906
-4013 -5737907221
-36050 -1641372710
-7886 -3597939024
-44350 -3616743469
33336 -4452099526
75800 -3374754985
85868 -33899538
-60685 -7269440533
55685 -6835037479
-78285 419487832
37468 -5032801183
43285 -1298512062
8483 -9553686548
-67217 -803228299
-82182 -169618582
-98472 -3126816236
-89771 -6066871644
2116 -820879747
24045 -6824102338
-97505 -185581675
-82536 -1381940361
-40196 -8801013840
-46592 -5321490560
98091 -12646935
43975 -7059821340
22269 -4392113936
-17379 -5892252802
11262 -8556216776
47769 -9622526115
71035 -2264249892
22749 -4352784956
64130 -2451265333
-62805 -620583830
-22921 -2823948535
84532 -5364028176
61787 -3150182702
-65338 -9151661365
-86913 -9407970903
34112 -6926634678
-19144 -2140017900
-67573 -6428118403
-81073 -5729082038
-59300 336626489
-25363 -9559573074
43487 -3683540677
32277 -7191253022
-37692 -3773428761
14775 -2997077211
50638 -895984344
91546 -2918021046
87829 -6393196152
-12760 -1000801801
-93754 -4830644923
16898 -9583856022
30174 -5585009271
-58183 -329139516
-19719 -785567146
-19789 -8760590210
48503 -8978122872
-59684 -1170021565
-76053 -2523850664
-99988 -2133034076
-50002 -9566620518
-92584 -4290430314
-72427 572127508
-33921 -8428893022
-20963 -6385028558
63871 -5848133370
19056 -7072990587
42767 -4843257038
-58084 -1154629117
-37853 -5836276238
-16446 -2373069088
63862 -6159169200
-77367 -8026804192
-976 -8087458033
-9285 -7929527780
-46038 -4883415728
-33921 -2964602440
38541 -6279604504
61259 -9198148603
-85437 -3580734692
-86374 -9472048674
48459 -3238516772
-91742 896695727
42102 -6771651430
-46646 -1439966215
-40933 -9575488009
66028 -6338389867
-82704 -6766671976
-8348 -5644398692
-64316 -7693810608
-98099 712078930
-18694 -3357808952
-26182 -6574199209
78737 -2786858780
77065 -145716084
-99553 -9970355316
50981 -2332961244
-42854 -5072014002
-70282 -1349514974
63450 -8707852905
34880 -5374303692
63559 -3742434421
-43603 -1349248736
-17545 -1092740136
26003 -8710425169
-35983 -4749568958
31396 -4576600140
28043 -9058992848
-10610 -2098012082
3168 -3009206728
-50961 -1127418358
-77661 -2996956731
19498 -3289652514
-67586 -8688610321
-67511 -8208879073
97162 -1084670647
40763 -1863496814
-82044 -5441000912
-207 -4102039192
29882 -7345545348
-96175 -8963567047
-96696 467067556
44184 -5122420916
-83337 -2605495996
44478 -5113433260
-32512 -1741191091
-32204 -1695662940
-75485 -9226807147
-92101 -1995977671
-28778 -6378807528
-20067 -7773360142
36932 -3875417120
49635 -1688757508
75305 -8513023086
-73699 -4330140684
22803 -7085332396
-5759 -899586398
-73530 -9807690554
24664 -7410797328
-53963 -6602367967
-42581 -3945277056
21219 -8031126333
-32173 -6794811722
36318 -9023057620
20245 -722778752
-1525 -7345600326
44855 -6108589297
46200 -305626712
-13398 -5126822744
-82517 -4913363316
50597 -7971091195
-24043 -7054554115
-49739 -5941084764
19064 -8522039274
59496 -5112477032
53849 -9410778169
89244 -9317289182
84021 -2344220182
4679 -198800653
-15162 -233368431
-9884 -3387636732
-9204 -6683315085
84087 -7597818597
-38534 -1095639458
51304 -7836817134
37553 -6880014871
66768 -4031319022
70350 -6736122153
-28706 -8574451700
88713 -1950651224
-80624 -5924780664
-2556 -744140260
11707 -6696989827
-30785 -9664475630
112 -4551945846
-78043 -5632291933
-4613 -7331897198
4126 -2629625178
-28674 -4981890490
-82726 -4658790426
-94252 1030959720
15058 -5293732530
-23048 -9788876664
-7429 -765894450
-97847 -1333980420
-72313 -3454689799
50338 -7152912978
16732 -3641597202
51448 -4342196684
-40406 -4429209716
89839 -9314439474
50032 -1747400467
73393 -89138600
-81582 -1863950739
-56311 -9661222878
30331 -5921039250
-92630 -241618603
-14189 -2420115266
74776 -3244851896
1508 -2344340460
-37041 112152279
62130 -6804277370
-64666 326432130
53515 -3948606722
-51238 -6648866976
70969 -8677234002
13110 -4423515368
-86963 -6018847596
-29245 -1746270126
-95271 -4135930768
-97310 -5803927357
-66941 -6683321538
97981 -2001247470
29133 -4080168914
-69309 -5684179407
-21082 -6634893366
10905 -5141613676
91098 -9143881378
-88487 -5396329644
82160 -5625995832
21519 -9010210162
-41792 -8762793258
-70192 585717370
26257 -7751723660
-81193 -6922712316
-59303 -6965003276
-47479 -8380863476
-25924 -2032884714
40553 -842383778
-2648 -633932707
90968 -8124991616
94185 -2625725392
-98351 -9883302168
-99990 -6449837691
-86336 25529128
-12185 -3182866656
-1212 -4615531798
50910 -3241370624
-12963 -1176158602
91341 -808591929
-65911 -678276463
-83153 -6499476656
22543 -6485631810
22713 -951086306
-60634 -9092023321
-37328 -1514376050
-67219 -9220002506
72637 -728322704
-55267 -1369835382
-42892 -9002209118
-76400 457142645
93127 -9331489218
-64954 -724444748
55233 -6136870072
-60610 -9972105649
-73173 -934320303
44242 -3303061057
-92697 -2553424900
-11915 -4133370954
-11225 -7436983760
-53101 -1400224081
81416 -5631944761
85885 -2698000514
-66893 -2732624130
4730 -6520464991
-10003 -8674333507
-41723 -9364073580
-70503 367614915
-54766 -4308220033
-86079 -1686052750
-97131 -2560698400
-78120 -8230647303
-62046 -272842317
-45201 -6664747659
72034 -7732554793
-69479 -2051944584
54466 -9525090608
-54763 -7775713962
-18127 -883542247
50639 -7913897468
165 -6423887756
-77370 -1520018138
-7426 -203126269
-49695 -9487269712
49803 -7120698801
77690 -8236372141
-37261 -1523346252
47555 -2146623288
71604 -262968843
87850 -6025460808
-95260 -9878659044
