76677 345183150
64192 422570234
99793 296347208
75404 183785678
99130 985208726
96858 339073980
95210 582054356
93866 367200032
90686 76728146
76976 53021210
86574 726131592
84370 117606056
44851 219586544
52038 296854158
77508 300570696
91366 627079448
77102 269233982
46240 18215666
98645 1057207538
96421 615880352
83315 6004904
25487 28367474
75626 448331150
79751 463740470
55440 219253866
47670 177799380
50162 161860358
95347 1123312232
92231 343176080
94082 714060002
84940 4056134
55846 97129412
49032 63835650
54255 158418984
99357 1205481678
63501 146164590
62948 89145686
87215 288693692
73918 624110384
89150 746430146
86553 533986674
43894 166848788
84898 625225856
50891 152952548
71695 222168074
71279 561556838
99074 1062629552
40512 17686740
87057 545994462
90265 998639012
85163 314611700
36918 165890478
87725 733852028
97914 310048362
78365 149486804
98961 506019996
41306 168523886
99333 577391310
93491 59231000
59065 246857888
93710 131107508
99997 471353204
82453 35269664
83369 356951822
95873 740977214
34285 43311554
47010 78197346
69367 515630174
52170 192667518
59844 1142790
89453 939974822
98453 747230630
70891 563995988
39479 150019178
58301 380955680
42173 18144236
89045 149521814
92476 395784992
99245 235388900
77063 250659986
62409 158485068
79665 385496838
77218 590295962
54725 277065056
50282 129774098
68711 512353508
33518 115604444
96918 305283552
80751 637882302
47070 220835886
56722 21842336
96845 88888298
89565 256636878
77981 151189628
93026 238689902
23173 7966862
72532 636877958
92709 962766402
9527 8594396
95203 227817308
50283 8998356
65866 523718168
82625 748594226
97074 481910268
98332 44688230
52957 262577468
95487 781384104
83442 93378780
51042 150376350
78673 529168202
90750 412985994
64116 14693568
96529 327626492
79605 427677702
92748 364658424
71750 377980358
51192 191448012
96526 408937376
90817 183827972
72609 308084760
69062 14212856
99050 42165908
95698 455042198
77203 655465340
85759 700391306
84233 740345558
57209 173037338
99501 572976036
88513 169304234
76227 359609928
64606 87094916
81104 495884468
99718 660608192
60878 385849844
82911 772489794
75678 662746302
90305 490129274
94289 366381050
70490 185077316
51332 207531254
72593 446690336
58002 409454634
99969 443483664
50201 177278324
44670 19302816
77017 703394144
94806 761508060
56661 137625414
87946 178512416
92556 827279070
69357 1010532
98993 934598156
74981 676032620
96597 72366210
86639 773595530
99274 1041847712
85530 811387704
51687 310857204
96869 520280198
84245 855324326
90536 121235666
99170 6313826
89890 769325288
93362 665265008
65549 309020546
86179 924309512
97131 459629460
94809 915354588
98707 65042084
95375 639772586
92758 146149250
52653 243778842
56479 176093636
60479 241467626
85608 781631538
84256 115493156
39267 189463692
88869 693946860
68046 489625920
37575 41600610
67319 51672710
81271 651560150
98134 930772328
98174 512988308
85914 11878824
58825 426348188
61569 408124242
95270 474226718
66281 532817450
20282 43406696
39976 64124210
91161 596170080
43526 142570406
58192 387474194
90814 1005492338
46886 40369208
97659 655628028
91926 424352790
86669 386883368
48195 116879412
99167 306248702
73968 365645388
68476 6121934
28298 52488152
80605 61831364
83849 869776928
68074 451149974
64249 417831380
44249 153904016
47279 56182826
70325 348870356
86486 584831930
61905 18497472
96437 78283004
97874 37229960
91913 8323592
64161 505653060
71671 556566938
73261 356953544
68686 198551090
76003 529847612
51247 206240576
43122 213830172
58724 110599478
93890 863110538
98734 445342430
80066 76177304
87653 845517746
85234 170548496
92129 563014988
91775 51276614
70173 31919550
54073 27639548
89353 114231032
82533 473606862
75687 540928446
75190 76551176
42797 198813260
85001 215006732
83898 683565138
95885 445874132
80461 28487162
58582 131476514
56018 365666780
80803 663997868
98426 1129924838
98469 53929818
81014 735699908
37634 17238878
53388 81298008
91927 505266908
98118 517778082
74226 110688876
82821 418563564
93769 195387872
67623 82817508
81986 812953166
89327 189476642
58914 152302596
96789 646601016
37801 5704376
94445 888312080
84081 324349056
77358 434715438
17341 11915198
60687 260642286
68647 470969252
91642 548019026
70023 477760026
34323 81945216
43936 185513138
64330 496440566
34891 82864820
98978 575567408
44440 46361642
74875 614618864
92843 1019828084
63655 410532872
89671 146452976
92695 548266910
88759 817578668
83853 675278088
97007 597163658
91143 144293550
82786 709812554
80757 268563198
91373 681381140
87646 261869342
97401 600955986
22180 7548104
83813 300168332
87398 625018010
96482 813229100
85455 604841556
37965 51029310
92373 903242424
68119 152020820
55793 199107086
64666 500374718
51855 192665292
55953 354105228
69061 537312878
94491 906637608
38894 106926644
32273 3663434
53738 9009668
46616 248211410
95686 512497928
95142 119494662
74936 203608154
95450 860961752
75470 338225594
56855 399105542
68574 56532396
34121 749780
94473 577974342
50447 126370004
99230 937616978
89406 874052142
66685 302823716
91385 821431454
65271 122768298
81318 462295620
89614 926844308
88687 828709688
37871 168436364
94615 451851506
26190 20412666
67265 546622190
99503 122963384
77145 668652660
86737 879773372
41923 76154756
96918 788511426
92271 573468120
39605 176866970
66113 201247688
63446 401900468
74646 197991468
96525 187731054
79565 450395120
71830 602668172
98022 1193603928
96467 889370216
96752 987699914
97576 217895876
94670 269302364
87975 48319734
70242 85574088
94047 597670308
99917 311360042
50243 105404744
49977 300103860
84527 126821366
91772 948621182
86646 257105586
75875 48336752
99298 651502520
81503 353543336
89375 849321176
99014 85540562
95651 61707164
75781 249311408
89362 599658602
93913 621209570
97775 516434108
88353 387291684
59114 206901236
91267 76543208
90946 390608150
50499 17753928
95293 350001710
36833 165678326
97666 564158840
78476 262660256
82877 254488700
68741 571406324
26929 41371814
73517 593143820
51090 283353798
62525 139964960
83858 229668968
70121 506471480
92922 410340828
75981 442336242
52884 15509958
76047 646300620
85842 462669612
86904 16803066
86634 794424696
72332 141835358
64504 312384212
97284 403783422
50057 147600452
99194 1142949986
92220 893393910
80889 402252678
86095 789255140
79253 680509718
90325 474201188
90053 482600594
81710 407323682
79761 663000186
96951 1133686338
60186 279046632
49314 68038578
87255 98737344
50042 160158434
72199 133387970
79051 354939356
34918 68694278
63639 400490100
91201 611936594
85974 862008468
70246 598613912
46845 7327908
93093 381912342
56081 5440136
75347 581325920
85401 84488652
95692 427711616
85271 180924758
95817 162443940
67745 454320866
55294 310777376
98489 5472776
81167 368254106
96486 1085077920
78948 462752424
48136 100697012
62735 96320570
88094 855312746
37809 64254708
43158 188341326
84863 347430626
96765 91969806
48529 150653192
55549 103580834
56694 64239798
96137 973764638
66681 290526864
50180 222841736
76462 546299024
53690 84285644
69431 178697462
96099 601549536
78985 579082280
59778 29754636
52235 213514196
81801 460536576
91845 1043528310
94722 54603384
98290 994718186
95266 639983870
98691 798755220
86682 143999016
78612 414123870
83809 491527082
78597 55146402
71253 555324030
85707 13247028
81179 655008464
40790 177349736
11711 16720514
89469 343033794
53325 30057414
77313 316289466
98114 1038135638
89189 56069516
74028 509694534
82105 327475082
82405 612494882
68674 508030004
58533 223187940
83191 390100046
26113 22579772
65530 348355268
61582 159925364
63425 291201884
55010 65444000
90905 362859716
45501 28612326
99166 1189720994
55258 283101170
87457 589577024
45335 207631652
93619 805254920
99140 1109986328
81815 548594
62964 432734736
84696 482162052
71877 168844098
80195 532910828
78253 521345378
45606 87601674
66997 506306588
64446 181854
42751 67700564
88359 280811406
65330 81610928
34685 21643610
97320 790809570
67809 206323662
85725 861160524
91993 588704804
91360 378235940
54521 104028776
86901 157676514
80494 507198836
84378 475217562
93126 745770888
84767 794537804
89149 330359096
28703 51807842
59936 335519210
66204 321446832
59102 428959406
99981 465304536
72941 291547346
95706 933919848
54087 25310982
50878 26009942
71257 449967668
54301 281708804
87181 434349014
98684 1119510872
94879 765269528
96157 1131596084
91139 960258200
96393 1083615624
78521 566848688
97951 949029098
64023 509551770
73911 218153676
83426 270007922
77522 147227174
44206 23575196
58047 378821898
65250 486970398
54023 334629500
53967 261936696
75549 200069226
29048 11020898
81531 638678844
70793 365761100
78583 350171822
98676 436753176
60545 446310386
56278 93841772
84100 617650190
89512 911968148
92457 387214284
66846 32950500
39516 57833328
85915 419701832
41936 17617772
76829 366921512
75342 16447656
80709 62750244
82582 5071508
81970 479921378
67580 265522928
77994 589489530
80920 514791788
95359 425878016
35082 135036816
61748 123309854
67290 144775800
88375 267094898
91017 753867438
96061 190794422
94206 373002294
98224 625389260
99290 1121923322
46165 30380246
45079 226733204
89245 887483342
96005 1073807468
96863 550770164
67567 73510568
81445 269870324
95422 144945068
80673 630711006
89748 823533024
59249 234713168
72030 355286448
79058 593064182
56806 290114576
90031 516128924
86814 429128406
52541 149770370
97897 352768466
91012 786555992
74169 192235044
94401 641554470
87665 605998958
78426 532858872
50151 301800870
90662 214444544
40842 11362512
94343 441522752
55107 325091712
81669 804215202
99941 455143760
85830 187037550
57929 298028348
99374 239452748
78049 565220816
66817 437293082
68109 22372776
95170 19509854
84807 528582486
53622 162036528
71829 422466234
47537 4603910
63366 25759518
68383 545006474
71961 623293728
39193 55765358
68417 15531194
45081 95224944
57142 306808616
55567 189273914
63286 144071372
95413 437079560
64869 106826268
97092 1001458878
31964 93845318
81253 165929684
84522 847020246
99679 867952850
94538 99725408
75447 695185590
82017 129530556
97329 1144167522
89510 823438154
78257 65512310
95233 837625094
98552 920703956
90711 436927896
32059 31748516
70407 275707122
83112 343114602
57409 255663788
97761 428656158
98069 1102704734
89404 545900480
66421 38321576
88136 166227842
90424 136486010
27222 13258932
93049 256572926
94801 791550194
71021 77216996
85824 677958978
74506 578044466
82465 591623234
55782 26653596
67589 416170028
45566 248351666
38162 94026662
93910 962856998
93485 747404900
54962 292775876
92537 859057286
69165 519212154
94687 339396404
57930 202683204
91334 32594072
99194 414053510
87942 365295240
96585 419033226
55309 87356426
70789 12252602
73593 316226880
87782 264075650
83410 177933782
85209 398761824
80429 564684056
85929 179405292
71639 544984496
74767 402191114
83605 785412362
96695 279197006
26738 30943826
60938 239275874
81866 801758576
87049 879946502
67895 267632372
93600 210701874
34973 16695842
99862 1027791140
61296 77211780
89464 971719436
77110 156917930
95700 717031608
97895 764146430
95973 421658496
72158 349812248
79714 208151168
55213 184088360
92326 395837744
80528 698305034
85062 224621436
60174 236213058
20905 6348326
86272 849429578
50289 161112762
37947 26803836
94786 499147706
52532 289783598
87920 126176540
84143 790950446
95630 84682676
69071 307383230
58597 315752720
73766 162209228
57494 325414220
50917 295453244
94521 573760452
68765 469710956
60416 199018484
97826 69214442
79567 658235588
77357 684276746
67359 260758296
61566 79448868
55886 215743706
55117 201433370
87078 190533702
99007 27252584
84618 864143214
99123 1223512260
96659 1118569220
85361 237109892
53474 116311376
93901 102271970
50590 121463216
99201 38972214
64339 257373956
93897 488116080
73634 591750512
90146 19325444
84310 48297500
89596 719904854
83649 258175518
74546 611167640
63472 44054396
96193 527360522
80462 606843236
85198 133722920
74551 266954486
99402 606773670
83239 172215998
84039 527549118
81311 779630378
85441 291181346
87094 485118962
57741 408601962
99777 1050910068
67236 231220584
91879 448769642
67256 173605058
75502 7652210
87073 837187472
67804 539750342
90571 290952332
53898 5018790
75593 337407788
72055 587393726
90268 100156280
85954 877144922
71337 75776244
58141 249643922
66482 483577676
52910 96408200
93257 157118480
28686 20962686
75711 18856362
62245 482904236
53391 187510608
88281 80154594
89162 738724124
95791 109563578
73865 523120016
77757 492823158
87841 585984038
71878 630159656
89038 6604100
92153 1153412
88459 73453688
90177 959587362
88442 774080804
80730 509237868
93084 849973038
85551 565699662
77711 641407502
81726 169194720
78233 379849868
64922 517215008
93671 750142208
49809 257136036
98957 524633636
97610 638127110
82325 62009222
35066 26062004
95575 81028634
56973 119232966
52598 296559374
86351 795755960
75035 254411276
45887 143163488
72465 129070806
82278 291884856
94971 758707248
52937 224493182
98611 886591688
64457 176256992
72697 239568944
83450 327174200
91033 900756554
68664 237522
67368 491771706
51903 182693970
97433 484165490
98881 937568018
38624 27898820
85077 903213846
84599 35311604
61911 253389834
96422 1051531700
89626 892380356
87209 273732206
95821 1026993416
98969 460507814
95971 767672828
85882 279484364
65837 403564130
67700 4353542
94110 993679134
93551 960961616
98431 578531432
89514 448984704
93801 431377122
79282 536675660
91614 501217716
53919 308004096
64580 256171040
92602 115548854
98873 888028952
67144 461632586
86249 647408696
67724 443417246
42814 55892378
71111 84807512
45490 70506026
30839 10515566
16371 26884608
78314 707318168
66238 238812698
77113 714038930
72857 22231988
98485 544781936
94697 22804688
82856 537691898
92296 361626812
76137 470509776
87921 626891106
93760 172986146
80425 762456134
93782 942692702
33361 79003790
91205 385154222
73782 367077366
59739 22719288
92662 475249856
88599 309364662
40043 108830516
93467 743436692
49984 296576612
51582 207868710
49313 192337580
98061 397187100
50814 16597092
59312 412611434
91657 1012036856
90464 708669914
44247 229297638
14955 5976396
73519 338341280
95305 349913396
69222 372315216
77482 181121714
45154 238178954
86833 114975188
58179 271334244
71543 109098416
89296 106670972
85343 623889266
56608 51734018
97373 670274420
77231 685402658
80220 746908230
99094 98160428
99241 1172223890
28751 60874358
90127 598986590
91605 485870310
84073 115121414
49154 288524834
95637 681604428
47494 280607924
67430 429937298
73953 649378866
53894 250137578
69704 467983058
95941 657343016
93673 750083114
34711 146580230
70946 125863790
96274 520632452
67737 482731206
37733 86345696
71303 629985950
83951 736617074
70041 448434042
23479 58131380
69281 83499104
81161 537982712
89322 54182904
41321 207635168
66967 367233338
94518 451250562
97979 650219444
37973 48094880
94073 215354960
79911 137415852
73309 277283684
98591 1038114356
94926 401871570
48105 30536310
86071 912672134
59718 16071660
82562 124519478
88879 829683716
48573 198054864
72258 287739972
83261 444994646
39846 38776860
52804 254323232
80006 731229266
55116 142044174
73013 596411516
44069 184372802
87335 87456896
59370 439499394
88358 865845374
88550 825164042
67828 482158094
74246 299370026
64433 481895078
72030 214401882
60484 454291022
72654 348297726
90977 826281020
96757 214880828
65547 411581568
86889 476698932
84717 534884352
91591 507830552
95306 890883962
97596 597630048
75612 135696720
50751 172240938
70030 116881190
90790 930498608
41409 9888750
29466 42184440
93255 309308208
98444 364910198
79846 699314330
69786 504730866
75268 427584614
93388 966655472
97886 259798244
68303 571094570
60383 26348942
84636 789909720
95356 359565128
96418 1031146490
32212 111205808
69505 518018408
9423 8751474
58394 196830560
74496 86969628
54213 120497820
65710 283803398
45331 139315940
81303 434700540
33438 34120614
84590 703470344
93697 342755024
57046 219930530
92718 421209288
63286 98814854
51748 183637766
83438 750821174
35421 53475336
96953 76802942
61087 189852206
86358 268290792
87597 437798448
22414 49598084
62437 153924536
85276 646974158
30915 22459368
50184 244884762
99355 1085531432
82851 166684536
95207 660779762
99918 335136468
93905 855480638
70831 187450934
96120 1053795156
85662 206291436
81520 278397170
91663 903640340
81145 611174660
94961 401638430
96072 616925460
85694 897730070
51666 244715808
97532 631356302
88505 750712232
91673 638425652
92463 832754322
76428 651579006
87182 209517080
21286 1372022
89353 514759070
54488 14880674
92053 676857092
53344 151987250
73088 51656690
76573 374433500
92569 839318252
79249 273821528
97213 324286826
65191 511859516
56723 321259220
83093 440224622
57422 248359124
58700 339129824
97715 768421496
92874 864780786
98170 432267512
25867 4932164
92253 931620870
63769 247369070
49213 135329162
84713 727041452
97578 230121756
86510 96731786
92193 1047581166
74941 172689680
84705 786433458
59022 279760674
93879 672318630
99913 247665416
88961 703183532
42915 8266008
90341 401693342
99959 321130814
60559 92783696
40893 175196112
91509 984822228
79614 421592424
89918 742715798
55961 184420184
37762 47833796
39710 89050910
74759 280670018
60998 254705606
91341 422701644
91970 455643194
72654 28101996
62146 13910978
87218 743398046
91296 614739138
67581 107283552
83137 88579136
96379 871381904
97034 1174609946
90479 398585570
73922 262668716
92402 404066180
74844 155001312
52802 75889214
70818 57509652
95735 370033094
56626 284573600
98649 284939814
93844 100747022
53939 187242848
56359 192929378
94666 1107496334
85937 40426376
43343 187111046
76838 41530298
72582 203673852
69582 154771116
90512 885361316
76729 377231738
76818 15853872
73593 281525922
61347 89308884
86428 115794800
96486 513789618
72909 345002082
78763 214014200
89199 631384422
25930 60189404
99142 541549382
97519 217506578
94248 796050204
86628 103140774
83304 527390610
91856 787434020
34903 57832256
29315 41108804
99955 1111641320
95078 405033512
41674 46511474
48774 97713192
66279 66895122
68122 429904226
92865 797665224
82258 552683414
90086 722723000
58786 345597692
94271 97607822
57343 403576046
92780 925871048
74405 630430136
50537 10594736
33873 45660138
98356 1159755152
84958 454707548
94813 384626636
93849 444514800
90327 520134156
76855 250503872
79798 54142724
30868 71129726
99522 1209552174
42777 116147184
76660 653315438
97594 574424636
41946 121957896
94435 582524576
80471 638492618
72811 272192816
64386 147749526
15881 14489936
53220 62427192
80773 404923682
47143 131113094
75662 229330202
54133 265628726
81697 514052126
75212 163757096
82215 292015956
71109 480187836
89552 660866084
87838 627930308
95527 145093058
94617 853951656
91452 737646408
94491 5698968
86915 510897704
84422 257148662
63125 179584976
97983 763963182
96463 1003718912
88046 672427598
35825 154588634
54800 50886362
89973 163776984
97786 49725368
97409 97774808
96641 433486382
70934 127863308
43229 202310894
39906 22879668
69014 592281656
78161 136646420
53941 235004978
41095 14176136
36657 81601494
79103 253061480
14102 16367186
79890 713121774
69742 555536234
64452 127900710
97656 114303420
94549 360112604
96549 127508712
67774 115275710
96919 195024230
50477 286307366
98489 95324282
95908 27198224
85510 346824548
21097 49088918
57939 118507212
78838 776395826
57250 123368408
53159 203387222
96846 664160706
57588 117292230
57210 88757238
88618 790750424
87292 951056408
93201 814883760
34117 30683042
50239 79225334
58335 52892862
90025 564280388
85385 694784882
69906 496150326
94519 103369988
25866 50646666
78990 99528438
94305 827744232
96425 980422370
75008 623686100
99793 109891454
64980 39536832
90498 991805922
62182 49773728
54802 300516056
96528 829776684
67585 364314446
96287 423275012
62921 261367070
81304 459378836
19407 38219520
94037 1071613052
90221 991816898
98655 1065478704
95757 185311542
50566 145443398
54953 358737062
73816 630234572
70572 413660094
71583 213422790
78314 89494646
82293 101777262
70751 8393186
90943 613558508
92731 612155012
65293 56045882
70370 35594684
88476 273691944
94957 81120548
94541 986663120
91842 65057256
32942 17243348
70780 255893648
84357 377414346
92260 230328728
79501 124547816
96752 43578260
94677 1043146506
84033 855058212
71858 429272654
90117 487440966
85128 814101060
51134 70826900
73266 670473624
45622 109832126
47723 173414120
75490 634192874
52271 108576530
77214 453580044
85098 712987746
80082 257090622
50399 190574762
94994 1063227872
65251 356115488
87831 138289158
98809 106575776
91202 285645110
66031 300567296
63998 248147684
96503 866415038
19511 44462414
79051 242922044
92186 462657584
91666 481776788
48015 17692296
30871 67837748
95221 616868750
92826 1027098894
59417 20742026
85564 914345558
35996 110522510
80598 793854510
83881 452861828
98101 979000178
20376 954228
42442 37814468
91089 869694762
99398 348085352
96690 948890436
64502 337667672
64094 4787222
77761 696773096
27210 45178704
54426 287698494
95066 463970444
35031 40506588
99707 672226568
66389 284321216
89120 766947770
72059 505612520
78225 446905188
98245 680509052
73999 108635558
90701 936733388
90082 183968780
65571 186828504
77633 634724636
91050 1018242606
60863 231980402
80825 508467950
35201 71465108
67594 242322362
67746 538012464
63965 383761646
87769 533239178
93613 733547606
68042 35766950
46785 35408814
73910 630636320
88431 10332708
69374 307834352
78202 663222878
76645 407355938
43472 227486858
92029 531866324
22847 48751310
69009 341841096
55767 60013974
86993 107874056
49258 67488098
38641 92651852
75942 479176938
82354 813903152
62195 192810656
34003 62572520
98173 804592154
56417 325895726
35221 145228070
36589 134607836
88294 766398812
69090 491631960
55155 76203600
79178 66039836
39742 131188130
86094 762353718
97429 617994134
73162 559805516
22591 55372706
94657 50643128
98999 655202768
72918 363586518
71101 28338482
68296 470625482
88005 805624596
50353 244223414
61741 191104760
68198 138932924
80346 68776464
84908 203994230
92362 831706874
91455 1042126578
55378 373895210
92282 822776390
31058 25649630
64624 247560068
89024 200091140
96891 14078760
94389 752074716
67533 184258362
60975 298093674
98076 527452446
83377 49467062
31157 76106480
71400 177426420
69902 264402104
34371 80031876
69717 276154848
96314 113415944
75568 671762906
75641 378174608
78390 619095792
49393 236688848
84399 134227410
91834 76467212
96718 571442234
88893 233826786
79853 50616476
37215 91486578
95958 857584926
84868 232709078
88253 62120624
97974 102509214
76477 658086080
26274 63753330
48530 271095440
60985 241425512
82222 367526006
89991 353767260
69562 181750292
89782 526359644
79445 236597978
86578 769624922
95885 341512772
65611 121884284
97610 1154762642
77428 229746368
45394 245162072
95135 487759580
90413 837403202
85511 77418404
34708 102930056
57914 106296650
54374 323900096
93186 912583614
95443 443188592
85418 557045168
97703 229236626
93009 333285294
98725 267219938
81529 451597904
94201 714654776
31063 119663732
51731 55712612
94283 40796276
84923 327869456
98133 879268914
62235 324752484
58585 113672762
69146 431835188
79873 510722162
97305 362894346
83754 228573114
49152 18748794
60889 413356922
92261 498876578
98352 222124284
93396 494476302
25086 60786786
48962 127751504
78369 321374046
75339 379747860
80475 303179544
74912 478451780
93858 1073612694
75870 534263334
78471 59776758
89392 641318666
95979 1084656948
61570 402848786
90766 258861122
76838 365170262
95505 1113935178
64127 365058776
76779 256004388
92867 182833988
82301 167554760
65389 391706492
45857 251047526
94093 43318376
92893 403513646
90381 917868792
94942 696521384
95675 884754848
70269 407774748
94517 465173660
36065 126397880
61887 286354338
63530 126714068
97325 260160956
95306 772927856
62515 302394584
65594 4236146
73996 507450896
41541 17759298
93861 561959400
66079 24048206
98466 409369044
98740 874593110
42758 161698316
12271 13707470
85695 274142676
99407 3770738
55385 10799654
87469 654582488
93413 19151288
44780 37420496
55473 270180888
88250 417091520
43954 81907946
99823 856479836
59902 124275596
92231 674816744
75402 475676748
64361 88784894
70681 145644434
65973 325068462
64039 456980084
57214 73416020
61695 419148612
97821 923926374
71409 148316718
81998 35062922
68049 136146432
88469 772424078
57229 400604582
68014 416009834
94086 1059040128
97473 1158054876
56258 202536278
12494 1011278
89497 346904918
95830 44912516
62738 95028218
54181 274881638
19006 18433694
76774 10918142
85063 718805228
88279 461391692
58183 162687518
44821 227743238
61545 118141512
34914 137161482
73481 475759658
93030 520579290
97759 311948678
77608 217104308
72690 201048498
49319 197150858
81938 426833810
98035 1018837556
94709 736117808
82649 536819660
77687 292165202
91894 260162660
92358 561974340
44549 95896100
89018 432454040
94886 156763334
72249 247739058
91447 1010991584
48427 109308224
79411 760204832
73296 622123842
47938 243785588
96366 642258714
71115 104783796
79910 211814534
94612 499975334
21561 51703098
76219 187086464
81066 149650902
84959 524371250
78308 722909408
56132 344266094
99821 262959608
83817 498063810
69518 248812718
30259 54664484
70022 197731082
92026 318490808
82959 183022596
74201 616089230
74941 233694380
38730 32053458
88000 903966530
15631 16046276
84505 198637526
55485 140012484
75362 517307834
97439 694140656
83085 801411852
96317 566551202
78647 198737540
51191 82211276
99349 296328836
95270 290790254
92564 498659774
87989 8843990
75956 193676078
63587 69838040
95269 1049620850
87642 40943940
73190 147392006
94965 296780688
95270 435701900
56291 89243588
75007 190297940
83964 245832072
56247 284902716
40080 122417298
87366 519392934
90705 827298090
78636 675648438
57964 118211360
81606 747437082
87634 385634900
94201 270931268
55586 365007752
87269 424845836
95370 807213714
65781 69102294
62055 369876528
42866 143725964
85505 438640778
52406 308761154
67709 363960722
61214 378601904
89453 775292108
99518 1116331754
18590 33999542
90359 342639806
11514 5260170
43661 144081578
49718 231215324
30625 3335516
77190 92037198
59247 275136948
82521 31275990
78529 453810758
63759 339556788
87662 23408762
68211 423966588
36375 93609798
62801 180961286
90800 636268844
22863 62988282
98719 331604096
82560 15674586
77117 392290622
81041 780656252
79712 450447740
79846 169719134
91751 170265848
61761 17216760
97602 568176552
88728 331707354
93557 227292428
44910 104334114
94180 211028174
45217 69522188
95847 256804446
97446 541490430
53562 135637578
77809 210178424
36577 95516300
92755 551189444
87244 341635934
32274 39997314
94791 249602046
95729 966005546
95067 135426996
41165 36761846
87738 333816522
83767 191684714
39819 70107588
53558 30472640
28462 44096288
91371 46537116
62671 352591202
76260 192490104
99885 836134170
90073 743184698
97417 956952398
26394 58516776
45985 153085154
62189 277010372
85937 55858274
29487 99683082
96801 429215040
92063 399967508
68384 153188396
31392 56613468
42517 194696564
43848 190038900
62684 99501758
66823 488831894
61928 340027466
95093 201663884
62721 295452906
91493 888087458
97978 961225976
76316 95740838
97782 616964088
45853 260473946
66315 534998904
89783 713449490
64125 57967956
87815 717108548
45198 33845136
83555 434752556
67331 45654944
57079 94901432
96436 117176174
69286 395153156
67749 167335266
87253 703248914
43340 141623360
60526 68862080
91031 92938754
90654 317498604
93846 997081374
79008 770798322
95197 891188156
53582 91438814
71244 633923016
63302 239017760
93358 280413224
75251 581258864
80030 483122432
82164 459419064
92326 1049613542
95215 617840030
95644 513408950
50417 253885502
93177 227160126
37515 161784396
97914 615597108
76035 17391540
88650 88263660
54479 287090996
99404 723061286
48365 153185438
56688 14342604
87786 315019926
70294 604978766
86573 167649644
92217 1053429672
82725 131398230
59614 242839856
91709 336677642
77217 364279428
89327 244437998
79046 305001458
77919 377293200
58287 204523764
39461 152249606
79641 287359728
41327 40362806
77758 242963600
80801 737667332
46028 185571632
81057 363386382
36596 7742456
89336 595094114
98170 485674478
56472 39270732
96526 28906352
72057 75021648
79871 142292846
71348 445784984
97738 53431064
24175 55445624
55059 371323176
71575 93013280
52013 99494654
87720 229199082
90905 467616614
69799 81413222
89324 803705078
62160 455203890
67501 5917916
82550 274618526
88799 976696220
80222 411946316
84813 295205076
47020 49318862
62327 398130800
83481 766094124
75925 248471264
95466 544076640
56685 295831068
82511 678964730
94767 83481498
92538 571588014
85252 736244792
57925 174436922
66209 397246646
75126 589923912
13009 8885876
30422 37665116
41286 167511234
83802 806926062
91059 463460796
88849 978845432
96678 539963580
66501 474690636
95510 963518492
82765 151385390
88528 597094604
91777 360320738
82290 165525864
93470 563886326
97049 952347260
61655 231634838
77799 192229236
87250 424995146
76540 684891638
65030 248199716
97436 297240008
94365 73984896
99613 1179530708
99151 373853156
97360 870646850
92107 264614444
99141 580377468
55074 369352614
78472 434612564
72086 329092352
64501 202412486
91400 331228082
49255 183460784
90462 178730094
78837 612727014
68907 533098524
67674 469223244
75257 115358288
88021 84845510
24105 20819682
89013 336842106
95497 993214808
64505 74316854
91453 331832372
71607 247353312
53879 57825914
89508 481496382
66643 278090480
77106 377873166
70137 130654362
90932 834410702
79188 632380728
92625 128353920
93179 526987880
57011 147065084
92654 1053964586
83507 234400232
31146 93890550
91943 679030148
67034 216160460
83575 622978244
78925 397137392
85265 301269632
76250 439560374
93691 400077824
77171 459252704
68394 210080196
99258 746447598
80157 245324376
55963 289523060
87443 643733408
66725 543117956
96088 375070754
79517 761053004
64550 95531018
75342 328704720
32711 20100776
95503 54745022
94627 1069496612
96627 456261348
58561 236258144
67717 352201454
94606 596567438
61971 195155304
92747 378038588
99884 1245991694
71762 34599740
76972 144517976
89436 613260966
96837 711124566
51713 64960196
63705 239001864
51381 38518194
35702 14764964
76684 236914046
83847 491447544
94841 538405058
98298 167191794
53929 20186306
92121 275845998
82275 8547324
74632 168948122
66713 424361840
82154 782734124
81054 768735114
60237 110162514
71271 97721040
90961 612217160
88562 515087864
87142 893745674
97569 65551338
59774 14415086
63653 486403826
44364 22832070
71087 363632210
74896 47193194
80597 524322752
36087 37642050
83170 37572446
71704 510572444
35504 3349124
56591 136691438
72887 380463422
96765 707856144
90463 469375046
76975 407853374
53733 108082170
72054 407232348
94285 999666338
57706 332418962
95407 772002386
23854 11867378
44636 111376376
95695 1051694366
69119 274364672
77429 746199818
65749 99213434
84110 127355714
85391 576910670
48079 77405594
79247 513523436
76541 438872570
41178 13720968
90379 916356872
93774 565586424
90825 876451800
73929 234086724
70303 96315080
59128 223499060
64107 318837372
57368 61481636
83590 391664258
90353 959910914
93897 154849266
98232 329504826
71104 375356636
20519 34774220
7609 6193382
71913 469766178
80214 469158120
76317 490855452
55414 82437152
32847 100938102
97190 184007252
86065 766418396
40903 31918340
61953 154891434
83289 710523336
87475 95280200
93789 844747980
88566 389118
85505 40883216
53359 27521330
76447 640492298
84865 201079574
26724 8365440
78734 233151428
70297 333592976
65599 304785440
97809 418066152
42654 66077910
47239 151006856
56672 62821484
68919 136284540
18757 10633370
99105 1114436328
99563 499864364
83687 327068174
92127 513601248
68168 257095490
64210 21080990
29200 27640340
78450 450367962
78687 376944894
68165 75017528
77718 289437246
52940 276369680
