-39436 -3553338948
55686 -5314560727
63924 -143877084
-96308 -3581816692
-1386 -7353940016
-95188 -1191545492
472 -253848016
32218 -8818597156
-54044 -4354694668
75534 -7299819920
-22410 -2588524952
-75674 1391601304
-4750 -9120978719
-41302 -3044462183
-21830 -8119097988
61994 -9051031175
-89328 -6489165424
-14650 -6791683280
-27278 -1157393919
-95384 -5136442888
-3346 -7763015023
40618 -7226751399
-73512 -5499188912
34318 -1256543191
-16830 -6844975703
-54426 -3297483871
95018 -8420049420
-7922 -6504931919
-19190 -3449740359
51782 -3526391255
-28698 -2488729799
-60342 -4283278444
-50434 -3004404080
-39984 -124375200
-9258 -3448885623
66490 -1202642460
-74330 1330646664
-83810 -8032973711
-26066 -5934564583
72806 -435895632
43842 -4398351164
-76790 -5723264199
-91552 -4171994608
-10626 -2202895887
-15414 -6882105316
-73678 -7004926375
85182 -3463433375
-96672 -5918817840
67572 -3806669876
-91842 1566991256
86100 -5347642116
51850 -3043012767
-86790 114777097
17582 -6233576919
-15734 -2547473828
32456 -3407113552
-57770 -3293743392
-95846 -8477957300
-29866 -3032406831
-92876 -9414474116
52294 -9033656311
-29742 -8872282719
-43362 -7078670055
-65138 -31595839
-17260 -5725474348
3898 -3548796164
87872 -62881112
40682 -7112125164
99830 -9705112391
82310 -7910127343
-23212 -2666435236
63622 -7919361991
-94626 -4367941992
-96020 -1271636324
-28974 -7343270975
-90842 -2481945015
-88166 -8727908775
24160 -961814336
21428 -3768827596
41040 -9585219144
-7352 -881946768
-23338 -6919177008
-74424 555641008
-57226 -265948191
-3604 -5005707860
-16826 -6555381096
-35432 -8485095040
26594 -3276216044
75720 -3358717152
17260 -7609001396
-86390 -5507484967
28170 -3243866444
-84110 -4916399620
-45210 -728496480
68452 -8396117372
44264 -7237527776
37584 -3728261496
90712 -2604634376
94746 -7796076583
-9630 -9584028815
-93568 -7983862944
-47782 -8613555135
88260 -1988327260
2468 -8279474260
66010 -6854287228
22604 -9578745412
36206 -7703876504
-16920 -8777820720
-20244 -1262945260
50740 -2422146844
18446 -4016486183
82820 -1334573084
96772 -4030201980
60562 -1100450292
-3134 -9230079924
-12930 -7854377447
47674 -6918271228
-74506 1261452736
12906 -3162243244
-19636 -9227192092
-23622 -8968427167
13108 -9681672884
-51582 -9706955223
18606 -5783612120
-77594 -8087226911
-30116 -6796786932
63272 -2149101800
7658 -6699273588
31148 -5660397492
43584 -3374641136
44962 -5183635783
5454 -3318783767
62658 -9863874743
33846 -9352999768
-72168 -1284033600
88310 -4658947112
-74636 -2986836924
-46242 -1348955280
-49946 -3167171840
-16866 -6245352471
-92150 -8064916212
-75752 1034141064
10980 -9484164996
-12878 -5874840839
55130 -5073557591
-15784 -4698006320
29298 -6130961775
-80178 -3061999560
-21072 -1806484424
72576 -4748109696
61662 -680867823
33930 -7361785311
39754 -4517189332
36218 -1796279348
14832 -2124489800
-3662 -9277333644
11552 -778068208
9440 -4957252528
19618 -4346818932
72602 -7239146332
-71772 -1949209292
-42234 -9066168864
16250 -2204664351
23714 -2195268732
-92162 668904465
-63636 -343095204
-90336 -8885246080
90082 -4980791663
89026 -1650102868
-10670 -9717137212
88198 -165823200
25342 -2417117296
31300 -3697092892
-97240 -4929859384
98238 -7573627488
73846 -800246256
-3396 -4109515340
10798 -9303182007
-954 -3313512808
85130 -3635279047
-12358 -5048471015
-27870 -6838873647
39956 -4153677332
9094 -7817916392
22530 -5489063463
-38682 -7191839736
-15826 -1432666319
-62602 -7746066024
-3494 -2344156284
93510 -8037025400
-59246 -4234885020
-35648 -133398560
-36982 -6578034335
51372 -9740597236
-87286 -6722500716
-67406 -2612383735
81106 -8996603612
-12594 -7403141159
-12738 -5351538032
886 -8913828080
6834 -7780477228
71174 -3444292760
-91992 -4702745472
86724 -2585484628
24870 -2930869896
-89994 -2595514887
-70634 -6310253600
-7462 -3710583580
-91098 -1607773248
21114 -977216468
-45750 -947787951
-84826 -4902882792
60322 -9568391471
-3076 -1234975204
68190 -7142837640
58810 -555485260
-67294 -8685673620
93252 -85067332
-66830 483021292
-44818 -6710002384
-43542 -7562269236
-35376 -4617654192
32178 -534967295
30598 -4676138832
72526 -8814591024
58232 -125536976
87810 -326928532
-79730 -1963615824
52120 -2960390560
-87486 811117481
76698 -1794795796
-72356 -707809540
78260 -7033365708
37446 -1195173880
69386 -3358173468
-7850 -470909736
-62736 880033640
-85058 -6204870023
-3516 -3534427108
-10944 -1096492872
11924 -8178240916
42092 -5651917444
74018 -4042326828
52562 -7623012196
-22382 -7821679039
-68058 -3710898400
77488 -5270394216
-64282 -6804734031
-55160 435190744
-34586 -5635037295
61654 -1089029056
-99394 -2857010016
73506 -1117909055
-6710 -4213899215
62158 -3106274839
-82094 -5765679615
67804 -7867798340
45534 -3726399192
20792 -6932645280
44460 -3568955956
-34688 -9125769880
-72306 949954001
98478 -3469649831
-21198 -358672767
66416 -3937903584
-19426 -575082520
98820 -8934391300
-80330 -1358221792
43518 -9945931575
66902 -1623037975
-40874 -5596542647
41184 -7097956640
-23164 -3710102292
-90066 -7323211744
12218 -2872218447
-56912 601945632
-59008 -353735408
-91890 -3907523528
-72848 -9194281656
-10020 -248928428
-51266 -3211433191
-31092 -2152981356
86980 -4239996276
51828 -9746986420
72426 -3023835367
-10586 -3650467064
-36150 -6504079855
-61574 -584100783
37158 -7848425567
-64326 760660937
-33598 -7656840172
65402 -1344147391
24688 -6609524144
2064 -162414616
78294 -9843423712
8486 -6731428352
30430 -3483073568
-90026 -3208499327
86222 -9457126775
-48 -4876594960
12518 -6275559503
-27062 -7539821620
6764 -9681680740
95912 -8884163336
81232 -4111126000
17562 -3864708215
25178 -9882468071
46660 -3105446644
39758 -5071380256
76184 -2974085248
-30342 -2858744492
94304 -1823943464
-42508 -2358941868
-44528 -1422326400
41846 -7943489071
-97624 -4638635616
71650 -3100832724
-73924 -1744839820
-79632 -2176680656
-60158 -7561685119
73382 -1473529992
-1444 -6804350444
10828 -127022804
89588 -8611967620
87644 -683513068
-80806 -4003368620
62982 -4206023424
-40626 -2713901863
-42944 -9118957216
-77184 -9688343080
-20562 -35671408
-22234 -407114439
85004 -2212492700
-12986 -4913790552
-64162 -9773262616
48422 -7766797071
-61470 -5405575212
44072 -9352521912
99416 -2426482032
69158 -6699275424
-57850 -8256431648
84274 -6335922055
-34138 -2009181712
46842 -4607349436
21054 -2029301823
-53422 395634324
78834 -4712810519
-9160 -9816504816
-82526 -6580046628
-78330 -8899269527
27962 -6386825999
71402 -4355928044
-99058 -4659711727
-65310 -8621549540
9354 -339146132
-31706 85585576
-42086 -6170371492
7858 -1186375047
96874 -9143858423
-68612 -8334525356
12604 -1415759644
-72944 -4081222440
6720 -398923224
-82798 -2477091652
47596 -1981780092
-64296 -154971336
55774 -2791016679
24484 -9229547044
44514 -7775474476
12092 -1687839276
99818 -7892117500
56066 -4932811628
16960 -5673467632
-75622 -1800877524
-87376 -1923408848
-60586 -595217784
-12778 -3180751663
-5348 -7087604484
94618 -7042425468
-39010 -8782831056
-49022 -3319709596
52490 -8768416452
-29960 -4752119464
-67306 -9893287272
98490 -688772564
96420 -7854491908
-1646 -1960972828
-51296 -4333320880
8236 -425806564
19220 -9611461012
72514 -5494018836
67516 -959587508
21342 -6481205544
76782 -5944824943
-58694 -6702375295
-28712 -5321774104
92514 -5276626308
-18906 -493858319
-84064 -9176115592
9566 -9968490975
47654 -1630479512
-7232 -1048415120
3852 -312229380
32364 -1484537628
58842 -1450660540
-29618 -4315897055
80372 -8371825908
45094 -2488097080
30080 -6520782976
95422 -7058362944
-5304 -479064376
-89492 -5306003332
82390 -6619024392
-71108 -3258283204
7770 -6828302780
-59364 -2460876452
-50700 258746004
-5956 -3384063804
52938 -266643111
44486 -3779277079
-28894 -2875930423
-44566 -9828282455
35056 -2131924704
-54136 -8538864032
-6260 -6762956988
-14170 -2953299264
44296 -9090643744
71850 -1169362319
-40290 -9640367943
44818 -4182061268
17874 -649450415
93460 -7659635396
-40986 37239832
-18178 -8407431512
35526 -428837624
-17284 -9574180036
-80054 -2274514716
-47526 -7544334239
67646 -7986156751
-43896 -6641251648
-20386 -4014376871
17336 -7603745880
-85930 -3698826936
-44148 -1470869756
-60458 -1289589263
-44574 -4447962551
53838 -2543150264
13278 -1649076183
73842 -5831419716
61996 -8780162524
22042 -51035852
-24400 -656786376
84290 -198143620
40058 -1779498247
16446 -4222304055
44352 -6285883952
-79390 -3167866180
33942 -3056894320
76414 -324732448
82268 -1718654188
30194 -3136632012
-38420 -5525971972
-32544 -5996717952
77074 -404679887
19426 -8579391087
-41422 -1065394180
48802 -2619824020
89780 -1895868900
89064 -5284730296
-63474 -9153592792
38662 -4054203432
86740 -5222699348
-82606 -9263306783
-25732 -7462057436
46490 -3517987836
67530 -4316904372
-79552 -6523186872
-10562 -9562166871
-78930 -6548952648
-96030 -3037391196
18188 -1644838820
60490 -8082226324
-84766 -8129696183
30846 -9803748831
99890 -2969243727
-87820 -3989157132
-94554 -3825520600
30070 -288277640
-35864 -9834093272
-69406 -1122585079
94378 -7358873807
-38250 -5693096584
29230 -862482848
16870 -2063722447
-65418 -2056350480
-95964 -6417687572
77104 -1883690736
-18174 -404165295
-27902 -1287369359
-6868 -9284144788
-66850 -625042464
23392 -6126348792
-96500 -2973904692
-49454 -2356942495
-68846 -4838341588
23864 -6625337080
-76922 -327810760
38834 -3817831388
-93826 -1906397359
92628 -4058876532
-998 -378281812
38732 -8608704532
-43048 -1539816320
-91338 -752576080
-95296 -9909603872
13048 -8465304456
-73282 -9408350311
-67878 -9410739431
-87362 -7083463903
17638 -8900305031
36648 -848951256
9740 -6477562196
-85322 -7274225759
48108 -3549300180
-11562 -7934092527
-32158 162150044
11738 -750658188
83814 -6506547543
-37818 -482821703
98522 -8002600036
11806 -4396380967
-57316 -3277403068
-72106 -4675847031
-67298 -4472416648
-59088 -6245568464
-86138 83061433
-99202 300768353
-42568 -1167643824
-40588 -8462506556
-96822 -1570988903
-64640 -9312291008
29286 -6514066935
38930 -1383580999
-5714 -129567352
36678 -5207978912
60022 -2949991464
97696 -6796594344
-47728 -5927745464
55838 -256328423
-63616 -7956233216
-87634 1889087201
28150 -8627134552
-32838 -6842801463
53274 -3204930407
80250 -9121899780
85490 -5866183212
-10670 -1703450780
-21286 -9036389108
18078 -3432228863
37010 -4061025572
77798 -2262467119
86438 -2778983063
25610 -4983880535
1378 -3244626108
81086 -4430769135
35934 -6329287711
51278 -1896904151
-98586 -203778192
13452 -2561632084
1090 -6344554588
14722 -3139221991
29852 -1802343852
47878 -7618703247
110 -1555308752
48366 -1892271248
2298 -6339438268
55884 -8145529500
-64164 -9289535476
-79974 -6984816820
90342 -6431620903
-64752 -3107333104
63000 -7031238704
80156 -8614331724
-36246 -9555669199
-66516 -1265591148
93412 -1326977028
-9014 -5202464295
1212 -3935328164
26838 -7623763079
26114 -2779602487
43664 -1851481280
-82790 -9369849967
43702 -8446895736
65648 -4456802272
68120 -5420263936
76082 -1919904711
-84666 -2413845712
84874 -3997316148
-55086 -137335340
16088 -8127310000
-56342 -6391063135
32018 -1471327028
12534 -216819527
87622 -7534673703
-82048 -3453267360
26866 -2968220860
-24898 -1284667215
-22446 -7328223348
-12030 -6162305959
-79262 -5282289791
-1976 -4123794408
-55210 472761472
47750 -8217305480
92662 -9941855295
-92442 67099224
89442 -1526649852
-30388 -1238996676
47258 -1442052943
-37354 -8607660575
40756 -4603353692
88914 -8475344044
-97240 -9478472544
42794 -5341055919
85994 -8221429644
52592 -1610415392
61118 -3165978920
26632 -1250669192
97732 -7867606196
7080 -3463790168
-32596 -5666960740
-53078 -7487785964
92710 -1417031744
-86148 -13147596
27682 -7343808679
45086 -8524856944
25658 -7731749159
94798 -5894156639
48938 -8560533700
-67358 -7771610820
-22022 -9368328636
-94978 1389493704
-33802 -1627446128
-4462 -6374194308
28770 -4005330012
-53366 -8400387964
-30594 -3830999495
54202 -2116877519
2108 -4587551100
57250 -8606383164
33360 -9394890024
78966 -5196804959
96840 -2306376248
-22472 -7626161496
-22332 -6372172132
1178 -6146463895
80062 -6564840152
-47854 -7193722495
-31970 -971625608
2100 -9167532404
-55534 -9130436431
-87912 -144885512
97168 -6459091768
-93162 -1585030320
-4466 -2839536919
25034 -4597717703
32940 -996064404
-33782 -2820927855
-67818 -8868941592
-18562 -652287135
-8998 -8922713476
61684 -4759046380
-8042 -4091047008
75750 -4987985048
5214 -6870182808
-26280 -1644424144
-7456 -962361960
-31094 -978852556
71430 -5778621936
67446 -7046340160
2160 -6303586152
-36266 -9685829247
-38292 -1777717236
-18254 -3828016455
-61420 -6679726428
-1134 -4266930132
7446 -8501070039
4194 -3901970132
18286 -8019624792
34146 -4609485108
98494 -7591001496
-86238 -4498488588
-41846 -6237715263
35756 -5307554588
-5026 -7121157391
-70410 -4764629143
1178 -36379503
-42194 -4366952592
-2580 -3405731708
2254 -5165193472
77644 -5258373140
-22892 -6407713692
96462 -3465704608
81790 -5731723839
-67774 -1945237252
9266 -9420662895
-44336 445323960
-21758 -1704033684
-71498 -8319322576
-30700 -6591734916
-49234 -9634479760
-78250 -4519867767
-30374 -5917012087
-96212 -4139918020
23234 -6554944436
63070 -4546341095
73138 -4248886540
3458 -894453980
-81242 -7576687304
-55876 -9846283508
14934 -7667959088
18462 -5472603055
62234 -5233035524
72048 -3726328344
13844 -4946393340
73546 -8637381511
92858 -9534990175
-42796 -5976696980
-100 -9536129740
80542 -9697345288
-66362 -9903782192
-55234 -8607077927
6302 -3569775544
59986 -4662299212
-38846 -8457713311
-51788 -1748989356
-35886 -9474630644
-2440 -7550835184
11790 -6630274160
-98206 -8003928540
-34286 -5098793428
63322 -6762682927
-26716 -3006680868
-39250 -5178411063
-57132 -4577323732
60430 -4260373816
5286 -8313551896
-59774 -9891178487
-80710 -368766772
76342 -4054823816
56308 -9230397532
-47994 292972833
396 -6442291772
43598 -8943667128
15298 -4276742724
-23392 -7204523928
4942 -1997208728
-1394 -7942574463
93014 -3513048864
-2666 -3610050040
-82608 -8278191480
4926 -4998116568
-8936 -9517433032
-32356 -6799248404
-87310 -6940309647
5558 -4142637088
-97826 -6332671400
-84574 -1433741343
77370 -6262390260
22958 -4416958808
32538 -8431015204
-60754 -1501827519
76674 -5627333708
-5394 -2419489287
-8952 -9465310536
-60354 -8302401735
-95740 1067867268
-70158 -8366281655
-61204 -6442556148
16254 -325549080
48174 -2025221527
11346 -5774231740
-41036 -5240568164
-31630 -9909066159
96390 -9531169568
-49598 -8443199788
-77666 -831519399
-24458 -3204201439
3698 -8005117468
-75798 620815716
-82118 -7027015679
16686 -2640669304
-7040 -3024344392
19254 -6580682800
68686 -3549238688
44546 -99808327
69282 -6018949895
99108 -3244239828
-80308 -6551591228
90 -2146802671
63868 -9203489052
-43920 -8168832424
74546 -392397583
-28554 -2495765576
33266 -968938047
-60982 -2685436676
-60190 -4013847711
-78392 -3519296312
15410 -5184874007
7348 -8959285356
48182 -2581581351
79142 -7997439551
-49086 -2910907367
-79086 -4202756055
84392 -1646362216
-51346 -6868961415
-11906 -8306771488
74842 -4173900500
67094 -7911949735
9674 -1948009668
60958 -5692355759
-35256 -2694957040
-13130 -1416754223
65918 -6857419303
-33020 -8283546324
-14858 -6933236096
1734 -1615842831
37636 -393510620
12508 -8673568628
80748 -4756396628
-99608 1283331456
-50856 -1645007896
-3144 -9408589128
58556 -166730564
-17014 -7558141663
-6942 -2929827492
17988 -7291796804
526 -5486741671
-8902 -373078343
51922 -8486097439
-63644 -9545981940
-95934 1619404732
-14238 -4986999615
-89962 -4020949920
43266 -9497781060
-59182 -7513743839
-16290 -9863758727
-17488 -9777141608
18122 -7370369823
47996 -4428741340
-93928 -7266279192
2546 -8598647308
21340 -6137891068
-81394 863173161
5074 -8595803663
-44306 -6310541591
-60122 -5935227199
10250 -6371425548
23122 -987217420
43126 -4858883847
11002 -6663863836
-3918 -9371834148
42662 -3649703039
26884 -9889555604
-4408 -5874797144
-15038 -2308119895
37150 -9003561399
-34310 -1022292
-6620 -6403956284
-30436 -615200180
-28846 -6601320871
87066 -8147954692
-28688 -387077512
92614 -6027909312
-47582 -6460281692
8998 -2569027679
-84194 -1162944976
96670 -2651986959
29016 -5189760256
27902 -3473017928
9500 -6053144044
63590 -3714243367
68044 -8689680764
-96814 -6523274663
-15462 -4069263303
96030 -1850915648
70866 -1883713615
55174 -7910194487
-16570 -2131676376
-99546 -7117680599
69430 -8817133248
90830 -1056036751
-41702 -8466355631
70782 -8000543160
-8970 -1181384023
-66942 -8219406908
-39414 -8229844948
48556 -6315129804
-76818 -2775136344
21110 -3798552951
-64638 89868657
-54164 -6121694292
-28772 -1057756404
84066 -3282590751
65922 -5093497284
-29454 24190393
-45810 -9592384336
-79414 -9040496103
23550 -5580190736
6524 -3062382420
-78178 -9064069023
-89208 -4284330824
27920 -5493453320
-29484 -8312109828
-75948 -915775588
49906 -8712030116
27906 -7671579559
12054 -4656230320
-43256 -5467681896
57306 -5537718343
61706 -4646143540
84008 -5434603504
-32590 -1534590055
23646 -3358703895
34556 -4500011892
17890 -6132838007
15450 -1402244559
86090 -6972172495
-21498 -4656169272
-9894 -2299723556
-87820 -1777404684
-24124 -7712055044
98610 -7232411015
-62366 -7841446383
-59822 -5099467372
-44844 -7005904508
30750 -6282832279
23256 -7920021112
19962 -9566476487
-59494 -4088843828
-73706 1112051361
91998 -1692510888
-4334 -5242671095
-99982 -3604863439
-13384 -8060384872
51122 -8078983516
-67714 -5258879968
-18358 -9568998751
9110 -2043902399
-22174 -8519567799
45876 -6667003732
-14762 -6181965759
40762 -636376463
-6174 -711051215
-60858 -5439001079
-67554 -3303210447
57632 -7718247176
4394 -6217588055
87670 -2490633472
24058 -9191993820
-25056 -8469720216
-60346 -8610215255
-27898 -8054811016
41778 -4376886695
-97258 -9982314432
-57462 -4416711292
-45544 -8146024392
95510 -8148448831
99230 -7070091624
-17686 -987940663
59046 -2889018232
82120 -5012353904
47410 -2820233500
90406 -8682789727
-83860 1705487012
-22042 -4319829503
-79022 -1550744191
3470 -4574164887
98954 -6604320004
19406 -3513438399
82374 -316698783
14360 -6378086008
-54142 -2910508164
28088 -3360933544
31088 -7308260152
-81380 -2151255204
18718 -7213616863
2390 -4886635952
36810 -3417360036
87662 -7746146679
-97772 -8054998900
-37410 -5776814999
-81702 1131713420
67554 -5899904844
49226 -505533700
2330 -3905399124
18260 -1318401812
34500 -2561829636
-48134 -77751548
-250 -3220961984
-24202 -7832797271
56874 -1635568772
39462 -3232870535
-91486 1620396236
-98862 -5315289188
-73418 -8170421591
-42322 -6985552176
27532 -8446947068
94966 -3670039367
30822 -8407817935
-69764 -1017209580
-35488 -5825558776
-20260 -8903821716
-99718 -6109048804
91996 -8959951388
-74422 839527865
-81458 902587225
-60874 -1134321223
-64142 -8015664556
77766 -2413465024
-51466 -7588384623
-5662 -1973527716
-80910 -3509910804
-54858 -3885398776
-52622 -8367805076
67902 -4745789919
-31458 -3216818879
50084 -2007874388
19110 -3255111959
53708 -4272983500
-51608 -8534235024
64150 -5978448016
-49856 -7950581128
-90546 -269349223
-2386 -530730551
37152 -1853314824
-59328 566509920
85440 -7920037752
98602 -8587825948
61674 -7006565207
-97894 -6506360916
19506 -2137500647
-63916 -8423603876
-12912 -8139965072
-94202 -3890768911
-77734 -5956993959
25532 -5238272380
-77814 -8881530751
-83130 -1508805159
-93976 -4205549400
-15382 -2502019839
72080 -315481784
-5434 -6176135536
-1882 -4468255095
50674 -6209529431
8034 -2212999503
95674 -5390964540
89112 -7713044272
-84182 -3081722124
28226 -7180582060
21828 -138649588
87586 -6648575724
45068 -8237482356
29264 -8433099024
24810 -2265016212
-81184 -4379055000
38050 -5527816212
-79098 -3106127920
-13954 -3535284751
872 -5377104048
-54314 -3958872079
-4454 -5822823836
78226 -1491343324
-45972 -2419236356
51214 -3604167559
70546 -7386543796
-79168 31027536
36252 -9951125460
61544 -6675620536
70746 -313872580
-96076 -9996950900
26458 -324720900
34942 -596353184
49902 -4940018072
77624 -4686702384
43830 -2772144792
11960 -2959770056
13634 -8416675175
-91018 -6520098479
-27598 -6966398271
-89418 -8901863920
-10998 -8116213260
-10058 -5997460143
-79746 -8726451296
-59136 -4130762640
65754 -2658043428
-33010 -5689119312
60174 -512898199
-30114 -1766244519
-91500 -573856468
98448 -7426160032
69782 -205018112
-33370 -7593739759
29318 -2175327783
-80618 -9390003208
-4842 -2246350824
-40482 -5182595799
-71702 -3381843820
-86456 -8610620648
53774 -664623527
86222 -3143319672
47062 -5101077831
-78298 -2264891128
-80870 -5099254788
-7506 -5535742272
-60132 -5994091476
-82018 -3386817975
-55958 -928341060
65866 -9072514276
61112 -8492503904
-7378 -1236059520
-67618 -7834119800
84798 -3657992583
-40224 -4374204000
-59142 10428092
-70266 -2835927728
-14464 -9443954616
89402 -5396628348
79332 -9945525652
-26122 -8999896327
55892 -3409668420
-14190 -1773464980
3970 -9909956316
-6892 -7672162524
-6258 -1619012143
46246 -5720311263
82586 -5038787151
-38892 -3522697780
-57472 -3950373752
-72832 -7396403112
89110 -3375075568
33224 -6612509200
-26050 -2652452928
73672 -6395333088
58462 -2081938047
73300 -2911480092
2592 -2107085040
-93870 -400152503
-12894 -7908945836
68316 -6319975588
-60534 -5258554028
96958 -9086692920
-80306 -8076453391
-59578 -2644861823
-64264 -9299677712
-63048 -5367672576
-99334 -6727305836
-13340 -1982998660
1418 -2157816172
-39326 -9191909252
-8014 -9934550887
-88292 -7672897684
99998 -1321866687
35392 -1034579624
75152 -2618997352
-72382 -8197711972
-61242 -2870829032
86056 -3774095752
1058 -9392858668
11414 -7938041592
39278 -8782301280
-84234 -5966027264
-75002 -7465069312
-39342 -1038813047
-82682 -3351784895
61662 -9486538528
-21756 -2331969292
-42366 -2625952148
47354 -9329287311
-1244 -422360388
-39382 -4413564588
-43202 -8662754135
7098 -9006725671
57092 -8005875500
-1682 -5923884295
-57146 -9331387480
-40698 -3557074400
-69320 -1624370312
77890 -7008507252
-33736 -9419775192
-37664 -5664209272
-51070 -6909070751
57878 -5762392464
-41424 -8045435608
-82570 -8442866808
90024 -9917142984
80848 -8165797616
51330 -8935625279
32060 -6419678436
-22492 -416859220
-9768 -5764838824
81550 -3633490096
21488 -3146650296
-77816 -1332291728
-95994 -1334645800
-33590 -3292082903
89910 -3558190943
-58642 -513371407
-67686 -2782507884
-31070 -199909991
83846 -2895285863
-41666 -7674387575
-60790 -6671506084
13184 -4421247728
-93658 -847373432
-65022 118102937
-74124 -7794313804
-11102 -8787102247
95074 -8298259348
76010 -1831431159
-50760 -2565831288
-22490 -7176035887
71830 -7424833832
24046 -3655756975
52200 -5695886832
53286 -1070759040
24770 -9405580447
-96566 -1928309431
-70098 -1256537088
99908 -2508299036
-98698 -2043004312
50834 -9095233516
30362 -3726957900
-67690 187458752
-41752 -6059593160
87878 -1543510872
44266 -9432596455
40962 -9687364407
-53382 -7304361324
-83476 -7046503860
60226 -8960124759
78000 -930749144
-48734 -4891287036
-73678 -9821726279
-77818 -2699472479
-50820 -5676759412
-79762 758179328
-72618 -2841947536
59282 -4794407636
58822 -6368164375
39324 -2615850004
-46648 -85149560
61798 -1159422328
53938 -7089860596
34584 -4518119544
75918 -8945763104
35768 -3356293072
54374 -1705132047
90802 -2311166236
-11826 -1134999008
-20516 -5377423940
80670 -6499584896
79328 -9286583440
-40548 -3592501412
110 -5316604295
-62362 -3221255136
-14346 -5145563255
13366 -4482441544
50498 -1793303788
48054 -3591333119
59526 -9223526240
-12782 -5570084956
-71408 -1516485264
-69460 -1098690212
24494 -2195294703
-68978 -1439223560
-90226 -9062437871
-45662 -6601749468
-90830 -7384127932
73476 -2931476060
-33598 -1315969839
-28622 -8461934111
78844 -1965174956
51126 -9451172991
-96046 -5606464212
95702 -5187593815
11594 -3233858724
-21922 -503859112
-65414 38704137
-46324 -7426773572
-6686 -1447899260
45494 -1406710367
28280 -5852834536
56770 -6630276055
-30966 -6572026452
96388 -825422148
-1778 -1367841663
-32554 -1508661056
-18592 -8525075448
25542 -9551665287
-41754 -1679899967
-34368 -5545229952
-91772 -7294648580
62390 -8739880808
76138 -3348514212
23688 -3426246648
-5892 -5537869644
70622 -4820357000
-57142 25071276
-13758 -9425048652
45906 -3155022396
40550 -6596478720
98706 -5655503135
93526 -6427863672
12574 -7962932792
-27458 -7040628615
-77502 -7646964343
-30462 -8203371156
-57814 -9774294476
12362 -8589810460
61460 -733883692
4982 -7455623232
75776 -7331092856
-82614 -2498995956
-9010 -512047887
-64552 -7473253984
-30580 -1166626572
-76818 -6664045447
32636 -9053202716
60026 -7093703935
3650 -7219422687
88812 -9203900644
90114 -5693393084
63086 -3773153760
81730 -3807257927
-37842 -1076357096
-12850 -2828273823
-98590 -1468423703
-78900 1327337716
-96790 -1843557412
-86290 -6405018704
39712 -9588252104
16644 -8737009724
-25926 -1443636991
72596 -8373412164
90042 -9569511543
-34980 -333361532
64266 -2816108316
-29828 -6539632220
-40990 -6285466116
-25798 -4179547143
-41590 -8813946556
-76714 -513967880
-81222 -2689892796
72170 -7604465980
87848 -3500622280
15124 -9246209516
77898 -3704731527
-17878 -201538367
2590 -3021460464
-9890 -5150006304
6838 -9646416615
90120 -7596912464
51902 -177138255
89296 -3683356440
-92244 1047549268
674 -5946848068
-65692 -5561026700
13014 -5731353328
98884 -1457145100
-26248 -9542116808
53968 -9198965848
-55768 -6173411904
-73368 -9953051768
96522 -6852831023
38840 -4057865560
20166 -2419619360
-79502 -9942905284
-60914 -2242166295
5078 -7039132199
-3006 -6858160844
-23254 -6142634396
14230 -8930584063
-44056 -4552318408
43662 -6945978455
18880 -3895446360
62456 -304137720
-92114 -2534022904
30136 -6549922392
97514 -4333541996
68358 -593138687
-95018 -7793192743
14650 -342671255
83486 -298379055
64374 -6563154408
55370 -3594111564
-39836 -5975750868
70226 -6639936455
7646 -3177959144
-20842 -8196420223
-16600 -7822590920
-86028 981986460
55782 -6950195383
73766 -7330145336
48140 -6193782500
90726 -6098740831
99130 -8862403207
64876 -5325806852
-5004 -4651035284
76158 -2785598064
85128 -6120997832
-86326 -503808231
-40746 220326216
-50876 434919860
-76582 -9909962615
15070 -8044109040
94842 -2094020007
-73538 -8869668000
-25076 -3240040700
83790 -6216487311
94744 -343060744
88510 -6464267984
62262 -4053327880
9192 -5229582160
21242 -5325974927
18148 -3910041228
91652 -9244096972
17610 -2007014820
-26174 -4329419236
29438 -4310855776
-12450 -2187522896
-45254 -3947306655
-98930 56583865
-48318 -2918385348
97314 -850422455
58214 -5367281231
1228 -496532692
-81714 -4796325632
98334 -3552247191
-54024 -1558797696
17138 -405364340
-94162 -196110360
-9206 -1525525351
56230 -9179539391
-64652 -3493378812
-29214 -1297816508
-26010 -2554368408
58514 -9258526607
68710 -2078315072
-24508 -8467725084
-34362 -9408002239
-23632 -6791912136
-41846 -4168436268
49456 -2032160496
77978 -8258108212
-28304 -8459965656
-10510 -7296833980
-68642 89140768
-33860 -5868017836
68526 -2988117840
-71794 -7134991336
77614 -5326910167
-39730 -2003344792
-28800 -2119220192
1216 -5745232576
-78770 -3079730048
-98316 -5323149468
13908 -8284805084
48926 -3147510176
28600 -48116392
-44242 -5668916648
87228 -4048303036
-68936 -2721395448
-13858 -2261411247
-560 -892252352
9342 -6662505559
-32510 -3844247308
83544 -3675094824
-70430 -4721734807
16232 -4567268808
-65744 -2073623952
65674 -145715663
-86458 -5227352039
-72702 -5122383740
44032 -109651448
3890 -3041318103
99064 -7963533880
-35876 -4460745476
-70472 378164640
-31754 -5932142856
11602 -3572697983
70458 -2098630975
-96126 -76242172
24630 -5484766727
-77726 -321589116
37878 -2455437359
-66240 -1270263888
28122 -8705493364
-13242 -7983205032
-22426 -7324362320
-81918 -9081359436
31702 -8222344352
-40862 -1986215116
72500 -2937921484
-16602 -3721003367
-29638 -1089732967
-65846 -3879549620
-58512 742016520
41938 -2634192708
-40962 -4698136096
28138 -3757916884
-56242 -717901167
78340 -5161125916
2686 -4528040207
14374 -4971104199
-92682 -3857564120
97316 -1977429372
-82806 -3657991548
43206 -6578777023
62962 -6823462031
-45154 -6990868823
-58256 -3804347032
-33214 -9614142636
-57334 -4645855796
2154 -4824424367
69756 -2448582852
37774 -779449952
-74960 1192974344
-2960 -1463367472
60490 -1981811711
-56092 -296994044
-2074 -8004131463
57386 -2087763300
-2726 -5869608823
-81854 -2732403599
-12402 -5035176703
-55486 -6524617719
78902 -7143589103
-41914 -6460958463
-40464 -9052594664
-69878 -1838332543
57540 -9925901132
-98584 -6339216032
53778 -9205125903
-75026 -3047773216
51474 -5894975124
28150 -4314457639
-22292 -4486798772
12186 -4756588444
-17162 -3878597191
-29414 -9610212975
-15138 -1087616240
41634 -6269644687
75150 -679934112
11260 -4187245644
33414 -1864117688
50524 -4927190412
-74146 -8858639183
-51946 -5797746664
-28246 -675231524
-34630 -6609627348
-15610 -8289537263
-88430 -1919296951
74170 -436117268
-89828 -8021293412
-72258 -1846376207
-1394 -7783029567
48742 -8459341887
-87518 -5640070908
6654 -4430121599
-95866 -1425127415
72620 -2679569796
98440 -9472227616
61510 -2560065360
64850 -7507984444
56626 -9636725916
-87142 -2091758020
-90068 808113588
87472 -6402103936
41164 -6675420780
79380 -1656468916
63706 -3423023063
85754 -1666891559
-25280 -560798360
-42888 -8206928064
-79716 -1250098932
-28386 -110109352
-84836 -8040080956
33590 -3899369424
99654 -5360541031
-44146 -3743233152
-62210 -3220484759
-35212 -5345377028
12182 -3222725359
-1522 -3736225952
30460 -3968827148
29382 -6453080591
-43432 -6643060744
64700 -261463388
-47770 -9642376583
-73270 118514044
58838 -5543737023
-12834 -6232661111
-5486 -5273967039
-80754 -5674904976
8658 -6784525252
-78428 1299340916
40558 -5954553135
-16652 -5687209500
-43014 -2813502260
-38150 -2561182612
98452 -84370140
-30276 -5543308228
-9754 -3081039736
-55994 -2452835567
8174 -5642400903
60418 -9498706332
-92406 -8800482527
-78952 -7040830016
-51350 -3651890132
-39086 -5149899868
-32378 -7511580272
81272 -2512466896
-88718 -9997378956
17230 -8945613351
98440 -4801542752
9646 -8856057192
-74762 -6442997255
25444 -5187753884
39556 -6523979932
-27686 -425835735
58802 -3806568903
-58702 -5752778047
13674 -109202439
-86194 671290817
45830 -642664863
64924 -3453883156
-17920 -5321203704
20978 -8348820191
43404 -4425917484
79182 -8955998607
-29386 -4270913815
17506 -6012011740
29142 -9387002528
84274 -1467708356
-60500 -5709801964
87494 -5168729040
84678 -7072014088
-96894 -1665603807
24588 -6444320940
-38266 -6927857935
29840 -6349946000
-14562 -9893549784
14208 -3492927504
-18350 -2152902092
-39136 -9131405576
57630 -9121028031
85444 -4593859212
-75378 -8967113720
-12152 -9195037200
-58526 -3124502759
49542 -3797367991
-74030 -3658695772
-99268 -656935444
-98218 -3242927087
95854 -7340360368
-51750 -7466860620
-68510 -1774874511
-73198 -8934285063
71618 -366820180
94256 -1387595944
22482 -1362339567
43726 -9557758031
6458 -1042012431
-3076 -407035380
55904 -1411333872
67586 -3581949439
-36106 -2072488560
-75338 -4807760144
35390 -756139127
-36014 -3984817332
42344 -446553944
-17166 -8493378463
-89650 -935725991
-72108 -5353875076
-48770 -4857610719
82104 -5958805296
-42834 -4616963559
-24870 -6725531996
-92680 40565272
61478 -8725443399
88832 -8767201248
57474 -8212468988
-80708 571397884
97794 -6068821804
-14654 -3781181212
-24036 -3926248796
19940 -5272726100
70620 -7775534380
33282 -9935886607
76474 -9675206359
-3722 -1842599400
72770 -238589276
77076 -6449770388
-43888 -3180388920
-40876 -9680043340
62378 -8165364132
16982 -2469187551
-16342 -3115186103
-89198 -6482967740
62162 -6093033631
-87456 -3569909384
53176 -1687157656
30754 -7349850420
-12854 -1846025407
-27098 -1556914792
73422 -5508227800
65620 -4899818100
-98954 -5979324496
74722 -479262039
32990 -9923663455
66834 -7286579527
28826 -9543358124
24366 -2463618072
6176 -1287791440
2094 -3718297512
-55260 -2709568756
67880 -8230668024
-50956 -437368396
-62460 -8591892108
24990 -9905196095
42634 -4265434612
17390 -2508573968
47198 -1862151720
-80502 -483534164
69350 -6725051879
-95592 -6377370248
-23662 -573320879
-46164 -3845495164
-27068 -9687984436
5616 -2966623072
34174 -9709994103
-29746 -8461818951
31938 -1148310647
-47646 -995920895
-14980 -8269299068
4838 -6668826799
-77188 -8906022356
-84110 -8899257767
16026 -8779450735
66118 -3823522319
76882 -8015092028
21834 -8490865951
-95166 190501209
-75802 -2261133424
4866 -2864043388
25608 -6259036584
23966 -8086582111
80900 -8273268756
39354 -7282147372
10266 -707773567
-64942 -4955886172
-74942 -6503903020
-35280 -3819138960
-16442 -1437895592
-6010 -4814458111
92860 -4696242796
-1078 -6487094343
-31734 -4480260212
-57442 -453732671
44832 -5690226416
26778 -3011715204
27878 -4506057223
-68180 -9006686580
-92986 -5045557039
-40594 -8862891928
52286 -7662672871
20650 -8339030839
3422 -9285717344
-31954 -364383983
-66382 -5782701647
97278 -4740892160
55200 -1933131312
-80982 -2130847868
53118 -363336943
45994 -1271133551
3988 -147969228
-57080 -2864896688
-93478 -6025269516
-46814 -2958456631
-3044 -2161175916
94614 -6651650184
76604 -4102067188
-22936 -8331667496
72962 -1447468879
-86140 -8394431420
86062 -5394480744
-3662 -5527429943
17952 -2195893152
21538 -3083739567
20676 -1773952020
-26646 -8538737943
-92614 -6772748972
52598 -6469864608
-38672 -3466946880
-80282 -3247311751
10434 -6925165959
63090 -7468477148
43126 -9529880807
47140 -8703629548
-81716 -4564448364
-24470 -5183811359
-48358 -7616749599
-344 -1315120424
93206 -1506410392
-74194 -6782802751
-50922 -1874706288
6830 -3943328743
-20690 -7613965648
90752 -5650930360
57236 -7830427420
76954 -256286311
-16564 -5130850532
-24092 -5485605660
28652 -7580100508
4482 -7445317215
63356 -9005045204
21780 -372084340
-1794 -1722576695
-81578 -4016989375
-8872 -8802210816
87766 -9024052736
32402 -221645228
7388 -8209755900
25022 -1131107864
-52774 -7889377703
-23248 -2548773472
-40018 -8211272935
16182 -2562733831
80062 -6590685608
46222 -7013795303
-35114 -4790774463
55460 -515662076
-86938 -8026032855
90924 -2340462116
99606 -5959861511
9322 -3309547228
29508 -4658320476
-14170 -466282079
-47962 -4367338032
-77134 -8305944631
6916 -8943459484
-19498 -2274671759
-62812 -2657578380
-57900 -2578818868
91870 -1241000704
-73052 304756380
-68162 -5860666888
-27706 -8839815303
-31982 -7178880988
68678 -378367623
65310 -6142660960
7564 -5984958420
81762 -6972569420
-90370 -7936248144
51330 -6469057887
89946 -5565288383
-41478 -7487766748
93478 -6777087792
8834 -8356401599
-14574 -749444668
44690 -8374491199
8776 -6053994360
87754 -9307823004
-15994 -759604119
-72862 -5064004732
85606 -7989457928
-638 -9654487092
-91202 -233950272
-64924 -9110390020
-76886 -6468119583
51252 -3021611348
95566 -5294978176
49354 -1743466599
73880 -9195560504
-86334 1124186313
-67474 -1470970959
-4364 -4682685620
85320 -8360150728
-99706 -2922501159
22460 -7693033132
38328 -9811547144
57318 -3550207111
58386 -5255277047
80770 -6425077215
59290 -4370678215
2506 -6501540068
-65972 877651732
60508 -916671420
-53480 -3632191072
-82354 -4715482232
13564 -2030583516
-27024 -4164626888
-3820 -8929953724
16532 -1523330588
12950 -5301674992
-65936 -4269778264
-73048 -8608338640
-51920 -7133224296
-79890 1093131017
-94284 -3809354236
19884 -4698327508
88662 -6601907319
5720 -5008012560
-9310 -1965039815
99550 -5644945087
-59434 -5760545672
10942 -4314889320
47880 -9573620600
41630 -5442580167
-10840 -1393047432
-59146 -7553100055
71226 -7816389599
85226 -7177295428
-96646 -5392249388
-64246 -5193263567
-33034 -900078671
5342 -4781538872
10360 -9567746760
54952 -5682827848
-50640 -6618847624
22462 -4713763080
-32712 -2441966408
47916 -3740336340
47106 -3076149359
73574 -5140396072
47868 -2214739764
-82906 488993872
-31984 -2514173536
-69176 -8981840128
64720 -3319942360
4740 -9494169444
-57188 -617553140
-44840 -6884049664
-18240 -6728873216
13166 -8432631663
68468 -4203205212
4792 -4341519104
-12966 -3534122007
-40130 -4753558152
-11364 -4548321228
94202 -9664273652
-65652 -2820249412
-60594 -2003667815
16778 -6111937951
-12734 -2246346892
-36270 -3829957559
-35614 -9107426308
-76830 -8020455831
-31670 -8124728863
30586 -6757136079
97078 -5255950359
-73926 -7368395276
68252 -5071881140
-21484 -4266144460
-87326 537955332
-95464 1567578800
-90426 -2642494352
-47810 -9332830232
89466 -3954833263
-92210 -7806698848
52772 -1090167892
-59726 -2257419092
-45310 -1100561495
28584 -689641152
74902 -5739968584
-38066 -1934542311
-27946 -7317223232
-24322 -7756880255
-9094 -8318770559
-77262 -4119811015
8092 -9659251524
93238 -6775287567
91180 -8349043268
66486 -5946963831
74390 -1881185568
-20242 -3709624767
-33348 -7172885780
-73606 -1433210671
-78526 -4914903791
79222 -6146277400
63024 -7710461360
47618 -7364694668
99496 -3274751000
-99228 -6897166852
-86304 -6652543504
-39130 -1663653967
81876 -2184551620
59690 -3652292356
-19112 -1018918256
-20646 -3721468228
-18298 -116655000
