-39127 725268262
-64706 6875240405
-68011 5951489742
-88931 2851833254
79313 9855319566
13988 8871222840
-91970 8219631265
18498 5797388329
74181 2338101666
50550 9228488097
92130 4387052017
71950 8679906377
-43220 6366230532
-18514 1780672177
46281 2299973834
-75996 9053932260
29514 8745245477
-82738 7285659545
77325 4822332290
-61456 4795593284
7430 6900984201
84417 6369231314
-35983 3576051670
39082 9077244141
-68763 4162359630
74941 9510078666
-35247 9126186766
-72587 9985840794
44146 2172944565
-6268 3201508056
-95132 5247198644
-3003 6073550550
-61703 3974257378
82108 7392528496
37725 5218024462
-35194 3807737845
17886 1273926093
21812 4636082096
-87998 4053720813
-10883 5063175386
-31878 9165412761
-16382 1706433785
-54016 8310605504
-8892 4474719732
-47787 6951698910
45922 2227475153
13328 1552756532
78400 6669187760
-16572 8256955632
58594 4890642937
-79832 9914624696
-42571 3563252062
93326 7454197709
5752 6920046780
-67228 7300404456
60773 4579717310
97885 3586028378
9537 8639183530
-4454 1658512445
30940 7701749748
55734 8734622801
84677 2837499846
-29459 2905833630
46220 4862746612
15240 4559581720
38338 9427210861
68814 4333215349
-27759 2023378146
-50410 2692515137
-89835 6976009318
-60011 5983825370
-34064 4145969964
-91674 9141238297
-37011 2731075526
21834 7963672829
59654 3281127777
-18547 3966429762
74117 6977010102
29778 2141984281
-7926 6384333005
50964 6669615804
27202 4759954089
-47034 1356398921
83624 7038601608
-971 510629126
-4984 8517866124
-24163 1621294678
-86095 5805007242
-42736 2633500564
98186 8956302173
2812 604036440
60757 4329914726
-92782 6405357781
17402 281444341
18100 2993193248
65556 7099935176
-62134 6779906957
-67750 7534573405
-9599 350819230
83684 6632016260
-34282 2883586033
98834 5025882793
27420 9950053436
50840 9246783404
91088 8198580856
5966 6168558241
-97460 3065080364
-20808 2682261472
-85716 9335085448
-28730 3008312057
51892 3589514108
30090 8544325753
69590 4011298989
-74230 8664026541
-79838 6879023745
-67440 3316466104
-8210 6709466557
-85360 2013466652
-67931 3610751026
68621 2741589890
-80691 7451092670
-39832 1377030868
18402 4569554813
-4646 9392041713
-29588 5412891808
-46151 715353802
-74976 5851756528
-43983 3912611422
17289 3320463674
89252 4182060768
-58715 3806289386
88734 6122525329
-78354 3278279981
-26655 5577124874
-25795 786613326
87277 2139738990
-99362 3318859693
4040 2034854244
-5691 5975557318
-54291 3635131370
7916 1546897368
-88499 2559847654
-15082 4724460185
-38894 5038713433
-80358 5637028517
3998 9331432093
62304 3367730888
-73412 4088359036
17490 7950481661
93621 7278207894
68056 9844240788
-14796 2877205400
-59510 5786413121
469 9577570122
-36124 5183387920
93724 3653749752
79834 6481494637
-65852 7634489320
11698 4593383641
87260 4429251504
7884 427279880
-97740 7870641520
-95539 6572856282
74161 4424966198
-55232 5752480584
70904 9737144028
-60000 1105228300
92822 2839264393
-98734 6558868129
-42168 9175620284
-30140 6326411908
-94087 4663052934
32560 3185519776
59941 6513746874
-74900 5929872452
-16267 6041690618
-45042 1015649153
69285 3321142686
35345 6884874302
9573 5667648254
-56999 9663255094
-22292 3824380668
99340 7369931540
-49746 1061169541
84997 3300351230
51904 3317240244
-48420 3329253056
-54271 3631279410
53366 4117003185
55240 5529278812
96737 5233091306
-3688 5184641952
-49898 2444246357
-97272 9363240944
-95651 4788338122
95882 5063888637
-69576 5764576920
-90322 9070049541
38312 965584900
43198 6743818589
-38456 6540844364
-91194 8773990957
87601 2263195774
77184 7681522880
-72064 8407919952
71392 3754725816
22032 2718597504
-74526 3848136337
59352 4946422860
39525 4047154402
-20768 6552591660
-10203 7375284342
-81478 7462768401
-77644 4050136712
73782 5179958213
-67659 6911165170
-70932 5903179184
4920 8644411692
48909 6022783062
-28387 7484166646
-41640 2176362140
30885 8308174378
-81348 7108363272
-10890 8828478769
62890 5073495609
-49515 1359076198
20369 5792307770
-74627 5086061794
27850 4497160217
54076 7900153772
-56702 5214744025
52813 7774374354
14309 8322058346
-72906 5246684565
-36106 9472094089
-6667 425839838
-57210 8039567261
86941 5862866534
-88292 2055591348
34830 7812075733
95454 2548813213
28217 2794329802
-89991 8161736466
-76551 2177656970
1884 6982620964
24970 3766712489
-23102 6766995189
18836 354314564
-58868 8457752488
22117 1489864590
89764 9552143212
31600 7380814696
84180 6022140996
72289 8654240646
-64975 2874647830
2033 227519986
39200 2940686020
61246 1971441861
52165 1509111642
56854 8275469237
-34018 9613353257
67764 6694574440
-1572 7357439324
32652 8642958304
40798 2786384725
9230 9197887589
-57244 7635357588
-61144 6918801136
40109 6293332298
25733 2003158162
-81843 7805972794
3078 8830394881
-10822 2267204037
-50539 7458780026
87061 2972742578
-1012 7774306760
92644 3303924184
-84303 7888877918
92386 8226530113
50662 9962033601
69356 4211016760
41188 1364746596
97205 6812345906
-89503 7195910422
61610 7093407029
11069 8100005018
-49592 9254527344
73373 6635732850
-36899 5618261662
93586 5059245949
-78204 7029750964
-3624 5440671708
15018 9794138837
-96826 5564642789
14765 183140066
83860 5818037952
-30579 6036785622
18357 5559128358
22622 8371621993
-56030 5792209069
98924 7742365596
29582 6779018397
34217 5610490526
18378 6850476041
28720 5814740848
-52234 7146480117
-48802 1537659949
13409 3320876078
-87539 7423702678
18140 6048481140
-52527 6908422438
-71988 8598316044
15025 3318626542
-54463 6982021346
-10472 9835984004
-87474 5820093141
54302 7715211493
77210 7002222809
-99638 4026541125
4180 1106354108
2732 6955554616
-71191 8506478310
43434 2134246289
-48946 8751769537
71556 3217813804
-78310 9466769901
14517 3651094962
58000 9460194008
-94666 9368713257
-83602 5669380505
34436 6255495416
-12996 2827330940
30696 1023206880
-16634 7220814325
-17406 3335346501
51464 7137510596
-57940 6214932104
-43578 7467157285
-10867 9463712714
-8878 4662773801
-33384 1063059104
50486 733742321
-31080 6157235452
55536 5418901992
66681 1389870938
-53415 7703713338
59412 2697557728
70304 7768773080
34040 7132522136
-72546 9665926805
-8051 7780131534
-50686 6692384313
96140 8676595908
25786 7577581265
10490 5143780909
92100 3391267160
-59350 3847646297
-80419 7046106714
-94770 6610618849
-33474 994035777
-1567 3750875286
86996 7022474692
64598 9147602201
53481 4926955626
-37886 8053252069
-32715 4068613086
-55804 3396918924
-55788 6086888120
-3288 7549053328
-1092 9253199344
43438 1221889133
33125 6373747694
-7942 5827626485
78977 3572297254
34805 7382506706
25902 2036670473
-99654 6554409881
92533 8591340514
82577 4257507110
-30492 6144483296
73481 4353115410
71265 5950838754
3197 6701413726
-82948 6861658936
3493 252413410
-23918 5346517221
53212 6536930380
-11402 4060821297
11309 9287480778
92918 6630309845
-6120 4010974256
62668 8175707836
-27246 1024490269
2310 5494220349
-86295 4260537490
-29008 247025428
51761 4704091402
-69346 3651144301
89074 5861003109
83274 3656581581
47796 1665070944
41174 9760626609
24873 9330085630
-99398 4473395673
16681 4204195634
47757 6163226230
79086 4836723597
88048 8287521448
16158 5753998149
7392 7366394264
49848 1447019504
56236 4029863028
-55218 3215457461
12954 5532543193
-49195 2858695718
-91758 7781949573
79993 4607327010
-6302 7857817449
-72116 9805462160
5692 1490410012
18900 3702774048
29464 278934892
21666 9868672745
-63550 9988230393
-39439 9533461998
3429 4307165254
-21728 6598704076
-25659 4346633578
20077 3863136122
10348 2518902192
62605 9529870774
-31628 5971707924
42604 1885190436
22138 2462184989
-76436 2643341408
20205 6649546514
-36932 3647170156
84428 2258983216
-89467 7535487690
37964 8450446192
1208 1969892164
-67347 9095565230
91893 7342021906
26030 2560334905
-45770 7942182201
3945 3473741426
52452 4681462140
-4992 2099390644
14166 8593381517
22270 4595175849
-34747 2707057578
89048 2215339568
23996 3482055828
5558 9338505585
-81687 1965315510
-46083 5850659346
-28051 1343177410
47470 7256351941
-15607 9055817730
86833 6020711622
-87391 2046700854
-84588 4689633024
-19604 6980873740
-3747 1226646954
-64695 8747601482
-99143 4767563586
9994 9562887405
-38260 4793815404
37378 2102047681
97542 7406112053
46514 2532215737
50718 4816814117
-15668 1710362132
-59300 4387118380
-56650 1402532781
37012 4507252108
-49007 2876445818
-26910 4903215969
-12426 5207773037
26572 8416462716
-61440 5689051072
84133 6152700382
77582 6498780349
41802 5582101353
-50611 6690893022
18630 362628693
76957 1782824818
58545 2067723822
16685 3789077018
37384 921946592
77660 6334386128
-16514 6092456681
-95448 8402780832
37549 4396929442
28390 7264807937
83518 2409821813
88392 7690484696
10244 1650132020
-39126 7872594349
-76264 2288344684
-25408 1387278208
-77126 3710886589
-7122 4327131441
18318 6723569565
-23370 3438389145
-83892 5379915496
-51706 6648867521
95001 2273079774
-43339 9414871586
84009 8620875106
14054 949282001
78673 3891818878
21108 8491524868
51177 8340868290
-13888 6743542492
-40594 1674196117
95522 9966076269
59624 6001717784
-13330 1083539773
-1418 5244185789
34102 6853629121
-97795 6485046742
62581 1080065562
-88996 4389344584
-61651 8336194218
13436 3972881380
88120 4057095492
-28394 2326635893
-29276 1465307332
45152 3445098708
-60063 4017871566
43682 3082878637
-77488 2284515028
-31946 6830275117
73605 9237367298
-82111 6306858870
72745 7711365810
-9515 533410874
56802 7817118617
-86867 5149910962
-81270 8583054909
60684 9900258792
-47382 9516286349
63812 7548471980
-32018 4812192357
6433 1624497246
11368 562967196
-1215 8265143746
52938 1707050877
-73526 5717385621
-87819 6011101834
-31952 8790953912
71009 8386474762
45972 722728032
72709 5347020070
63730 3704647877
-79142 7015221437
-64652 1216390388
-32886 6972885693
34416 365315780
-1560 5310448596
-29816 1554270464
-4838 2508323325
-72104 1566288300
-90974 9145823325
92656 2888013544
73940 1849658708
16772 7407659236
-578 8804070401
11744 8532144848
-86987 8921598998
35709 9564140474
-27878 7131662549
-85719 7661675946
12134 5830266385
-31895 3738961722
53966 2191391817
48874 1177808169
-18872 1838264372
35528 2747064940
92444 7648428820
79912 3368890388
37289 4119302046
-57294 9204010221
-81458 4974492565
-11486 1390392209
44310 6352398685
-33314 908704157
5276 4647871000
22442 5581405849
-9168 6601810004
59650 3183783705
38704 1502467420
-1635 5646449374
36497 7455513310
-19723 5108287006
36629 6418907722
-30906 985976361
-16214 7866391993
64734 4534924453
82692 9054322728
-66302 7974767613
72220 9556877404
-25887 9742397474
32218 1934039009
79894 6850762453
2413 3586999890
-97378 2452637457
96670 5926919081
38616 1172216192
23309 7153591242
42162 7249900797
27562 844378489
56350 1079458997
97909 4211094834
-2003 1507689750
-14406 6973899561
67602 1470157481
60150 5381318577
-34170 1323367941
-31300 3240848608
-31840 5006975936
-57224 7724823392
-49990 2237092973
-35379 1781824058
55946 2310807433
29714 3180446625
-84694 1996994341
-35296 2908979168
40302 1487941629
-36456 8114759656
21802 6755153549
-4435 1926617594
79792 2430525844
71660 9186503976
13837 1796278982
-19492 5067271220
-26542 358330953
28268 2757686896
-57595 4997598682
46292 1170075544
54906 6815319581
-58670 1281621197
-96351 4733312578
-99458 6905247521
-38754 6017273125
10850 815451001
-22443 9731516518
-33936 7173012500
49269 6845653434
60701 8233959946
-35738 9917338745
-97055 6142359066
-36387 843905354
50285 5978766286
-42523 2734278398
-20538 6625340669
16457 452595162
10493 4618400798
54664 9846713372
-86796 6302563236
43309 3964306538
290 6542261625
25713 1376208502
82706 4695402353
29185 6672723278
-51815 2655942102
82969 4593592134
-2467 1678311734
17802 6068457345
48170 7422492577
93010 6912074813
26234 8831495469
63598 2310777577
-58526 2476482257
9658 3797872785
8344 1086671884
26401 1841808006
-87122 6068736733
-75034 8398012789
-17574 4145583041
23224 6443634352
-83235 6196097002
-23324 9941400264
68904 6887642324
-15635 728635258
-17298 106131537
82476 5419245852
-55258 1614945209
-41263 1688701758
-23392 4589476432
-93684 4032397724
21545 6743367126
-32766 5710746913
72600 7290401096
10376 9044733840
-13008 8565021364
-5227 7749633650
38356 8864548592
43117 8954196534
55010 4273782505
53657 4627255114
74138 5576044329
16998 639292501
-11930 4114240629
86761 7849257926
23294 6115638205
-97746 2917698173
32717 3635073510
-53644 4234816832
57717 8686010338
30469 3197013974
89901 3530997182
2730 300417041
-78880 6436873272
-34586 2491399677
-77139 9570036098
-48112 4722096760
-71782 4748929477
-68138 4390641037
74634 7808800837
-8146 2859840693
81645 3774142922
29260 1624671924
92080 3628199144
-74848 5643875560
-40831 7192789186
30145 4351996030
-56732 8137025168
63732 6705185360
-98864 7181096112
-53678 8366038629
-13074 4993843621
13006 4886138057
18308 2139869484
94338 4441882877
7498 5323403629
-55255 5355947630
-39658 8454401105
20002 669640217
-10574 5951557241
-50191 2207304786
64853 7796264262
-49586 2832440317
-78422 8822747645
-42107 2173679314
17842 1035029937
25089 4700207238
-37914 6052031857
-65820 5206298320
14628 8245096824
30605 1907027774
18304 7658754540
-29882 5036912385
40928 4927008948
27313 8608114414
-92722 5905329389
89092 9394783584
-77176 8635984104
-75515 9714061626
-74678 5624692001
67858 2440647525
-80302 2318109129
71076 8699205640
-37398 4421265137
-20194 8550255541
27376 4926270632
63042 9562872849
-11443 6144142214
74304 9025253380
-25228 578359632
39914 9943136017
48698 2561228625
-57522 5719352825
29906 6080994249
60256 4899788840
-45200 2885403512
-42230 9517183089
98544 6500037392
-25420 8052471736
15796 9887828708
39184 7953092368
-20927 9121615518
-25644 8040136820
58372 7561137068
13834 3330482961
-35510 6761764613
-25522 1413159117
3525 9010121822
41862 7202195345
-50286 3162397361
-81910 2024984825
45482 7970429625
-70006 9238543473
-77667 8354711206
-43024 5071244892
-63979 2348012874
-34863 1076376922
70488 5022097468
-52559 4059771422
2882 8386287025
-65975 1181615790
-62952 1280036244
-25952 2727593572
-81084 7695801060
-75918 2366380233
14486 2174723993
69005 7325444766
-42954 6946978973
-82731 8796403138
38162 5120750517
-50144 8005730776
51034 3958026089
33868 8053881984
58517 7071954514
5297 6748217006
51981 5151910330
52802 8685337917
-18535 1805491702
90849 9079117374
-35978 8319225701
54460 4737206196
-34426 8301498853
-19330 3058925181
20274 6239434781
71225 9582826934
28276 9793648532
-67348 9041052416
-41906 1610357585
98325 4016621366
87817 2908289162
-53075 4746294250
1709 4339898802
56064 8494899672
-60114 3761858449
40886 6662499977
566 7485685133
-2234 7007396457
61530 1541517737
3320 6356208772
-2326 1529104745
77886 9675549341
-71834 7286828225
-63739 7462645842
-3980 1700465680
-85282 9314714133
-16456 5033034444
94518 7919056621
93488 6036606180
25937 6836155622
-10206 1372626549
7804 3592707532
-5819 1971661018
-76718 9094195229
-19379 6274639642
50192 5405041896
21062 5585319849
-27763 6838623826
28472 2609344036
-47662 2802867573
81701 5492879878
-72263 9010055102
20950 4008564941
-96072 6771252312
-90826 6817677757
-39796 2159318072
40209 8551805822
-15090 3785135673
66630 8404711585
66314 4860093917
-76106 9642421333
15962 9566998881
-64834 7220640425
-50146 3274256201
65738 6611172289
-77630 9123176769
91366 5741401749
14977 8359367846
-89868 9223635596
76636 3488814544
2086 3384379833
7604 9877855784
-72504 2986100276
-49111 6205080022
-29031 1424744890
91249 5919801590
22105 5531645850
-65218 4439832969
99562 7458207813
-43850 5651842569
-47091 1702499458
-98156 4163540676
88118 7893721165
63604 6209528952
92768 7369215336
-68298 1470669845
46088 1173346216
-24039 7260840102
6826 7686458825
-83924 6584929000
-62199 8292447982
32025 2336570462
38034 3148639721
93978 7594139125
-82755 7909903526
-84323 8887567506
-89170 6044422561
-37200 8156112040
93973 5087084490
-80006 3087274449
-36427 8278292494
-25202 8229841837
37634 4221521121
-37531 2076729014
-49471 9078148814
-67460 9283707384
-68383 4583253422
-57287 6951681362
-8454 7858278377
-36834 5950824021
936 2154315200
50417 6343638234
-56248 4010730060
-46184 2825853556
52522 8660847777
-25187 7397174434
-70164 9546678100
-37195 8651170598
34021 1165943150
5045 3775134894
-80070 1880783385
-95515 7672529054
-19570 135145733
-9611 3124031458
-73578 2857895185
-9863 6810561954
-87575 9820888178
15168 9599644868
-454 8287658189
-22500 891848380
24518 3198177089
-15752 1483571532
92394 7179352925
85342 8710697137
-22708 6806806956
97068 3828086528
4769 6778547838
7445 7753221070
-65366 9045124469
-5924 7215897524
-34848 759778240
-48115 3631443614
84562 8389954869
51753 5331288594
-71000 7600714104
61397 2066636438
51073 3205146654
78690 8023671849
94474 6884386941
9157 7155598462
24225 8878522658
-97930 4470680809
31141 3481925118
-10363 3978453918
5985 4716981482
-12090 792206769
75386 3921160249
95745 6547150614
-93243 8297069862
-33556 6415537384
-41762 2577663265
55572 5353060128
77310 7372391905
81210 4292343229
-69215 3473326154
-32462 1503597857
-74275 3784635998
78412 2428483012
65132 9656657972
-71822 7837637189
-21371 951996918
95550 9490259385
-76110 7775223605
95733 7405926970
-65410 3223083757
-93256 5108562816
-27260 4282072304
-70659 4120041486
-67490 4759531201
8040 7318086748
-6772 4599387756
46724 7809259608
81269 7740255550
-29898 7997790889
86268 5312833632
11213 4217711686
50845 9586598882
-75350 4786228405
62810 2414278149
-23075 2410230762
-23280 7297562868
-14347 124691338
66509 6461324554
51861 3439899762
83482 5844214145
14925 3585068986
45621 4881081614
-83095 7118941166
-48036 1796399916
3672 6356236064
11369 7016334614
-4436 6821068044
6076 7591799536
19973 6096771550
-81760 7682284668
-6534 7254438941
23954 2481402397
-39867 5150376478
-87864 9644029412
-6024 8044174396
-19708 1150262076
-38248 3959960364
724 5294458716
20562 2747483077
8901 2056667090
60424 8038878632
94562 4778277661
49201 8495966778
-53660 8222161232
-34151 3834246186
44360 9519585440
12109 8728951946
35213 1826415682
-48330 6219766921
19429 6045081298
80884 4990771600
-81456 9901716200
86270 9002655425
-93666 4711131309
-4358 9428500929
11565 4788950650
-99746 2820909101
13500 5034246740
17774 2967596933
43177 8587318550
40074 5330206293
-52471 7236947586
13006 6347750909
-97036 5000043028
-82295 5040204762
-99883 3065517666
-21442 8209017813
-4943 7144031874
-51683 8535884002
-66731 5779308790
2788 5443272880
-89607 6425856834
57950 6952003381
-43384 4265334288
70436 3436199216
428 733096752
-23323 4447049318
-42439 1522270534
23954 5307023949
-40551 6950183790
14186 8298446893
-1760 7627642772
-46962 870555665
22993 2315688326
-91846 7396418977
-60575 5681077234
-29322 2274893945
95614 9834689617
85812 2171541992
83265 5628516490
-80892 2797365600
-68807 3865250482
-46290 2734671761
13834 3352549421
42730 9269827053
92226 8256964573
-49306 803370849
-17772 9730430608
-27098 4647135045
90202 8120128517
5918 9201354673
-75010 7728568693
97212 3571599616
44694 8742229457
-18943 2448390090
-40362 3675312897
-5523 8404820766
35070 9162542993
-90156 8858242976
-9716 104102020
-74612 2439917848
-24922 8434407881
32477 2030453118
-15171 8068601350
80869 7953277730
-2631 7495395778
89429 6040795298
-45966 9175813885
25905 642203726
32242 3791451913
38812 4542369960
-86847 6796500450
-71515 4269809094
-27152 2111636756
41369 9738603634
37436 8665685484
-39258 2920368461
-10662 3442241809
36400 6337204896
29660 6398359052
-38108 3779813132
65113 8364815618
-8314 5510605557
-50230 6917072145
-48183 6638564358
19460 353878296
41586 2206793421
40705 9297804802
64309 3772196534
-38907 8648828938
-65760 4790333740
59305 9416819890
7181 7148423038
-68414 8309649293
57025 2277905178
-64882 8860954577
-97358 9917467193
-11456 531149376
-85962 4694657893
77464 9398847480
33837 2802487082
92104 9898271384
-65470 8876106797
43292 3369317480
63952 7256478068
-95274 3520190717
-18780 8265857188
-18160 4243367364
-16760 3048662880
35602 462299541
-48808 5630212572
40540 8089972252
71106 3521241629
61938 9646051213
-40115 6415886962
-24444 6499906720
5618 9131458109
28660 1434651636
-80320 5854691892
-87903 5566044454
67326 6612914697
40637 1420884374
11864 499090984
39926 7444772473
22718 9094762005
42852 650351812
81241 2650273106
-12875 5091593258
65609 4425533502
80660 7859127168
33464 3797813988
40204 8261894176
-54474 4035728521
20410 1569702217
-88839 5916856958
-78446 6486866757
51520 8822157228
-23232 5100684360
42657 1107613310
30473 2989511334
-18383 9630646534
68242 5766833065
6660 1523463732
-90092 9600321040
73372 4063752448
-81918 1743170289
29448 3113243216
-13815 9803984286
-77435 3249240086
54346 6484772113
54872 4251193696
-13331 9873295206
62152 5755732520
32889 1402197170
90565 7996231262
21537 173185126
36554 2781845597
-52068 2737648524
-77187 5743127458
12068 490982788
-63051 4769511022
-4216 4654408332
56661 6038519082
35093 6291790010
-47834 2262966737
56452 5627068256
34209 996493998
-74454 1584614273
15874 5673293861
27733 817146682
-34479 4484132346
62792 6485570980
-52976 5551774044
-30100 4822531796
-39672 1003366708
90809 7016893590
-57008 2693515916
71562 4198300625
-64160 4956887076
-72255 7053713958
21462 1740517229
3960 3676722796
-76172 5432918768
-29320 5255394936
-18443 7273171826
75688 7402122208
15598 6640676425
91266 3606075745
-66094 3406794037
77330 5550873977
18236 9240448368
77530 7012489989
-37688 3070290144
75022 9454858477
-72115 6238420270
-23618 4741687585
33256 6465784464
-75066 6514543037
92185 8177746142
-34843 6443257002
-85534 3487712617
-56700 3291618896
87177 1904921594
84698 2328944509
58008 5625771844
32992 9922997912
92316 6629393224
20826 3479344053
22954 1581057785
8985 8544367570
81732 5719998552
-23866 304503125
-36251 3991085094
-83658 4741336973
-70292 8419271972
-51843 1119389610
-85079 9322278398
43350 6041966797
91408 7052533308
-9979 9981453586
10030 7888133345
-57883 3165274182
-26587 8581921806
5182 5927833349
-49740 1923841044
-32636 6240248504
-65435 9853294118
2102 3112992301
-51254 7741804805
-68647 9264308490
70873 1970515810
1672 8638054676
-48356 4727150516
-39815 2459170726
-60836 9233541080
-67198 3388753161
13472 8624471184
94798 6269580713
89424 3555562152
45845 2444910898
-96747 3629107234
2810 8410597801
1934 1835554097
67984 6785752004
7064 6466209280
12590 4023432829
-65076 9288309484
-11972 3815020968
3836 7649749548
-60672 8263213328
88658 8834715413
8141 1068492202
-83552 5055560992
-60354 4605240537
-37226 9418098869
21344 5389544980
5342 5782123133
1693 422165742
-16095 5238924574
-5363 8024109786
29594 4640261829
-41538 3077836813
-79936 3982917472
51774 6792169977
-65914 8624138449
65505 4936638666
-64064 1231543000
53545 8434674374
-47674 5846744533
-4879 4302620162
-68991 8086191650
-49712 9097898272
70145 9653754350
66833 5079438750
77377 8254619830
-87163 2140023654
-89798 2703166265
16114 2899959545
41908 3805617656
-19420 9788645616
27709 8126049970
11185 5705840654
37372 4833792008
8312 2185175392
98636 6693849264
-86978 3935302233
-71151 4810511466
-17990 2029906453
-11167 2386308078
54665 8598278814
-294 4207484349
-9408 2577959368
-12410 7781872761
37945 5162885086
79484 7743566424
59162 1825292673
53068 1468778660
38714 2638684209
52034 918255929
29428 8964039332
6592 8702551420
-23042 7638137761
34609 8684637930
-31070 2953755277
-89210 8106781053
72500 7143611968
-6248 5282137900
-34238 6961974617
75048 6229309604
-66528 6095663268
12405 6574770030
31722 9112801217
9228 1217288176
-56796 6074923188
23254 8888036929
-93920 4391265972
-69568 7910307496
-47408 3473173920
39142 4849580329
-37832 7025571940
-91411 3276066602
-36144 4102271904
-17443 4194091470
76504 9965153472
97137 3587617078
35936 5056586024
-48340 1732595236
-80816 2730188896
42409 4342234738
-35363 3737535698
-38692 9904115504
-41478 1284579033
40366 2539771821
1080 5293995076
-82968 3932914708
54494 7117603977
57308 6677166848
-74111 8214444214
-12010 717549921
44190 5051896001
46001 2270784962
-53196 8859561516
-45604 973848668
15093 9207539994
36374 7620021333
96502 7925289293
17509 6910402754
-78927 8185969474
-58958 6745814589
-85924 8506098976
-12406 7897913525
12550 3998794049
-60284 4049563936
-27718 337089037
13776 2630689284
-45302 3594450481
92129 9353835510
29893 9610831986
-32998 9609156497
-22598 6618722297
76680 6703260096
-42323 2544818394
33029 9186997962
-27119 5070510286
15412 5754877092
-31324 9611044324
10148 266149056
9069 7375224814
-13838 3460730413
13873 4377392198
-67251 7450772170
11486 6766306765
50474 9967396005
-86223 2789722666
530 4510021377
26350 1528180557
66828 5489791140
31308 5721840344
-95214 4955051457
55476 9043971012
-12750 5136953117
-52260 8770562584
-7068 3785394352
-15710 1487184809
71056 2834981372
69761 4385329606
-16202 4518631277
-91090 8800058501
-27982 4044130913
-28872 8449576696
78646 6893350045
-45039 4206135586
-16810 3335616357
75090 3682836073
-23276 5224866232
-60243 7584154554
23282 938265973
46028 3508186408
-51163 7629877234
-65019 2839005590
33602 331346273
-70320 5690693348
47030 3108597681
-96775 6038005862
96112 3866633196
-20955 9709601866
13256 7382096368
-27434 5896761153
37030 8373435897
17988 7370028492
-97526 5216292601
-78430 5379687165
-15116 4140920964
-6334 7457163877
-23191 4037744218
-37107 7361655318
45624 7236431600
87757 3922391810
-22268 1344085852
58077 990756978
45793 938140382
82309 3855574406
-91763 8882715642
29973 5943426634
-80938 9745322777
37364 9609601648
-74558 3998599717
36296 5093503724
88272 4537804128
-35247 9798003342
-13319 60803242
80284 7374168056
40004 4351755728
58810 6790346549
72057 3462073534
16966 4592533745
-36618 5020261597
34758 2431706005
77378 9983154953
76030 8739053589
-21315 4882317834
56817 9329724726
-24343 3204431902
-13987 7300979986
-15867 2216531214
-9379 8470230314
64741 6968900866
-54182 2047332681
65117 7653840310
-87584 7614268784
-18406 5391052825
62037 8161125278
-13531 2801281438
-75666 2195985557
-9540 8448221812
12577 5647724594
-86839 7091639994
-89954 5941985081
-60974 8994811457
-6415 1818598806
66250 6772565017
66052 6193476220
92633 4143135098
-6443 7878391994
-471 923075214
-26422 9859167125
26821 3875949438
83768 7636854748
-61182 1666547589
-83590 3537864305
-44768 1699346196
40832 4156992664
-7107 6436502358
-16666 3321919313
71312 6991938580
50684 1074548436
-93527 9760123314
1357 2414335666
-64450 5968458545
-10568 4738045448
27408 1209464348
17785 7628207678
-9796 7200154524
-53646 9126958081
-43398 1646301217
28037 2549070086
98860 9277976116
-29263 6101452302
-45052 3147811176
31716 8193719788
19776 2454120492
-62338 9531094005
-1872 6840702432
-90183 6783843906
14557 3657860434
55212 4246078756
13760 5176950784
27858 4588928701
-46784 7590473388
68176 3087002976
11510 6401811729
38392 941556800
87954 3454746857
54090 9229006465
42532 5814226916
58281 7815523082
1929 392008698
25737 870610150
-61914 5886815697
-47294 1887837497
-8426 3998971845
82300 8509936308
-16915 9680578574
6861 4040039998
-94336 8602423532
-21876 7143864252
66266 9821532409
64136 1652920696
-49036 6845835136
81774 3940655553
82249 2556134674
48798 5093542705
56730 9594772781
33430 2046672137
48488 2610332076
-18856 5768451788
93376 4709786028
-1852 3974628740
-48244 6574056204
25517 2826688754
67438 1205360821
-73014 2409768341
62174 1680697213
-23054 1336832105
25656 7161750956
-74626 8980699053
-22447 4635505050
-29352 7888618012
26840 5458006824
-42987 5178810810
83649 8070719770
96940 8107348800
-76240 4215594280
-92846 9171608129
97734 3303292657
65702 2403654009
-67006 1944194597
48344 6890150372
2272 4585007248
-32855 1064549070
-73772 1760815320
2660 471934488
80010 9681221157
-79790 4741143701
22281 9749125698
23216 514881800
48008 1041677960
-20343 1064414386
-91086 4721157857
18049 1308376906
32680 9453313356
-10815 6986306806
55838 4338166909
5797 4457281010
-79198 7409925913
26901 1192829882
17709 4082031726
-60947 3420379094
-5730 2644186649
31020 9600956376
-36380 6761922388
2674 9617352609
18292 3113350552
-61179 4306845454
2610 3613547281
-92215 8207336770
-57948 7794073772
-13862 8888935173
55169 5041034766
15152 7093420568
-56928 8610340216
77777 5697683334
93117 5101258994
20849 1621265390
-33126 9656240345
-19038 6088923329
7401 1287311014
3050 7764730757
53460 8728305268
-60711 4080291922
53298 2546427533
85864 7777191664
52226 2807763269
-2148 7143684368
-69152 5463208112
40249 2076757834
-76666 6275971457
11774 221434245
-25887 6420999702
-57403 5453275002
-97938 5109700913
-91432 2778336012
-99838 6537241697
60225 8354085754
45005 6621561678
-48623 9530608878
13296 6946818860
-76768 5194194704
-31336 2811033680
-14423 8182676590
-62920 2864525548
78724 6674100980
46004 8387339200
-10850 5613515673
12408 692909204
-8276 9576966832
68086 3843583805
-98998 6711715849
77292 9460744608
-48430 6434460493
29212 2707521332
18160 6381340548
-3594 9451926289
20553 5725014910
-59415 5141475318
-28263 2787290962
64978 2582682457
73617 8609738066
-1670 5184708749
-91610 6172570369
-56928 1220155884
86712 6828489368
-78256 9067776788
-18426 5745855021
13374 1027080181
96561 9434152346
86000 3487382016
62520 1224646252
-6608 7058773952
-25930 6427419293
-75007 4182356854
-98818 4619300081
-75367 7517810862
-3188 2629329672
-70951 5410809346
-96376 4872564616
24252 6243538064
25681 6500929210
13617 2284690650
75205 7977971286
-98582 8499419097
4596 4980376968
74258 5673232177
41970 1244639709
67540 8277324896
-14272 9371483008
48661 9267769122
83405 2350650950
53044 8104828348
58640 1511710512
69566 5134099461
-93984 2611802208
-67436 1292685652
52985 2405854702
-45004 6569421352
-9430 1819468945
-24956 7581418756
20640 3038507940
13146 664646469
29480 7456142740
69510 8536571445
-67940 9729931544
4036 8184317028
70122 2232928249
-64419 5535537718
2885 2515885518
64282 9899028377
-48688 730089456
-43011 553815454
58324 1746068868
58992 2229076944
4992 3283297364
-34220 5949376724
40722 6736082173
-77058 4647769541
10229 5587837766
48749 6536209734
86961 8135001534
18253 7702502974
-77707 5842839498
-30464 6425057144
24633 8528831062
-71859 4423024482
63276 6676454624
-17426 1707564765
13789 3845967738
14648 1835563804
2037 8787757586
23281 2210379638
-32766 4666406177
54440 4418514916
-64875 3429244882
-32804 600862420
12262 7088225345
-94967 7611327926
16840 7089038280
-4724 4328609204
-95346 6524028301
49377 7910720162
-62631 8847893578
-8251 2643472210
-78007 4103224638
42909 6845357570
43581 8357737718
94722 7960487261
85177 5060046306
-78502 8548854621
52714 3892897509
-96870 4306478089
81306 9320827753
92513 9481764670
47793 9690397314
87096 5924263560
21797 8281336798
85041 2420863490
-82696 5825723456
-22678 8675578149
5354 8889363513
97798 7839838309
-4816 765634088
27632 5927544308
-96678 3377709545
61032 6527993992
63064 5958742556
15149 3980317298
29780 6204902200
18608 4323510320
-74292 6732291356
24905 1307444978
22504 4785807816
97109 6948750866
-63091 9885352818
34466 5435081865
-75155 9704737942
-83014 6037644581
99584 7888928816
26749 3034531250
-40782 3754581129
40646 3214795133
7972 4692923156
82008 2851446212
-71456 5537821028
74976 7030231524
61928 9477221428
-38410 2082205649
-87510 7500646777
-68996 8852288496
-69716 7529666800
-51566 6846073085
26226 889484549
-45022 2829250829
-27210 5806354957
1138 8363767821
31770 5909342473
50890 1789757001
-60447 9407018794
-18770 6057900505
-41999 4917254198
-24314 8876100649
5250 3252432789
-40434 2923733217
28733 9185907998
66430 8243808921
68716 5959283944
83857 7081329734
4236 9697398504
-51364 1266902708
-69835 2805041838
34076 6024730008
-95262 4929017765
66197 1668048910
45520 1477263112
-26087 4012815434
-12183 8388371254
-83407 9063438774
-66948 6267149224
42992 8131814880
30254 8144469257
-1259 1212365210
-61115 7495683130
-31468 5312394300
-10291 2371370306
-73330 1892361717
-21371 1583292134
-33026 2602813305
63145 7884128002
44452 5412049376
-88315 2068771230
-42407 8460409246
-40676 7848277068
71013 6192288670
46213 4960780670
-36704 5171973344
21605 2765378302
-59436 7211129020
66901 6195822494
-43227 6623133958
-61176 5692498540
22725 729210486
-5203 3570186282
-3216 5726424444
-58272 3110422928
-28484 4991878216
82133 1874285202
-1822 6574334745
18100 9016289296
-61852 5028265636
22185 9782741606
-45715 2278250590
-31040 6782799360
50952 6435952724
3713 6669099910
-72335 2181876766
59282 2494764085
75181 5788280814
74794 6259658945
6988 811834052
72512 6299654400
-34192 9995225800
-22778 3526310693
-70244 2966385336
91501 3121187794
49892 9603621212
42118 2921807517
46329 3028130574
-33806 2335623929
-18802 8170242553
40528 8870889440
36082 8163663249
-36618 5481361369
-14272 2680601048
72602 7925907429
42133 7177697690
66909 4431874242
95749 5500098046
-25235 514194394
-78404 7123613944
49538 2433216997
91922 9139431689
-37078 3273356901
71417 4818343170
-88710 6774710885
22386 3703200929
58849 4629037294
63197 3680554238
-85994 9339811797
-56195 3219216322
-78699 2370714270
-55198 2899519521
18868 4418845548
40774 8161157417
75681 9888691778
-39347 4722881250
-11956 8576516808
92758 9151959413
80433 2472308078
-34031 6901376494
-90771 6014726570
-55584 1565368420
-65942 6213234365
56460 1046229636
-63811 1189875894
234 4024576777
43773 5300280730
-8720 9808754288
83840 7528615216
-5715 7292231758
26718 7152327557
-66416 9530431696
4878 5034846705
51966 4426487593
-83447 4207206050
30665 1933738014
-67931 6995509870
-81214 5979922405
16142 1805497693
45513 2604103034
-35379 4110499418
-64734 2025665173
30250 7748164005
-24076 7299854136
-73667 3282721930
-75208 1428499480
-31927 7469275690
33550 9536205581
54377 6361032286
65697 4333752790
-85484 8624149404
67302 2341766073
-89514 9367816673
33436 9380392904
-19710 798524437
-21923 8162401266
-6354 256805201
2100 4363129140
18892 5249007276
-51922 6086155825
81648 9110775148
68237 7294816242
-23246 1768850037
37150 2817358181
26781 2780702770
60026 2207117413
-90763 3862965474
6433 5685463582
57608 9873095220
23965 3770835294
44109 2968840990
-80176 7680097072
66266 9215105597
-45946 5751032321
-32798 8460792173
52653 8598542090
-95179 4205908438
-5624 4472743388
-83356 8947761208
-27944 5632190240
9902 6297676097
-20111 8107713650
-27872 3177303508
-20208 4399727016
-87771 5268050754
-23126 5454164257
-81919 5930810342
-6216 354460216
92046 4460411969
-72214 4282124461
-99775 6000063178
85941 7296714370
52852 6985857368
-14231 5746121642
-83248 3510250516
-59218 9209036329
97197 9416786006
-3986 6673106957
-84560 3361222016
-72819 5557612266
62966 2846029613
-77063 1551287602
-12952 7950666104
74205 4090845958
41504 1854337032
91082 8495616225
33918 8281040897
88838 9736178325
60848 8642400764
3913 4180092046
-18198 2788555409
7136 9375827916
23169 3008168202
22278 9441867977
-78960 6647438272
10420 1032808260
-84492 8309355180
50105 5484741002
-8519 3897322466
