67749 720883980
78205 775770413
77183 707752488
59731 389789940
76411 1212751619
87644 983494338
85775 1054502460
65007 859845854
68476 343416167
82891 1393983097
82072 722662103
79335 73370784
85528 109534958
84440 1148223093
69191 506894705
67345 672432844
79998 1079096002
98029 1230023213
77852 888341233
93479 609184856
35310 272077078
53933 626367909
97112 1771920445
95721 1916805733
92411 1452968586
40578 94639100
94501 2154749131
67984 822709841
96482 306155466
88089 224307091
59435 190558799
99376 1451246646
81575 1452744886
92865 1950998303
62121 649724744
75569 314191661
90929 1744078696
93500 986670606
59424 605927393
59981 687466371
92751 65109776
69469 533600671
70100 949915239
92627 1160411129
77210 738133687
48809 438657133
18897 55881296
75131 1210652170
89975 896964684
89585 1102053468
92167 1732653441
77767 1053327732
95406 2145643386
48305 499581900
96743 345260526
81676 996998453
99009 1130293757
78000 206092302
77133 1457047992
77099 1255540489
85515 841633242
44842 436655786
83199 657881535
89839 600008376
56595 50484376
97599 137644204
95623 1949263053
64340 780471386
58839 425921206
99801 2466111759
86785 982139068
97433 570456329
80971 1068561498
81304 739638562
57465 42391837
79956 1366049467
49439 518100197
81279 699572990
43395 30184624
96869 2038956321
94572 746253679
77756 1071402290
55293 91776199
80179 1051324475
74046 852167435
92604 47809054
57723 748209058
59701 216021613
94430 1194562736
84919 1397121938
92130 2089588056
89941 1688444615
95383 1710200405
98701 248446965
90456 1214153565
88516 342078113
96025 1263501279
67725 475907616
77932 644267186
94238 123017152
42205 198754016
80195 788078608
76077 1097788549
65732 381355995
49555 5025509
68657 1170516397
67086 344198726
73465 1340987107
92921 140511329
86869 105734335
92475 418130235
95883 1123057375
70830 1104336322
88623 1380456621
86753 768212900
81545 293450277
44426 24903072
64116 229455423
89964 996879547
83727 1645875695
96769 1821021769
98961 673853891
95968 971535361
85350 1563158408
36080 27073410
33431 21952653
67523 545182854
72543 60617049
87998 1426147538
76547 248897753
86011 1293428530
62841 949230529
32958 59602395
96176 1149592289
70830 456370550
88241 1064456792
75012 936404206
44350 248833536
87586 1195850263
80927 346189250
99515 2449295589
97271 242587602
99234 1772187503
92295 62764136
91449 692903101
85986 195148555
80456 153128179
37382 219874347
60600 208598699
79208 1253338173
52228 590995138
95294 100855399
87451 1713888816
82065 413637968
70039 558696475
80593 337350583
81406 26678262
55373 101848672
59334 232219710
79060 1041193094
99557 1081495837
48889 68797049
93172 1822907067
92315 1791944667
68737 107461379
59131 847005260
25796 41116319
63459 720902323
92780 545063687
45748 128143421
61556 191851127
88777 439937729
91924 1737182862
93936 1586336119
89665 296431739
72605 633367853
95733 1624975417
78474 634030314
95713 853188380
99313 596420207
63006 262246879
63385 944091783
84151 814141629
6260 5775426
98277 1873407416
86159 1850435922
82899 1061203955
30327 135737377
90456 316691862
89716 1084418050
60237 430206549
35039 20283690
47864 316889653
80818 527846563
99729 1834734897
53672 192709171
91578 1343473388
89238 55792407
95314 201093336
88987 503731052
99447 643642681
86153 1722962221
86308 1394549279
89159 619863915
83348 1698379417
85470 1536733859
79571 338240328
91368 897873819
45360 330106453
63363 366978477
72310 307482171
97808 57983673
74857 146670407
86201 1027105563
80529 1070475255
96629 1788964787
80911 140116573
79861 1277745932
96770 1560136024
34407 185604012
96595 637564152
63435 900324978
49652 343872558
95333 1542419440
64863 540353834
54515 639736595
92295 306415633
85757 62333800
83455 1734648633
53905 64484388
99282 642091723
76156 1107389257
79093 909755055
67480 990675437
60559 476329641
52828 359964987
97325 1332705855
88397 896729141
56653 267857500
77779 1306441055
86978 1046126303
46493 338800017
66133 632453701
62301 48168193
91135 711489331
52258 143292627
54648 668141323
55003 299198227
79658 404389162
86702 716790352
69209 1047376299
97347 788476529
90697 1844747255
96426 1907699654
99500 2330795709
90959 1991322183
64282 877884882
52820 448751993
45197 109391891
59885 390891575
52574 284822787
61384 421488542
81508 1193738945
23352 24892305
85866 371448811
79893 109109983
91089 13375403
93945 1475193620
92204 380368050
35608 4255166
45406 135933411
70019 376310037
89797 1311656544
66865 598044952
75140 1044664686
74287 324420429
89593 1454325656
91776 1685306898
55183 671403783
98680 1052501891
56906 111625035
72170 473904234
72064 1044778425
78713 1272764685
78119 815708202
65784 795098910
99040 305379366
97136 661911602
81499 490011430
95804 1115603862
43827 253584133
60268 144052389
65747 898436536
77251 1478273205
89697 346430144
92619 1279516565
89530 213538742
62358 255474502
66976 326394034
77443 422606128
93638 866286919
57521 450527057
75952 442762471
76005 69749861
52168 338626254
79930 756611919
68643 796372498
57440 376287358
91936 292010687
71889 147747135
70099 1203759716
49939 43634234
51424 63417749
84878 650795954
74363 1166620216
72196 190782779
45403 393164132
96935 1671951587
90487 284675789
96534 443236818
75366 926170502
92325 1168302331
92715 639518573
66926 501975723
89751 579791060
43243 86555166
73701 1204962455
81596 436184778
67352 841687341
84181 424730227
73700 397667610
78913 881430620
53050 60335044
59611 418320737
70812 253667747
34826 276730116
81140 1388950706
56482 466076642
76520 879066426
96055 502709222
32497 172624423
88162 115733776
72333 154006369
78173 718785261
83297 1040818887
44904 416395559
92232 51480807
87035 1838972952
86781 297237305
93263 1001886282
53827 577661542
65368 189837342
74061 751188197
97526 1441591660
25883 114051774
90206 376939226
57304 365616089
45323 5661864
83399 708548684
98596 1789916234
48684 58855339
81513 332192973
35730 24909647
77052 390500733
99856 482719071
31647 124799108
94292 2178805098
94657 194897329
83755 944404222
89484 1121680087
56901 77068507
92186 989182087
95685 2079286808
76628 42651963
77877 126273464
58726 850594080
92914 225708840
97570 906056102
75163 778831043
98592 1891166429
74045 1322979021
87521 1541756607
77536 861962686
69623 297085861
97914 1795473648
63253 671354719
81371 1481126129
80674 1408605662
78522 1094730942
95883 937897903
58096 19726673
78146 1284986671
89204 1057484959
78717 655924211
60779 20182491
59364 39972410
50963 438290932
95254 607661920
97555 2270449284
96287 2271789343
30393 161119981
85874 1404848244
76245 1103084224
97891 314136603
59025 369976863
99094 149181762
59053 580586636
99237 1151597901
88569 999954341
91594 1423921878
51929 275144604
74954 435596332
39966 214445378
90773 1713182653
62122 790064496
89736 1919807653
75362 840129491
65220 737219831
57188 780620795
87708 17063423
29348 82443878
38746 243819843
82306 634241344
85999 49442962
59648 171238234
90351 82260936
55066 273713318
48948 232321490
55068 54886469
78759 1443505725
80850 1050680743
75756 255262755
92410 1189534255
90203 1489751132
75486 699111971
88611 1159747659
85330 950210883
74899 107096802
98375 249190557
98067 2348636517
68059 417233274
91947 424024318
81561 1525562601
79959 173699467
64051 781584591
93869 2010394841
47654 142789103
87499 300776328
98405 1629324413
62792 800248859
90963 199998026
99088 459212630
89861 1445759940
92196 1627320302
82541 582086095
73867 479205204
93157 1770508187
77524 247630631
67979 182439423
71265 673383716
99739 30468502
82278 283090842
61152 276797455
59859 786206001
53954 442743770
46209 16066388
97521 1513619671
85450 1665467771
87386 1655274774
71693 249670969
63263 776046479
71385 706599309
82603 362381384
92765 1188713092
92377 1906318603
90072 1082178074
63029 501337019
85755 1574431312
76242 311122699
76771 875806202
98764 193385190
93676 1053803846
98735 2331816072
86346 153086160
70952 39960090
40681 193749012
87815 1451346027
81435 779209586
97495 1252737448
88977 1772629676
98661 1833980303
56102 665292575
69363 405734442
84159 1312371855
67368 206046621
95237 641356868
42111 292200556
29836 21073874
39159 51186027
60465 533188319
62168 337696515
54599 449139291
86058 1099735122
36721 307021065
83157 164889593
51430 338290780
54212 608926065
51271 600797761
72880 607600477
85894 414447723
48681 163821815
75458 288686499
96080 846772290
97886 1500054295
67852 1116244419
97888 532551793
95248 186160929
59597 828361805
85413 457457524
74067 942386328
37741 314366525
23357 116139413
98762 337820375
83407 1426654817
91939 568236341
97138 1260850179
68750 846423144
83019 488181315
88447 863537444
78607 294632686
78018 1068876079
82806 1286092382
76448 839061893
66070 163478852
97175 1978671690
38334 288179920
84087 296042255
93815 2090679388
58913 253930100
70212 635951474
80864 484643262
14268 10403447
72525 954934527
91256 1281326503
93685 849855983
97771 1771534206
38904 9495775
51129 67836507
70227 1114246383
99461 571563055
80551 625269904
88077 484158124
34039 34146160
87766 27438063
54586 332149919
83871 677735451
46235 356860230
98803 332532699
77012 47342106
49256 212824461
80539 167299437
86491 165488890
99689 2321309497
98047 348469040
60767 367329579
97255 726262035
69545 288014351
74511 1187620168
82859 640006940
86311 1848703708
81749 185257263
95402 1296840776
69851 1052418495
43586 314932450
38012 49474991
84968 253387966
90727 410558930
68984 385074794
77409 944354291
83432 1549027714
86641 567095473
44256 381055597
96231 1717630493
65346 797802222
54891 545830037
61108 348988545
76567 1103980381
90530 1763365362
76023 1193956735
84124 362515925
49047 389800090
84846 184831812
77815 1090374830
93474 2156942515
41846 320260704
71748 597968793
48941 251076864
81886 1024730019
57079 774484601
73609 465189500
85677 759383123
91246 162900462
87023 62378244
96524 2322998827
94398 1905230598
97523 75750266
63361 492150577
65544 458246718
74660 1102313190
47017 44613621
96275 762126686
53871 683561260
88234 425890399
53915 129049607
83709 912445939
98029 458971953
50993 25558965
61826 366462406
31329 51247245
79505 499335349
76671 801514962
81915 1459314857
99834 2085120712
92290 1689618195
53771 294706944
69830 1103002027
27742 44100346
57867 245618956
98807 1779995570
78503 1408971569
99531 1573448134
89787 584403781
71371 729392601
42955 422593949
72978 901992158
65375 438051774
76490 679715044
73958 1051344802
83434 941912139
99912 1055464510
93444 1803321270
78635 361508396
94644 2097332334
98785 1381391733
82023 884449792
91101 1506612404
65553 212065269
78539 498326242
73155 1224496426
74873 481511888
61160 74946497
98382 278133530
62469 159848280
88218 413025206
95803 725583406
92626 781173315
78099 537147986
73890 1299378098
82699 19571180
92435 1090676399
63911 576727494
92813 173326276
94360 358261582
46119 245464682
57363 165120028
80136 553125811
86127 487935022
89277 1746946984
73456 120812598
79745 1104350461
65171 952910667
80626 165760899
74503 1034973041
79021 634702337
59623 152536149
75572 1393840826
73058 384522603
85977 1478960308
92563 235554518
71560 1061911743
69731 186460917
82225 762309745
81144 193740069
90900 1593827589
98557 2191000848
57533 767135799
91522 491055698
64428 126771351
64667 658075385
77281 366045535
60740 791677798
93820 130433370
64671 481341135
97179 341615917
76164 1193257734
62048 37084502
97783 1980137810
57311 500203349
78215 1476716582
83775 1262027976
89897 1489904991
83504 1635225770
67239 495331557
98956 668137183
79388 387542637
76344 1320032381
97306 1429913244
94009 1195135957
56138 370030810
97111 1553042885
71303 513208075
90955 497407225
54917 180472699
96111 25435935
81588 15447678
82756 1211179838
98380 221980682
33496 2460733
66706 60537747
77050 962503772
92519 1213724705
92969 419098788
45454 223567136
74011 425499682
74181 499216688
73214 1188671803
83866 195826416
42836 335812523
86751 1029479746
95867 2283855587
50243 285546376
97339 1890578967
12868 29179150
82048 115328527
75689 583360212
51235 235845134
71765 762863701
99736 905586723
87789 643715796
72208 115909401
93457 1358476556
84974 1584408602
87835 1618122369
31795 34096385
87439 1133719099
81205 1087503156
94605 1119940916
51454 12150026
38026 127183730
85034 265604222
56543 37493212
68816 792263134
78217 1271664385
66644 815118982
84759 498783764
81140 1228709827
87649 1552962488
89120 984758546
88576 32268258
62784 276936987
12409 16175440
99964 511125875
91085 1096596092
82767 668863025
85674 1574557490
90898 59271770
88387 1234616506
49854 297368994
61453 852433007
70489 665773895
94922 791983416
94300 1521373447
76613 350813259
45522 421737207
99382 2092847284
84308 1747212151
86959 191415569
93143 45461304
99082 1502234420
94071 722405847
36381 325682584
75479 1316186731
71236 387488999
15506 18712191
70210 492339798
78785 287532184
89140 1433958805
94899 2243331653
72864 67356045
76088 620465066
99222 71504879
36049 204495531
62887 356705487
97020 1604567995
71641 158843091
82954 195657034
72443 1250247335
99924 1225237353
87969 719676133
57943 88478392
69290 38046164
87775 144147707
49530 135970191
66641 533190209
96697 863583293
53378 300455447
66667 96357453
80133 1313716345
93512 1574842571
91613 1027973931
66917 771977923
95984 790517071
99781 1198455519
77762 95699988
85957 1419535868
52456 490414963
40582 41661568
90405 593967284
41856 55569121
44166 356700550
98611 1038848374
76356 207447282
92166 384813554
72643 520776564
93657 1274539367
83727 432614866
96917 1542157832
89834 1600955111
96538 1089684172
99204 357340493
75842 775721776
73605 771865160
62115 953556593
95706 1149640150
44844 347495178
60773 120502149
83802 318700348
98627 788688707
96215 1554868194
61115 237460063
86717 1805381773
49672 475019218
66098 729418188
90384 1300807582
63451 914711716
63108 665197431
72924 961707969
59010 698590966
71938 1036583004
93401 1728290857
85528 1503334809
72946 373444235
79846 404127215
34029 179998856
90511 1953979964
30431 125285902
75810 778454970
72507 127303575
70664 759497341
81059 905066916
86895 506700504
92429 1618704864
93976 152689457
81048 890019250
98298 1234813062
70140 528296949
21216 8242979
81852 1353518694
95029 1086191599
99598 195527044
89767 393196745
73397 1080746433
60137 277238808
67043 916509858
99759 311995120
88581 791756117
62991 940418039
86239 359041655
51356 126549322
82238 1533219355
72447 825753518
15831 23926110
90326 1344889582
73606 164049643
48921 116475469
42819 269405678
89800 1375556814
92326 1543528658
96777 625359673
41314 139018344
62876 137296002
80281 244826700
92562 245751111
83295 1090403879
22706 87049851
99424 1684386821
37834 101682279
19675 14517193
68775 751757662
62425 50236849
78080 1350352361
97380 735570975
41871 131118310
87537 1108868424
79287 329742975
87660 1575297682
95668 1871824491
57149 153891385
37827 338433283
73014 1181073992
66917 787464011
72598 1026374123
67760 480454001
85599 1814157064
94816 1649695237
57266 564009467
47618 393900086
57593 720728083
90752 414464455
65839 397219255
98902 1879681158
99186 1230196791
44771 145029054
80939 1395641355
91160 100228889
69915 699169997
97934 1667709807
33610 256805336
46877 378218412
61020 63500110
96425 452945001
58010 296181296
99571 109830686
67457 1074180777
79998 639627699
47664 431706973
91582 1608678710
84678 467611162
50496 474703785
71934 691904182
97036 230249077
78809 318453557
78300 1010443447
49317 24638980
71553 610220481
23976 47150213
83534 1531963938
67177 110501289
88206 1196138894
94913 97105876
38980 26777178
78770 792350226
95475 1098788078
96016 1346980381
84254 350941522
93193 846297167
80104 841026086
77646 1295508555
85813 681663600
56864 292463781
67206 263617408
26843 115529483
52126 381617059
68521 555025224
85910 140265826
94479 1449540661
92883 905223548
95892 1046964650
96092 1656017039
87703 23964781
76440 1403663759
71480 453361529
87238 654954323
96323 1718875730
64287 429551910
78695 1441481168
49626 474219590
95935 70204975
98356 42472626
68425 798245392
61698 933895100
81681 136171204
95160 118626898
64247 507592317
72966 774165114
96936 1834458906
72659 511447350
81320 753439755
69640 795641010
51683 170709055
60836 845001966
98887 568495907
84195 456124553
34791 200493840
88162 657463503
77659 1475062040
83334 1358930527
53084 524188814
98382 1877072774
80111 55911830
94744 884544379
81289 98904323
62992 326639606
65648 901210762
74662 1381562688
92695 238867145
45220 435139023
77693 1225293225
89488 524590899
36517 279633741
86496 486584401
96607 1261858307
41423 29153150
86113 1456803539
86662 1217265416
81876 721919315
96268 1922774175
98960 2139818373
77314 182721467
52748 82240647
99907 2214693150
97493 1100298333
77172 436260997
66073 579131356
97251 1223281149
67099 797728253
70824 1150617019
73329 735648535
63686 141562426
48086 203898172
93088 869322298
99327 2307566953
52672 632229813
94287 2105943450
67565 954893157
89253 1176194600
45137 486256623
65696 197428487
44785 327343471
90737 1232810113
93062 303584323
78686 578067420
65722 100289039
77028 1438774514
78024 150144845
64703 321653967
68536 372982218
92462 1350618494
53744 57825595
91679 1338868879
79897 1129133480
66771 980020644
98279 2128616050
89711 154648828
90322 1307362263
58000 379891863
79273 985650560
75123 238127603
96027 2118600856
65106 994127614
85618 197383382
80146 82012508
86948 311412438
88198 181801406
14706 41074054
71476 1072455155
52913 439995367
59530 780423419
90473 718357151
66733 177797397
84866 1454039034
91270 432011867
95100 381360847
72361 326609367
84433 1138222483
79972 1166009465
75018 1387631096
29523 14504971
69288 577478687
40786 406915640
98128 431738798
55326 573250899
73749 1044026957
85324 799337989
63975 752770426
84575 244903717
90012 1901529953
40416 60323465
82820 831334134
98253 496023691
58314 768368844
99007 1556213490
80698 1368827572
46799 73353786
96205 1166942712
96713 388193944
82039 1294797750
75880 855687439
46535 328991541
88951 437562806
46122 498071167
98257 2001811527
90368 1666392899
78922 763809943
57232 20274231
91863 335836778
96257 1907663260
97859 994446637
98508 2079635183
36410 291451639
54635 147126379
94575 1507382156
59499 688958189
72690 1279150187
58357 35569353
70691 133682009
34875 124130046
68811 727114394
83207 271758170
97919 2263298186
65253 1030455360
78449 981013733
96693 344128125
88807 262092667
82445 1511958500
32853 106936979
27228 182593629
96503 581226137
51989 296869932
68128 692597913
74622 2896062
65015 834773186
74218 42678284
94851 2073892268
84131 891008094
64882 832881852
63807 574508686
98445 273810443
77905 1222641048
91763 1681373569
70610 915505708
98820 1011136295
52291 644013773
58089 410178288
84726 1415409075
73069 825300732
66158 1033370930
72479 963047903
82795 445327519
77096 213447198
52518 569194547
80709 955715288
72400 284315467
76294 48334462
67243 610504927
67253 712393365
95279 934811792
59343 533087081
65405 88204019
75859 753992905
80655 785724192
62994 66754296
83169 820027299
89939 197981536
46503 154288569
92803 684724254
99775 511492768
98753 1298883963
98251 1138745341
99898 1438380186
60804 688798109
50743 247195840
83606 130446306
92328 1123631842
91311 1649090581
82042 1357042798
38702 174150494
96430 1084037775
98432 1640631462
76374 909301042
79452 1480855822
84731 46531410
62112 809240171
90698 655188600
82658 1160630118
82070 907771871
89525 1067746819
96013 1866961807
73573 1253792952
44329 182187704
74834 1167790008
86061 1321658399
90429 1785030969
44052 153571941
60043 874113519
42636 39781502
92814 1375079200
34227 133901163
83269 1686829347
66095 600693860
66984 664077743
58380 530457061
85020 1118408713
86685 292445072
90761 593263305
71916 763904454
59027 836035462
44567 183766054
71448 1272361383
86839 477972033
60424 27537746
50531 366397276
99344 1014153749
83612 955517713
41403 238398459
64620 374930714
59652 830201957
86072 1816547438
53199 143020719
81538 563639383
92165 170496853
76373 43663825
85815 1405181393
57751 64983933
89407 935424641
95827 730394621
41410 8747892
97151 1271266257
92223 723811125
71994 969707098
60355 679847561
91142 1991420298
97316 503809637
83956 1388202587
99276 1643671745
32858 205558243
63718 3311338
69715 408698241
68511 585745188
83033 1421384300
50856 46551297
95806 1675711859
71581 432105641
77412 1264775797
96187 1240143624
84257 289639864
88163 106164497
91079 1251814958
74296 1198376339
81267 451941848
83093 654294481
41283 318035111
31007 171409109
60370 870233243
83624 192004762
98297 1856307184
69801 263045373
84825 1414589205
30952 76079531
84942 1374335312
64834 13136224
98511 853261727
64604 848571466
21071 38549049
79919 432248252
94737 973312572
92585 1271558668
88211 1612432495
99852 1370320714
69431 1159462614
87671 485957724
67523 23826980
90331 318780341
76160 1071692746
87647 1445693769
69562 910882212
70089 203687364
50529 418219108
51358 396524615
94271 1483454061
33122 146148216
53853 393524931
99035 2149751117
99563 216172598
93252 562262791
83155 165883549
97207 2040530950
61164 609267058
81045 1195741449
96973 2105181777
83391 1310454053
87799 1531888228
59661 518001553
82250 202825827
86672 66188434
85375 771258494
90486 629804487
96946 539425259
94746 285296779
74012 897522777
94431 932536850
72680 1192224954
79784 567572325
77194 391506491
42904 180993757
92367 1872305275
88870 321507132
69581 726067945
98890 2427733118
61739 453806099
37392 206340410
87705 1357601580
78455 1494780576
88102 447419583
98496 1749423713
63869 11607219
83580 1225588445
64193 124917337
75139 1061640638
78646 159870440
85391 1316143691
96381 1008612732
99144 648063715
98919 757114972
82236 75800817
47789 526261349
41099 250636886
95383 175048980
66975 603056984
57998 546002548
52730 76649287
98783 410042191
87035 1124622025
54916 273206557
65601 999881113
76745 583029517
79401 1356748849
44156 421093522
78972 74927267
60562 256229947
84720 1050946239
28002 152075646
57063 190671140
63768 109815867
76415 783456208
29649 36909663
34822 134302007
70509 536514345
63233 337672192
99293 2000747979
49284 372603873
73448 765009534
72644 16951743
99123 994466311
83249 1292071212
52185 66523816
86246 593709895
94075 2064508910
89137 442888948
24318 100365164
23537 11720985
66084 400204649
92481 1236474667
95578 753426754
86805 1697612044
48043 131064449
59371 330076985
68110 945237198
90381 363456131
80431 881938693
48221 353885135
88243 1504021058
94807 1511723568
14361 49868803
69839 719326645
54435 188377239
74423 958960540
97571 1402143756
89538 1537661595
87719 549765003
78708 712308469
70323 1196847655
97239 1807506187
78773 503775553
60447 680646526
74589 1273991217
25510 129510176
94974 558274410
93297 1669469517
74346 515542503
93357 1525712989
90576 1961608659
95245 1583572172
99297 623748868
86508 1321566759
83665 1051227449
95905 728034156
76715 98530983
65670 466523916
99351 1360782300
61067 296741177
59315 379676487
98617 56710076
94573 754117216
52094 66913711
54719 657718188
83398 1454103922
86712 1240754722
71483 1124653134
90139 87723486
58242 365748134
82208 870921362
59166 387692339
78085 193452405
46895 364554388
91203 1417543332
97457 2187796585
41002 126340890
57524 298816815
38015 83760390
73743 178773169
85219 1499104405
59254 600408454
89390 784656326
57655 739366779
95691 354163422
81128 811398189
66165 743448936
62219 232508894
83163 420547809
95823 2058283217
99728 1266332897
97939 757809639
23993 10260811
91703 581039876
78566 1041610338
86389 1020634597
95375 1736883932
51903 313264807
92316 1798298063
77194 924448508
47141 364242525
99512 352487574
92776 391256481
77215 271310605
94797 113993833
52555 370881877
95398 1049928786
99934 1455549812
44966 255906088
84869 1371265140
76096 640857010
75023 709857475
73960 924812247
95829 2000894695
86565 649308457
90375 1297424752
84626 1161212574
27806 116358332
31364 187137
88127 609720703
50983 322420810
68016 722347219
54991 573268380
75317 1377398504
77563 270321540
74133 744141559
98973 2226986060
86254 1153653160
84424 730992917
95263 975343246
71765 293383341
91839 1964744494
75249 657178481
98554 1507810630
91575 1256151888
62623 33523348
73215 881650159
88032 1931693671
83274 927879423
92554 2085031755
68732 903358494
94388 2085598186
46793 208266081
60308 280532945
85905 1648886196
43040 366704814
82686 1583196350
56663 213805532
76623 1139064515
95886 2038963030
93134 1427171175
94481 211493141
95456 1909764317
43700 324530389
75765 686538767
51132 449422677
96112 1979807945
86672 1401567319
26107 90453299
43504 314452055
90525 1216213411
98501 467894081
89096 1350212993
80693 1001595397
87179 1666936169
39561 375726857
86831 1313598675
86532 413863651
71112 827174321
91223 1102444552
94451 2004813027
62362 90755755
97510 680593834
91358 1933274947
83790 1231669614
82215 1136561508
81485 382575128
70223 595454054
37188 298740506
96206 396033400
35718 229624403
80955 1140072291
30255 76764380
69752 1200095638
89055 745975610
87529 1000321875
59937 756387637
76695 849613264
79618 1054335430
89314 1376735368
94065 1295256076
50560 292070861
86999 1074475988
94557 755268679
81927 648530964
72829 851732800
96141 1879120292
93043 487136559
92508 1214057366
79893 622694659
84933 160089687
39288 106309502
71825 700581713
87194 435381367
77585 112731244
96065 2075096315
91373 1560943292
47991 522211958
67633 668449715
69847 952109742
98408 1964720314
67671 1071697202
70164 1126555985
88664 45445226
59655 111240005
80973 1466673760
94188 343611490
90201 1461406440
63895 794271349
57459 730322790
94759 2010237014
92860 603997477
94308 1321915375
90925 1542839239
53401 418924771
87197 113704911
79510 133681930
99067 1565219331
58134 457784839
79046 838355596
88007 776045286
90820 91558369
82513 1488933569
69210 189231436
96514 397586738
75184 34922479
83222 74512920
98268 236230817
85961 302325784
81000 525167527
70489 364422261
97334 531586658
67756 615042373
99464 1602191929
91436 1543581751
64603 207607044
90847 974544117
97504 195861558
96461 812880740
93149 918969312
69148 769585699
91212 560503997
24164 130319082
22716 44322638
92579 1656579268
90534 1380299238
73687 683576619
98915 989235897
44578 35371
83340 1103419105
67698 878930119
30145 115735709
96086 2301464782
75459 304968002
82030 1054535015
88598 1365761296
67959 47422852
75671 690788817
75158 1249914092
71689 614000236
66879 472280515
94675 1629936311
50790 91953874
66836 618343014
74179 602593905
89167 161592556
77977 1062988404
39778 164879699
99115 532447596
72803 816594538
33630 270563652
89055 340789091
91730 1171023951
49709 312727591
95284 1039611686
97003 396482567
72533 605085987
66819 57835090
91221 1162313908
90710 1131600066
78159 880841996
88064 1275316581
72196 19310913
90946 314335852
99925 385542201
76953 765931500
85829 1623526196
96315 1432438372
69613 142049912
98183 401528564
53312 363386117
92236 251366791
57754 446433648
55980 720942295
84426 1228684142
56955 750834108
12276 11477307
21962 93304680
89171 1412307964
68523 739979242
98763 1601951078
84992 719641769
54666 268332103
56378 58691630
74967 205357521
75667 226705563
82187 1009428575
60232 121632747
93673 1855987
95209 1491407289
70453 250305592
94740 1242060062
76339 829307111
72561 34837288
58737 766823789
72803 1184599624
85702 575143758
72271 640409931
65669 340528528
88150 706120374
55169 709660857
77931 566596832
73847 880631183
88962 1283155282
97476 2127559539
77107 1336013548
79782 1243955439
62154 293592271
52704 399282121
93165 380769073
33433 194645215
92168 1291728449
49758 168823312
85710 1599499567
83329 866003995
39891 102652521
48948 51525051
55501 155015729
98206 2000974487
77145 409670745
69133 802600865
90345 823461509
34831 96529912
68875 737807531
91787 1783726864
88571 965174966
98874 467647512
66357 939390061
29969 190389696
48944 443366498
54388 107037895
32461 226148613
76986 832613454
31530 154666843
85992 436975914
72565 704925711
89458 523886124
13407 33758328
83674 469983015
86004 1442512634
86715 1644822903
74985 601803551
70436 331325681
66235 821210027
70632 510387243
58051 836888204
92223 1932961882
82204 119230454
91134 314406320
61918 250106794
70472 286138791
95091 1223825852
83304 830196343
83116 186940462
71425 1130006832
44657 378372672
90111 426477052
92338 696263140
98944 1149274143
78105 781977109
51250 652350863
47421 282075113
67454 734211596
94198 1517654910
87199 503345050
96855 662221157
84142 990154976
93455 1625167369
87187 1331797293
94371 2194446736
91896 791725874
74041 428675000
68197 879267744
91250 1755377404
72088 923902266
65830 947294903
85999 1726749483
45228 510998215
89858 692506386
83689 775587020
68258 383502334
98763 1480857765
97483 1220240357
98086 2017881703
82309 966812975
96927 1259913234
93430 513678607
98196 639622478
73277 554638709
88664 1742624573
78268 1442978977
80009 1597812088
83596 777188731
89971 880127603
63388 309192158
97353 290350571
94919 2029339218
88874 369515718
87647 217120705
99531 940276180
73884 264511201
78756 451898030
36915 98373278
91194 847478080
75801 95335191
71647 382121524
84693 754698103
81826 1115071096
73225 913323761
98665 2406971208
55278 203278867
22420 5092982
86045 1776473439
50257 206348287
75503 1417818161
69964 87558061
68936 183442586
90694 1394260880
85951 615994623
94829 544954584
43512 346715542
56188 307271290
89987 3539196
36834 48075120
91864 1692848254
37433 276051935
86239 1824642526
78833 17957549
39814 377233318
94702 1284393394
98376 22620003
65107 507573900
65366 2025896
66992 892208299
69483 791548790
96090 1014523604
83717 48226009
90526 1111209776
91973 1186204591
57287 289244508
71579 51014989
59502 420116028
99252 1201427869
81521 1012098519
97636 2106681403
94183 1503407223
85262 1576273980
81422 183907982
91174 1074727134
64078 34649050
63473 615263284
87087 464638175
90926 1650822876
97766 1387856168
82820 224609321
99824 965804925
73672 440607029
88995 1150517759
61082 245971903
92483 359921134
70748 124390535
92903 262812053
93797 518000579
54836 448334042
69104 889108490
93434 1090560794
64097 665523557
85842 468340635
94226 1166170592
64113 117346817
74052 1170588383
58377 324979937
58574 116660523
98821 1581889200
92979 359639774
65772 895467695
70501 776058104
92929 851355793
92559 769567006
54242 515892180
83260 942464138
48538 429283154
99955 17417936
98219 31346305
69005 68112051
91917 2021192993
71128 601576071
90254 884971140
85783 538158539
44956 354428178
76857 337065
88015 1787169512
75128 607759270
91907 1697431870
84845 303139944
67322 379712259
29197 64042600
65979 387161681
47136 362144451
87819 1781853586
69920 69792974
31875 224842949
79635 1045484002
35430 92155596
98639 1327819731
21446 40227983
64667 748707668
66436 752045591
72923 413699686
98539 729030899
76597 171692920
76395 316446514
90898 1129439754
90983 214386084
74196 574017406
83579 1644540643
70352 159038069
64330 465335832
57062 270908730
57597 452778161
76409 1357193357
53537 271202396
94966 76844662
92626 1043990404
60031 802714714
79766 130820022
37633 164521343
88189 1184823267
94711 2238064352
89115 1022114133
50302 420733907
91592 1396543249
89000 688531849
76429 435625861
82508 71024514
63960 873280126
61828 569613405
92525 1886371976
70864 55946986
71329 190088269
58039 482555753
68998 35401594
31468 238315846
47961 146919169
98351 789086132
42030 80190679
90880 273754982
84515 769218931
61968 409847437
84469 682580161
82535 1160781965
94648 156951201
36866 78600272
7573 14054336
93666 763137799
59117 316835277
65849 248456537
70830 912653020
28487 33709895
64450 769344752
91333 692201012
96770 2258106388
48655 474591375
95544 1394470891
82256 1243361574
72598 479614458
67142 1042259950
74662 613076194
98409 1896783645
68286 309751819
51397 327154365
17055 70592872
73706 770570128
76297 1250550905
98033 68336197
93537 1858887445
98816 89848931
88548 454750597
58040 659764601
78428 764869011
82250 121940092
65952 223677361
44201 128090487
88055 405371116
81845 1175219419
98083 1197256120
62329 832809108
99951 1486406391
26974 139173982
99330 1999907679
97776 43267951
95723 434937582
58635 300844851
52627 43839905
73915 261714418
41765 341890876
79134 60605634
69809 734892100
75309 51861500
78028 261729462
74942 284934554
76071 1228423623
83143 770150257
76040 1154273091
44143 135281400
90345 398394912
69381 1003477677
77171 1639692
56944 434921209
87836 789942313
84443 471598590
91182 535220780
92397 474681665
94714 638006010
82323 921222808
95706 1106615155
37275 61233786
54379 633384119
89323 287479901
77875 1164527235
89035 1050728526
96591 468981234
99955 1759400718
40931 238495354
87746 161376384
95917 702914713
65850 879946362
58879 156150035
29895 104944811
67325 105255852
