-24375 -587728254
-98726 783288801
47196 -7451717520
49112 -1278603628
-67651 -5841915258
-23275 -9047174934
57977 -6399206970
-38646 -9292765507
63814 -9963927059
37429 -3383233458
15882 -3472196235
-61816 -371439296
-97144 -8021772960
-41752 -2270593320
11941 -3939854354
-32208 -9664527156
18701 -1902624730
-59662 -4078397635
-55807 -4470182246
-12019 -9819286098
-623 -6440408894
91850 -3086213679
-6990 -6051026091
-68652 -4504634636
37102 -3048204371
88396 -5285073844
66960 -7970865188
72201 -2215843994
-4523 -5405758094
-68770 -4899486059
-7982 -7321127415
-3680 -3984578312
-98432 -9721151208
-62386 -7077987091
-80055 808737178
90920 -2485348212
77562 -3247583863
4108 -9032108500
17740 -9107514216
13832 -3573834016
-16343 -4510352734
-12896 -1364462468
35392 -4345642904
83266 -8560509803
47884 -6470128964
90778 -4265296759
48174 -944437807
-22116 -4119428256
-25764 -8716114240
-99518 -7690178343
-66615 148922242
24201 -5788493430
41492 -1722836800
4902 -5066020199
-21298 -7077204479
91510 -4034107403
94406 -159573831
-11538 -9234417131
73444 -2718473020
70822 -5841288207
-24695 -1933608530
-94387 -7302894694
-82599 -4412752974
-32067 -4171281778
19350 -1417926051
57920 -1697436504
46150 -6807643263
16178 -4969773811
30336 -3413329012
-18076 -6714014804
92385 -7600761690
-82515 -4170256706
-85100 -7753905900
95072 -8088500404
-74787 576354774
18081 -4493121318
9700 -9711890264
98900 -5610626068
38289 -2608692486
34373 -5291009174
-50658 408395909
70053 -773767814
-24290 -2325977443
58692 -1667662004
68761 -4557829226
97928 -2765899916
17596 -6326300616
52737 -722187234
-41314 -8564603327
-82503 -3000940074
-56964 -2716226444
19092 -8009134668
-86975 -1200910254
24984 -3261255376
31700 -2166946512
-16067 -7119216410
46045 -7005019034
-64860 -1070683768
-24711 -4165227858
38200 -7525157568
4200 -2450658732
68352 -9698065268
-76016 -4556109376
56477 -2534933422
-72798 -9650966735
43465 -2129312762
-91311 1876761798
-74074 -5734995815
11470 -650339443
541 -3447275862
73704 -2888008736
27516 -3101158596
-9828 -713034368
76649 -2300820170
85832 -1569529828
3590 -4991593215
55368 -278012632
24182 -7172443179
64980 -8069792860
-62704 -5012249652
-46492 -6541271052
-62722 852787321
-69067 -7422277122
71101 -3733508542
-91730 -3444876231
87205 -40637874
-60404 167376924
-69942 -4058806871
59817 -5384394414
87526 -3175127059
-83254 -4927365999
-29380 -6328807344
9524 -8886890556
17566 -7554733899
-9694 -945829607
-78330 -71711395
61652 -4965324716
26913 -1355317378
61184 -7026421236
-26678 -303845631
3512 -7667755484
-4471 -7893789558
42538 -8012593975
89844 -6562187256
83869 -2302260850
17678 -2904880799
-2004 -7443949324
-75023 -6044306562
-38151 -5166617358
-26918 -2006912651
-84730 -1538650891
-97571 -9061643234
49244 -5047126812
-84844 -680944568
-89516 -9828664464
-33424 -7185021684
-8518 -8894512079
-96527 -6491861314
-57792 -2070722636
71953 -8989669054
-70844 -3311667656
98344 -1023756800
27933 -3842001526
-6523 -7003080950
78540 -9425095000
-3682 -7766755927
-44338 -3277456535
94422 -3846522907
-50644 -8224819308
51085 -1199968858
95902 -8485082035
-70071 -7335949410
76340 -2080683148
79166 -5786965279
-68794 415598937
-54511 -4928855534
85082 -895719903
93565 -2987664742
39248 -2827515620
-14556 -2596331284
-74518 -1882826415
-58687 -6186619206
-65362 -1906929935
-52022 -757430255
-80008 -1401657104
98589 -8570412118
-37115 -1982920486
2042 -9738390879
-99496 -7509581964
65832 -1282263492
-49136 -4642645200
94070 -826678811
59646 -328004199
-64238 226979681
52958 -3350759627
-15522 -4873367519
-32251 -1381698186
-40043 -4325004582
-71726 -1382369663
27985 -3934485850
30598 -9793293959
37137 -9965122578
51632 -8478941776
-92818 -432491703
31509 -7677937390
-84760 366300112
48005 -1187183706
6617 -3162305990
69924 -1800550332
-65842 -7478632671
29636 -6001715488
27962 -2993133615
54892 -9081085012
-92122 -6176816407
-80555 -7392491954
-46383 -2294521638
-31096 -8947869892
-58966 -5354466287
-43899 -9649593958
2866 -981503995
94264 -6496626580
15396 -3193533860
-4203 -207787502
92630 -3404845283
-13804 -7273662896
15086 -5361644735
-55426 538834881
-28871 -1184775954
-58956 -5770053248
47589 -6458212718
68316 -6902664032
-41034 -650396639
53304 -7717962524
-31451 -5668195138
74700 -2254037124
25469 -9836729542
81696 -1582033452
-19938 -9082508835
75222 -5361225671
5116 -7346859636
76310 -3926774783
99642 -6938319655
27833 -6932105458
-78923 -4817291930
-39994 -8332540171
-21020 -9230654804
-24175 -5103865586
7830 -7890502755
95529 -5681631162
-59842 -2294992751
77121 -2434360162
-62566 -2437108955
21096 -9594067188
53612 -5430381896
-9892 -1809013116
-63419 -9875785094
22557 -8818156378
-70647 -5999315022
-19006 -7183573255
-54216 -7657022820
68733 -4883435314
59244 -470231580
-63579 -7751872370
-60694 -8121205971
-8095 -9256250902
-70308 600992888
77348 -47283700
-80816 -4662708168
-12608 -1183408464
57404 -9453455096
21572 -5538627540
-98272 -2009028884
-68791 -5490522770
-86235 -8010587602
49633 -4619399214
-84812 -8094307512
71588 -2450605896
-55835 -1617482506
45350 -559493919
-49055 -8303524218
90402 -2446930635
-49600 -1747488092
40978 -552136947
52476 -4203625904
25218 -8550128635
-46832 -5389538864
13170 -4389708635
60054 -7770641855
-71351 219457794
-45172 -8759685948
-65911 -9524388526
-26176 -152391648
94068 -5509491816
-25208 -1030214896
60112 -9842292124
-15883 -3246895574
13849 -4131423426
75257 -9917673074
-45570 -2002886327
56176 -5235144552
13460 -8762588264
-7088 -1842119516
-49114 101258457
20038 -4473510615
-978 -4211063311
-84802 -5454941503
74466 -9549189927
21825 -9371233530
-70411 -9815678422
-88403 -7460189130
75778 -2670118383
-35192 -2889169852
-90819 -4767581934
54641 -8949956026
-60218 -2250476431
51472 -2781406956
22233 -9752966258
26905 -3366957762
18125 -9578779806
69932 -6254495008
-74263 77947350
70992 -5343465520
-31635 -4167934962
86368 -6001076392
67029 -3085535986
-25380 -7860331076
26890 -7631417879
53178 -7566820063
-32523 -1261711994
-60672 -6495674136
49402 -6990136635
-33059 -6088015322
-89687 219017418
65457 -6589941270
-32415 -2561966442
52869 -6812365338
-78027 -2745966386
26505 -3171645046
-70019 -7708602822
90330 -1428419363
-35712 -6627883012
72396 -9362538436
77284 -7040161268
47433 -135265734
-62379 -637921650
31332 -412296880
-48274 -8927865351
-1114 -7686442747
62896 -4678411016
-77531 -616345878
56602 -8151172735
-45259 -1083074274
-99744 -7036346348
-42876 -2126647872
81913 -4121772738
-61426 -7534842539
62074 -4229212043
89738 -2935354775
-70460 -8679451136
-8542 -3790924663
12037 -3893942026
-31579 -9539934006
-91159 -2278438978
-51964 -2312275696
47920 -7162733440
1513 -864349346
28949 -3263946306
-22862 -921563943
-44804 -9788365916
-56859 -4566649326
-69602 -3030839699
-87124 -4677719972
79112 -156197412
36565 -9126251242
13101 -6679228242
-22636 105923308
-22556 -8631821708
50745 -9456662610
80553 -4440022662
-6715 -6439429482
16314 -3310563843
-81542 -1011109427
-13762 -177429327
40881 -926891398
36192 -4565558860
22929 -2244610206
78826 -4284994343
47336 -7656089572
-34128 -391226760
50402 -6700490191
-11868 -2207799528
64488 -1883251368
18653 -8095931082
-95626 2213075473
89736 -4365517048
48988 -8491210728
-62878 -5732013863
-54128 -5498392732
-23630 -2519646975
-13278 -9502104971
54041 -7465841074
-89504 -820843720
84254 -2568650171
-1258 -840175487
-25614 -595938835
-51319 -6326394790
61057 -2875349698
54846 -2606388183
-97752 -2860242244
39804 -2042776448
66092 -6963294136
64661 -4492079814
-85611 -1610163686
31397 -1193857438
2693 -8068969890
11144 -5892128288
81636 -6553657648
62329 -7815158718
-2750 -9002257863
88414 -2931681747
-912 -1476304576
-52815 -6655258358
85109 -1200512030
-41610 -5974834699
84716 -3479761968
-45095 -2968445622
-88538 -6611224083
11454 -4936139859
-1520 -8384846432
-72836 -6418738564
31544 -1019941400
2104 -6109292432
-66526 -3472433815
43937 -4345773050
85041 -8032236850
23873 -3506553598
-25320 -1307810968
-5524 -6263159192
9468 -8759449252
-15980 -4526535948
-95530 -509316699
-63700 -8561659616
-34695 -9015341482
-25200 -400596016
66481 -339582134
-61379 -1581954998
-69104 -4153173020
-16419 -8208419886
3930 -8030823555
62494 -9308451347
70609 -54041694
68568 -989988884
-16894 -3383623827
27962 -6567866543
57262 -9605521779
-29134 -6655422479
-17178 -7372775019
59676 -6105903988
88584 -6426129056
-65096 -6292537872
1756 -9142157412
21757 -1125850158
42145 -7138704494
69785 -5150250958
94546 -6095235011
-13622 -9608658983
-57355 -4972802202
800 -7063438552
6489 -7456341338
32456 -8646402124
-17098 -1129110763
40080 -6407286428
45416 -764510120
28288 -2205296120
-83984 -4555041944
-5996 -4736293708
-14815 -5473497714
-55732 -6382114392
97640 -6325190428
50897 -1351945642
25113 -2572058450
65966 -9598801743
13096 -2902245220
95462 -3058468463
-42619 -5093475582
34476 -1991514476
43161 -1151424626
91154 -9120254527
-20291 -3945301706
-96024 -4337075208
-3603 -1042009206
-24330 -1514837291
-55756 -6323537580
-18227 -5848759526
11696 -5679033808
49136 -4197443100
15569 -4250520130
-56476 -2431207940
-19818 -746298099
1741 -1010442690
47964 -7934728112
-54650 -8914209755
29425 -679288610
-43919 -8745215110
-46374 -9739421235
-19823 -5015288134
-3026 -4757729891
-8358 -8943675107
-11816 -1158173164
46153 -6289334866
-50964 -2163850548
33777 -3990223078
1592 -8284142628
-86978 -8329628919
-69971 -2397018234
-84919 -7583011066
-2710 -550132615
60960 -7233632920
44905 -720581742
-71124 -3295193732
-63142 -8860153783
19190 -7155564395
-9326 -4917281619
18380 -9456949248
61794 -8666944415
18460 -1127338580
9130 -2247347563
-2704 -8066239184
-28790 -8286709603
48552 -1552899776
-39362 -2961237063
39090 -525056595
36026 -9526193799
-90402 -9958511507
-14943 -9599926670
63544 -656743304
8617 -9390004038
-90390 -2457774327
6450 -2724389879
41578 -3193995151
-65303 -7547550158
5796 -2467070132
-55954 -5616079835
30828 -8974181368
-98738 -5867267187
-94424 -7644958984
-42255 -2389578098
1654 -5361731971
-10294 -405831539
32842 -5994818099
75829 -6379769118
-81215 -6718115246
-47242 -3567249499
49088 -3082631276
3901 -7574751574
83317 -2921727238
69736 -4626031400
-37483 -4019310762
-96542 -7719714495
-76226 -5142857311
-50023 -939572798
91422 -557394699
21684 -5911878668
-5846 -5241798739
-83250 -4061344035
-61983 -6511198458
5268 -7835158100
-96012 -9265641264
-570 -5589943255
82121 -1599779678
-7643 -8430234218
15994 -816640559
-50518 -4510903439
66670 -2226331135
56044 -3870866280
-18796 -811015724
72493 -2865206862
24965 -2337577642
51052 -4587269508
96482 -3661651703
90661 -2418341542
-59106 -5036238567
-66751 -1637519710
81433 -2263331506
13616 -921317952
48710 -511316363
43566 -5827328003
-65515 -3603264734
56666 -9330139027
-11864 -5592695984
8218 -2147478967
78822 -6603514891
92586 -3452524727
62218 -1252444127
-29767 -5854098838
50681 -5955832534
-45562 -5739442191
-7988 -1464684980
-5803 -4518792910
-88806 -5812003639
-94807 2100360898
58692 -8270871968
91145 -2798458754
-15119 -4700207562
52302 -8544680207
11094 -1459502943
43728 -363647036
-97192 2025119656
45530 -8453160183
84766 -9799534607
2232 -2608126532
2874 -79896507
73290 -8868099655
54332 -5364809284
-46828 -5993076368
52385 -3855897810
-63638 -1407503907
69849 -8315789710
-88848 -1415507276
-29803 -6499142826
35808 -268711024
61608 -3021022152
81949 -5103278910
-52746 -1680811383
55329 -5686094906
82469 -5211584614
-13786 -4393198787
57878 -3056503327
-2224 -884595684
87469 -5290554618
-99312 1754191852
-71851 -372944898
35076 -6813315400
48092 -8372508236
41732 -5282506452
50370 -4343656815
-69342 -2335992479
23062 -6237154023
-77838 -9214196275
-358 -5166050167
-85419 -2267168438
24744 -4567448620
-79566 -2611376543
-86504 1018529452
92118 -3090706967
52018 -6042726007
34493 -7023833358
54064 -7016341772
44181 -962618458
-25888 -3421339668
97889 -2055075518
-40275 -3999523422
-21034 -8818252099
-42638 -772538331
-34052 -4867911304
-40247 -4848913826
-97564 -3955762868
78244 -3899320776
29317 -2649862910
11906 -2339144035
-80171 -380768122
97982 -7686068595
-59944 -7045513632
73890 -8319983667
87532 -5766432152
-65771 -1650427050
-3362 -6603580191
-3868 -8298363468
-39558 -579220007
-15326 -5521274563
40853 -8939376790
-79960 -4058114972
97413 -7078981946
88964 -4723034912
78162 -3749483575
-46403 -7928025118
24181 -824702870
18661 -7496418998
60110 -9502984291
37277 -1794183382
-86258 -5006494339
-25590 -3573886867
29840 -4486640544
-99826 -8133129779
75898 -2265081931
-12090 -5397695247
10136 -5129547576
38346 -8916466115
59006 -1885914399
94362 -4952699151
-52770 -5647832047
-14108 -1868740592
34970 -5792975487
-61947 303645558
23801 -881079798
23054 -5176745739
-61619 413905086
-31690 -5397546283
59786 -4806605303
-93282 -9195271699
-3794 -4883770503
-20327 -8852865434
-36632 -384302384
-75175 -5626371994
93789 -4531924558
-19315 -5585024882
98493 -468684534
16448 -3801554880
44873 -5956322746
-143 -2484237754
-5620 -7169515344
47758 -8209969587
-13988 -5570062472
-87811 -3375857726
42070 -3167706531
75444 -6902823400
-52450 -622075567
27904 -574088032
25190 -5063896799
-9382 -8116998739
6286 -9238961039
93060 -2491991800
62717 -4475551398
-91443 -4721724770
-82658 -5367592647
-21246 -2085746307
-64530 139931797
-46071 -8684372430
-3658 -6542735991
16564 -3326955916
-60828 -8832246560
-64219 -1059569134
44040 -1471103488
-47460 -3425016812
-50808 -4710551100
55110 -1187279819
-76654 -6315858103
-31746 -2566287679
-36875 -7957758946
51990 -6333032163
70097 -9351396322
7237 -9670877002
-80594 -6250178815
5132 -8238617016
87585 -88389446
25985 -7143066558
-33399 -3437197422
65029 -9820047854
-24043 -9051561074
31669 -7266597362
71857 -7261485538
11541 -87393930
32777 -4249797566
3006 -2783310995
-65246 -8592315299
-77963 -5301098650
-66968 -8234496224
-5571 -7918126566
-81360 -7973901556
-47360 -2704370228
-21928 -2282098008
83909 -6298652002
82292 -3695727088
-57486 -3279745031
19601 -1189667062
-34194 -2878763459
75096 -3047576024
-2091 -7703600762
42801 -1149837586
73966 -7012601507
84220 -9185431888
15457 -8483399398
98366 -4396949415
-52115 -5995341346
-23016 -6727451264
86513 -5250630858
-78415 -6869470170
-19676 -9859177212
8948 -671641008
-51867 -8003827086
34045 -5357034570
63944 -9206217232
99866 -969498471
-51032 -7493066120
-72416 -2059264164
29801 -1074756938
82258 -7348131511
-65924 83988496
15900 -6387505724
-76040 -6232356564
-39752 -4966495732
98402 -5103283519
-31588 -4742426636
-13636 -7854991420
-56330 -3449275695
24429 -5755454774
42882 -3106992739
84802 -1464210215
-76658 -8332255359
58106 -9114551191
69180 -8939765588
-25827 -161363230
49258 -5560771583
-58452 -2057602888
77026 -6921383447
-77014 775342233
84658 -5928349387
11292 -9359210112
98162 -6936499775
73173 -8963768602
68444 -5137145096
-44007 -714774770
36306 -5243765191
96501 -9158426866
33558 -1874275591
-10791 -430858390
35222 -419365103
-51479 -8494381414
-64699 -6401313714
82260 -1303870708
-2571 -711873054
7742 -5899716079
46937 -8942114438
60304 -3199756156
-24839 -8043055414
71652 -9777223512
48762 -324796023
-46508 -4077547400
-34268 -3599016420
6966 -9795840455
-38756 -2357597476
24553 -9323176278
1801 -5155094914
6209 -5339327010
34418 -6308699939
21681 -6566821366
-79942 296018105
-3247 -9554309978
21593 -328791246
91305 -5716799282
-72355 -9395060754
-6895 -3729494954
42204 -4220544788
-32799 -5337908990
-57062 -331114803
94241 -5959516046
53673 -2639296646
-97984 -8050073156
98818 -7389283303
93586 -9058002435
-38020 -5110478448
-99107 -1954072302
-38034 -1463023663
-90894 1355331277
58716 -6733012732
-92452 -8469662552
-87039 -7759133074
50872 -1265004852
45169 -4636656146
86833 -9877377702
28006 -1694785087
90117 -8704307638
99993 -9870848298
75445 -4203399098
-62128 -4981296448
-41234 -5289431339
-97979 -213019102
45050 -3664856703
-73828 485960400
-31982 -6383889135
-92575 -3881583058
-96511 -311082074
9316 -3662321492
34877 -6599156694
-65351 -8313392142
-55655 -9704519410
82604 -9648793864
-56918 -8054408699
73370 -496295815
90977 -719924002
16484 -6497042396
-24467 -4977401258
-56364 -6995347324
79121 -5962104602
37105 -7753773866
35293 -4586906642
-30006 -3691412419
33080 -6410351032
-9780 -4627246288
8720 -5645849932
-84078 -8384264715
-11514 -1958017323
-15180 -5778669840
40141 -9838115302
-71930 -14995779
51580 -5940419012
-21227 -6806078698
-170 -3188791219
-95274 -2416231207
26498 -5242786975
99481 -1120698398
79629 -5097291750
-46306 -4690712023
78329 -4175549186
68105 -3501199586
25489 -70236334
-33659 -3539193250
-87954 -2416834443
-7443 -4860276474
43948 -6516102128
8338 -662018667
-56946 -9513998327
49784 -3886414764
61720 -1126727764
61342 -6512053531
-22239 -6129466850
-65886 -1252676039
78890 -7088511323
-21899 -8581023750
-17399 -8887045578
77065 -7867340530
-44394 -1941263567
6140 -799933096
28264 -7218638576
11882 -3809666755
18340 -1059058068
30385 -6711953222
-70375 -791854666
87644 -4678719868
-46371 -4870806006
50536 -3366382556
-8094 -4685525983
-14480 -3027667660
10778 -6401818303
61109 -4936973762
-9547 -5122270718
-88048 616144820
-98246 -576440275
8009 -7731211874
-90867 -3038638998
58740 -8310681604
4280 -513067408
85496 -5301521168
66252 -341517740
51372 -3191400244
-95175 -6922815118
-39367 -7206880982
61558 -9178729387
30258 -6925479747
-12084 -484512372
-87111 -9267865574
-43462 -2620280967
22005 -6502160462
-83239 -5855564270
-11924 -7461166488
21373 -7309897258
-26086 -148384227
97292 -8114674460
-65799 -952646902
-86296 -1261787240
55588 -5703572248
-89135 -7087116906
-68719 -8542176702
94618 -2607543611
77798 -223446183
17174 -8649934311
55421 -9375458406
-12386 -709888887
-80067 -2677380106
-88194 -7273358415
-74886 -8312080147
63029 -7370699974
38165 -6681762206
61909 -6792774062
94005 -4368252194
-83031 -3395737402
-51134 -1771518191
-73080 83082804
84010 -6370968771
54368 -9618447996
-14098 -5551400231
10876 -7985407636
-38832 -6321499892
69208 -4645623236
-16622 -5076060783
-28940 -6159530760
78541 -5444724394
-68143 -1329268954
-54164 -6715661308
98678 -5367340251
-72583 748395566
-23179 -1382743658
-32566 -8122107231
-69900 -5291541120
-19022 -859703823
37145 -1156420102
-57998 -6767264183
31032 -7851162416
-91846 -446325635
99498 -5260107035
88617 -2428113426
-32463 -3248181946
74494 -5187300947
27210 -5483934415
2501 -9358158646
-78164 -4285242208
19744 -8116896180
-78191 -9338976166
72266 -3427514259
90745 -4634757550
50441 -6268929974
-1691 -370964762
-57484 -460715464
-13895 -5912514010
-78762 -4532098607
-66474 -9666076667
73389 -7332121846
63054 -7230364411
69105 -62939830
91776 -8812134572
74676 -7134963692
77017 -6952632710
14065 -3065076070
-65876 -1406144532
17721 -4550339066
-69372 -7631948772
40884 -2179931120
-66331 -6438595402
-34591 -1485476762
59308 -8913222944
93764 -1355866284
38972 -2220417564
-20394 -6655014067
-22608 -3957630516
-62668 -9161951580
3738 -826733571
58150 -8203476831
65989 -2729358878
-59280 369329312
10840 -2220536572
38092 -3998523892
-25590 -3544973579
-89771 -7337674274
-57327 -5973051578
-18715 -3689258258
73197 -3545739966
-56298 -7577196683
16112 -692926528
42085 -8001196538
31864 -9039989580
31576 -4778435048
38561 -7019198598
81337 -760610482
-41946 -9751508307
-78430 -9506480315
-75864 -5001158204
-96447 -3817761034
-73780 -9026734344
-28331 -2339411938
9157 -1808934914
-97152 521332664
-87116 -8910984648
-22678 -847190507
13641 -7737563046
-46390 -8469255439
-59928 -747262096
74302 -7850784315
48702 -9554837211
60554 -7759018183
-1435 -8057599782
-20974 -3815438155
99546 -6505738195
-85339 -2343423962
65086 -1036742231
26668 -8674367416
-97814 -2727516615
-14290 -7075986323
3740 -5128915032
44596 -1517372572
12488 -2874294132
-36843 -1448537158
80604 -9899499428
38905 -6051272298
85524 -3736219860
92609 -7564959314
40225 -1472906562
-7463 -9487739066
-55626 -3224929631
-26624 -6506026060
35097 -4780844446
36420 -8818751668
-54868 -7897871948
-63900 -2181013836
-11730 -2053486555
46545 -1895390230
96760 -5769770960
-86458 1149316537
-16556 -1703319500
27176 -7471982044
60992 -3717051596
52892 -2487869000
-6070 -8792459163
83574 -8280806231
19194 -428219943
-52922 -309910647
-51623 -4276062250
27046 -8587629607
-82219 -9929902362
-42504 -3031770364
67202 -9427104515
91086 -9603431595
-81978 -5722408479
44158 -7476333391
15489 -9243906902
13341 -1810126230
-10319 -8573404818
-31719 -7456153802
-18386 -8675972187
-69832 -7901967988
-93095 -5299680722
-42698 -2107265523
-7135 -3589220102
61640 -6673122396
64266 -4232858411
26737 -8893616598
-71500 -204192024
84198 -4195195683
39114 -106374067
81565 -3041919946
68546 -3797645719
11861 -614953258
-95656 -5588837228
-30438 -2159474263
-49043 -2137848598
96733 -9099260106
-62020 -557001044
-57268 680986716
12241 -8473832154
-49190 -2483862639
-22430 -280091823
92440 -6160141544
-80707 -5899427298
-73683 -1318893842
42249 -5067005402
-28455 -9524220174
-37454 -7668520471
-81339 -6442896818
-55836 -8447832408
-88744 -2990980372
71414 -2565030627
-56954 -8302492335
73321 -3701762502
53204 -2697453204
-30394 -2002907295
-99703 -7627224842
-41722 -9187826295
37560 -4404436904
63665 -9618245254
39361 -572851746
-53048 -8397459892
91133 -4568167846
19973 -1206883814
62309 -9892097954
74502 -9516202591
13712 -7854290324
87280 -353571236
-40703 -5108212198
18862 -9458160403
68690 -7011175223
37392 -3210029076
93561 -5062822258
-83026 -9368487011
-96127 1903555410
45730 -9229297787
44434 -9131350379
-27540 -8587880728
24281 -1641839214
-45360 -4957074240
-82190 -5489168783
-74875 -6989904850
57940 -6334369736
40169 -7427806674
-61975 -290012074
20785 -9837965938
56692 -6816085784
-98646 -548229331
8926 -900409707
97326 -5232591419
-94452 -6483229820
-59502 -4343103507
-28078 -6260118291
-16294 -9571498627
57312 -4388173732
24322 -2388317815
69302 -6135770967
-96748 945968412
-8174 -7305547547
33408 -6258996076
17364 -3004420876
-28202 -1815408759
-65568 -4039772408
-28318 -2231725155
-89670 -2672822991
94784 -4225520960
78152 -7434197452
-25928 -822046416
6160 -6550470704
-39320 -4527455040
-21694 -6934755143
-78830 -8291898363
40704 -2022105176
-96628 -2515892360
-99868 957701712
16182 -3771142423
-75756 -4877818648
-41646 -2349313931
40033 -5661068410
-35055 -9094235870
-96538 -1205598311
-20046 -1772170091
-31168 -7496513276
-5520 -1211987584
93145 -6908605742
4530 -205567123
-47254 -3622950271
34221 -1133705970
-24351 -1618033234
-21038 -9229278079
-29098 -5137832487
-64131 -8240706142
56005 -8681751270
27612 -7955156596
-78318 -5911059567
-71355 -6926983130
-87047 117975638
-78978 -1115076603
-36878 -801475647
-47820 213565908
-51207 -1831504390
27510 -5804443511
-89095 -9739726002
-55411 -7733768394
-69339 -4795541170
14489 -6425872106
-87946 1538841917
-57340 -3564615696
-25024 -2008296016
-61663 -3971197990
-80851 -5460167966
39464 -2202180116
43284 -4762685832
-2214 -3179202623
-49574 -9217222775
-81624 -3005883012
-16111 -7417354706
-31252 -1159605228
-19390 -6322777259
-26790 -5734065295
-24990 -7105374215
14834 -3863890267
-95143 -4045689302
-69546 -189005183
-12932 -6405755656
48297 -723559242
-41506 -5910199523
61442 -4149584987
87161 -7352605422
-49704 -5657752108
94274 -209114359
-77798 -2435513627
16186 -8350446855
6914 -8138787035
-88455 -2528308498
94121 -3946511862
-60818 -5812659255
-98848 -8578713816
93765 -939113026
46724 -5046216244
-9194 -9761950955
-52448 -7914435476
-21972 -7753597752
-42619 -7579049118
-40627 -903217818
-28294 -1232210851
-27054 -8072184587
-61204 -2382309888
-43851 -670624562
-31807 -885150494
73010 -1692429191
15285 -7960043586
62130 -8217738259
-86900 -1077301108
-40695 -6980681342
-31079 -2032964662
44537 -983416362
80617 -4240311902
-97700 -2647177764
-69390 -1219558531
8545 -2555278498
58034 -8451302015
-96734 1699282237
-74830 -5247432351
-41346 -7757907827
64694 -8638805723
56702 -472879375
-52606 -77038583
-44471 -6601166626
-77548 -3183570176
-30488 131768520
90998 -6750215707
62612 -7718491404
65964 -5488178388
-61266 -2910462211
-98360 104962124
-1600 -2609060096
15557 -1988254370
71153 -9982346870
-25222 -7030685799
-21228 -91701892
-87934 1011531649
29165 -725487070
92505 -7001983266
-79756 -2724711228
-46502 -1934783171
-85690 -1844108571
84929 -8210022442
-7390 -1449690243
79713 -9771826194
-28792 -1882368236
10128 -6774544132
-78172 -5030246192
-64646 -8134760903
-79974 -1394295611
80352 -8220567716
11237 -6397650070
19402 -6170616791
21050 -2938046775
27925 -6293539302
-53751 -1646771854
81329 -5226599918
-84664 -7861396300
-41851 -6884131562
34189 -1602624810
-93988 -3293521244
-69084 -8423075952
67710 -9297061811
-32742 -2178503579
-26184 -2690040532
-37720 -4280506284
33862 -8440704691
58022 -816274043
-5087 -7651799318
19333 -8448782754
-53027 -3612489146
-21475 -7344793334
54326 -7042704611
-84839 374367754
-89904 1716898032
-91868 -9081311420
24825 -9895607918
-64935 -2861256262
79674 -6397037015
-39380 -7013177488
-82695 -2393783842
14332 -1917366488
-55347 -95123442
-77984 -9611492848
59208 -7776610056
29318 -2569917531
-38515 -7118234706
-83064 134449444
-70479 -6925523382
-11887 -4418361786
82994 -5922053411
-39584 -4461396516
62821 -8087743038
-25599 -9154207578
11360 -1444063536
95713 -9122649766
44880 -5679002192
-69188 -6237702140
-81379 -8631932734
43762 -5870634235
26569 -1815975410
26765 -5206889174
56573 -3514487954
-25579 -24692770
57656 -5110916252
-53739 -7700769094
-42226 -798895107
-89743 -7529495090
-73172 -8062989372
-21892 -6343635212
91418 -4378188815
91688 -7333154168
9262 -2733208007
21844 -2562662784
-28140 -9889732360
-47694 -6959024767
44165 -2696845226
23216 -3777984288
-5762 -3895189763
-46560 -6768316872
-90610 -5910662059
84312 -5470169648
58649 -5183051782
-83682 453390065
-58910 -419755411
76358 -487997547
66084 -3364457316
57281 -5080399118
-14559 -4643715546
32482 -5589276303
26353 -418935302
8909 -7604707978
94322 -510058687
48800 -257453668
31160 -9326681572
73849 -7653912758
-39511 -7094362386
-80998 -7111461291
-23223 -5447449730
-43090 -7495601847
66490 -485711311
-90610 -6773234787
-31896 -9155571812
-10615 -5880432242
37366 -4674701399
70421 -348107006
-23532 -7448198328
-1988 -1602687340
8580 -5367905100
13161 -7340055830
77410 -7418785795
40884 -3648996176
-85368 -5065140392
35918 -3629594675
41260 -3848735088
-91187 -3615351898
-57334 -570424487
-62764 -662965040
-84006 -9829134103
-77138 -2622234827
-84318 1410105913
45424 -7120859512
-53278 -9281217367
63616 -1919260932
-49086 -7653352503
51233 -4012893170
41604 -9431443592
-4840 -7145089140
-52608 318257568
86614 -6639121879
-32320 -8042464544
-92163 -3094826358
-39652 -9345950904
-50423 -4060210810
58593 -56866470
18076 -414519896
38770 -3291809951
64490 -4051159607
-62739 -3608285718
-91614 -4408549523
-86303 -2164553754
-67196 -5172129284
-52016 -7393804140
46057 -4765772678
28010 -6256669015
27806 -1728959947
-96838 -5528926959
2656 -7426682524
90733 -4403975546
4120 -2993480688
-61752 -6319770180
6452 -9138754784
-78838 -5991160591
-89271 -288646526
79964 -1568132068
20897 -6097784214
-6323 -1183044078
31932 -7395319932
31710 -3426753263
-7788 -5054179764
73314 -5080896219
-90018 -1974326047
41018 -6786435959
-19692 -5912642232
23868 -9667474060
88041 -5223545814
-6340 -5066372144
-73856 -8919751404
19108 -6275614192
-53726 -5206687399
18189 -1145389106
50614 -1668594563
66233 -2901277586
46856 -2575527640
-73918 106184213
-61410 238797553
92321 -4327877898
44481 -9586157346
-5107 -720840438
-60336 23381672
59348 -1730243400
-42991 -891955810
32745 -9858419562
-42866 -3011700807
24744 -9127874892
200 -7448204904
6740 -8318717532
97089 -5110290458
78720 -2334453984
89708 -2805598184
-2760 -2975967936
30612 -1007099028
-62575 -566314602
-36260 -340976244
-69023 -6950136606
-74468 445474936
-15064 -1845420944
-25972 -2879451676
54652 -6199822236
14292 -1902088100
86765 -1556147070
97970 -4814553615
12536 -2894913796
16554 -7370874163
-12723 -2907036662
-22347 -2063613706
4990 -7750106555
-61354 -3000029983
-39027 4512046
-49864 -183239752
26816 -4148771460
8702 -3131651487
6424 -3662068372
73864 -8859919988
-34935 -3449997182
-92238 -7570342971
-28840 -7707055540
-97244 1278438440
6624 -6894044072
2582 -4692942263
36664 -5488538632
79409 -1208736882
-3315 -6239989358
91444 -3045592240
-49535 -8854674846
19737 -5438211926
93960 -7372056740
37497 -3281515046
97090 -2301695727
68785 -7046002794
22946 -5290417875
64550 -662642987
18816 -9497485580
-68010 -8927777163
-5638 -5769782943
-910 -6569381111
-40347 -7548372346
78192 -5240708244
92984 -9728523012
-60786 -1861900339
29358 -5309799887
-96790 -7344424155
-61362 -3314682139
59220 -319188064
-20247 -2894764890
60504 -4943337152
1973 -8131021910
-81555 -9572579662
71658 -7252142127
17248 -1006363424
-35810 -4713900351
-91228 -9020678132
-25615 -5662147318
80649 -2076215962
66069 -7207298650
46572 -8782076380
-63568 -2272122776
73664 -7675080920
-55690 -1331115995
3476 -9089913844
-71643 5774746
88592 -8690292668
-224 -4100851952
33741 -4633830434
-68695 842724830
96536 -7809025824
-67784 -7139532072
66846 -1659657291
-54568 -6285428996
37537 -2566447598
-89586 -1317098319
-60062 -8527153647
41002 -6098934607
65574 -626661987
4612 -7670183004
-43183 -5435285362
63326 -9751242059
-27514 -8539227759
-65263 -6028096294
96888 -57645192
-74791 -4911245398
-93662 -6105526031
44757 -9795094786
79894 -3170270243
-71686 -4511285771
-78044 622066988
98469 -6647363534
11589 -9752019846
22657 -3483981626
52812 -6639442236
-85380 -9540636832
-7500 -7956552388
10464 -3713128140
-51102 -9828553347
10052 -3086928460
-1219 -1869302446
94386 -2810938683
-85743 -6706619042
74905 -2812798346
-52275 -7019252042
88021 -9577512914
-33399 -7111829966
-69780 -1138912020
28986 -8163438539
-72152 275496064
-52334 -1080305527
-82870 -2407448519
-59638 -5263573943
21008 -2050049460
98764 -779676708
55173 -7171991602
-80391 -1204716270
97348 -798260968
6844 -2095468104
-39948 -250469124
75624 -4476407892
-26792 -4580376048
-6214 -4753756815
70504 -9988668032
-2264 -3720670032
-25794 -2064988719
-21076 -9021747700
77153 -7497498102
-72090 -2853161067
-8471 -5562033186
-49602 -7251570451
-45130 -2231479395
40626 -8962468779
73416 -6459924988
76972 -7088811724
-39888 -9159560204
-42439 -209098550
36802 -5138016819
-11382 -3250881607
-10694 -2923361039
89898 -4830487267
-57079 -5643117298
-9427 -3854572254
1340 -2624566176
-27852 -4638694808
-89580 -2368703664
7532 -5525629968
41516 -7656778836
-85962 -3448381863
6028 -7699275560
-7082 -3292767511
60920 -7510046404
-5859 -8737307034
-62464 -3233312568
233 -9290829270
77249 -5269010622
60933 -8943618554
-24131 -4187740038
-66950 -5836776255
-27303 -9750121446
-17016 -5927119836
-54996 -8248279512
86346 -1963373151
56442 -1169307043
27286 -5451540719
-66426 193886901
47684 -2576088624
5160 -1512447996
-96096 -354259196
77620 -1197840740
48714 -4950370995
-47967 -231103614
-36475 -7870488562
44448 -429535764
-39688 -3683540636
98709 -3736162706
-2324 -6925367404
-67380 -9538873716
-21972 -6705665272
-81476 -1954257840
-12219 -2045309926
5069 -9935106950
-62067 -5485767774
-94424 -7806060752
6409 -3133856094
59646 -8822298395
-60607 -6869085446
34240 -4049015664
41044 -8709162060
1278 -6864533111
-45612 -7583237992
-32710 -6838995747
6241 -4613330946
88817 -756610270
-39475 -677108998
-9579 -7684073342
57568 -9096861980
21429 -4965054106
-88650 -6591621255
-17202 -2585786935
63996 -5050537536
37532 -2113828252
77045 -489221082
71672 -2679769672
-81395 -1615933810
70288 -7900531240
90905 -309151486
-23212 -5385929976
-84379 -7455309806
42505 -6200142278
-72862 1173394221
11536 -5016012656
-67368 -4338720880
33122 -6340176507
63958 -3912320075
-39344 -6644333116
-57070 -8100683487
15688 -772808328
297 -9590530294
-36026 -9467342835
-71956 -6912683664
78377 -3411395090
-94888 1878258712
-26436 -5497777884
-95927 -9971470194
2033 -7561411606
89353 -5038920954
11001 -5751114982
37022 -6121831555
-8288 -8034902932
83517 -3448782746
75933 -8186489910
-71388 -912637228
-751 -1337566986
-42856 -3239077448
-27642 -5983849167
73542 -7475331315
12888 -9724694120
52817 -5339379918
88424 -469061832
-76708 -4340687836
-52723 92628894
-56867 -4941100458
-89772 576561568
79510 -8229115667
-56908 -3536568632
-35954 -2824741515
90562 -3302858343
96918 -4078342911
-70027 -4360227538
-51602 524808865
-80103 1187638806
72198 -6616499031
91917 -177940678
67521 -190436762
64801 -410724950
96860 -3480989136
-87099 -6448159862
96972 -8475565168
20084 -3333725340
-34920 -4847633364
84305 -959887206
23264 -3197704576
32900 -3466336060
-43479 -2960291414
-7687 -8205391998
-54747 -1586983546
29102 -9149509143
-1702 -9584784463
66250 -5726691875
-93639 -8685113678
-5376 -7834495004
98808 -342434432
-15880 -7375091476
75244 -7074987944
30601 -9412299010
-41800 -4242347476
76464 -5946093536
-66530 -8519217219
65913 -9450612110
23885 -8686300558
41254 -1337968127
12917 -2712340826
16936 -4681785128
71230 -3568293039
81188 -6664507220
-50774 -8853167779
-50398 -4061993439
-15786 -7622650007
83866 -1847088879
32414 -8463822223
8722 -2448158887
-77728 -7626979884
-37754 -8819172271
85289 -2715684426
80168 -3955191048
-2611 -426290650
-37570 -1957637111
-81032 -1503486672
-23550 -2376697199
-41619 -3167866942
69589 -6588325182
17518 -364980787
10032 -7427360000
58133 -3681454974
57546 -9634220343
32945 -639172082
7958 -9938313379
16576 -6437711996
-14068 -599703164
-24758 -4903020679
93692 -8551519704
38866 -1598871319
-94074 -4626237703
-91551 1280004410
6397 -1878738130
-32754 -2809551623
-85842 -319022295
-47560 -7766585516
-14607 -8759330422
-9639 -799366666
-86474 -3355008007
-90658 -5583767251
-92720 -7306497424
85017 -3207985306
-57940 -2152151008
34445 -2849669810
-82378 -5901862423
-80471 -3090314666
4729 -2500267038
-80339 -3642524458
-51248 -1759858524
-86890 -8165640875
26372 -5379356040
39297 -5346242970
90317 -6440743166
65566 -7281731915
16150 -9558230359
-4260 -8174943380
55089 -8261020562
-76235 -2031301282
-94567 -3482434058
-44770 304425197
67146 -7541199215
-66027 -8167247242
4416 -8114935676
-74691 -3612629162
5713 -9513100282
67001 -9097211518
-70835 -9452133078
-67380 604898632
-374 -5217022747
-31416 -4783554452
-72984 204710492
50454 -3402740451
-46616 -4231328704
-4546 -2706286459
47854 -3581449307
-18731 -9483691854
-336 -9360873792
-37854 -812192519
36370 -9008016131
768 -6674131916
18497 -8011529094
-45031 -5183907910
26256 -1185049684
-62626 -299211951
-59654 -4695278003
-28278 -7872210199
-83903 -5717861694
-79532 -4717675072
1150 -5419965535
-26683 -891755802
-81079 -5022787938
34614 -7457967807
99094 -1071404343
63332 -9384527596
-26586 -7418626727
-97232 926917580
44657 -9009068606
55234 -9420274679
-2400 -1812700964
64744 -9791634712
-35072 -2959303424
-70586 -481333647
-42398 -2925951051
-40906 -3163211043
-63951 -806572262
-61282 -4526711931
89932 -7331193936
-34194 -7335948071
-37924 -9741930092
-403 -6006227946
-68715 -7207935682
77410 -1180983667
98396 -3974942620
-96346 1770302281
73205 -5427122394
9029 -6008690694
75176 -4309205652
-63606 -5001663563
70652 -3219215132
-63426 -2422081035
-29027 -5537684114
-39562 -3967789463
70500 -3145962832
34882 -7968255
43077 -1676770690
99985 -9173037142
86581 -4183519274
44672 -811777484
36118 -8258921167
61766 -1252935287
33424 -2077258808
18126 -9244500831
-26495 -5438147674
-1188 -1810159068
-77190 -9969838863
26886 -7613045587
2729 -6021312042
-81348 -2129770276
68006 -1864053611
-52739 -1432071374
31484 -6430998420
-85122 227572809
-54216 -3418646432
87318 -4158234819
1234 -3045308835
25188 -7768070736
46285 -4935511170
74348 -2012707736
15917 -7189151858
20766 -1818987439
-15411 -5285985414
20965 -3448344986
54261 -3850323398
53736 -2187858212
80344 -8054180232
-18614 -4994139435
37952 -5449641936
63605 -2407017390
-99550 -357525663
-21634 -9318284259
-37982 -6434744103
17002 -4264251179
-52067 -714590206
-12583 -6553868398
-50619 -1937123846
51044 -143466176
56089 -3229959114
-99360 -2532981336
-84851 -3227732518
-63927 -9608878982
86846 -8613189523
59625 -1570649938
-22147 -1021498402
18248 -9688750868
-94872 667478256
38248 -5988615216
-43272 -4753053040
1189 -814571394
-57342 -9778482019
-8959 -6024721830
47502 -3824315459
972 -3984355916
-43242 -3001388635
-17327 -9277716790
17648 -1889560408
12333 -969059738
-71618 783558433
-48738 -804174555
-48612 -3549895424
35093 -1634544626
90628 -8817605428
23501 -7986153950
28104 -1834696084
-19284 -3662252168
-14151 -9577720498
-6239 -1278934730
-26195 -8332187514
94780 -3583809120
-99484 -1794957284
78029 -2393325954
