-52177 281278681
-28475 9109743262
47332 8900858865
51672 6396562545
-81889 2575138613
27992 7576144488
70733 7103214409
-34065 9548702054
-56509 5800538210
-66376 527900031
29198 6233099964
82488 7862604753
62702 5055825471
17603 6246357405
-15366 1284302050
23260 395872361
-24326 636118185
-59602 5366151209
-93570 6443903961
-80867 7136634195
-27447 6192085150
44327 9919505454
-45987 7714129230
-47313 3555889543
-65241 6620738441
63108 497059554
-17898 2091404741
-31158 2377393212
-51768 6410677081
-53113 8610016851
27489 151354916
-3690 8006248872
24430 9058869588
64732 9953704557
530 8615773464
-31186 1184908510
97025 9055074879
-29540 9396955141
-64577 7829802750
-8459 4996140483
80204 526848420
-21368 9827791697
23887 8641469858
63646 9145898150
17494 7333849979
6255 999585842
29387 4905348546
-30285 4359301908
51909 847372584
-40162 3433460184
17103 4801421079
49265 2155564212
96363 4771525159
80696 8259147890
-18617 3197215246
-58515 8760022967
52743 7149935801
-19 8734010622
14888 9860668386
-79901 8348720919
-58742 2917445397
-15951 986801999
62492 8072439256
-62246 245163856
46177 1981718885
-95151 6011140230
67617 2787906416
29035 7004043728
5214 6258561780
84818 3521351846
99815 1039831777
30741 5796976677
-7595 364510163
-26643 1206203097
-13177 5035072006
35272 9875611200
-43970 3928256068
34122 7030943626
-97308 4105619437
35867 2715745969
-33756 9123828014
-63657 7079215442
92815 697184439
25919 943175794
-22388 2180769334
-56836 5951540541
-42017 3135630065
24235 4723505254
24062 9948688694
-73177 5511273468
90888 9121420846
76124 6675998035
-36053 7526664973
-28312 7293543583
46994 9614607266
-40988 2757046945
6547 5752241338
88128 8465770930
-20584 2518517585
4975 7895008868
-37132 470674471
-32340 2936513531
55136 2313081918
27066 694415260
-84584 3179354537
-5169 3212962383
-91238 8208642848
-6667 5315339507
65342 2976910453
76694 4399324336
-24505 7498335083
-86740 5824863841
-47058 5723601946
-56197 864509370
59695 6000045958
93433 2086983339
-78148 4524112669
-49407 8849473176
11580 6621434509
-26863 6744939628
42454 8271101914
52623 5629282486
13252 9920920233
-13763 870337051
-36888 6384758683
-95900 7536457941
-90165 7149933744
-49293 8653237136
-334 8669166067
15213 7393669339
90257 4174344565
-89269 8567965198
49216 5040541777
-82753 3714721107
-10374 7411282422
-24361 6602986130
-94049 5400222660
2616 9978041105
-55237 3544276318
61092 6596170030
53272 8560200545
16857 1260289340
39490 4273488971
17290 4343744492
54233 4548941656
-20315 681196221
-33546 2676530149
-6617 3618646869
38711 233861087
-52510 966462452
76031 6592494877
86956 2365804897
-73130 4120713241
5307 6652364987
-93148 5367061127
96902 7819541028
-73978 1098406397
-52246 9992885886
30852 3106320171
-67800 888241108
-56546 4137556105
-71230 9387974869
-4063 8903408861
73302 1409631511
95763 8529598674
71527 7288744900
43415 2015599549
-28028 6399336981
5444 6317464600
51183 2792732332
-89153 7578907037
-19118 9368664372
-57167 1054824954
48203 2116499532
77638 5604744570
90686 634173313
78807 7717493071
-60507 9228619844
17739 1575808021
-54926 4537366481
-54862 4880515574
-80258 2683912962
-50574 2028843420
38291 452963232
49111 531992385
87566 2981663197
-33955 4368385957
-77886 9580374751
-15762 2866702196
13368 1407249846
95154 3511847871
53563 8220775747
-57601 3162864050
37122 7667107547
-19031 5652622869
84321 5306326438
35381 3725542655
-5532 9314317798
2819 6359098475
-26091 5858622735
-79380 7995828208
73846 9484478660
49610 560370249
-82838 3316366689
13473 8917591833
-34930 1653757289
80292 1725512354
41622 423044404
-87452 918669839
51967 9680114337
38903 9900503182
4043 3976552545
-98611 8282063221
18690 7903821287
-30677 683188392
-80717 8252971479
77359 9629331249
93855 2090394631
9307 3008598993
-32173 4350135215
-18649 2819121545
-15093 857854972
-59938 1374964852
13914 7079010111
-9902 141861984
-89028 9326729249
99050 7627248344
-26524 9032865802
-6907 2646805062
92096 1099130650
-17 669424423
99369 1968822971
-41330 2516412452
-39428 7834787812
25141 8631130822
-85269 3131034843
43908 4527283674
-13998 6510596359
11117 9363859435
54103 8593461868
-72907 336928266
-77999 8914725550
71564 9947317391
-40805 9806273809
96498 7837751289
98946 4169671375
2481 3614985888
49418 7132177962
81736 3881964200
80831 3897650117
4024 6198970795
-56897 7757510312
54463 675398686
-47088 3768096010
9175 2991458812
-30245 1081605452
4027 8089349196
-46172 4042852677
12993 7316310418
-55730 1273666406
-80458 7565974446
51367 174354939
19435 7626778679
47891 1108438283
-70549 2780702692
-73489 849685763
95965 8020514178
98078 9837470680
24645 6970534977
-75422 8227468900
66383 7582030024
-9146 1235201694
8540 6976891639
56328 705803540
14103 1719923606
-62357 8506078658
-68960 2863358072
-19374 6687577217
71739 289327466
-51267 7152074296
-47699 4936095068
36087 7306109417
-46725 4112873854
-76918 9047168403
-30148 9872058267
49152 3310675061
-86877 4290534177
-24229 9186728025
64804 4274177634
62625 2675791031
63252 2982688955
18316 6857673400
-1806 6092366699
70447 3725684863
52676 4188351060
81121 9847885473
-42412 3675253835
77934 2069879135
6148 8758265585
36197 1960706982
-88000 2637992939
-80826 1384260105
25128 70711956
-10124 9983538625
88288 3030902760
28798 5493258325
-75768 7156573454
-58520 1262934496
-62594 3827855842
49192 7615505618
-30531 677941619
12465 3273375104
-9584 2922611195
-21897 1847574912
6028 8084070586
89958 3265572363
81575 8579679044
36083 1764004017
57473 2993251525
-49947 3996046307
57331 2794630872
81300 8172647407
88409 831484634
-83170 5565927112
-48581 7751480609
-5770 6700294771
88938 8175540574
-39139 3383268803
41093 1788508986
-26275 8534767831
-71402 2409658662
25069 2336634299
17778 3518955809
-20057 3714380004
-65220 5920800391
-32630 6813627903
-25818 7535421317
85718 4475797056
-89400 3931491348
-81830 8195799832
16410 990065011
-19789 7603107538
-81013 3487888050
78774 7210956910
92617 5132132758
-45558 1441667095
14268 1053759304
74743 8438526782
-90351 8390659594
-60428 2159551518
-92316 9428163131
9718 8822702240
-9608 860398933
-78288 1624018274
763 4875550179
61417 3966643204
-12284 4645325705
-17900 6831503841
66760 8960515272
60020 6053884544
23779 6982499570
21657 4124997472
39618 7322955867
66922 3459437256
12593 2566562177
-43942 6142869254
-55500 9045345374
-91219 2071420652
-41227 8473036186
42508 4484935052
17449 8644899270
6925 5498725608
27821 4134670805
-32201 3420910766
18863 7006054983
-12596 8827636796
65437 3416234676
41242 2421514311
-46723 957276810
-78928 9672959322
59743 8829231273
-95747 3080525347
60899 8238000970
6311 8365638675
8962 8790566588
37528 6059999039
-28439 6280916733
73436 601557140
-88199 9639746150
33654 688905565
57551 4636181565
32373 6289911209
35896 5119940688
-53324 152746750
3436 9228542082
-45807 1271516068
-29025 3050669304
23970 5948848582
9785 7945360868
-72422 5878719788
-58784 7772335918
70604 6150854994
37107 2303266857
-7719 8354787753
-22960 9562717002
33092 312812990
-51063 8618307210
16557 9551646002
38455 7478681734
76502 8526293631
-30012 2193105059
68771 716217060
5026 8199484560
36954 814178700
-59628 6716255514
26477 9285428837
71878 8674591546
12385 4010313359
-91904 8041057060
43333 9692651750
20505 1242636756
23663 3093768909
-69256 9524028351
10976 6395941673
15445 3117740571
-65216 2786156999
94676 2482630920
57216 9721065782
-86370 6696872931
77552 9977778825
-97492 4801576456
-81157 4590617733
-27557 4907817028
-34340 7129862928
21925 4189142224
-17798 3864979657
35756 8406270758
41270 9443634926
15865 6700937982
58093 9427726956
-59688 4482033062
-51684 1823529428
-16637 1255314883
-93684 7715614413
61475 5057196236
33090 5069794383
-66370 4875716082
-46698 9405959853
8066 5058360590
92940 7354640813
9278 691427697
-73875 2612790824
-9906 8693130179
-95248 3309578574
-91996 9362702886
-93377 7787085945
-19275 8052723104
7788 5995523267
-14819 675272168
-9677 660175533
-25026 1987991045
-5891 1523847499
-18243 4197037825
89965 7727482248
-57728 1264079188
50899 8914838004
-71880 9321165869
-80827 2873168513
55338 5198702369
43495 6298049337
11642 1686091217
-48592 4722838042
60546 326525858
83561 5288054832
-94274 9065881418
-61795 7424472418
-45165 230651107
-64187 9268970565
-74866 9228750709
95653 1186743683
4582 6236421974
-82469 2426344847
44013 7797258193
78688 1766191296
93378 4995329955
-38213 267176559
-28651 1592986906
-76454 2797965995
-68876 5387190020
-86482 764841219
32308 6766075461
-82659 5758586148
-58582 9318298053
-80577 9942561239
97122 1016428416
79592 3626797690
55358 2619052312
59944 3211936600
52080 4195961994
-43406 1323464565
-31157 3767551897
-59583 9947521300
65677 3589624685
-74752 1225870567
66707 488557287
-33683 1780689615
3988 4460156124
-4640 7038238681
-5358 174152115
5980 1670795651
-68038 9623915913
-62030 8223755249
20295 4940402389
-36318 2157806487
-26047 5198998828
55577 7382124731
19879 6838680199
67697 8117352707
-89530 2450630687
30223 2782128216
9053 9598551549
-40241 6579336576
66079 6855973725
-68246 330020649
42892 1029710397
-9342 629168908
22018 4668698470
-65770 3202146984
-60197 1027123236
-98990 2475979903
74845 693611612
30670 2131440696
96522 4577071990
-39756 2336631851
-19577 446208631
-67472 4496352212
43182 5659330030
60475 1059699954
-25037 4557347784
25708 7343685134
64962 3236615683
88402 9922574477
-10857 4586358103
40732 2209155753
62155 3251577066
13562 9624724611
-99484 7254712352
56491 8333034443
88880 5907684797
19121 8287416975
-27583 2263309590
34231 5827412543
-34662 2309375279
-66906 8570172134
82293 7512548895
11336 4287584017
7386 3751220447
-19927 1891423891
79764 6026669995
5579 1027840879
71998 9414458212
32359 5959329670
-9221 5584876310
-6924 7089294747
62071 8440725460
-85551 6445872745
-20389 894873027
62604 1805913271
-32462 9721176992
-79194 6095069777
26513 637105582
-1135 9710808046
-52573 4578586583
13859 4783245464
39606 4559518552
27347 2974047469
-98418 5474726004
66697 9018824373
87567 4981339475
-57068 8121104886
-96285 3136699718
91830 9986277827
22769 9311127780
-20349 8482686438
-95180 2695867017
-68245 8567907057
14948 9639940412
-83751 9775496451
63369 3052304969
39753 2920452535
-4086 7825584776
-84703 2346021606
-6228 285301443
-81785 1184069784
-46928 9846853416
84622 9996233660
-13092 4870912725
-1201 4505562326
-98957 4301914389
1154 361808334
-19574 4873769363
77903 4946461224
-77764 1863417055
-44312 1481847064
-3877 572427216
-29228 1036892632
44340 5094846919
68348 7582596799
8913 9365411452
32504 2766091310
72150 8647501961
-3502 4031985070
89166 4415215607
-15539 609892523
-36150 7159386019
38402 5765507855
-11189 1921234883
-581 1050567611
-39060 3516603629
61543 5830087792
21974 8582556635
8428 4746776712
69217 7740091883
32732 9273891611
-11713 7802967557
98222 9548940640
7313 1487369536
-80106 7941675855
78234 7290210559
-63524 2783904993
-83985 1651704938
10047 8446192182
64750 7016393333
-91904 9958962340
-2200 8321553376
35643 5120582255
1720 9608360872
84934 7979521831
77805 7932964566
-38474 3609493712
-21318 2350646848
10165 5473440891
-69040 7057097079
56579 2592894186
-13639 6744728535
-67928 5963976870
47165 9489894401
99870 3030220153
-3301 5092549045
93133 8280255938
-51660 6872688536
18768 5108875031
68960 7230305887
-78014 5692557277
96564 9431130090
87255 420533039
-98262 9694692648
66037 8136901277
-15746 9817244620
-67863 7076696527
-69981 5406204324
-85202 2964767180
-7923 8312579689
95127 4457940028
10069 5380208475
20425 1536609248
66704 435174270
-16603 5139386860
1622 203029726
93712 2151785695
78844 2242026691
30546 9540752040
-530 8401951226
49452 2784668723
-81233 6470065122
96399 2798705825
-14500 8964319857
65043 5421517534
44623 4235770019
-23981 3518916046
-9897 5966183059
-51750 1141157491
86187 396299618
-27302 1072946021
86186 2151054028
38183 5618759315
54891 2306944012
-36672 8809653220
79215 7257324004
6397 3498965154
-93571 718564920
19851 4021112155
-61793 904848118
11317 4048697636
-64520 1803770587
-18740 2296476784
-415 7555924138
37324 3505574461
31165 1083339013
58814 4096375581
-95813 3122619505
-34599 1489582718
38087 2779072503
38395 2029987564
-41438 1045906322
-18844 1611082282
-168 4487868129
-55428 9677527704
68603 2305703265
-42655 6417488234
6363 5620357116
-92005 9570517328
31401 5037766580
-5912 8951824906
-98167 7801722347
-54440 2897242247
44830 8306222721
-23430 142845624
69910 9706636491
47379 6407681114
-84314 2418369545
-91368 9521269098
-98874 5505311870
82602 519025326
-14081 8454807201
-71738 7037629911
25572 5105578012
88927 1761139754
54828 806447413
76543 7339632989
-52238 8210468414
-44001 8378523279
-94278 9343143612
82691 4543555023
-25212 4775533351
-75933 4659384229
-44141 2735027641
-49397 5794602478
-66976 4018979821
43999 3749624935
3756 9502478800
2088 2811321225
94206 7525827718
-48317 4472241487
21872 2745025466
78961 6994931663
63685 2371036881
38269 6321948680
-93407 5931315453
-91103 6528552097
65278 3702684919
17608 2170472431
-9663 7713301733
51502 779562517
-70582 951358365
-86893 3177854011
15634 1863487851
68088 3361418108
71281 5799395108
24485 3275808679
81636 5728632885
-2435 3150409866
-73152 9800928207
4598 4929114640
66383 5544728849
-3612 558545834
39624 3937149246
40972 3331556428
2618 8171810212
-70783 3516728232
-64297 2426358845
16501 5638219938
-85417 6239037612
82603 3124079712
-58118 6217098769
87987 5599636270
-2115 5925563897
-54017 8266546815
-30709 6123951403
50205 9707146718
37519 7973175694
86828 5771820976
-61957 4763174698
62672 5533891562
1794 1617535406
-49865 2267188096
33597 6939967218
-65988 2717523911
-17257 29980408
50948 1449752901
-94307 4475832202
-51857 3628987993
88120 538211213
70057 2856166576
20117 1565713697
-77154 3014518135
43793 9581203417
88272 3697329772
25712 2531886913
23542 8662078761
-53403 4926026051
14308 6951174662
-80584 368422197
-68277 3150383190
13593 323519533
-4665 8216967037
-13780 4372258933
37609 7055520719
-99588 6464822624
-64898 1332734673
28266 8104078322
69047 2724768443
17462 2512427990
10483 6589533785
-23980 9250442157
89065 3844823022
70768 5276340963
8203 5633300762
64472 3160904483
-48642 5182663969
-86767 5937935907
66087 1190056704
-14080 7727048427
44064 6759377284
-64507 7900876403
63901 9714793728
90110 8815528149
-13511 8280842256
50928 874485669
-4622 1063041931
7591 1421151912
10852 8096065439
-94343 6950503091
-32678 5516130244
73822 2480172784
27343 70197135
21182 1906708175
97527 1499561891
64742 524782934
84808 6997262235
73517 7196794045
-57493 579378259
81478 6675776877
10729 4152120991
59755 2438558447
-2205 8525587764
-73413 6425259965
-16197 4564949650
1198 2241070697
5137 771078950
-28350 9432727127
7036 2123925350
76720 2991718781
15992 7583618737
-82949 4793279130
25838 7765830495
93095 4964887078
11244 5336489886
-6622 3818052516
46046 5930797718
-20387 9407516130
-1018 9799405399
-17791 7910692500
40918 1661706894
32907 3233094422
79271 4534093513
96680 1666575173
-70505 8207419936
12862 5220256035
-82782 4967081621
-42802 3199603382
64567 7190170407
84264 2993152774
34563 7816792450
42168 2890683336
-16752 6763855996
-16483 3480981309
-758 8171475406
-88807 7368213404
73772 3910144535
-84333 3722313745
-4482 9789305185
56862 9618843273
33212 5779025955
-31264 155433407
-29689 1941131250
-13827 8316841284
-81952 2240288878
-20585 8821874687
67895 4944857018
-22149 4485924225
60618 7029311504
-29508 886364011
-43290 2620432773
-72183 2935690049
36823 5559667755
34677 8086132298
10361 1075395297
-83294 7046242362
-34647 6852404120
32298 6749740660
-32342 9499411555
1242 5456392446
-19502 1872775709
53573 8230260616
-22390 8809218791
-16163 7660011036
-91363 3818664623
15098 7153231306
40857 7046316645
41626 3884275982
-46010 7289420261
-5748 6147915650
77715 6478253673
35728 8681956872
-63218 4716520308
20686 3692111897
97856 9711643338
-60735 8536685359
-96781 6848405900
-90812 2968209034
-6818 7226273132
-2395 8745354576
-33640 3065291197
34855 6304663283
-30831 5509485965
69499 4520847729
-24650 1221294047
1254 2494393379
68172 6432874804
70885 2885727789
59935 5463205784
-60816 6826441956
-32943 9975652106
-32436 4092830151
-75883 1099280208
-52152 5037126382
-7275 8725136052
79380 7902092007
7303 1839679378
7613 4526166421
-78069 1626485813
39317 5665798012
58077 9572588078
-21814 2760256162
-93633 7911452737
1961 9982515005
-91070 9579755239
52245 377160493
75671 1123807482
-37758 3230844246
-64345 4749799884
-20133 9737879301
-93927 2767154955
1268 513773078
52214 3975812775
-94760 8009252813
-23212 5264304720
-8663 7572533635
-12317 5528463733
-88483 403997367
-82684 5838514282
64448 8748645003
-13006 5184040500
-38535 1644005778
-35172 3201256933
52502 7708051229
61027 6227244066
37645 5540910721
-34810 2085489514
75323 2148690095
9078 5299144420
63146 2663049397
76097 6554215684
-83940 9760926217
77166 7308591620
56443 4690763714
-50383 8998048872
13007 3568892190
7805 3283192821
-61705 6020893593
-34134 2439545355
-5348 8314971011
608 1631472470
87078 4590003735
-96764 4922064945
-99849 2548647925
-94821 2059584664
-46670 6754103679
-31219 5439408737
47923 3776440443
36147 4279290468
33429 2658768181
84571 9772724273
-89741 4698160256
19516 3058183200
51581 375047028
-35068 9120767842
90652 7930583974
67063 9450516953
-10550 9276018463
-46774 3125546112
-48705 1118070437
-3782 9664664520
68502 5770262077
-92932 8551894395
-28835 1523782664
76678 4038319421
-30748 5112974589
-20365 4963050671
-90928 2982453079
-66052 1363713024
28390 3239882532
-64032 7409039344
-18165 980648223
-40468 4743808445
-67390 4712387311
-755 6610977774
-67024 7816063305
51719 2164534961
46663 4107156546
16533 8099990216
-41785 9798210853
13571 9378224020
66636 9721264727
73126 5585528903
73421 8639670090
12107 1891016357
49011 4842760593
49340 3218036216
-16086 8315960949
-63298 2748732520
-44197 2931296586
-63647 6327442200
59257 5284835552
98210 7428203083
-31602 2157049729
47077 2551851532
56696 3970946725
-51985 5031497366
-52931 4569252894
54217 3111149682
-65098 9325979197
37928 8867076616
73430 6955579446
-82374 700103733
-27211 2070647236
50567 1925853493
-868 8609871566
34107 9496320338
-45703 6278959862
-75000 7328380389
33713 505547180
60005 2246266107
6389 6207450379
36743 9033717672
23502 8063485562
-26268 3827828074
-16268 7218810476
-89627 9969744252
91047 8211030930
7367 9970648956
21314 2855950111
-10763 4192501541
-12142 7387112855
55980 9205171726
32845 8527476258
30431 5024859063
68579 9575431071
83944 3432017370
37858 2332581680
-69358 8431704731
-96820 1516246746
83983 8966820702
-78554 5470008375
23160 4173126793
-22157 8457706642
47042 4773846152
75618 2564669943
70115 8512393484
-95562 1888279255
-31091 3355586454
7958 4756642863
28152 5155160496
-391 9740726579
-76174 808926165
-92761 7725999004
9655 3659433497
-10631 8173362891
-14009 4037528503
-1929 6756448747
-26118 4406054527
-78216 3544583566
77072 400608393
24087 5330601025
97098 3718493779
-79594 7828131317
-50605 4822124623
66693 3314353521
27177 7521854290
15438 923114483
-54557 1487119712
-68315 3540936068
31190 5085255981
-26628 4165220435
1687 3577493510
-23264 8906000688
85177 9802787374
-35997 9148982120
16896 3542612442
14497 6951281122
91476 9082589425
-85520 434251809
66193 7078286986
33775 7638306506
-36858 9446713211
-78681 6299894419
34920 5566533932
39868 939292860
97546 3380255430
-13602 6612563102
38075 1688554523
82038 3450232946
-13843 2470390551
-17535 3986067738
97035 4520362344
-69473 8555849372
-63773 5344078087
-18163 5729709973
81459 3484653071
-88654 9570904595
36658 379919040
-40293 4993439420
31338 6277017395
7585 2545591388
68820 1391141706
-28632 1077012402
-63809 6079433778
-96076 9322497931
-74173 9235040395
34274 6420855855
25374 1386616175
64120 2349392708
-40633 806535482
-38543 4923140956
-10553 77181244
-30299 4735991762
-38712 3717955988
53662 5897035562
63224 821580071
-38335 9981975403
83436 3086623472
-92117 971678486
18177 2565852437
58666 2379253563
-92273 5132446906
89940 7885570102
44882 9671018233
-51304 4190534258
-50497 9672136193
41564 9071649431
-41065 1788883277
16809 6317925334
70110 8408843051
-42416 9094792060
-71375 6598525359
-26929 6318116333
25743 3053592461
-83377 8274795445
-2120 6891226883
-31972 2725133497
-25953 7406042123
33873 9655223697
-57286 2261758585
-59620 3836758531
-28051 8160172079
95627 4765309461
54587 4924280496
62148 1891333104
43345 3200133828
71410 9721580722
82628 3308410516
-15037 5223620350
17148 6290961076
-93605 2147831993
2818 5625664846
89428 3444600740
60994 1419007961
78715 5629559004
15132 1052604361
84666 9470222072
-94216 8951538929
-7425 5607214388
-43509 1756353517
93858 7035285375
-57302 7621138637
52873 6995048867
16750 6781583789
49887 2375613891
33718 9834263652
37276 683599638
-91582 8672326691
-72803 3366727652
67353 4078438843
-81990 4423454801
66607 8682593208
88516 8723808968
87867 6901032185
-46761 2614012156
77615 5471455472
49548 4285054616
-58413 548313963
-50002 7519776136
75600 2054354271
-6980 6079224832
-27423 886528695
54783 5457815919
-73346 8493030370
-45555 2379519586
-62314 6409713990
-20023 9894364708
41737 6759098550
-2650 1177466102
869 7045218131
17160 5514860583
76747 5181246980
77153 8197774184
-16747 7119482449
-62115 3304126716
90717 4805224366
-78185 3620229534
33990 489766677
-43414 9312183608
68832 3275733273
82416 6338222077
20893 417963185
73931 6707085330
-19008 9424226908
97161 4099770638
1742 6936547387
13958 2033952386
-18652 1231693402
-75011 1766680881
53800 6974808647
-47755 6119161408
14488 4639829414
55497 493627688
-9793 6044697707
88868 3150027554
-8907 2211826848
-5123 7747222956
2067 6889633048
-63976 3845202460
-67588 9673897383
-52854 4293388163
-99262 8005337084
-58961 2754578681
-47165 9286379746
-72716 9991100036
-57011 483155569
-60055 2271585126
-52366 6665241440
-492 6594480591
-16572 8856099197
-44521 4332425395
-48724 9683159777
-208 1217485108
79812 1699805155
96632 4959504557
35328 9490037399
-81491 2124708639
-5721 9985386825
-55270 5476765992
-69390 3385271212
34392 5880224686
-63447 2492479236
27936 580339757
-96117 1207801628
98708 992924466
20799 7978129189
-17940 1344331492
553 188419296
-31127 2894073007
-99852 4738329975
84082 1179114801
73535 4278751317
-37962 2808410840
97516 4502062657
-72005 8201698516
33878 6501057373
84273 2319688470
-22370 4484353926
-65892 4707111425
-77516 4786812164
-85832 6767175905
-84263 9410996311
54792 4832336526
-13817 3580287905
71157 1440707787
-4091 6687892479
48197 6699622640
-63933 1924971780
-90103 5864915523
-93073 4282196548
-59559 2385966073
64178 3677646382
28302 8176430301
86853 7451312807
48787 6472336236
8083 2260570967
2702 7875759242
30773 9560922443
-31260 232349683
52767 2807573492
80185 8492059287
-64547 9334066430
42772 3288817306
-4337 4618103704
78019 7767899389
67478 7729798189
97810 4425005283
-11443 5147053455
73857 6652399007
36645 3586726717
-47726 5656330050
-95130 3282613026
-62323 4832307334
33950 8489821603
-16897 2715329489
71047 7675754452
99758 2770424599
36157 3274697004
47225 4593806783
40765 1065612369
-31292 95653834
63976 8438059947
-33806 5094616389
-9144 1823393492
94383 4482822471
46672 4505698830
85670 5342561907
-26518 3756569838
-94420 4213873041
80337 8973933941
91723 3847181425
42313 1037233620
-97297 8778230877
18017 475747077
-56309 9668720748
6638 5104423220
51697 427221283
-25012 6186476947
-45269 5319001750
-97017 7706711509
77950 3466365739
27648 5568498216
94600 3140581851
11815 3668741006
-82278 7063425424
77656 6811750910
-64938 7191009487
-66255 5967189906
-31971 7711008346
-42147 886054796
-6528 6679522950
-20852 545330263
41851 7822742212
-49544 6887191518
79485 9672851266
50387 4148524693
71623 1586849161
39590 9509218607
-67582 6727256257
19197 9223791159
-91523 7710340438
-12167 9413786212
93192 6191469407
-4246 6293916894
-11762 9213291118
9988 8607541398
25431 5337724932
39470 3858009246
49902 7806041978
-50063 4585537497
-30331 3661297999
27207 7769891582
-12588 5043349156
25186 8546664363
55537 5834693433
21965 6409676357
10441 8730358003
-93852 5043896957
24458 447736836
33372 3085689388
59534 8832631395
58783 5001048432
-63235 8409457679
-23210 2639742477
-97830 1112850741
-76905 5103909854
-33561 3968566310
-44508 193990975
-65116 4703605589
-14666 5380318975
-98205 2914386498
-79828 6569005976
-77693 1036926608
-16981 4825996760
28181 6328764818
-27685 5317214034
-44615 7799697683
72599 343659715
-19008 544706337
-4765 7672984986
-63817 6658931233
29712 1141282410
76965 2980329341
-41680 1889591858
51239 9663372014
-48600 3855779297
-35555 3491066626
2158 1927304403
-19387 4949046090
77989 6097378569
22121 9417083468
-18258 5932890770
-17895 1306824554
28686 4806489588
-29873 7847981917
-41722 2845536273
-54289 5373503792
24576 4341002197
-47809 7857861543
6878 8701855133
-92894 8983073683
16627 7101432344
91997 7941527004
-79688 2154655903
-63385 7249617698
71108 6260953986
55788 1035948810
8043 6820084593
-14871 912818439
-81050 1751734932
49339 9292214676
-21352 4147748068
-7642 9204517253
60532 2192532738
47562 3344887916
-23187 2308910940
-54157 4108579420
-83219 4173662947
42839 5733723265
21738 1150458595
-52262 7516292517
31403 449776203
1143 6572604529
85226 2680207942
15643 1746101209
77122 1774447771
56142 7944320345
34921 4199974332
-41512 2116610436
94590 913697884
-85758 1964803257
-68710 9646758709
42738 539083947
80338 3109720365
78033 4998476974
-55899 730497835
-27828 1348222754
51039 4903174111
-21249 1877034777
71253 2533084007
-41316 8869267999
-29937 1963513085
-56252 4612592774
25766 9445525380
83490 9108138127
-26305 7114381533
94745 4462294868
26931 7376970173
-53067 5969804048
-55717 746275457
-65164 271798050
84998 7801730774
-91478 4571630616
-84072 9198845238
49458 4325622402
56850 8654987212
-60082 5741864737
62873 7023063989
18756 2059551453
57822 733609773
43218 5784633282
-6399 479882720
22673 1175544435
79627 855744363
-49866 3541902010
-87675 8632270496
92682 5315234100
-65370 3170170432
31938 2298262339
-61131 6748594156
79513 6081726754
-849 291752537
-64108 3463354890
-40438 3234081721
-34697 4094024793
74608 1020147113
-3619 3406292943
82494 6801708466
77602 9114687373
53809 1691354380
-85785 2806116671
72273 7504380954
-57188 5116663190
-7135 8161303867
89644 728048235
-62301 9959100665
-39583 9005961299
-49500 2744782481
34880 8204140157
-26166 2307257644
-20017 8184339062
98527 8420358410
-27574 7857274640
36913 9892576279
-42683 3519169179
70276 3647846958
-66397 3778110698
17864 2669206955
7085 7293389882
83077 3474995868
-37625 532669127
91881 1128466157
-42437 9671893762
-45184 7622899640
-61704 9267059173
-14300 3803033791
-90213 1925882448
-7283 832329344
11614 3077982860
-68091 3478255350
-56226 3886818716
4191 8721527055
73010 5591135709
-80514 9648906505
80762 4456344489
27078 6487001368
-36474 1847141678
60548 9172030538
22722 294811099
-56714 7987495740
66322 1317284860
49048 7471883721
84197 792241895
91083 872518354
9238 4967204132
-21609 4906590765
-60766 7937746826
-1468 3025899551
-33606 5807508276
-22962 4509936917
-71727 1727069898
-66798 1731501294
937 6289965504
91440 9761205727
-95946 1254998931
16793 1274626488
13450 5180817572
37010 9757068932
-9295 4178113677
57150 7774976059
16288 3321525113
4032 619976975
17675 8729231046
-46228 4585631863
3585 2595213964
325 2716880071
-72495 4108382927
-96638 8630580783
-71765 633319312
-77732 8130121771
-8620 6694064402
42708 1130599016
25313 2174070163
23032 2338171197
-91682 3603683901
-93544 9048376320
89114 2653996849
-39270 5318144636
-56915 5956671143
59006 9442609533
22247 8811411754
-89166 5298385566
54011 5152441687
84365 3070619684
-80862 466307529
76143 1805253039
43183 2381036005
-56604 899161983
40177 2267885882
24762 152081144
-48764 7490672575
51968 1789232827
64917 2397102676
47487 3626067520
34252 8351989055
40438 1178734469
35095 2792520637
-71332 9737166842
-88190 2068868198
55109 5411911294
1347 8216888159
24605 5207106599
-6713 5861213258
59766 5813642780
-17034 7885223010
28458 8902051850
8028 3642748280
-79144 6876525847
-74627 1473003512
30857 8474617429
81181 548755720
18690 9661587721
11503 1302749329
-49908 4329382392
74978 9117723678
7553 9112354948
-1687 1272323485
74047 6490808236
62469 3784550510
50443 5337561226
-75791 9881467485
-58792 1688961242
1244 7016792836
-63398 3066163369
83616 6201954987
-21903 5522625741
-75600 9437892261
37172 3666094457
-20188 2087054221
-44478 724053987
77578 7043948305
-15171 3132324961
-74861 822841071
64000 5942192698
12481 4237054828
60364 2927248339
-43587 600518631
70870 8523363983
-98977 1098963801
1490 747296092
-56530 7173878236
9092 486362541
35228 1998964031
21002 372723790
-42583 6064793763
-65941 6029073684
43802 5004475309
-41130 2963993779
-57631 1989826904
94088 6657959603
72800 1704539627
74322 6073949383
-57413 3720391937
-27249 9003212693
73186 3579596132
97901 3504075378
-27882 1623298553
-51088 3980922019
-28125 4255831492
25840 1037953267
65293 1979951851
51955 6265741406
-96143 1802199950
31809 3355615656
-71029 2360015248
-67891 7400822600
-51170 5542319131
-43116 223207855
-82642 4407899780
83044 6672713021
4786 4348529532
8197 471304581
-61487 5808604076
45369 7320172281
-58624 8809506323
-58376 368689299
16329 301034094
-70443 2632759936
-24535 5232353131
15838 5562300688
-98950 7368294412
-92711 3499333229
-27851 8219301031
66785 8782687238
-41693 2240486889
25913 488795175
-25764 6119124043
-59017 478481820
43074 2715938130
81103 617043048
-98451 753611109
-62893 4831273543
16475 6321542739
33817 3769733274
-27164 4586403897
-28865 4175269374
58454 1265995076
54632 2897307146
75100 2793843354
-80942 3882249647
73942 9388746676
25509 4852680689
-61413 5060407653
15031 8813941340
-57561 8540472239
12952 129994318
-52321 3316534194
56627 7552028324
32064 5772164911
7822 1460762262
79087 4725578409
33308 1373651472
-98349 3418061485
50825 9847792844
46086 3637657710
46597 5454800289
41882 3439266070
-54589 5387710618
83553 9904019877
-64594 2446009383
-14463 6926970395
-3296 2729894191
87107 9817398681
-23595 7713017296
-22847 597237354
94445 8226089091
69387 3232296304
-43377 1618622238
35783 7041738558
-78856 2519793769
17583 8656145960
-90578 4227860954
-93064 7144300150
-47499 1546385638
81525 7352763553
-46317 8081213704
52592 2127617903
46752 1136833372
15387 65365848
-77549 6047242452
-37215 6374733572
88331 2395024345
21692 5670555583
-68074 9124608023
-28337 3853832154
49317 474326887
-45132 2054518259
-45884 7339064472
63065 4945161023
26295 8979474638
28404 8227484590
1022 7856924275
-73713 7082670911
77350 1306291701
-56906 755042445
-52227 9250387404
-80890 967222019
-32807 2225525593
81906 2218267045
-15647 841825004
-24302 109186647
-58253 5332556221
377 3096225840
48633 8906318371
-34073 9553353067
18747 6423743350
67559 5157217550
-92563 5062594606
-69217 3774396635
38250 4078151748
-42982 7821706516
15569 180063585
-40121 9932794699
-55446 8922912974
2860 8425297169
-71393 2271810494
28652 5538698759
28505 4063527994
-15273 8447260403
92313 2992477955
-64775 6511791584
52058 3425092206
-41049 1457566683
-6663 3890926975
-31027 2942449382
47258 3449835900
-71458 4118816330
21202 7218426643
75968 6593249327
90151 9545255478
-52908 744321196
-9683 9384488722
-21963 2245044929
-51605 5093244746
33077 9035722263
-65538 1274571855
71738 8640411047
56438 2567539463
67176 8013380112
8133 6422140478
-81005 5699120792
-16870 8047404647
-65121 4187845480
-28445 9015017983
41760 1976651588
-86398 3279764275
-70009 8079362985
-86509 9215626692
7245 1600750919
66853 4569373496
19669 205682895
44413 407929854
-51804 8709047847
64006 5531651303
66656 6192167295
6795 3915598987
-31345 49217682
16088 6546120060
-15650 1908235038
-8992 594387282
84569 3106802476
17008 414367668
-86331 444169454
21427 5672889005
-20847 9049284722
84314 1767050869
42646 1294447755
-35182 8217912664
-32956 6683508174
28482 304608016
-10940 8817765164
-33557 104341154
8271 337756390
42248 3344691503
-81792 6496485474
38652 2570340111
-14877 9835885346
-19087 4637961330
10294 6547173801
12148 7755480008
-59332 8751772638
74923 1465852640
-83342 633116991
24256 7180461753
68624 2230144216
41237 6458766470
74873 6604182481
16847 8425637625
-5054 5931642938
63150 9957414959
-40979 3976844353
51405 4161274649
-20227 1492114625
-84732 7902996403
84308 1277622435
17258 1771274049
-39493 7605884037
48721 9967848287
42857 6316350612
29352 5454194430
-4697 6786645558
-6084 7829889468
-70738 386347048
-62337 3772992561
85746 8956835152
8532 6780192218
71761 8135956598
-13723 3382778243
36569 7192451711
-95985 8231822704
62150 8634665359
-54982 6262454952
9386 5318703123
-16763 8841716776
-24548 3372440228
46353 2346100012
-54984 1998058528
94293 9359684995
3912 2003360514
85077 3465948195
-4042 3165792587
60559 5537935574
-38814 9437301373
67858 4646443376
58785 6840905264
7147 1597748212
-23115 672866234
3383 2770822029
1357 7371147082
92352 8950148273
-79234 5575277627
29201 7263119800
17448 8697089995
-16956 3940134966
86625 6784275714
24002 7432752041
12292 7409672172
32157 9657724179
-67992 7344582847
60523 401244565
-67423 3951478157
-19962 9381676974
18247 8110314289
-51737 1747968738
19468 8333157117
30443 8319450311
-51640 9779029009
10328 1685588360
85734 6969493655
83148 6272352711
-62474 3247975100
91343 2037679140
-8966 9168864984
-15199 2018509595
-91752 7967338033
-80419 9888857467
-61180 2925038098
14238 3437989721
87395 3000587222
94652 8603068867
44054 185407180
56950 9551644491
87103 1663999569
-31319 641168035
-88448 483399045
20572 5875113119
81457 7783219081
-48738 7143973331
92596 6627892083
-64088 5437572245
-33869 5144158332
-98547 4053294526
57283 7223330612
4061 5606011997
-67741 3978797740
-3144 9644398747
57900 9647678053
9437 8306917504
-66252 9642143304
-84186 7205929366
-13942 8837550270
-62320 1834867723
-79446 1139550576
-88885 4743970943
48255 2660929919
57818 2108924644
89152 5321194779
-24757 5636368260
-38093 1355720691
-40927 5242581364
98487 2180957327
-36551 5191576786
7259 5105094885
-58729 7308745818
-55819 6931875853
-91456 8052212459
31688 7894655814
3315 3865123669
88015 7621383519
57768 9489923829
-61617 5257360345
40457 7809795590
58287 8106294181
73637 7436678865
-12673 5549961820
-41972 6839402100
44840 1770410411
-35384 3031281483
-34659 4250376390
-2851 443676281
53108 1179641624
-72018 7421432214
24298 4124359834
92205 5742417666
-85621 6754262045
81069 4842510610
-5729 4695950855
-32058 2437607164
-31269 5151765770
-86984 6075161587
-53968 5819205991
-71537 6365274009
42177 4267105876
-75369 8751963332
36441 7388893515
-94707 9683012945
56608 8575950755
