25149 7332097226
-89026 4961735661
-83026 1394513649
-97615 7449068670
-63384 3426806848
94346 7182686073
92549 2784133474
20164 906118436
-13879 42350462
90749 5628316486
47829 8848262554
8284 7909897204
56061 3879253438
-6834 8525632937
12881 542879402
-82170 9535586265
-21366 6165051221
76054 3846012629
-75994 1576474653
71954 6890632941
-39199 7725497322
-58874 8465590057
-13064 9855209508
46686 8583450853
-31411 3559036434
66684 8754969264
38146 1097668133
1401 7705796538
41309 4035824246
33305 6693924750
95929 4497138454
-47891 1784901026
-86991 7685227914
39260 6921618000
98570 8516613805
-710 4939884685
-695 9352051510
45956 7638743632
36629 9727078814
78806 7786788713
-78444 4876768532
77625 895613070
78869 1004738066
50316 6310213448
10425 3659235050
4814 1596007549
17824 8716467064
58626 922942333
-38375 7395264090
82064 3410526684
-26586 3246819969
-84179 2218954102
48456 330531512
-20775 8207422030
6844 6449454036
-39154 283737813
-67324 8525334872
-81259 5768547878
33786 2531619133
42776 3337048528
49294 2454400449
28529 9049597566
42726 3219711437
-69879 2289970918
-96036 9637837856
-64576 5057718876
31414 3744811249
-35236 3275938856
43414 152608389
-1924 4027759592
86624 3515742924
44114 8927890741
-37754 9999980333
-96836 8722472644
-94674 8200278837
39600 1993128580
-77235 1971993150
-9776 7753556464
-3880 6501240760
86980 8220078500
-73536 9314647624
-41766 3247294921
-6750 6847024705
47184 2516571276
-71406 3424954901
10749 9777177206
54214 5275311489
-70614 3074280433
-85231 9608971514
56866 320308077
-57464 3754652448
-72756 7775617664
9209 4859531966
-82356 5423255556
-96975 3095176990
92846 6352945153
-63250 4103104685
-3764 5777363988
27969 9558692466
-85264 1736901308
17546 4363965057
27590 9358511485
-25431 8937383906
-99451 750367594
46540 8226994800
-95406 4336120341
1396 7928973432
-47524 9862817152
27694 5733581709
-89486 732871409
-17295 5802802870
11274 2987736081
7556 6728862932
-83760 566067080
-20146 2693604549
-23644 8317247748
58789 8615039906
71414 7055421561
-66879 2089867638
-49434 7761535437
71460 4373440520
-10910 1721732945
4534 5484470981
62654 7989185881
77976 8981015628
-60619 7725203542
-39770 302988905
-65275 8501472890
6816 344801932
54086 2285034613
42709 9679192426
40821 3481110022
-18434 3572366477
-41456 1071306096
57641 9889329858
29616 2513294288
-23476 8109713484
55269 4232317854
53824 8417185136
35664 2824584996
5669 6188595794
13346 9470492093
-95214 5644274753
-89699 5922259202
-71171 5279145786
62744 3948486684
-15511 182589346
-69224 529408848
72344 6300895204
-81999 2730983222
4386 2377744293
95905 4051406290
37574 2691409761
-68954 8270715677
-89295 2069727990
-9866 3966696201
-45946 8836265209
-85220 2038846400
87854 3403125381
-33396 977286584
-22099 8523807782
-10060 501217080
-9750 5081832365
84946 5966378093
73260 1471158740
18224 8939554516
-97951 6178053674
-43895 2348020290
-65751 9055145466
-62154 7122717197
-45120 8221455940
93904 4921600836
-84671 4185583206
-58820 496786260
85265 5243611050
96466 4105993333
-15731 7514833606
-29431 595249614
47924 5575336096
88109 8300701626
-36311 2196530246
97161 6618996598
-119 6162068042
52964 4389335324
63030 430890085
-30671 7003330246
-73139 4865532222
-36484 3665857292
49276 2898603908
-72495 948399810
63841 1226559202
-42614 3839991697
-41051 3301999106
15469 632693546
40101 7512827602
-92274 6512946697
-45354 205384533
-17615 9223092310
-82990 4718287805
72170 4370899405
-88139 4045852642
40845 6579431050
-44671 4900662034
7474 1407073209
-67546 5853233869
81186 2261244797
-87691 7585598926
89870 3734466765
-78399 8112508458
38576 9601687108
-50136 7872435476
48490 6028773685
-68426 2258427061
60341 9326178582
56584 9622896336
-83719 8014184838
95045 1214422510
1966 2205195373
-76975 8002762030
-15006 5533388409
4254 3000595081
-71926 6873195569
-43874 513923413
16386 2805544957
-53259 9373529158
2725 7081386470
-31875 9952329010
-78526 6649834909
-20779 6938620158
-90814 3223573253
-25624 9351986272
-5164 9294444672
14826 6854630937
43130 7447863405
51881 670487302
58629 4191985994
-99119 8926205958
-48319 3430787562
69794 5072819169
14360 3219623460
36450 5400470925
-82406 7586046629
-58126 7033787289
29969 3636543654
-1391 772251514
-84099 9967643902
82689 7078048506
-88611 1101468414
39609 2662131246
-4566 1603855221
27524 6779481464
6354 7876011149
83366 712384077
-71486 7804331361
27840 8583385060
-88446 1648942141
21849 5989875014
28609 6638697694
-21206 4978239649
53266 267624433
-24720 562431300
-88764 5405334552
-62191 4894966714
-35051 1065367946
-41030 2139640945
-54551 3883948094
57089 8088448674
-25826 642199281
-58331 3818366694
-59094 2731731197
1276 3668246592
-44300 355926140
-52206 4536160409
33321 7106029042
-64106 3237328641
37901 3283226962
-56854 9511371873
-75364 5176492712
-28734 8202130837
90700 3132326460
33126 222188977
-54899 8477158842
41386 176969773
80206 501247593
-88784 502825512
8816 1301407972
5306 8382275697
78976 2975154248
44394 9602820809
-84596 2406307104
85456 6877365492
77310 3136005065
84274 7243311441
-79996 625429636
45404 7889960564
58514 7352591721
91866 7069129693
87564 4417435124
-77784 544521268
89476 5514442568
46729 4937122186
41541 398578258
-45346 5627199741
6684 1934161356
-99406 3108385301
-49855 2601440530
-53676 9464756344
-57240 3152619160
36340 6063351260
55710 1234340545
91489 4928222554
17650 1274814505
-99119 6703620738
-28480 4823357800
4689 9921767226
-19200 3621932920
-74446 9629663569
61124 3666385944
23741 4108864142
-46539 7329983622
35656 5276789772
60121 994043238
84136 1193119352
59385 6123644870
-60751 1957807034
39416 3594077512
52934 2259819049
81594 8632499661
78165 3202234010
-74834 693873997
87084 7302079336
26520 7101321080
83936 8153497332
-56166 6081731861
-5995 2440109510
39766 1597271873
-61074 5167560797
-56331 4894188334
4894 7827613401
-23815 8745889870
57350 9156620145
-47380 8847132340
-26039 176603058
-35296 2367908544
-85399 2301919182
64000 1068703980
91985 4470711350
-67171 4505738394
24346 5039033197
-97011 6999339894
-4219 1427508718
-89040 1429239460
44376 6528741492
-4879 7681487862
5840 9836326780
13234 6615219561
64354 4872001541
-97364 2833253892
-14046 6808312501
13669 119219334
37385 5890432230
83050 8707079825
50280 9282747500
-62415 948124870
30570 8245842005
-47591 7185864054
-85091 9073235094
32229 7858812906
39156 391766568
25214 3053099041
-86859 1169566158
-50840 924918260
-33040 7411184400
68334 9213704109
-70479 2658859878
-15646 7395436921
-31114 8463417817
98116 4168828588
-67951 3129686506
29174 8762298321
-80874 847718677
-16140 8346923740
19986 8719897933
98080 3431124560
-6184 2804515368
-24239 4982984578
70616 7914947748
-33671 7411469546
34854 8120857529
52409 6858482906
39220 9286750900
-25676 7659406464
-87886 1799788361
-77116 7879605164
81044 8442681056
-56620 5591313720
-96459 6310297018
-17414 9167864417
86376 6856595148
53444 7620583964
55900 7177831820
-38154 9945165577
14966 5838568757
98141 8597139778
-56094 8114622793
-49159 4963334922
-5200 1155371720
-40896 5037779896
47404 3753170996
50129 7038034686
27509 2813116934
-42956 8485957456
-9459 1896946082
19301 7728958238
6034 8221110841
-13864 3463869648
35461 8415845462
-14706 2931847661
63980 9448182300
38316 1022454332
59616 6679400128
-61479 9683558958
-10224 1424875328
7069 9923133494
8064 5473724284
-86191 7498408794
23060 4424960900
26296 3447222068
-93439 5540600678
66680 6938360360
-59891 9019930454
83344 6841322284
-17716 5855447984
-67834 3384936853
-54544 6461781468
-10006 58951549
-64079 628512678
-24871 5675223594
-29524 2394463972
97296 5753964572
-84826 3723158921
88694 6606741181
-74691 7292316694
18630 8568423965
-42444 5126601888
12784 1632684916
73609 914236306
36846 6181968993
-79804 7501660328
-95316 6452368836
-3195 6259100970
76160 6023669700
2930 1992407205
69714 8443575381
27534 3675478549
70896 9299425228
-37711 8626713934
-97044 882717852
-65840 6177551260
15026 7899163097
-90864 8525650032
-42696 9821217864
-41919 8585676618
-87891 5348549814
-15684 9596306788
-24244 4958754208
-76870 3537907465
13581 8215143122
58156 4115447328
17936 8087541592
-55440 6983518920
-52630 5317058845
53964 3851925016
95981 3735247582
47414 6475945961
50669 8419380614
87649 3992286506
27729 5589181434
11066 8149102293
-47471 1265484694
-14699 9715739282
-9899 5222112738
-5719 2167303202
-31554 7671546293
96296 7870531448
64549 6538132306
25594 5730337541
-24930 8795770665
-84579 2783053522
86820 5590416020
2721 6842321858
93234 5564629969
709 7925859154
-89206 7857240749
24121 9059126502
-46571 6571934114
38329 215920554
35604 7753879916
32724 6267108004
-15495 7563510830
11734 2339333189
28529 3781165074
69714 5326438461
15400 8975127080
-87284 6458069428
-86396 5397041484
-72339 4330942002
-20986 8965111021
-46051 1935378346
-44239 4299550962
-63359 2693982598
31074 3002699489
28894 3069613889
-76266 1545817201
-36324 6513439032
97744 8307099796
-90754 8349181977
-32111 6783085934
75169 8068041786
-59286 1180042129
-52695 6742034290
-14496 5033616236
-61554 3447544353
99201 9640355698
23384 833732036
-98170 7952334445
-33539 5693463982
29020 9080788860
12786 5363666877
-6804 6657694032
-80910 9597445965
-64484 9296970592
-51304 8886621168
-76599 4674018198
-73224 3074342548
-99895 5595735990
-32194 1121301053
-76576 5761749724
7045 2637634130
-2176 2687760184
560 7050291760
59746 5542212637
-77999 6465351482
-31034 8916293173
-72056 9503943096
-72406 6387730149
3196 78998372
-85091 742267014
93044 6292207504
89346 3881378497
68126 3678865257
-53564 9573600808
-22484 8772703872
-82559 7897104458
58814 6788724541
82224 441835844
18034 8453256209
6376 8479485272
-35416 1391258416
90096 1593352428
-83054 2099463097
-97691 6775267434
48170 5371325785
-59859 7784510698
-57704 6135886748
-70691 6151252566
-64696 5838003316
6269 1522221894
-4094 2443810377
76329 5864767926
-30710 1851751245
-34111 2994032254
97289 2139916954
-62994 6449229777
85061 4756197958
41065 1002009130
-97314 8852825813
40346 7381883153
-19439 221693222
85916 3689025292
77864 7229908876
-74554 2864834017
8849 1497376066
-64334 6497650657
16066 726997973
60554 3362032341
83821 8159315378
6589 1533049534
-13015 5415928890
-26711 2362318446
-93911 6957232234
-48799 1605331002
-43219 2862345302
-33826 1547686801
18741 2721373698
-25384 4470156988
-28935 772094530
21124 2502496056
-84236 2224355516
89046 2354091157
10521 3491390938
-98064 9859215952
-71851 5007023026
96946 3510155517
56645 4882947350
-35834 5827623333
55525 5362961370
-24986 5350402389
-95219 5283281862
-20755 118763930
-82524 1800564652
-3755 2990854990
-91719 8657907178
-58836 4926378916
-40544 1524498068
-92154 3372946137
-40876 1918551304
-70970 9500910105
9240 8867726940
57306 6033779953
-21074 3666886913
-36286 1309991821
-77670 3335014785
-21434 5925725633
98224 7930220076
10001 2488263998
64006 7633852877
-66834 4726829837
59166 5742361613
86981 9169091778
78361 4818002098
-51186 5722897949
63761 4289817318
13144 1255317336
-66786 8110480421
36341 9953018822
-4046 6329463121
-18060 31453360
-57780 788717780
-27095 3943528450
-11694 6331469873
-97251 2624696406
-95080 7247108560
5236 2796443292
65924 2570700756
92125 4208729310
-39014 933043617
-25240 7716023120
-92771 7481580894
-98564 5188851612
-93596 3841508264
68980 4473453000
-34796 3025180204
51469 2433538226
19854 3731320809
-44114 9485456313
50301 6789106842
8046 3784101157
-36135 1027503950
-50740 9129321440
-73059 440347738
-39731 2952007166
82040 4763195840
-7059 2546060358
-43110 1756948045
-4306 887053749
61676 8595091368
83301 5818386498
49545 4519739770
-43915 2283237770
49189 6297485674
-5991 1530174094
19806 1676754177
-34099 553268738
42524 6798233996
-76586 8052767569
-32086 9403340941
34854 4172029981
-94194 2712877793
-29259 5319185422
2130 7793735325
-72726 1920985929
86186 2550335977
-68776 8722767944
-1186 5525991829
63686 5485257213
-7375 2618242770
-77604 5012099268
30196 6389732008
-84336 1856051156
-90294 7293371753
80761 8281789962
97636 3526921828
-28106 9629305001
82714 2272498861
13941 2133524238
-69295 8109924810
-3191 2600509506
-71891 9011706614
73769 1066888274
97846 6640132157
44316 6699197748
84049 1066025766
-68606 4629054229
-13814 8106945353
-72615 7511021410
-13124 4449156948
-87070 9138312725
70046 5375584433
90689 3522755786
-61704 6240626928
3914 6349147901
40954 8037644769
88129 8742750294
44649 1455215934
72504 6952692616
11744 9934675264
22145 9701128650
-96014 6102902397
-76639 8857264138
-50591 6046806986
-20295 9123348950
-42080 3761080780
77194 4976691089
93545 2905295890
-66366 628781109
96626 4520822837
52934 1976054189
50961 3038549218
48964 7995925544
3936 403951072
72486 6643679793
73616 8243602548
-15584 1625027188
94130 2245732525
59856 5344060972
-89814 7064836037
47700 2405341220
-70115 5709394890
-18574 1068859413
93605 9904946030
-84274 6241901937
-52274 785848297
-89654 6930053157
-14659 9058793362
-80716 6402883856
-8635 4601688030
-29014 5838887737
-26399 6955494598
46181 8406552682
-56235 6704030830
39305 8384811030
-826 1798725721
14244 302561036
-79850 5639089245
-76551 8930031574
92469 5468652946
83330 6412294525
-58791 1190163994
79920 2535482000
15400 2016673680
68524 9714064096
-83151 5834564674
-18224 2009787488
-14499 9553198382
-35604 6718317088
11404 5704518156
-49639 1591481702
-46731 6212739766
87494 2512024161
-17486 7484936701
76785 4941450330
43454 1087660269
-69999 2930810198
-71046 9242978661
-34871 3536930386
-75650 9273115485
77056 8460037708
83229 9230110346
-35726 1214122921
-87915 6558758310
-64190 7892224065
-96539 1829195378
-24056 9679080104
37905 7253270110
-47239 661158162
85070 1330528825
-59356 3093581956
-9776 842459824
-85266 2948739261
62510 7238989385
-49190 4082101905
-5026 9701317469
-66516 2117853244
-21906 2734243029
28641 7057961258
-91479 4632132418
-1064 212918872
96066 6965271837
-2894 5658944953
-55216 5333928856
10390 3021467445
-45824 1280098988
-12444 4832295488
70861 8146097758
-37976 1285969104
70846 3636295493
-41711 6385689734
58884 7954640416
-53366 9742365841
-36256 4472191304
61586 3328000153
90649 4030361006
28906 2768653477
-39044 608163092
99374 1444845429
74456 1106820152
-35036 207074376
-35546 4099743181
16816 3155054472
23630 1522538505
-87994 1374872993
97524 1302256404
31376 9059501888
50340 8145045720
61576 5685360252
-63199 9639644018
91494 4140182781
-32211 8844521686
71600 3782401780
2961 1628337218
-50344 8779929728
-76146 9660701609
-45410 9721559765
-84891 8710247914
53564 6946384424
31974 4231591249
67374 8824380301
-62030 7847058805
-46559 2736743582
-69911 4067205026
98370 5200260985
30810 1981390305
-40034 9784372437
28574 8687278221
-74826 3149009021
56310 965301265
-68154 4096281877
81316 1202749392
60334 9530791261
-93346 1652829929
61841 548781842
-52114 799405373
-18940 9011682920
38625 3532911630
88781 4517158782
40286 7907656613
-69371 7983979146
52141 1815506518
94086 5872358917
96981 8802029162
-81780 7295021200
59046 7848888937
-44571 2994120326
-87970 9996441285
-43560 5251831200
20010 7525311645
-67784 7948709432
7766 8451921657
-82064 2787092948
-97759 2458760202
-59611 194844306
30346 9583075433
27310 4646683065
-80246 461314001
4414 5722377261
58066 7624624697
9090 8745320045
70396 7015933212
99270 9175195285
-59784 2801937452
-84355 7583531030
33436 8768132932
70121 1709008538
93614 8650298589
-21940 5285983440
70469 9620528754
89441 8893549278
30050 216701545
50754 2634601161
-33811 4746021814
-22826 8422830529
89081 1457559622
98441 3575378138
43634 3529569529
-22815 8108420830
-21974 3739156737
-42431 3697388554
75641 4094198638
27754 5887514821
-69560 4778941860
24880 4849143960
18564 4171144176
25756 1761281768
-35776 3517344564
-25276 2417105636
69180 5682887620
-78866 545730229
55629 6775263754
25976 5090282092
97741 497117958
-78886 4968509161
-71151 6982386054
-18515 3866080090
-30314 1245093977
9841 2068453982
9640 7473869540
13601 8179322102
-90674 7536064493
44110 5380447245
-28715 5670021870
-51924 3205547948
-88959 9994042398
-74526 2395859229
61629 6861382754
-37795 5753259550
-23179 5376451978
-65406 8789501869
46500 2740800060
-57274 1544153793
69764 7146597436
-26430 4956998765
92776 4205488272
14206 4956152053
41536 4351892388
-2276 3991538024
6560 5349109580
11541 7313675178
48965 5156159210
3340 973060900
-3631 4249252586
54356 8693768328
86126 6345308337
-1844 3813048108
50066 2427811753
17680 8791034540
3841 5959469498
53541 4676884238
-25116 3281091704
65666 8496287493
17824 9405808144
-10516 1104006824
-10815 8545702370
-40546 8398551049
-17664 6947931548
10374 6197975469
64969 4958404774
91854 3657235081
-18931 4409869146
-40476 3171730716
59396 516400112
43356 3609531572
52405 2916775530
51360 9782000420
1640 22200680
52090 1418545545
-11234 3877811317
5926 9611637237
-36539 7592427398
-95374 2845213317
91161 2793367822
60316 3362400252
-53571 6712566746
4890 8659892825
91909 4206075366
-54736 9900263456
32084 8022041436
60266 6626114453
-84395 4957111690
-80171 7493803554
-81044 2107969812
-34984 167364788
-21811 344256854
50814 9403993941
36546 3490571793
80634 2070171989
10014 9116149389
82774 5588950709
68534 5094999361
-55704 7630464232
-61579 7073758138
24861 1904414258
41126 6446526293
96304 5415583656
-15834 8702352733
-24091 2060384234
-20580 3728563340
-27911 2984007506
-11611 4327303926
30934 8635836921
78434 8010317961
-54960 5646962120
5336 5805739652
-98184 8363266632
-95370 9150628125
91250 3823169165
14060 7777387440
-71044 894144492
-51211 2409039894
59669 4958896834
85336 8986047932
-70214 4337921157
93861 7678285782
60381 9147913638
35416 8881725952
78921 6106352822
57490 9740198885
-92586 8029980001
-31874 9665908717
-64379 5429245162
73369 1023881166
-69114 6834017717
-99999 5198372462
30294 9258710569
24444 5385758776
-84246 5254709141
37746 9239646913
-76446 3083625489
-18116 8850705564
610 6136441465
37266 9146264477
-30900 9955398160
38916 8597482872
-30044 353381232
-66515 2411365410
-13144 5727919528
-6734 5752046137
49944 2332965056
75296 6427765332
-17635 884354030
19165 1181043930
-16799 6049934938
-4156 4550136504
-52460 5119729280
18676 7947218712
74310 9263077285
60121 5011460282
39981 5709049122
16086 646975713
-1686 8662268421
-98276 7304015096
32585 3298355290
48534 5437859781
98496 8156895868
65316 1454240272
-99854 627884177
38036 8462962232
7900 634813500
-89024 9232964588
-86476 8657312984
-7600 3726827280
10444 6790961464
-46271 2812499974
-88319 2029441078
-93955 2894518510
23516 5021437932
59889 7146955434
-51924 8855206788
-74534 6616278533
-66424 1543259052
72505 6177448430
38174 9277681361
29309 5020476326
28420 6758332040
-8011 9223237486
-41196 6268123956
-78624 7317962472
25916 8968942332
-58446 7036628369
-43226 4778422541
-44544 429130732
-43484 8061104232
-59904 3539377392
67409 6442367194
62460 1040777840
-92840 4579168500
-98696 5006099716
32541 8562405218
-87644 5753459172
-81795 8348997430
-190 2524945285
-4224 9859298548
12036 3410578888
67176 2900310048
-13346 440007789
-52624 2887560608
-58366 9002834821
81564 5739439324
81814 1016967669
57001 4017091698
21425 5859365430
-61279 8104313162
-251 889500286
71681 5136940802
53064 7663204756
42744 3606049776
37334 7005111329
41970 2606905885
76741 1853791562
-32036 2521477884
95024 5825039816
9441 1721403202
-73944 4606640808
47346 7912608377
70625 3194667490
-3844 2701675712
-31279 9387175902
73184 3461174936
20030 1495640405
74654 6160182309
-80551 9996421906
-66416 1404703536
-10724 2625587532
834 7318087841
78114 9892371649
-62554 9303281397
-92010 2911903565
-18604 8842611892
8994 6682288589
-51364 1612822708
-16176 379051104
50230 7341421285
77810 5943729385
-42824 471008492
-54895 1691116710
66854 5668569561
10106 6484507753
45781 9074370662
-26800 2547728400
19714 2922450549
23825 2141786070
-73180 3588702940
63924 5068627276
16674 586135141
-11839 2155264182
14740 8074857940
-11244 4780037332
-1480 702434260
-23339 2894573042
-79454 6543899437
47344 8057119984
-40311 7383170454
-10930 1268833545
-30966 6671442681
-84311 6950745974
-62646 2035978601
28486 6327725357
-58279 8113703078
-75370 9483083565
-8131 5848063514
67296 9155295672
-77779 9438776698
-78304 3332120172
-51346 7791957729
73426 6165689357
-21654 3809815397
33306 4630483037
-99071 5137377454
-83486 8233108481
-58251 6514098526
11469 9761585014
-42124 9385563052
11880 7498891040
19241 510595522
79321 7729068662
59361 8846892762
63494 3480781109
-82174 8702374317
29014 9761707289
-38575 837639750
-23486 6066457101
-95619 2996126462
-57994 7314328513
-48990 226788785
-72726 5359756849
4101 3975833538
-35135 6406751450
90129 3058438374
47181 7470294802
57029 881008726
-24146 1547007549
99969 4106699866
-53651 5161159054
40920 1981533800
-69400 6796018180
23686 8140653877
-55151 9237325826
-34074 3691350817
18006 8462823117
-11396 5820568696
-87595 7995695850
-83454 4011225897
-10199 4875521402
-73314 8508694777
6516 7206338608
-87699 9450989478
29741 4374955842
16365 8207571750
-6360 2257455620
-54731 3071573146
66434 8258130881
73006 5810310377
804 8241885756
68934 3779877229
-66811 1478460814
-63654 6750033337
19546 365000797
-46380 3247801620
27366 3551228557
74340 7716655300
-11026 2399388001
-5366 4879239449
30089 9712888754
-67670 7932345965
-49556 8011657656
52154 2614638889
-8300 1866764860
-8214 3275230017
-27099 6879554318
-70859 8721915542
-89839 7477611478
78149 8528357094
-2479 2120839402
22569 6078061274
-71874 2384036337
-7456 978064184
4024 970484784
-31296 3358485764
61784 4992032256
-2539 7199410058
-13499 9029618042
85476 7343871508
19594 8221262289
-11954 577784417
-3679 2092216798
24966 2465126617
-70046 2747035889
-7759 6092698022
-49631 3254426054
62430 2824577325
-28136 6211854644
40616 5312120492
2001 7002674462
76996 7707624072
-20046 6617658101
-53759 2021472658
79364 924774264
19076 1101279768
-18204 50919612
-73824 4678221228
-83834 3706953133
51210 1489877705
46174 5257319881
-69694 5862279573
-48891 4666640946
-46271 2016270374
-13364 4234110268
-21979 7532962242
-62256 4254940056
-65531 5837804394
35034 4029396749
37365 7843500550
-39846 6404958681
29664 5532142496
-24095 2055050230
8284 6125950916
-55639 5183822022
-41911 9407177046
24989 7947183246
-80316 5363407904
77460 4261808140
93089 8206446466
-94446 8991108941
65565 8612720730
73216 8072259928
-6790 3539099965
53804 8428913784
64581 2404848602
34724 2740007396
21696 4157874728
50254 372464749
45345 6449483570
44126 2984777777
-54416 7298368656
44700 3768356800
-28940 3555970940
70481 2792707358
67289 2758865426
6646 5732381533
-86750 8782530645
-36194 7075325237
856 1407873072
-18475 8712569510
69034 9532546361
1185 1278257030
45024 738666196
-97244 4551290212
-67854 5729412033
9754 6112285729
32530 9371967465
-17694 3654284237
-20310 4600996885
-27619 1626977582
84126 5978414833
4745 3477931410
9149 1321949314
-64296 2932062956
93481 5902578738
-10934 3793046593
-51234 3883118453
51124 9486315064
-61471 3659211206
-95424 7446967052
26005 5459469190
72284 9080880324
-77115 1893064130
-79679 3242775682
-35114 3254453037
32040 5705371580
245 6288090310
44966 249498233
-81884 352190068
50046 8565594373
-84286 6007317729
-39564 1752533232
-66556 4079801424
-79759 4907180278
17960 8833825680
11214 5855119401
-33106 9188879061
-61735 2731769650
24894 6848659009
4081 2321381122
-18706 9049614209
67604 1616900596
-19560 4284768760
-96484 9151223692
45521 3928584942
76301 9760513798
55976 5884034048
-35396 1697479384
-19384 8855337988
-52211 7359498794
-50984 9197560528
-16136 7545275724
44956 9465766908
85366 4368538717
-70 9990742205
87466 1080440213
-7776 9996443656
-26831 1684041314
99909 2975591806
96856 4199626448
-699 4482298282
-4259 1475531502
88160 4441719620
-21399 2222130718
87009 2940211786
-44124 1246587828
-65594 385718777
20381 1692104458
-31956 4215211636
32334 458548229
54180 2870687800
64361 6583800102
-50759 424146902
38906 2836587157
-54275 9230753710
-22075 5293921610
83834 8278080561
-91376 3681086836
65540 8857238380
-83656 2565156924
75436 2661247392
-91474 665843593
16340 2652010320
16604 832276344
-5491 2958524326
23060 8977900100
35149 8617453014
-19116 7803870636
23744 2702323016
-46234 4967682113
50514 6524072921
-66344 8744448408
65994 3318770841
17784 4002633716
-49500 4881689040
-34155 9324615230
12984 2994644156
-16694 1807275733
66954 3239104661
52270 7840632905
-8086 1672023169
-23114 9101879273
35570 5784047465
-6799 5592110078
88184 2421225164
-48126 1322820621
-17304 9943095368
30126 7704834577
-53550 552492285
34989 6771911606
-87750 9468745965
2386 389328273
91646 1262152597
45814 5579646741
-586 9456158569
60776 7436075992
16541 4043767078
51705 3425134850
32986 372341997
-64479 867568622
-81776 8245682456
55934 7748001901
-44731 3123194226
-44731 6318676726
71684 9149839296
-84634 1286235353
33400 7067314620
41444 5361954176
31861 859872238
13524 5670072876
-84259 8134549882
416 7359169908
-68954 5950272457
9180 992070200
-68306 673058541
74506 9531268457
31969 7758246934
-80406 1369859601
-53310 1797270865
-44294 1605121697
-60111 1918829214
43325 9105070410
249 7234421814
26706 1623509397
-98091 1747179514
-97844 4814709852
48044 9951550056
32844 6829654864
4896 4513937928
-3130 7013211505
56824 4709235184
75934 9605500029
82106 5406947353
16886 470775133
-924 9101260892
-62844 6805920912
76336 9731423612
87469 6503353486
-37374 4413696313
-83884 7377853552
44286 9729917437
89545 7032148570
97404 685043116
9264 1972667576
-42904 4999653108
-70984 6185815192
25829 7352538306
3921 4672912002
6684 9619140896
65669 5835366326
18160 6426193180
44456 4486322532
20505 4284929850
-54444 6688900908
-15724 9746530292
78006 8545336193
30329 2089785294
75369 3035265334
-73446 2429376281
-60084 3311614512
44629 184734594
7664 1703288876
-44731 2212178546
-93679 2151916162
-4080 6792955660
86281 4714818082
-91454 2025635117
-83786 785094509
-82679 7320740278
2524 3916232684
-83011 8825180326
66429 3200510754
-87574 5067552057
72081 6165885398
90804 5746506856
32186 7650921153
95609 9788737006
-77755 2759207170
-59284 5724479608
92176 1510865032
31250 4054880325
21101 9035693818
-86876 6633364704
97364 3228434436
19081 6763301598
43286 9815478557
39146 9607289613
12101 3093085582
-85026 502982121
-85395 8623506410
-9236 4647378136
-58494 1545206477
5300 5494205560
81761 4804272978
77186 1516312933
-94114 6284183417
-16459 4452122902
34604 6287165656
-77874 5486437417
52686 3000526593
74316 5890893928
-75366 7279782941
7481 995531238
51461 7339588802
-1986 8283539109
93846 3763329197
-48030 9311251245
18516 3927847492
-26186 8649367941
-15831 944990746
-50936 3518817704
85589 9025897746
19664 4632079896
6194 2065942149
-4836 8764041276
31330 5088763145
32161 1975770458
-76954 2076437097
68609 6947801974
-33260 6539621400
76790 2077955945
26585 9067552250
-76466 8285601189
43384 2073202504
-21246 9130555849
37206 6178042597
-42764 6067469232
-45639 1939992698
-66686 4130987921
-37856 9914884624
-42516 9932512824
73104 895801416
-38799 4513699842
6004 3272590296
38304 7572600616
18536 1656510932
1686 4730322253
92789 7936471046
31961 5818102458
17661 6867017522
601 191549062
86684 1086652804
-32355 6268096950
54596 8879606952
-38820 7750979660
9816 6391149908
22081 6447951362
-40426 5712519941
-92714 7840362333
83496 6747153872
-70495 5759361450
-77796 8523458464
-2536 8427344496
-2795 7192853090
-33219 8639077782
-33120 4735154060
4740 6692331560
18096 2015950908
-60496 3067317696
-54606 711135481
27324 3397424884
-68271 6431651546
78910 8840962345
-24304 8811378108
-78251 873460174
-14886 8066558141
57969 5843878974
-76011 9297461426
-79395 2628143250
65814 8442863721
-46596 7413215444
23821 2830657938
70284 5677966116
62810 4209344985
-48694 5728116217
-42964 8139087872
-98420 2948207260
-76006 7069454541
15576 6586350852
-85511 5327902514
-48874 1536609997
75136 5153135972
-85980 8656316540
-94154 8273261633
29504 5280784464
-45656 4726384004
-19871 378645054
-20714 9707172417
-39754 7123116557
-54044 848052608
-88356 2584773644
13729 8297146006
22966 9767365233
55256 7361423792
83360 7971565580
72665 2706005750
-82754 3123408437
23764 1137454876
70006 7897145973
11084 4929701076
-77530 8252380745
48060 6116019540
19505 1463730030
-43966 5969720729
-73996 5893913896
-99726 2331144749
-8976 8603372836
-26739 8108693482
45924 7585299376
-1636 2872802544
35286 7192768513
-72640 961519920
-71211 8503182506
-63730 5556124945
14321 8522241298
-41784 6351309012
-40464 6044411112
6054 9389366901
-88786 7463050461
-61416 4392522384
-89100 7434972280
-41719 8000966098
-43076 9703801716
50590 2520989305
84546 8285572637
4709 8624225666
-33939 4868619382
-46844 4646981628
15504 6512005324
-66131 4644018174
-12726 1331395509
71790 5527952805
3554 2378302201
64394 4481769349
76074 5611587509
33641 4072132042
94480 6697074980
-66511 932095326
-16664 6869081408
-32211 8653444586
9296 1077868272
-12646 2149383909
-34716 1428656716
-79926 1143229889
83701 1803967938
9706 905376733
-70284 3354162432
13466 3572192057
-23860 2275606800
-26646 770916481
-5526 9964069281
-95944 1780322752
90124 8313618784
87366 961322117
80254 6096701781
54384 4466744136
18924 3412490236
-45276 6924862856
-13294 9434852897
50961 1360361838
46836 6248149832
-7990 5316914025
-48450 5739147785
-21291 7013169026
-85656 2318712144
70510 5465412265
78276 3387402968
90886 6692267397
75834 6500535981
50450 3088048045
-60564 7065663008
47366 5802403493
-48176 7206110084
26116 840434092
27140 2089978840
-27891 6291102206
14486 152014817
17474 5063404909
29149 4962869254
19876 6314134308
-88059 7907764958
-75380 6161548180
-61971 7489230466
63621 5217336262
-78039 9808736178
60225 1412780810
66269 456948406
14149 5804018446
-60735 6906705950
-9820 421142040
-12954 9631447037
-82100 464575220
-58406 3047308881
70565 2796101250
-5560 8900803020
-23784 6522164428
-44556 5444774236
25246 1078042517
64544 977573924
5396 9342952152
-31 3894511734
70496 9908581212
79414 8926322609
93734 7178854289
46669 2216837806
-3471 5037094954
-47626 5040392701
-5256 3531235864
-67346 4376959161
56064 515479976
11144 1939996976
9564 378456744
-21739 9069241818
-68451 3081000254
3736 9317051828
1169 8156371886
-33196 7894408084
-13844 2431745908
42794 2076268449
31770 6787146985
-81651 4641918466
58744 4094817816
61176 718620028
5706 8584674897
20446 6739945653
25149 7330587146
67304 2037576216
-54451 3981060034
-78734 8862751037
60616 531753228
46096 2452249028
70946 8130974673
-16995 9604085850
-14960 9782300660
-19271 6212889826
-30904 141451768
32530 6680431525
-52614 627998013
-89114 1271609997
29429 6981627206
78946 1943930837
-3860 8379203960
4006 2374527453
95049 9352004846
85869 435497126
-2199 4188361838
-45574 7289517557
21666 6201197413
-84950 3996993525
-50444 9483902088
81534 9868093541
52644 1960967976
-79206 6103766169
-79974 9454306177
-98696 2102571296
46404 9868975996
-51574 6775055397
66661 9821190098
63004 2308157004
57685 9360249270
32200 9313476040
69126 9810139157
-87524 1072269688
-26386 6373748661
83226 2281548677
18394 2443734389
58280 934733020
2860 3167645360
9156 3935029988
-21979 2896362562
32620 8139023080
-46400 8248232640
-61859 8392285302
78369 4944722146
7121 563921638
-81016 6519863244
-41504 353736492
-23926 7291645269
-67306 520412921
-76954 7851521277
6990 4100590745
75265 5518722530
-80966 4437341881
-974 5000869717
90069 662623554
95106 2447377497
-19124 6842677228
-4996 305548336
27876 2146840532
26641 6065679678
-41026 9479335749
23405 2225905210
-30560 5527137820
-32474 1051082293
-42995 3481208670
13036 3878761932
25776 8584735572
51734 5807962509
30541 9451539398
-66164 7956033312
-87759 8295436378
-3114 476299857
-62815 730905930
67449 1177611394
-16554 439918857
-72890 6868101005
37520 326930140
22549 2111396466
6421 4751337478
-371 260212394
-82076 1817453616
44794 5503156169
65404 3611731256
8649 9016477994
47506 1077508297
-3586 2978942149
16944 611560204
-25246 7213971229
-15714 6277157377
-21606 5135968061
24746 6247404333
-19624 1779356892
-52224 194339332
-27991 9298252806
-13256 1194408656
-59790 545484665
-73734 8176079153
4881 8624237722
-46654 5895237697
-79020 5109319020
-84591 3003396634
23166 7478967977
-13294 282205313
20489 3730456634
19941 6003818798
63546 6945128153
-63134 3018801633
86656 7583129168
-71304 6897643192
-86006 1456149149
39605 3662155530
17509 5919163646
-31660 9092719160
-32426 9256194301
95645 5347683950
3989 4168691286
52520 7913361000
-50700 7650384200
-88166 8849983909
-12591 3903134706
-38254 5440604697
-51059 8217887558
-45754 8367881397
-9766 530091389
71594 7725027329
-6986 5212120541
16204 561317496
29350 5168391645
44661 7547932478
-65451 7180860506
87850 5731613385
10790 3809007945
-15214 1290839413
92065 739933510
-43380 6082042960
72524 2565863424
-6894 2182515253
46201 753927898
69894 2578658041
84934 2117354661
81374 8788547609
24505 9601554510
-45744 414504072
-90739 1125225502
66384 2536137484
-79994 9134413317
95656 8055114252
-44874 7423724857
-45486 5098859289
69061 3022411218
-31330 1907698845
-90711 7550257694
-51940 6897658780
27844 2698187124
4824 4180328224
18436 2658039468
23269 1628419114
-69551 6083971026
70610 1805472905
15696 2831562092
-8791 2715765386
98461 9820621902
-87956 2876263636
70349 3774617266
83521 7088208022
-6424 344787788
-77160 6713776400
63996 8160766992
-70930 2613871445
48916 2933460568
40686 2428306657
-18084 6918470372
-65791 3436455366
-78376 1073982696
-12011 8517277586
45150 5187412225
-6079 7814559398
40381 9776627498
-17454 8805610713
-6544 701181492
-21334 2564999233
10029 9368269446
21556 3051478228
-83406 6257556901
-75554 4919404317
-22435 8386357310
27844 9039006324
64169 7087465806
-53364 6016431468
-9286 3699642421
88930 2714759185
-56870 4618781545
90864 7771445164
34634 1544182429
-88090 2888998865
-25776 9817906416
-75206 4691447209
-88714 7433786117
31069 2760917014
60349 9509235814
35209 9147169694
-39090 6971694945
-94516 6132395636
741 8062319378
93069 2674243006
-45210 3654098385
54234 4837332909
-95411 8569557854
21116 5845265708
19226 2696361693
64261 5198538382
90905 5715763570
-19466 7826468529
14036 9313396312
35149 4530269266
25949 2412223574
-20704 6333669648
25 6816569550
20601 449773222
61230 9758838205
-28706 4552919489
-86006 8758766489
98090 4750429905
-16456 5135884256
-45319 6996885618
76625 5158421150
-45790 303818565
-15070 4981407585
-75964 4816762432
87886 5056783237
-45610 5209712985
96056 7495681508
42086 903979653
44489 3392910974
-5924 9369986528
36329 1804836846
79956 5417607552
-3406 9314336529
-20839 5909034338
95164 1571687324
-38771 5638847014
-50631 8107399534
-39395 7056225030
-89634 2552377017
-61194 9942902693
88090 8965299005
5669 1821614066
21464 942514496
