66199 267187275
73871 95428854
94015 149846647
76491 80399111
97905 505373916
92069 458609001
97903 218951738
51775 69437054
63561 164398081
87781 244065429
94383 310031307
59129 140906145
69685 117481013
45621 69773000
73527 68826679
74991 49307010
95227 16320370
48957 74550073
90411 187672843
55609 82339825
80829 303220129
95603 153244602
42559 68982891
55845 27240300
58873 98665901
98751 415290062
98137 358055317
58323 96467098
99687 615544698
61671 57721805
87651 443070039
79447 195251349
51965 124879096
98687 486637258
45383 115624254
85445 213229632
82181 195346696
71619 116446261
97943 20794258
86425 101953964
79361 132776493
87531 316829905
68707 177775835
83159 115406354
98857 368018353
54025 142611856
68063 214683914
66125 219343220
58485 88058956
77493 64911936
81423 303953338
71879 27036453
57939 79591342
86045 423687089
96971 123482111
78019 282992286
87287 12209029
68709 204883624
67899 29296897
89429 205291693
98043 48129450
71207 145417962
95479 418363178
91285 343601328
91307 316107523
99455 123867653
61981 178618541
38705 29655852
84837 43764320
69783 187604529
55399 111732443
88689 330528549
45693 63168136
72727 136945511
78019 77347255
88837 302735785
56575 60369158
63715 238691139
76533 40878341
92607 54447234
76087 64987570
92947 470506383
77921 16189972
98735 466428847
99301 427772
61291 140101578
99703 610318005
66149 67483232
61917 16381188
92347 329556242
70251 122884205
67707 277031755
56917 74019936
58551 9231013
83969 86165961
94501 334311321
72449 75224861
91749 248349489
38783 7129450
97605 122136889
90397 293085628
89433 231258032
76385 106338956
72385 153088472
93339 362932442
70885 127709312
44321 103221653
84239 135553822
99877 229945140
74235 141963038
88867 230666129
59607 194673803
82521 132034365
99121 257497412
77211 334151577
33449 55769537
85623 109302430
88753 413327397
87443 437482107
53681 61465700
92059 121002719
80827 10816070
50689 147913549
84633 171885181
92435 315354650
55699 11148049
96093 241221125
96251 532568394
89799 383655599
86221 240055184
70039 129354478
86679 2651554
66379 114376739
97281 356479057
94093 30839521
90763 295862605
77539 60444397
68207 146436131
87895 325242671
69605 243749956
87359 205466754
92123 48916443
80681 329314329
77179 166751746
27327 22354487
66359 135376510
76003 83888402
72727 40402054
91831 210581013
35055 24003311
42695 34452882
60431 167366649
98469 314452377
78077 290048584
96481 552030325
69397 77258044
88707 17338495
84517 104264820
53971 42979858
98007 27779638
90209 23950948
61645 184863073
60991 111545921
91857 387303541
63479 38780767
93927 294002767
97471 582712577
75831 64108898
83053 321455733
60109 135102904
99143 59105775
80155 270578391
68497 84377321
61967 194625322
46817 107703429
98907 491443438
85719 67703221
79075 211808978
84391 37219719
57117 189028725
67357 7546528
27545 10765145
93525 433482832
52813 6120880
56765 167037965
51269 67384684
82583 418985019
97025 246205501
98783 305634249
86387 370970753
81365 339918720
67357 49696409
99655 542220091
97025 195818056
77589 262608156
85347 300177829
90391 416940713
91391 50910853
74893 130027496
64125 246636064
77139 64603865
95975 187359826
61911 11243181
27259 11510701
90695 26090699
84517 278930761
78923 282364153
38539 67349646
69373 255854368
47363 21167311
89079 105351403
55583 149396015
94849 508259240
73903 80236945
67723 212616729
98549 89386033
98869 451657933
54133 2773809
76443 295350490
90575 75070671
79411 59858139
82535 173641393
80465 212107501
35115 53832982
76187 307815191
78239 240661150
89507 436364853
59199 156995585
87735 215574349
74097 219730060
78319 242971405
94153 447336212
35181 24499065
66019 249352469
71491 161068991
39313 37231484
98295 448117802
97217 257955105
58695 55033661
88463 398170261
86019 111002258
69205 290292653
73623 42021505
92383 197671723
37345 26693500
99823 85082902
61219 147800242
52137 87550432
82495 182687969
94897 381590208
66159 263369349
92473 300448308
70171 119893122
78907 60938897
66321 69204153
99219 489120185
80871 208915291
91339 241343038
98983 452628442
57501 30431317
31395 46968907
88315 41753350
99087 9850846
80471 229229211
49375 124014575
44425 96351409
85197 354232717
67983 203623702
46539 76818442
25447 31992437
95171 167661658
68579 216818145
51557 23209317
78193 325683713
51729 15175500
56487 23437727
14933 8035228
87831 201292534
54183 36099119
94279 5145061
40167 4925386
58699 25006985
77939 156317699
64795 135278154
99371 134865010
76801 58546369
61583 192244726
68967 91741889
55043 42097519
82543 196753742
49215 78456091
94743 8432458
30167 32272963
89485 12419741
99115 433810221
87601 72622469
41773 74435265
86695 344402639
74147 248685807
96079 200801522
96633 386012332
55033 88700297
39951 89932313
87379 454598531
91985 301971945
90175 8466541
84237 347803713
58059 177146975
72179 85923207
85457 164985132
88195 95073682
84367 168720313
97285 74209565
79285 392598568
72367 249241847
43915 46059718
61055 35832783
72031 49058899
59393 35932708
99293 524478856
67377 62722372
42655 86211978
88687 233027042
94797 10480724
34863 46082218
82123 325763115
98315 162085878
98655 564252595
67269 107041357
80851 216595715
74177 255637828
46175 190666
85161 225845092
89953 307426073
77307 24240647
63789 15840181
63289 98434580
93523 242258698
68325 43279268
89137 348837108
80699 91550062
92493 16285349
94343 356610307
93051 267874289
55427 159384237
94841 377373897
86531 353992102
94321 444080477
65159 121631967
45891 63763930
33211 65410730
95607 136868062
89947 156793925
78583 212746607
90565 410865732
89631 473730175
76259 200961246
47249 112795924
67485 196410580
59967 203045606
68667 242001582
90907 160465167
67979 132522421
91483 400723589
18999 14788301
50357 19054041
43335 101011573
94965 332836900
71769 228297585
56399 73523103
97719 506240939
37461 72019508
74505 119791121
63671 186252998
90853 194083788
96071 523628597
82151 420766811
86755 398020285
69249 228587233
77167 334030093
73909 212736208
85599 152455609
47891 10710190
87703 161684055
40787 102041253
87061 388301540
87211 406343106
96433 237657521
83933 189419076
53459 92592541
93169 506533209
99005 114533220
50645 19265328
93053 193388581
78821 160884368
45561 1861892
72631 243046661
80399 195876966
76987 287721942
89983 111820098
73157 206838472
71269 242885801
62443 20932426
79005 337725085
98391 236600638
61971 186341299
87581 232118341
88337 140959864
68909 60504780
94291 423305597
66081 123278657
76107 246578678
94147 508327115
96571 347233518
80181 261270001
69151 214549215
36603 22511394
97915 542560086
52769 170898696
93331 102601565
70447 93190202
86777 318416393
98147 419508901
65727 237415498
55623 84061591
89727 428083201
37685 23841084
81999 286850223
95375 121833939
72515 35036213
66915 167457305
79161 311933564
87679 203400833
96909 529474617
84717 352221160
80989 212713105
83017 78807801
91139 182620235
99355 238030959
74819 17737530
68613 156475449
91629 131317325
95941 19224649
97977 147378829
67527 79761657
54809 51558225
86193 168289681
57543 42464350
88937 213022456
66223 11775506
41197 81511084
99639 39659219
91659 42860239
69745 171710077
94403 71610841
92141 184243464
66325 95847561
88921 436778856
18413 11101593
46461 94903689
52933 35144229
94247 323418894
47461 75028285
50711 100017474
84181 362087032
79439 287070710
71847 68174405
84389 140155597
80111 272852335
88917 372746972
74987 52971434
61439 181583106
67011 64833697
54019 18802318
93243 139019122
83223 32512045
69231 2472166
35301 21857181
99931 148451435
73203 149882478
90267 356346175
86485 439735849
82975 203740018
77207 55322573
82295 176956330
97271 140344411
36889 8829433
77891 12695378
95863 89538265
93237 82495581
74513 97216433
65553 253624104
69243 110124730
24319 21356222
55831 101159455
86135 281103581
37935 13279459
87431 232367827
69495 187661767
78741 124531248
60355 225105303
81677 35970776
83641 301906396
44167 94181291
70943 11153026
63535 184575990
91723 324284405
82539 393263606
55657 89455773
67843 104518922
90077 423498272
74563 41571126
75675 55783618
65839 121778589
36659 10724629
77071 276530834
72859 43620489
58153 16477424
85211 404636698
77871 161617850
27543 26219489
40427 82146959
86861 87589436
61827 156248594
66561 185359560
56603 21491313
73843 148178659
48545 75509064
36459 46881854
93807 32831017
54115 77235294
84079 114639847
62323 214022529
33853 59444989
55259 125776466
36405 1924321
73239 9504130
87079 24363366
75297 312423393
87751 307873678
92363 287489074
64773 22083788
89931 68833513
52475 9347559
89629 47225933
82215 264114921
81391 175763295
58995 66810923
93185 69889204
89195 110632315
52887 4658353
66633 220124776
72339 217356854
30243 23601515
61077 122033944
74527 300099041
85487 115292115
67911 216189033
63811 248081187
63011 93688491
99403 583456386
55973 41430977
87547 438337865
84653 144489816
63783 59200025
68843 21470423
93207 89278899
53715 48411671
91395 32599825
94809 360551005
42129 2715836
86231 69381422
63215 198980905
44383 107432101
26695 935983
99259 422376619
85799 124061419
92141 156002028
87919 408899102
89557 411561696
59061 180133673
77301 46624133
16521 15824537
94909 486263860
79939 354935989
85835 38947202
94283 532862603
68603 291367802
75933 259778376
49465 100750036
62113 154586101
79883 340935766
67089 110884097
94785 513030065
90583 148993819
73155 261166885
86617 151876509
87303 311452189
76115 231483910
28535 35477329
73531 62351195
89529 279396621
92043 488809179
89485 473187321
39463 13458705
95787 132353767
57977 137764325
73771 281090494
77027 247226665
31935 51475809
40471 48752774
82681 35267189
71943 134188859
85591 415380333
89651 198329353
82991 20803431
72197 55123032
92825 399144241
87705 455337108
64349 2124484
72699 287273714
75673 109690436
56287 174918055
85289 383473437
82075 324286401
89989 72189941
46689 67386137
93369 376770949
99871 7637627
28417 38490004
83563 406096999
93123 65942703
56813 144374213
77677 44836772
54143 138928341
69911 188564403
32841 18183973
88749 272799156
54491 61417391
39707 75635859
95389 385013309
91103 357214873
67793 168279228
82899 112576385
69405 283892348
74289 255364680
72873 112399805
94681 331149200
99191 381611787
97803 525918755
97483 81769017
72323 181468953
76431 183190685
85135 74311685
79765 252118361
80113 348962800
93491 251530699
91973 321494849
85379 131241186
98305 535121273
58781 4890929
65403 67397454
82575 236435214
96675 163300645
56553 14179145
94515 208396925
81499 17334395
67673 11842029
79689 225384721
89457 169699684
59505 31950888
46705 120727196
65745 49077400
50183 94556717
77541 77789920
96235 326890635
74585 21292341
82305 162204204
61603 57784635
82063 107026361
83521 382601965
13735 5571994
72339 267645805
87997 160109516
75527 140981797
71919 196089861
37343 84127303
92729 527936245
59147 5321519
82903 312170697
21577 5103664
59341 155335273
54517 183168217
92613 507439160
76239 147935693
81295 351746474
82361 102771076
93487 291136931
81969 147710661
41057 92763909
99307 275711071
97497 165747369
89851 112769855
92347 266299354
85283 99487722
82095 227854385
84705 278028965
68405 199101216
75183 16796383
85675 195196150
72593 78042449
68567 161449826
73407 268449635
66003 205706495
75455 58259474
58723 100122590
87059 134609461
79787 134779659
98247 488195986
63699 52841662
27875 31082873
97199 547437702
62337 198275309
75729 8676628
75359 329822349
46111 118157375
95205 127013561
84251 72331450
66655 80048610
52819 75636757
91877 438484513
54849 55993269
70833 12496601
87713 169997173
91151 369119751
75253 10259424
51737 31623617
96843 538907141
93077 99158789
8883 1203521
45999 120962622
59531 100138637
82921 228849741
95007 59321474
87315 222007189
85239 231015405
61053 1606464
52811 76168051
71225 146558045
37465 72447005
95157 260258637
63251 10371117
85307 172020357
97593 245088601
72147 143647495
88753 68301872
72207 248600134
90715 21819465
89103 238343502
81301 288643665
71367 98991341
27755 39044239
79991 384540509
57489 116327116
86017 71508028
89603 169183250
84623 248967262
67059 13683830
96439 121216869
83787 389318415
63499 68586461
69243 282859826
94285 427549544
61701 152248312
79357 253759781
74097 11756977
89427 497975534
96013 533384497
61039 149731466
72331 155098710
46953 33280520
84207 147260279
88171 119624929
84977 362656716
38347 64075629
89949 372689680
58657 91437289
78041 247367985
16425 4780933
56705 108089025
51205 2330133
95915 90544287
92611 68190449
91611 82714431
19103 9303759
78139 233892535
88491 272361741
94747 66269701
44501 32248581
86495 274777914
40513 32650048
97307 551616405
87277 388672037
92509 232026564
88961 2616205
51081 133797408
87039 274543903
59495 52186027
40661 54509301
99757 523256808
98437 336591816
75919 245388002
70497 41744196
86835 324696182
94069 54520580
84451 76843755
90523 261903063
50875 105446779
36967 30694323
70643 264181965
98423 80583185
39637 57044612
53189 175198293
87943 64058419
94431 67841606
61895 228594945
85579 88959805
93035 230630691
86597 193791469
57627 157028643
90939 191766329
97975 42378819
83751 300804037
73441 48697277
36355 68163663
93771 447950617
84733 39997289
90977 446679972
58839 75034967
66081 268117136
98945 485204320
98105 320429116
67563 49016422
80911 43249445
39059 43175839
98939 505877605
81791 235572878
95973 515317861
90371 464792543
65529 263449389
40389 3931132
61391 148675186
37487 2980143
85179 206576515
88649 134334145
99255 572707001
89829 479893432
65751 48091039
40311 71977953
98579 347521209
98203 386740439
95315 441300575
49135 10203975
93431 469611265
92527 189030219
90003 212432491
85081 127002284
58345 87555384
90849 471640148
85839 252536914
71487 284649545
92989 138380868
75215 72811098
74283 95561983
95135 529957929
65015 141035266
58935 115676822
56315 125999346
36331 79318541
90713 486781117
80345 349226293
53179 174689689
96455 41961871
46275 24843949
86247 300207407
74451 180390539
81205 182029885
64741 49370672
97409 12590293
97463 377918781
83039 282820226
95691 281226030
85487 289281285
64057 154960537
71565 247466636
99175 122409305
87421 4531221
75105 295074304
93029 154667449
75343 125203942
79439 174685155
30971 16799542
87339 170213441
92297 222736701
88095 235026501
99213 326778409
96651 261061739
92579 393568781
80019 82998021
83431 189790150
75267 69257055
56659 135712991
63369 128490752
90067 211388230
91135 310459125
76455 12248903
98895 581778094
67303 176000551
91401 241750517
62847 244558647
75401 35467189
48875 116110311
97313 365917716
95743 71066234
88137 28968821
90791 49441641
89173 264938101
73521 5256404
55797 180586541
23595 11916091
74965 68698608
82711 336210006
55547 178515899
81833 26515148
99827 387788785
77199 167090015
83575 675894
76815 45455003
65519 191048187
94771 9860269
81413 48125293
60337 5597161
40683 23822518
95395 274214354
67659 285504342
89423 137993573
79369 203031496
38107 23430103
38721 34333172
79125 229291160
83461 68347049
88561 51597741
42327 103690945
99495 374379397
64743 240725403
65093 191353928
97341 207625144
94369 35909104
78415 123381541
96783 529536847
70187 229841141
62769 46983833
40811 40622194
30191 48164959
52489 123770328
81939 281206365
99685 69218073
60381 101122320
91865 4627809
57449 184450116
82167 94795949
70951 147387595
26107 19981259
77719 267674926
49763 53643115
81007 2755567
90269 396752028
43413 114953537
64401 24736232
35553 67906276
44153 30175741
32987 13673041
63397 11885253
78613 169847552
96355 197368345
68311 168292857
63571 125125559
79937 244296325
85855 428251402
97735 235883387
67517 83443092
96665 503449645
95819 542398683
99395 588611769
98919 216364311
94959 250108977
81073 148190769
82395 249131007
54697 86055952
96591 435687827
79793 319360337
65973 167608813
89859 450220441
94445 147804336
85599 434792793
70519 44317935
81299 91851614
39385 73254100
91685 394186600
46361 45214753
27095 42484195
91567 319015074
79469 228421345
79449 205650905
70949 149481660
99533 122508097
71719 19617094
84817 310816453
82959 24247642
96117 25638804
98935 354277169
74813 328961949
86053 289402412
46585 116345448
51351 71324497
81383 369388427
77663 323437681
87527 148758541
73219 1398981
64611 25982914
48741 96563524
95107 254887791
85479 81138111
97963 437865522
66271 237447122
36319 44235790
88847 388377847
53291 25097679
95087 195069623
69965 176147820
54513 24640177
81835 319962925
80297 176575609
85871 44058670
89731 141938423
84135 418718750
99595 39978942
87231 425244849
21805 10738153
81325 236345932
94435 489000938
59333 132016008
11999 3719106
47859 73817178
86713 194810053
90847 217090551
55447 76965549
85985 411632821
94039 318059993
97407 375986853
87587 50310445
73297 101289057
50111 63368765
84937 240704352
32551 30384569
39191 9246897
98947 252964431
93459 423287515
58991 59769819
61279 207826839
92551 406510737
77755 358645094
68355 34535410
27471 34849122
85817 14758896
94359 425606495
46887 120939635
90639 2675190
97145 238971604
70605 74847189
68531 287596591
86829 104517140
43625 29374041
69347 232227681
92659 72628111
98081 478226617
56135 43473919
93301 81867577
98801 312622512
85447 213245882
60243 46628809
91641 136100989
99259 569587719
75151 46638707
91741 21701281
78585 224921297
96599 47501811
43241 69684637
98431 378365285
82403 234787934
86335 251822005
86759 375609027
95997 547575296
81403 146995273
95401 292405009
83791 32216365
98883 606965471
95675 549095310
93805 512678100
84979 368043869
92629 241594812
66399 263145545
85953 272586496
98181 107756473
24033 11288609
82997 191134636
89333 213080845
51513 39116840
98635 332718775
16495 7696934
38751 3480729
78771 133437991
65645 221187264
82553 231570229
36883 11418286
62771 191214139
71051 278506679
84427 408026227
77457 153789265
37367 9500011
99751 403558601
75787 184110995
63015 141778942
90193 257825613
43103 41844706
50231 157018251
32147 55842795
62237 190665972
39067 9851749
94219 520103929
75547 230670662
74719 226834838
83329 102474928
87267 201878319
91875 286446194
98307 232694733
61631 220443190
59613 166704876
81671 6561397
69819 226554279
33163 44587403
99153 285412261
62791 43763782
58375 52443491
95087 154814863
94043 368223949
42123 86194099
97083 369329551
96083 8744422
69543 26146603
51251 129162682
75311 316215
59695 217556506
75523 170989871
98681 357685876
62711 73235915
65343 192484267
70835 182100015
83727 354876930
90891 307898750
61651 82476910
39883 31563306
94431 310151318
77257 53490400
93695 534240895
93745 174567221
94859 79562427
47429 115951768
61711 64453805
80397 331708753
88715 124942675
93707 480573515
59735 32334114
61179 167943229
41829 11559057
52597 166021136
58263 77216143
73005 22742549
71785 89643089
73357 330747165
70999 220520459
57751 283821
69711 16766295
95501 523795300
73733 121054817
81011 252423314
89479 178642243
70311 96602581
55841 164321269
51799 19727358
61655 154674439
76483 160025067
87381 256905473
84117 388982032
78667 39806421
56847 99140287
85383 267189231
85559 418848067
91119 187402214
97093 572009976
77127 338636441
52107 126823357
79555 143112363
99315 267624567
83533 419316161
53569 60986536
89927 342508409
99827 154695133
93093 294737868
65535 48280994
68425 272651361
84127 36661543
99209 327765500
89013 295195368
72443 136936801
64941 208058217
41499 7400773
88201 65617280
63035 125007077
65703 226481551
92175 384455255
71059 245984993
42559 97511821
90179 362410967
71047 138191961
93181 153910281
95281 378530177
50643 43062974
69955 223524219
33243 14985382
83607 265348179
98125 146079580
54839 57073167
96651 261445631
93481 341502452
83391 389818031
95851 290756490
77623 71311670
93667 442598353
59365 37618485
76927 320511255
36299 34789290
41803 14438313
99255 327087362
91445 189709749
45109 121687908
45163 37292683
66789 13705221
16881 17614133
80307 82439022
98865 176461093
63523 38160395
67267 83242483
98613 542977628
79845 107323621
90759 8725182
63935 92950827
62723 81305711
93283 327718447
75695 74071651
36975 22286810
70157 305898229
79373 224888101
94659 107684519
84177 206479108
58501 156482589
44745 93163220
73399 324613758
95029 96026316
92551 398118665
92285 89677488
87825 437281508
78107 36531807
91285 128845916
80099 94751782
87595 204938767
77335 168821115
37741 9070505
90851 346838298
96851 390161013
87933 220078885
87331 53531705
91999 164180410
91075 81196707
13947 3884429
93175 511744771
95195 526753965
71881 291608232
90441 402050389
95339 144186369
83015 51112001
52971 43339550
68531 247168639
85425 264517564
87597 459178732
94489 307076517
74163 64275558
64085 54896960
57051 107078251
67001 44824249
86843 284065647
88355 270524102
72151 250448522
64891 195132642
62265 68086560
58955 202760058
57627 204528598
64151 37438262
81829 171018848
99837 576571768
88799 28010250
80327 52666298
42147 30325815
84415 132047011
71677 54500064
82431 175359374
86479 50506410
57001 40997673
75245 279105724
66787 168870402
93519 318600529
68763 273030718
72981 99523764
40075 18904231
99569 32087808
87255 455378701
85605 308745144
55243 135884075
70455 292911575
76641 157995169
95301 511765244
93923 181986207
73945 300101044
88093 87843120
42603 42010155
48343 48275881
31141 4055832
90567 337910569
87829 72478441
62879 121693074
61511 83950801
49033 61369681
88975 138811890
90987 301768535
49315 103408310
38707 26060622
65165 183127664
76743 321475039
74231 308328578
83723 61558363
79799 375688131
54847 2304227
81543 140487843
90051 261462535
75867 287237530
44901 12729460
96367 332871067
89879 166529305
66053 164046849
89161 245949624
98955 127329778
95281 204737032
77449 22005889
94487 337730443
93441 227510600
68683 225239835
45489 92263897
87391 317740590
91187 220195750
93705 167227720
46313 63928929
43827 54157877
57985 2717712
63727 213404654
59747 114358045
79707 392688462
68533 143553616
67007 161185747
95151 343003981
65957 19888457
66871 195711942
77659 316066483
95141 87893809
66079 223574499
68825 124766512
47817 98791329
96717 469077421
98367 164287674
98331 397197546
71705 252412336
22815 8356598
68775 174809611
59447 209023538
64231 118542650
43701 26433896
44257 93232884
60995 7738105
77371 131673915
63183 161329238
99677 302884597
84173 420398812
74601 312250945
81561 40100020
53955 36769923
92863 138692951
99255 558156899
89193 347293324
88249 55144952
63715 130162731
86383 216093295
84653 103069521
93511 361245175
71531 103160431
98573 518679616
88221 89589080
52455 7970447
62993 169551940
83743 69746199
78739 225531130
86495 228399701
40633 36622620
88027 401911417
85829 139396620
73513 247089856
79563 157379879
95819 93817239
97947 392852155
93289 493463988
91483 372037599
61603 137181685
92881 248198869
85811 115208222
79557 41880197
51019 124866369
77449 368534809
42857 57432296
88103 175120449
83203 49321658
76971 40244503
93699 227034841
39609 39500589
75971 16968463
93295 537456590
64635 185468215
54639 129138115
97347 427986137
68815 120415550
99969 194370660
86419 161293398
98463 605432549
66329 142427024
91871 6175863
68355 202853761
71121 93289456
95711 7053179
20013 8761308
82709 127250301
72473 231339361
60291 199232926
93427 280749477
75065 146123996
91911 318507809
54951 73386125
43041 41040884
94649 46991973
73355 235661387
58429 184378633
21051 16456527
28023 48726155
39767 6112463
98677 197934161
66207 254053538
79219 310686515
88545 155758809
68475 285154111
65079 136633307
60661 59571704
84517 302500585
96459 509367746
44987 7504810
93065 345674532
28515 6809790
79291 113642226
62067 70936529
85841 92759128
95665 409998093
78181 356909557
82887 384176126
81697 400528161
73681 32185557
86281 84638200
68507 73897319
84435 424017083
93099 190513706
96913 288122813
92395 209229933
41077 4030365
97427 140439735
40943 20382201
56793 152084753
95651 293665286
87149 168716768
80363 286704410
80689 59770912
47747 81203578
61971 143021527
86483 166959541
87889 199901705
80465 171294048
62695 164044142
93123 321164562
93053 290417081
96789 140699285
96435 116500674
72307 178580637
49691 125889449
42457 51580361
75111 52609419
60789 185334141
78397 163685321
84103 250616078
86817 114077433
24139 25137937
99931 411956341
39635 88639010
99113 356058401
75277 329349793
95179 283826007
86485 105347905
97547 318988353
63835 121499738
87551 300372666
93895 511700749
97447 193273810
60967 131195225
96279 260019447
23655 7808646
33433 69468525
73873 283014629
95013 78054489
92959 269968317
82849 389840252
90069 3532648
72489 202227133
58467 131115909
62443 63957146
94471 293927349
80241 232827052
53863 80392902
93195 410975985
99267 287897829
82709 246977568
28967 23473409
53317 169305200
73627 288746467
73285 203674093
51681 158324857
82167 223002126
62735 237337945
99335 133804107
56207 63578362
51655 161996999
97695 459761134
51337 44650701
94111 263106434
32743 30390511
60577 212992217
83221 102560292
84823 243603203
77443 199819554
70653 6953125
98853 603343457
70219 203633211
76067 317595078
96037 99642349
95907 245865171
90417 467584349
90871 379384166
85799 255165601
69527 35533954
87823 33369106
85961 346635449
9337 4826017
98495 326903478
75869 74303772
63521 54404497
95445 75730032
76327 313552974
95509 454515317
79209 275454808
69643 136768939
39403 79352694
90747 72154814
92855 429244723
34561 33998740
89865 415345945
79875 256884077
82767 322475930
35335 6525509
57077 148061477
95575 33534126
80051 83875611
45737 27405389
69991 188341110
94471 287710685
97445 577730588
79669 93207281
26995 11929611
54303 35323318
67493 253144796
72717 326214972
58967 175649514
93589 209542996
45423 10916123
60187 81822787
76947 343418914
96527 461846841
77079 175289237
84679 3282927
84405 35787520
3899 117123
89959 495995303
76685 294436428
67391 101817111
98497 224846461
66745 162585848
95649 11961208
95227 131432085
83563 330786190
54987 60553419
61575 172468306
78479 203905257
63867 223682289
20063 8371769
99947 180869401
32911 10753557
67339 91375079
92049 174151552
90885 353904344
97779 265036406
80445 171515669
48497 53352756
69861 287547049
92055 263461879
75007 336400089
94715 245563350
87287 92606117
94683 195244410
74379 64712499
82935 219884563
99211 63489111
76733 243752933
83969 24629624
73067 167176170
45067 103327474
95441 468519081
56291 97783373
80267 193876231
83715 397539495
25735 11127882
94255 460429167
90877 259671681
38777 80682516
67443 15706813
70491 295401569
85087 370321517
93373 449168069
77713 128509648
76917 315487905
79243 136900230
84513 152958389
91881 330656728
83599 10101386
83407 326474563
88623 89020506
53643 93198941
67149 662125
86489 425262872
76647 214584371
59719 198602723
86827 44461735
62247 240769166
56191 122458613
68999 129018747
25243 39310678
67883 261805219
87763 386179985
83993 135604236
49673 46138676
87811 429329627
90147 424494209
99833 313576069
43461 18055344
76103 236759482
67709 61922393
91903 254225147
65515 13895862
80429 348774993
84835 268246902
71157 185002233
88405 336242324
86441 102780384
43605 102838196
61801 108333356
94509 58699544
31361 36577080
84237 286606881
85761 419825516
36247 55032105
72819 55549337
95039 371302357
89971 393065291
94563 272988669
80091 320978923
49405 148989537
72287 151852763
93735 424446339
50167 122754785
88293 398514368
94215 31940470
81895 266541317
90539 381207553
51059 52688861
69601 270203220
93293 134986265
90937 222499817
93789 365179289
91633 161410124
57295 162948845
79001 367212109
68051 8371475
82933 291674140
79075 50835986
88599 458216531
88539 325968441
87583 242393931
96535 148839573
87855 478714927
83163 211118783
82451 346340995
87229 451035560
91211 267986566
95155 115037366
71401 10466825
34721 18703233
53845 34543460
99717 496442625
95443 334270753
92725 416650388
38475 41834853
99013 500057812
90103 198581731
93169 76715609
77421 101920192
96391 424423647
86357 7338689
97295 333193394
59967 110836211
76767 223716079
73009 220210453
83723 25398905
74735 100466538
46717 72711381
57125 29267152
77499 204698530
55431 31629585
88927 220231901
85395 206145811
69385 182085125
86481 412084121
60649 17266616
40903 36871249
40365 85770088
48903 128509357
85933 383791388
55501 158202321
95723 155915289
92635 396797039
34195 20810822
68679 118202363
85213 401012977
90199 365427930
95077 211868797
85189 230357737
68677 285882796
37743 4594619
79779 204638091
67811 50968769
73203 286335403
32037 17518216
80623 255402214
44391 93673930
95937 149097440
30147 9657566
62517 19485373
96439 337668275
98073 352956173
68143 240130633
59019 60178169
23023 17401065
62541 80557241
93289 95749021
89575 123573681
77355 308977362
81617 2723576
84877 379092113
41475 87076862
32167 12075110
71311 72716426
85639 417995227
92851 243554673
99921 384928280
69455 214290642
92875 22389015
82711 197041866
56179 79888690
76239 248929271
60981 62034557
78981 292361913
97583 131492567
37503 78650086
41311 15220539
97943 185003417
85851 265777847
54657 144699761
99709 96785069
46687 28285170
60219 49436773
83173 326456853
87265 410792269
90963 172417427
66327 151949277
63387 50858917
71409 215741897
77031 147726775
68107 265812322
88861 344826392
60331 135744917
90169 499315440
86285 35065925
54511 34195303
60979 89573581
25727 5456286
80991 253497755
93381 118605273
89747 360970474
94933 168004844
75901 252817765
96769 410443613
87583 263942265
93995 286858881
77183 207755181
92645 125593769
97387 339802118
39075 8794869
83823 8686639
76347 17207615
13505 3427049
69347 113223391
99613 528715625
70509 85099388
59827 51195382
99039 544970231
69595 89512257
88265 49724820
17863 2991402
42861 50955584
91463 109279774
92421 362641765
84579 406484106
99191 59122735
91925 286964993
44977 22752232
78171 226303759
79711 203008162
26617 752293
44803 35956798
89023 69137486
82149 202025725
34439 33224449
80071 80270334
80105 129873424
99847 420525354
71573 287811393
83959 372665702
87663 197396466
91133 378677573
54867 12304434
84869 39707005
69325 50328264
93045 356149236
72785 312100393
96259 45539329
78357 68195144
53741 88784105
73801 66951913
42281 70337292
94683 269241443
78711 127013969
58017 20336681
80423 157142337
69409 118268236
99843 215584998
97581 63718237
98695 405465033
70735 177695473
68347 189292717
96489 423422449
99387 600165277
94211 506647645
54823 9607466
58547 9032621
87267 335198451
67827 262686191
98367 525273882
97367 271112277
84707 16021330
98905 329054348
73021 267390445
70337 200624333
65237 58871856
92135 67580790
48091 63815039
83687 377939179
59189 88995748
79445 133018260
97573 339843332
47573 17652177
64895 172809635
91435 358328230
55463 152672871
24887 17378083
47539 120909390
68643 168705297
77269 128892964
97421 461189125
81055 162603783
58383 169017773
68213 64138180
70267 188920641
60779 159001518
88903 325034973
45045 113528044
59065 132622608
70695 90087825
75753 58199157
77159 343714438
94281 387825736
39547 41319325
70649 141200001
61697 173538445
63639 74414095
92803 466303686
93921 243818260
95411 24602233
39705 16159848
54121 14592756
79787 131562809
57707 58701883
95329 107885296
57911 183156837
98517 425948588
90053 334008009
92151 18788305
74347 4695886
94061 112310000
83839 151441693
86639 427541221
64979 155048267
99791 439536654
96579 257110338
91729 279368541
99177 506685757
89849 321314001
90657 304099288
65997 53499473
89319 489892294
62371 80373489
98367 371082183
79487 265267459
16909 6794788
83999 152525447
68395 119967139
88553 229980968
97917 564333256
95713 180299276
32863 39697311
68251 212845994
89347 230976502
80491 109210311
88911 39901267
36629 65718457
51931 7368634
86627 15799986
83423 61887590
69161 44857305
61621 17996840
88161 17519256
39679 93004455
88385 30903629
32915 28063787
53463 127910693
90971 474454257
52453 51157280
81995 134655393
82867 89478826
72045 116876249
83431 330998658
56307 109686250
98803 585312474
86923 237754590
63265 73528213
70643 170491543
95471 202314099
76355 203754603
81247 106055863
85427 88069605
72907 180080557
62743 80749098
94067 281562657
46767 32332222
63619 233271650
97631 255421295
80505 120697112
91399 455406090
91377 17068244
86135 355580915
91333 329592020
92913 180310025
43267 74561809
72961 303065964
75319 99402234
82085 397813016
62803 166864285
89763 303622726
99975 492764029
95193 273061265
99895 122010625
95533 282060148
82917 183473101
80399 69701589
98085 553671888
88535 186917107
99967 432362671
87133 212300196
67519 54833363
93909 301670429
89127 277565362
92645 381580716
48935 135942681
91571 37272715
82263 300295398
89099 373121369
95535 269325495
83127 430167875
47367 128387914
50331 75111149
66223 203314862
71293 202339573
86577 369143565
79731 113505686
61015 112360818
91351 55511405
79961 355383073
82487 192059817
75775 307372166
38355 21985219
44351 97044603
84263 433548697
64185 190342196
95157 149619556
98385 562523800
76833 161988569
49485 41640888
58929 37877264
87315 421905026
78335 218438163
84143 268243474
35585 25871881
80563 81720246
36737 64865981
95589 39723872
81015 188787013
87123 71734931
93045 427395817
79507 308857962
92369 193227944
80591 105548398
96905 67478044
57503 58574321
85777 287344965
82117 43307400
98799 142116927
56275 153425643
59127 3239026
86021 204871816
81249 341082748
74979 124012091
52179 141950903
94117 102890764
87707 385388019
61783 43620986
83117 267858512
47071 103549505
96309 205706933
67315 209957786
78239 258103006
76235 82142435
34309 40618553
41337 70521820
98271 505910527
72409 258197977
95891 106736782
88531 96960671
93331 38517134
89721 60670960
62357 71585861
99203 408262921
80601 52745449
65809 113897689
94039 198203571
55053 155001956
90743 373274443
61913 49401728
78703 168544353
89335 72874635
71301 228736192
99007 601218349
94051 190284374
67741 74794688
71145 312063552
49703 18920685
89525 297543325
57787 126647750
86937 27194740
76163 278665094
87193 322229917
58391 182807062
77993 128161308
67527 185900219
70745 151304080
89575 317487759
70925 18862693
98717 50607393
22217 25201856
66151 82590355
44819 117123639
51335 104145715
54689 123578705
98855 322144810
89061 174754001
77933 63707885
78907 37749609
99203 68517747
67855 145938385
80647 232133151
77115 237154346
56511 108412534
63483 153920309
68683 265351933
71695 87835406
95099 220419231
62995 38956075
84817 238058264
91483 433914197
69309 143344817
94995 372183015
82257 350827425
76875 151959142
79477 156423637
81057 281397844
81861 223841101
79303 69678831
52941 56841797
74863 290039631
38339 12246253
97089 44783501
78665 305132164
83467 344433853
39339 11606507
61091 213967295
99919 392417949
22217 23624093
77111 186279139
95819 60701155
80603 354138597
86525 300020044
77997 258899217
81815 279469559
83605 382851224
59401 5714485
79647 243491015
96187 127429375
87603 53551763
26683 30870227
92505 365840521
38265 13014725
48305 24610208
69579 288054038
86107 453743801
91111 276783622
64215 49402361
46887 78929522
90793 514405549
74425 168190128
96657 330690617
58331 189615190
93183 133555631
86433 433276389
95031 303282958
72859 18847957
84471 285792990
16143 5110629
80355 55060158
94159 263644587
79901 224014988
94113 528691660
88499 322544970
90751 425336587
93845 311071625
95755 351885226
68183 282682617
98035 486339771
71201 205714441
96841 168605937
84033 57772720
66999 219223738
25423 37961907
90683 241963129
70329 158204704
91609 158878461
95817 260943621
92123 63280618
76237 358661421
71953 206536157
87741 272970484
48219 59865702
85915 99706963
28455 12630871
55395 79774591
18479 11508891
91511 359767061
38589 16688065
30959 52444750
44669 104359336
45915 74595334
79425 55215208
91097 166241269
88291 147224647
98515 25292513
75377 3081613
68373 169473940
89891 459667910
97719 268222297
74997 34897556
68079 284421577
79975 47553982
97787 37172637
93937 316318093
82525 374887673
90367 499500806
84919 372777457
98461 23229249
96017 256990736
96995 165094002
32319 48874430
97741 310200189
68321 99984249
45915 112549175
55115 100568929
39685 29545604
81335 272093171
46159 8851958
54687 181874915
77217 149763881
91367 149799403
82339 88408277
78095 175858385
90395 244196534
84959 346000821
62233 203329056
88003 124922839
51905 28445905
64477 23280076
56055 162600167
89355 269812595
93259 442913453
49383 64098958
73919 114165597
54309 444349
89549 272913308
20379 8285831
86575 43543825
66337 644521
76733 96393369
51433 91486777
82581 350650273
86893 46508781
99295 352277694
47547 113960231
58025 44929333
74657 235169429
56367 64617575
84525 65365196
78079 39212191
77347 44277875
41639 27459775
39185 59901029
77681 176652552
78193 181452045
94671 385671690
67463 17850077
84493 384779633
82363 57039277
87707 36997583
99637 337056692
66567 99745626
64399 162347475
60257 48253500
93133 419548160
82231 327450702
98247 256285814
92195 229845538
75859 283531309
42911 28979818
52299 8387991
54221 84369521
88159 388673098
76803 166746047
76591 247536566
90711 68109471
84739 185427734
67319 121609549
78741 31898345
91119 122986981
85147 195612091
97751 377588318
70293 135894117
87385 471263645
72467 84880894
86855 79238130
73227 222379919
69163 120149525
83557 175424600
99681 302811496
97267 406239141
81315 252965911
94397 142223980
73823 218491895
76301 133287601
45005 78585841
72715 303089029
67503 210565178
48687 109610627
88065 316882049
52811 155333022
65167 175510550
48271 2248419
75023 172371070
91723 422086445
49571 68295270
64287 188570254
83649 435998360
80283 206334626
98109 570015360
84413 171610380
61245 186029740
55667 81803233
99391 375928055
90127 495703669
67885 16063581
48203 113076227
88411 113612074
61447 231360929
71459 120459465
94683 228660958
21307 9234463
77627 35620734
55943 106309641
43103 106315386
80691 56118503
87941 200650353
60945 47587061
75623 64465983
93015 261026974
59719 131801751
30683 14058114
95371 466094478
53329 61223861
51269 20952420
69177 69571912
85141 28520624
50501 59782252
72339 294614953
85539 226324013
92789 485665200
79789 103124141
38827 84309415
97151 113925875
80811 274950063
97923 257907289
88525 205696084
85227 347541898
99997 16702965
87385 292931305
99087 77656486
59297 35000861
88415 320346710
61159 48319945
62177 76725733
75585 174607133
95437 420368933
97591 283087217
87631 328178714
99513 30776797
82439 98335205
83829 47361497
79363 322899071
79787 189951305
36655 36030421
51175 6517171
97745 177821232
88853 431908200
38921 75395061
66647 102627365
93709 134531217
81867 311663386
49407 147636794
65757 169187581
97729 3552264
68855 244169727
80131 193200490
93113 324021480
96231 335051617
70843 283612279
34633 9574665
92049 232514720
59675 136718727
59623 39713009
82727 79267941
50043 146865067
75727 59994097
61321 9488756
99739 69679606
55099 165152187
77605 135818860
82273 403830404
83641 255047756
61739 78497538
92643 417859339
95067 523562714
98943 333227673
44407 6548991
87263 192493379
53527 22344489
86383 71196049
79567 122057937
52795 37821091
90231 421966823
77999 103524314
91453 236612048
97827 80682693
53191 103784462
86077 47691529
99055 213789866
79911 17662017
73789 299105165
89981 483180961
95607 72648333
82511 63897237
95027 311876433
78865 294369033
92899 125761769
92183 461732451
61871 2494233
9913 5744621
63821 237998884
84561 33331689
89611 476674657
67749 170724273
82303 37270123
41015 3943015
95941 171455829
93211 293155073
82149 60118664
87367 41435511
89143 481852174
27903 43711863
99727 372491813
87981 336976521
39359 16611547
73857 98166997
20255 2445431
33211 50296754
92249 293082265
90159 211503454
74897 307813897
76633 232333513
58867 210008923
48755 140426917
82413 166629088
58997 51044281
71213 217924441
34065 71529625
38323 18873109
76971 71537831
83581 236046376
94691 88706227
68769 210477936
90003 407159053
67803 199056561
57311 31469551
51011 38004814
86857 286049617
63769 62088553
67461 12646844
60943 110509753
80291 26453565
96315 207906374
69823 82453878
88111 89591773
81321 145717637
69259 158543333
70217 184774485
75097 114032400
22959 29609449
68351 140661738
81789 256140568
83435 380796138
99573 404988549
96107 186151982
99573 409507060
68393 36777981
95331 68235779
64987 123721945
91143 53280171
87397 425598712
79501 23065596
88395 208206843
98043 101692367
83195 199304534
70447 201736183
96359 119378314
89073 5165965
87863 453824038
88795 418707030
36931 22825881
85297 453626869
81183 204476047
95451 373651321
61997 43345256
95747 65640169
67101 148877296
83691 330486570
94737 241943808
88601 139926569
69445 275933120
73077 63804420
94429 242239536
79567 128264330
55481 101941312
41065 80587060
53047 66802542
55779 6809657
46141 97548357
76141 149568505
98635 538928839
56209 120659672
81847 112345707
99339 297778245
84535 252855063
65949 173912140
39767 86552179
60439 213126067
72159 40109170
91927 376527307
38847 56591294
71709 41964241
44359 97443542
82131 308973542
85117 238195401
66865 128691900
97899 327391791
26557 19430976
81853 316712104
93841 104547720
83527 69611217
70493 194474237
70977 240777573
69331 230403093
72595 172499302
89039 140856542
36087 27278819
97043 116908155
69463 48429158
99709 541940765
93391 287106542
93669 63189872
70659 143581097
81151 4847910
31361 61422505
49783 93701013
96427 313338451
84917 135534117
91787 201805798
43787 30738631
85075 193385133
85739 157765437
81481 138930632
86863 459965830
39739 70212266
93307 352808526
76809 146715361
91699 498994683
74831 103923943
67959 33714061
65915 56168590
87543 35856086
66611 200895479
87519 223703795
77297 138489617
51313 19997336
97497 92014029
98157 272658585
64319 105494842
82267 260956750
98619 15449707
86887 260513119
94053 490737713
39595 80710743
98827 556146883
61273 194893560
96019 384828461
15235 9734107
86823 164380043
51763 128080374
49027 44471566
64691 12899175
71305 210516404
78035 300647859
95949 184789348
86943 427241891
75087 8379687
97271 475028714
46595 84991503
19847 12762323
99139 280787115
57341 1463432
92269 237275656
75747 245717665
53271 3740293
82131 6653258
90083 451343823
74779 187359977
72723 82185285
57199 150024373
63871 24099186
98071 446444034
40231 35956017
57841 58891428
77479 220917650
85289 445136313
93053 507338829
40787 92649922
82409 134469268
60271 150693291
71467 196368421
90893 202788216
83917 34944144
87499 264347490
64811 52426391
98009 108293480
69421 298598305
93347 16610677
77413 228387133
91459 220448783
48503 97545038
95947 171910927
80413 353931612
82685 79240273
56711 166742245
94129 326639808
67487 62358638
30945 27006085
98343 300165566
79611 321113351
59345 121565560
78695 226533242
49539 2746831
93319 540252954
73095 105565154
93887 13159266
66389 178891824
24675 28954357
70109 187972157
82919 326701983
29169 46191748
94327 32487395
32213 24987252
48919 30152143
55973 151235628
90843 486269694
60167 217535670
97321 392269653
40629 64886045
99109 569188661
45315 107022018
77793 98742808
48675 142681630
59939 159049006
71903 297424601
61403 97762894
86519 361497093
97223 424440499
91651 147736743
85805 373624569
66325 222401437
75379 108572339
71633 232183621
80071 112265034
78887 130305623
50189 84919532
79287 351408109
83427 241895594
47725 83888904
84775 290711941
77639 253518266
39779 46439122
61245 30179576
92099 247824861
25235 10211015
83987 118991989
80157 215589597
94131 318682774
85943 26437315
66215 165122189
82795 307116645
65655 30196343
79809 115639676
25059 27844905
82807 260871475
90457 93057857
57135 17961963
50509 78060544
86621 19835404
51327 132022394
88917 122688000
83955 428570309
97423 319721242
17975 15498207
89455 296858011
91441 40144088
56515 7173775
88755 318904309
51295 156321690
77691 362911822
64041 241198069
86833 179295216
74807 166956235
94483 365592678
91187 456575309
90949 325259301
82699 117786887
86807 199999345
89711 301880091
89053 166521681
65929 19198792
78765 231723461
25337 1134192
97753 148775849
93573 291227957
90653 218729820
91185 74637260
56831 153259431
82271 193711185
90141 203876237
67191 47717537
76311 7451767
89347 20906081
57941 88843529
81773 171837529
88027 13743510
76007 320448502
42949 87331709
93023 116177205
51383 57855771
82423 240829299
78507 271499633
34577 13202061
30003 29280679
85155 160920142
87089 18692796
46411 48717570
54483 52247227
55955 4715815
77693 277049656
53733 62933104
77801 17165293
82853 304280745
78387 237739555
85381 411917008
72137 248709157
69737 109631833
75081 201591097
88605 421129333
96527 29022462
82005 376548133
68229 267346864
93841 429171341
81995 293146467
48419 118221225
76327 286480495
90199 80546341
85573 181237476
93859 506939313
57991 48005791
82273 231386496
67321 69371348
44689 123793977
93747 210848798
83195 99246442
91101 199628252
75003 272013531
98719 346227882
95393 65338925
89133 325119852
96289 195995848
86119 170002402
99467 389589715
83787 166248375
68079 245027879
76319 307874713
74179 240949642
87895 418576739
63427 87808609
51801 148284348
88291 334934105
83373 392224777
59259 63431561
77579 60642389
94719 343501698
87165 6948220
61539 91183415
91963 18505869
84265 329252576
76307 302219638
39239 3271030
72135 60660674
65243 224403094
39873 58570409
81755 56364790
58985 183373005
62243 36684601
64601 254116401
90681 470637000
71929 89541749
89455 403521077
88213 295620616
79517 171521032
33591 42897885
80293 243106693
84903 51167255
82967 254817427
85679 125474010
86693 333826340
63553 242613000
70817 91806445
73099 187381519
92699 222939547
74661 340143992
88719 442605085
76811 275094855
85331 214982049
77035 44495282
71711 34960779
75123 278118079
87059 427073743
78571 19146891
61347 31909147
93827 241711330
97987 165077002
72869 119548149
77041 189053584
82813 419316069
79991 176001878
80473 104107216
58413 56079872
89347 329537035
98667 75403317
74241 42520841
90805 390322145
87525 374175617
87875 211462123
84403 86016397
58727 23109945
63107 41205975
70171 40027718
84339 1336849
67911 36381406
66845 200607276
99451 182190829
40639 50313687
58735 103954170
88905 448610748
93111 502051399
48019 111226295
70603 189962347
60343 159748631
67691 217560963
96329 9930113
92049 251367873
76407 196516131
31729 62337321
41551 58972606
63811 129618519
84557 106718909
57239 29705813
94723 254459066
98641 114910932
57299 31409869
83601 152914129
86805 52375621
65321 72909065
85951 144634206
26527 43844758
88197 61285257
82373 346502901
98425 198251588
88427 66940405
91163 248062613
49971 15836845
60445 166276389
79387 95499233
83775 2971027
55961 74110828
32417 64101693
93817 391692924
65045 256052716
73135 299417233
61747 43779398
61679 28523582
68959 84890374
55531 171404245
92811 180758793
93981 217058237
53601 71065453
52111 69192987
97939 583339266
89323 454885685
94213 474075441
53111 120992614
46271 91395819
94633 372112076
43607 25736982
74263 50253693
76887 297927737
94281 142012045
85445 436413352
97467 387228587
98645 493505536
37915 40193289
76663 120791499
65421 52882005
97437 552759433
82879 128858581
84917 178029185
25627 6320715
89783 363084275
98517 603691597
61759 106094250
94639 269894041
42223 9320155
47105 113659500
97035 103723483
66357 254172964
79609 165697800
94531 370213666
85969 272883848
94619 379375593
58439 100528755
47879 107722534
80797 6449128
94279 269469122
89355 345329765
87165 413448892
75661 112817913
55535 159913551
97739 70842327
72843 64770873
54241 124504785
22867 27507233
91899 126528407
77463 258102981
87969 222310324
85845 98285269
83581 347379221
61399 22510027
66481 201129096
61459 179929867
60753 37494705
63163 95143873
69039 154028618
87131 104702938
89573 319451244
98797 277984608
97065 107986913
90183 175693110
99537 175718917
82625 420656144
85593 232939468
96193 184125729
83391 107033443
95695 56885089
93077 503235585
32059 39856850
77505 140390272
67577 279831344
39029 26563124
48347 61390658
70901 47242948
87347 84774322
89435 142139229
95223 509043462
35741 58911852
93221 487223461
83555 88484010
81569 224614637
69907 164809839
94817 560132744
47679 42972733
89225 246969720
55489 136677584
93507 69902429
89845 253666129
73151 182940427
68773 143535564
97363 95123958
94099 403759514
73723 201545611
55539 71264019
81327 271486310
94839 506755963
73261 327433737
93873 127721804
75407 138526239
47781 108506097
95973 399404808
77351 253468770
70479 32246834
87465 295547388
49171 5866278
95197 421144317
81867 220845859
96721 387881065
59667 214427213
40933 99080760
66319 152510487
55741 100082308
57415 114843678
62075 176032087
68399 127285491
30031 56022627
79123 380002889
87851 137253355
95765 82236108
64035 234027529
56899 112088667
94141 517125276
79547 29985661
59815 146907554
59613 72410677
75193 340423497
99323 66785011
99379 94220663
88581 424308045
78105 192920821
28287 23169658
63523 192532883
51841 72875676
70715 103783815
72507 152668891
93319 135844667
84291 161191603
76689 177118448
88417 207669209
93483 21352303
79615 208777615
54759 42174718
98967 389406139
66005 65375893
56847 117728890
35111 15290602
68783 34131445
99911 604566819
95747 520284351
64839 243533591
92273 102007896
96313 228380969
78579 296421158
85707 65091926
98087 55181423
91775 155399815
49037 134581504
76971 14824087
99699 376336366
89347 123040717
65805 128074769
93539 176186166
15455 3066966
93711 542945019
82281 106594341
77059 127399803
53067 69605027
86963 85521038
83727 297462738
19965 9315197
81729 279558305
97369 312186333
49563 134584397
42639 109505591
49703 112920403
49739 30710243
95527 460555866
68087 9890329
47351 76032419
44675 44512570
54777 84032412
63639 110157429
99535 544333254
52331 125440386
85555 337169954
70735 179497338
72519 158942318
84415 365754343
72275 87454686
67753 105745721
51717 98712465
74197 340806949
82287 73944858
72011 6208627
85581 414454445
38823 28373681
73381 142101913
87379 362556513
71313 119937733
80123 124949957
90917 460118008
86015 239731849
83935 140197265
41795 6113713
67631 214471978
83495 132914017
97135 559377985
87657 238035304
56581 122279428
35835 6448646
51107 121674813
58519 100346830
99505 578977792
84329 153033032
41901 79587461
52427 117040167
47491 95234565
64871 225910987
85593 307904444
78443 7501111
84823 3370491
85629 326621569
98467 413653585
72503 137158786
64533 15278541
42587 10124941
88561 180202776
93071 179915562
91675 200213090
69159 149489525
97591 374830033
93333 104607636
35441 6400277
82839 141805514
76551 299325415
89173 219892449
92499 496562289
97395 567116245
73379 288348030
59923 29972963
57491 55095834
65967 19652019
45401 113506489
97901 218037252
89605 206421781
72781 241875793
97727 19752579
97157 583914948
70171 98086217
92193 531133309
69453 243891260
78595 143261141
40079 71287293
91805 223430008
71287 282370275
63161 211302232
61029 119044720
80531 32943151
75123 189012466
77841 161059064
54371 59767282
67923 131189023
99843 515189867
59547 45906943
73859 283015713
76179 329534341
40955 66818490
89189 32919453
92377 168145164
32405 32257481
60185 48535237
73467 24011183
7333 3200024
96681 104578157
97903 587735566
69123 168501565
87979 165898779
55141 154748973
89035 456234635
67617 280638197
68799 294235107
61107 89434961
90099 443484490
88009 280938512
43933 53941940
88315 250255229
85781 305623580
90533 39201873
75339 314311199
90625 179792792
99705 162682445
98573 5717945
79519 247566667
88433 128013696
85607 354755305
91305 400302721
87709 390551741
38447 50337907
94337 194709905
75499 112944081
98983 130295609
75557 281000276
99365 223612789
72709 153984185
97575 441675465
68379 225311553
77309 143730841
96417 222814777
92043 303757165
94745 76239761
98525 70966821
97373 248295105
99791 593675841
98429 438176877
86755 422023986
46939 75770629
52119 58229231
58859 201973413
78459 334313939
78461 277333301
78897 3627469
31235 3977715
29865 26414993
55771 166930355
84037 299286644
99413 239822724
92979 228343442
99271 193168117
69591 287263671
99555 195712263
65823 99508290
83731 240445601
98215 139996443
92343 25000343
74521 70677153
67229 260046520
47493 77000949
95455 485233477
41177 15238636
37373 37016692
87667 345090051
95485 219130756
81245 63061088
98607 569876950
98891 2320397
95739 320940713
86177 365148636
92987 287364243
92551 417631377
69671 55091291
62539 182222462
72129 273604688
41455 30442814
72401 200356380
95045 461542953
81109 217997280
63235 33475001
97929 585162617
71783 108346378
96497 117198549
97799 211269930
35191 46692317
74363 162655375
52607 154801879
67197 33862045
86351 272222057
30243 46480570
32579 8740786
97283 275572966
96835 356714055
85807 345575487
33639 57954167
63381 203886460
45191 1313299
79311 344796095
72615 50078306
77439 32633441
76995 165441242
61659 20121813
71409 260963264
92769 200908865
53419 132148254
78013 49132785
87595 43318385
58675 85410118
82623 187533815
75499 222515022
97157 431881505
68597 99538308
59909 144439368
55635 80093515
96011 13472502
80929 80212605
85377 44173325
68241 262707112
91903 506239585
95257 516290892
96001 353612312
94367 103121550
50941 68413253
58535 122486133
56539 189375059
79659 252431635
71791 4842174
92573 415913280
52561 171788656
70943 62791142
72677 25252828
87939 314641258
92175 112768630
75931 323905790
88569 436718980
91309 157051148
90841 361636692
28371 46656190
74023 193920586
92257 501454328
71955 223385702
92691 417286486
73155 96929138
50117 91304573
46547 102654829
39893 45191580
95831 172167362
94565 277105949
75287 246013597
68751 283171073
43459 72683334
23055 9647631
70415 272865431
87621 87461077
96759 450896774
77875 107603285
88027 273852077
63151 49257971
81657 93403189
84697 114364053
85659 27036050
70435 165418473
57781 152761860
81031 34848061
85875 114242346
85543 280450206
85295 334641993
83441 287196117
55271 186878498
97791 525580039
93155 86650538
92267 72149173
93953 54284145
74079 137285945
91029 484242869
84483 245811011
75397 307964061
81481 162453109
95233 271744884
89369 333513484
98033 187057633
99591 381488086
97089 386744828
52953 41513425
36497 51163068
82315 341868038
91511 362812278
57875 122793109
91887 526505271
97019 551744547
82167 81120089
96837 290649217
86051 260523599
76821 213177353
98393 536373544
74695 283187171
86611 410582953
62993 154921840
99139 432351389
82337 249612565
61473 35612396
48093 4342697
96931 148000462
49123 52895881
51171 108106511
53077 28569612
85283 274519426
72035 167550525
89695 26702661
81865 306893660
94967 275730183
79919 297465401
26059 11597014
74329 318385840
92575 530836163
71497 86493321
81363 65623265
91779 285459507
54537 25989008
54889 91806712
75155 315632851
71823 25802302
78157 247869941
95897 529835424
96079 166699841
98841 281726921
85105 417480809
48803 135349369
92419 14415825
93963 381716031
85477 444144417
82329 230527345
98763 2332718
95503 194695218
96459 264175757
94911 296639749
76463 42992023
69781 189798969
42213 18264705
91549 29790085
71309 54471065
46815 64790433
59257 48735629
52005 165235724
74053 153050280
82341 281104729
70849 257101476
88271 236770869
60449 122300353
52547 10116862
76973 305424153
56091 87493543
87587 369785433
75841 116409340
94775 2451850
60075 72003609
50079 81806123
82749 388871805
98551 541883274
57127 18090077
37289 50222060
97021 566249329
85731 192850133
33405 22611897
22919 30865430
72035 235068277
49279 73095259
85525 129742944
39399 89825573
54115 30284371
63567 145986406
98279 436848482
44199 52654091
60535 169103047
74749 162802172
65909 154782397
88567 126822255
50039 104937785
84913 287348568
51943 35815130
87127 354398915
56867 80371770
83061 192009677
97213 23794273
25297 35108745
98517 556364852
84119 352198361
59477 96208209
73861 189032885
49111 107942757
32359 59176259
94701 182393969
78935 122277629
97685 436001649
94651 315476857
91047 259527318
88457 372875136
57097 41056925
87275 297777018
72967 187345477
87431 175359497
88363 278962633
97151 574933821
88963 145044373
62809 8067805
65729 135576260
88617 393139849
70251 128588134
81611 42861143
85865 162133429
85775 265292977
92185 518761136
79829 353054708
70963 289224658
96105 49108624
39883 51064926
79577 218722016
74789 249965884
62193 213431369
95513 267218280
89599 369771906
82319 361565014
69989 30669545
99387 385615723
29287 13047614
85909 402688045
86779 153571343
99055 361577865
80783 6318729
73897 210468873
93851 542474719
96969 515417808
79341 349489673
84355 15630126
92627 412003167
83021 165619144
63145 137923636
36249 54638536
82917 206081777
59981 211929664
72267 8411910
83931 189234649
80567 348855307
45971 41859414
74511 171083515
70729 167040557
99139 52217607
91111 401586625
39487 20991122
87531 257266026
75679 289472431
81325 390211381
40255 77334525
63587 192610999
96061 19321208
88295 281142527
87007 132839551
28275 23989181
93591 73328027
54751 165988865
59669 43356905
96561 256432257
76231 262343741
92719 305400390
86825 39918613
66173 25180008
44771 111910633
78275 165722427
62029 22090589
69043 204445074
82769 419880848
98595 308395153
36155 43063498
93783 408746603
83399 353330547
61805 108467461
89653 233230957
58127 81252525
88211 147709103
24393 12603089
35383 62829373
59915 27588769
98427 550452525
40945 24861604
66969 250443237
96589 296615537
90609 214550368
87891 245506909
93429 65110845
95595 455611894
80845 263529228
89101 203250228
60583 193353633
83765 50316213
70891 116473683
85899 352187785
89405 419884752
42021 33342133
88283 394984989
99059 393813565
59107 124718009
64309 248034504
51021 48942156
94523 177616202
92167 513670650
93299 482304089
96099 281642515
98063 83113089
54301 34714341
94429 95493000
95245 77534801
90231 66389854
97629 157810204
94767 417350549
97591 181872579
94855 455572786
59687 21808097
91733 192938213
64463 136058614
32529 32618765
78615 45004265
84513 286990760
54331 65086359
44383 28750634
58267 152563230
43151 42618118
55889 173654912
49257 50679824
92345 376238656
73223 259537535
50749 74273428
81547 68963367
61931 173210973
29571 48193451
49593 125879800
58391 209681479
92599 438752983
45895 4683122
46007 73458137
94607 389036045
38059 27893129
82879 213564195
73717 115436480
74375 173775171
67431 84364315
57969 86274225
81357 112415712
91371 514685954
71089 82522476
59395 136527979
51335 32806281
75261 122098273
99831 94426462
69657 101437193
84427 202885395
80635 325958301
91361 491945072
89219 248415370
87007 393565270
62435 10671253
75289 284216328
94981 343329380
87031 103984787
97243 143241334
44779 24574623
77893 86932572
35419 33519123
54049 39036129
97883 33632373
77629 295375945
94287 213414906
73567 204467707
49903 109202178
60997 98824689
60863 40036531
60755 9313715
65999 185890975
56111 143135138
85959 13403158
77139 133825574
75507 240438677
35477 44813944
94111 517053789
88387 375823019
56503 122351875
82571 176485057
89371 407291423
58915 34293631
53687 164307527
94345 160237225
59303 75098989
71325 250777708
99207 335850510
26169 2404068
88239 163838549
63463 204843910
61303 171368979
68499 48234987
44393 113350608
98343 469552837
55451 140757414
37009 32992460
63115 137009
75801 181737624
56907 1120346
64743 69585522
68827 228424575
47311 132438985
79967 378023041
97591 154378569
79311 331233305
37225 62583669
99389 170311712
57175 23680614
93399 114596002
87495 236504234
76629 101092832
31111 23589039
73327 315053415
93189 522583845
78751 190186159
99641 78971901
89105 96689201
96701 560224788
6767 782999
69931 269584355
92685 419728232
57217 185527249
57663 139186313
93127 31369313
81541 264351352
64957 201079417
90239 276019141
62201 217610637
98487 41526422
93257 316357737
63339 168175258
85075 366101983
92383 28437203
52739 130483287
83049 301670129
82771 267253351
55375 7050926
80851 264768082
96401 103710189
64831 191138938
53445 44479393
73481 218641753
32811 51795113
83623 338146127
71563 246118279
24117 23162956
84909 333898544
46691 55322190
84013 62438748
96529 368178972
75797 184955965
83791 174426517
91965 92140004
71425 249880009
84321 29730580
36427 35602626
99353 252021509
77295 357783374
98267 132073095
84021 238924892
73927 267619878
93419 505545455
20613 1637769
83821 302586281
97815 469226770
50441 90822580
87835 59480927
94139 338480679
76107 289030618
69211 31434669
65899 55171261
78461 187360365
47415 118166335
99805 139230096
99949 119242793
72423 196775603
57697 42564917
64367 43238037
56515 9699891
30923 52009263
94033 168934829
96185 24825181
70537 301046788
67225 181630041
98703 10606373
50811 98147909
78083 197095422
55307 34114942
63267 116611649
88753 279820796
98255 502242039
94441 33400048
57855 93365354
58823 131374531
67335 34081647
67033 169985061
68263 38396869
82381 404906005
92031 325478115
60155 162195993
94769 318494221
89973 332105489
75307 28939530
36785 61369689
84355 314610186
87299 306865379
99133 529771484
99157 589705125
89269 93117749
70987 12670074
80093 18233848
89665 494616932
51265 99753685
87913 462307984
72713 328366140
94945 72446297
72379 72340509
73903 181534206
95211 58467005
56931 82111266
60063 139123153
99339 392487598
82243 91985058
84617 388877201
88725 332020292
66795 135168497
93523 37858229
78491 4420009
82633 237818933
94181 406098756
93959 4019026
61289 132294117
73605 128245209
69979 126990918
83367 371519189
79535 328019025
78339 121410146
97615 211563979
90351 306933570
38635 40637234
56413 88859160
70057 22028365
61083 123585527
96883 348012707
83051 294797121
75727 266017750
99401 60235825
44325 110834568
92467 79100050
24415 26296955
32311 17611550
44451 117493806
81601 185537341
35837 31613960
36119 18533763
85639 90095970
53623 175955135
30265 22971905
94537 73600637
44035 52490051
77703 48223523
95975 96773941
80459 78292779
71215 47132861
99255 242987402
54591 136227977
47535 19482981
37669 19065972
67803 191588126
94131 271704585
98879 603865330
67201 65347144
78615 112336131
84551 23886658
90939 301725093
95599 356644410
94951 76841075
58307 157609729
77817 140445129
98619 561035422
67785 55094501
93475 175388981
81717 198951437
78431 234237687
99073 114806509
87555 329876623
51943 145842699
70221 263709788
52165 87637381
83515 199228634
98913 176769037
89261 83949984
92641 377778601
97627 334482062
77191 27275482
47517 53221652
65209 169412245
70947 44808699
81503 92301489
59117 29102205
73241 177211785
71733 195886241
78127 170678707
91811 311737438
92579 58469842
30207 21671126
51849 75954709
95645 225692748
89099 343900467
96095 210390403
99371 123347057
97999 255139409
92893 147801120
48997 2484564
85383 61083318
32155 15893490
71277 144948417
66051 79984793
60599 132407386
58833 183916948
84733 448324616
90301 61244456
46023 107138191
16373 725137
82027 268156934
88255 64938686
72477 326375072
59763 176580839
81855 176359750
77843 218024505
88071 209795714
45033 18075353
99707 135600639
90209 173645825
68583 67145251
50687 58570822
26405 26609848
93207 363615365
96399 514246970
38723 81983841
59123 6079577
90675 495244890
70391 144549979
57541 85895344
98661 532024100
53779 32899263
35967 67148459
94705 370789517
98223 95893805
98833 339869733
86827 287023542
86787 112140446
26359 25351613
60477 116805924
78197 42201264
96255 192477455
75273 280050549
71595 64446454
93145 245686689
77693 247290424
54363 65227735
67255 168401711
82107 211656631
77223 249802781
71487 205084073
90897 356131768
98863 181056010
78701 134309256
94499 403471827
85541 402315637
98991 133339922
62745 124257853
78171 51744769
74719 308940663
62919 117693311
88951 235814906
61005 179921861
97211 426609462
91149 394346060
95907 485926482
69471 23522363
92939 414530615
71425 97814137
93655 49744873
83417 287585804
91813 24152264
51061 78136900
93203 227482469
79243 77891759
95105 152194045
98203 21260502
38767 80330646
90803 469086529
46867 95436418
96967 9013171
65629 199321645
99241 263401092
77345 282731552
45889 114212724
72767 185464075
58349 52384845
97479 151986258
98717 272597157
81541 180238996
49259 104061649
50881 149757884
93367 327246423
91203 215721955
66907 23236055
74629 35183297
48111 33609047
83503 301699911
51195 52729829
71657 155701821
90051 70785715
81841 382103216
70769 185376465
70963 292183966
90907 120568913
78783 325825457
73307 249717319
54081 133874073
83527 77034777
50515 152505414
98833 437652913
85181 413765724
92185 5109296
97409 105592188
63125 242309260
92055 316492347
50327 11452677
96939 23798353
69749 71571561
83567 418019869
65581 178549489
65851 265156735
68789 289009965
78891 256908829
95721 261161124
34353 52016241
79467 331150405
95023 495145771
73923 116912849
86335 109691022
94325 401641404
89907 401935041
99453 459826456
64613 187349297
89071 98359665
90309 427978933
92363 467385203
85071 376247514
90367 108544347
35825 38625088
84653 100209348
84381 329670688
75119 118541499
53587 163987174
92971 98486834
72883 175954010
76155 92549705
69879 282867275
83343 110536039
85689 371867052
65779 255118081
96975 55618283
59101 139353104
43679 82408629
87711 356839830
99393 353693400
87377 318032525
61557 13141217
82195 179595206
66849 101695641
78263 9490709
80747 238887963
95999 173845634
16815 13576443
95193 225358597
63419 136893881
83267 400278691
92621 212734301
89171 151998798
70631 256123302
68075 39475633
88287 411328583
72519 273459762
61735 237059491
57413 70522816
45719 59044306
44847 24329525
75173 70473073
91759 62435666
96529 568940972
83267 251841165
98703 114826529
57571 26152686
90211 92661911
82001 370611036
63427 240611994
96849 187822825
84587 56371894
77683 79553190
78001 41241865
75303 299919851
95117 431447168
67723 116948098
85153 194635089
64319 5227378
32717 46160213
88413 437384592
91007 393098973
75351 198333925
79789 357438497
46745 55878180
84951 400592038
92593 523232597
52771 162124439
52031 29259703
39067 20505351
87731 355758783
98139 37376618
94387 228310942
63439 194109034
79511 363120142
53267 53885743
98639 141623305
91783 45009275
79185 257741660
82295 301352498
81299 11651709
98295 459067721
90405 401138429
62331 135168598
93641 390429429
88055 98672642
97399 559137862
61537 52574605
63055 58961514
45321 67854928
74393 251328176
96543 148590539
98021 381196284
89793 473722313
44093 110337417
82595 424930381
75071 84806905
87409 467374024
81379 334606367
49723 44558623
94547 253890235
81343 41237497
81059 114225505
87215 333196401
95775 499697330
31955 61047778
84159 76888893
47779 33643787
67255 126388798
98307 340809893
71759 220774577
98463 313037131
82405 11361489
97479 283395449
85257 301205225
48581 22313164
96617 148471108
90133 369502185
68563 267460547
88889 469526249
70685 100117237
95815 444942122
62067 215615090
89275 24480891
60729 205118564
96689 535573889
93315 115511630
63715 65697671
75449 183578328
52347 139292282
87357 401649513
51575 159866505
73621 147012784
99227 403146895
84873 118423092
42807 47889794
80907 295162933
35815 12955178
47443 8848523
73171 227683907
91239 375562606
55887 44990307
99689 533509004
79931 335283110
91131 513889873
70627 211649451
81837 342030257
57267 160811483
98113 453448929
63311 76047831
35585 40603729
50649 33111041
90255 153433898
87469 401972508
62827 178009886
76443 304212453
90041 187720288
63267 88553134
64493 209729945
63629 157759220
76835 117675021
94461 27759672
50989 10927400
62705 224092461
77493 341505168
99417 299193073
97955 84587779
88139 461047105
67869 5832229
85249 35581456
29999 38310899
30707 14395663
58679 93241466
66339 231740409
50475 3488354
82887 119841613
65195 2158785
98365 9104513
82755 189700734
97775 576981295
92829 507286505
90255 59695342
98467 482881405
53587 173384425
31107 57862778
76037 267258337
77191 247985242
32157 24181844
65665 191831385
93469 243379649
69369 231751604
90883 141075159
87533 110976660
88109 151967808
88301 238693132
95927 263804959
79115 313295171
52363 169661419
47707 116429427
42147 54228457
79099 223117566
78709 361379980
59275 183384365
81295 283437149
76699 225232255
89471 71158642
33087 48229203
43675 105588614
97271 520667197
25681 21729180
97099 10696165
87931 274450599
37287 51358919
79417 367927984
81823 395071066
81467 44686641
77225 123115824
72257 15572685
90771 185624513
56129 98734124
47155 131153245
66559 269743615
57077 53187516
82071 254563309
81917 223768021
35933 75357753
89395 111478927
82635 302066597
81293 12583904
56017 154468901
92909 151932040
87015 164495407
74907 127727842
82555 122990250
34929 16417624
65323 242093995
92569 434564764
77015 347255722
40015 66529431
95693 142108257
57883 84823003
93703 107538413
83931 31355239
33451 38048425
50547 28950991
96571 88806222
99279 382854539
88661 102434621
46735 35995323
95199 136532965
66307 103473121
87921 167043997
69579 156786393
97827 367000907
79257 215988213
88455 79911029
73039 292493983
71135 204748901
99443 342586666
93175 485845421
94841 412758201
24773 13937009
96511 311415945
82331 44535099
73455 213137066
91545 348280832
96015 570931935
93975 544874713
79999 158674587
57319 106510230
50893 137095901
74547 211057051
75693 209268249
52263 74201053
95463 284015767
84007 144125102
85995 261751426
97359 236369803
85315 94344157
43071 67724278
85059 371216815
47969 77806192
70683 312178025
39169 55405321
55069 130912485
91419 121660759
49803 113329678
66051 63872505
57975 70351978
96183 553917613
62777 240199700
66543 161390083
93091 500515161
81473 379796088
63235 73371527
95711 482174321
95155 165088555
78161 147192877
83935 244861985
64479 83099589
89751 9834998
90635 12720234
84505 379600772
82521 288232681
64431 81661041
93885 536584588
74267 234533322
70159 106088442
92375 179223942
77189 356710592
96357 53682244
62807 91960645
90445 327612181
93901 305401868
84387 223499125
59117 68592728
87113 86139116
66971 19497709
92465 397896929
65609 60490521
69991 106498414
92439 480293269
64835 217411334
89307 313550902
50331 156943493
97051 488902187
72759 251464382
55313 170229153
83811 1316193
68495 291112810
99213 15509364
69685 26042360
81995 399075482
73507 209550795
76831 31108479
37527 20676825
98353 434063849
76903 21622185
96219 565984710
77299 159066365
68375 132266167
89003 126805005
90403 96846383
63967 12612163
62971 74790743
93697 246512541
99395 432889903
57975 75347171
80085 137859352
62165 9673880
90455 27064073
53059 52746201
75551 305036138
53023 8255834
84619 171750142
52269 97466104
36571 32842901
84741 309453193
94189 336462744
61175 23680961
56945 94042689
72251 128881513
63037 169571532
64331 58379229
58443 88404342
84047 419376034
89635 55143555
97891 186650706
47689 15735820
87807 440943427
89029 235912853
77521 225968817
84757 201648628
58015 207858578
73553 217610852
56605 150236240
91777 79124173
96919 295671990
91289 236109088
36043 34512361
72755 92149839
66409 138693349
63867 98085427
50589 31759329
41823 102243871
97015 48532549
62905 42785552
94415 179487173
87111 419304782
84325 379328009
36865 20932717
84823 205168213
95821 280369657
61077 112684236
93899 452971491
92079 105283171
85391 119428713
90635 336893711
70111 302839993
40101 23369260
34187 59490938
93359 239466914
78209 174168053
91869 106472672
97727 70953241
73437 283801792
93967 20763485
78855 144647875
99361 507249360
92425 371861908
99979 177593519
55873 85044713
59017 56263305
76975 39191446
41663 108136693
90317 381378741
95359 267312551
94849 548877008
93069 79074457
97597 439642069
93951 328334945
54847 79713662
62153 177802473
93107 313220681
95229 355950117
98689 447866852
71819 23748750
62045 131333125
82557 186302420
97511 295549855
77273 291217061
92537 108215725
71839 260051234
58279 188474859
82603 385602769
95035 27796377
52981 133036248
42415 96659551
99525 427169368
56785 164602804
87781 178784452
90353 425627121
88559 373130805
93799 247521277
76779 183829163
58833 144666608
85677 13229921
96469 297707660
62911 67895905
82127 118839878
96417 239137525
97083 563660283
81815 289089474
50301 133613921
37675 70629893
75649 126835573
91003 33757231
70591 199553218
7367 568283
67019 193058935
73521 41918660
60195 218922934
99819 18463194
88573 349252621
27023 3972078
62069 40100933
78143 95438961
78861 346845009
85541 144807881
89875 364312157
59303 146339629
67831 105515274
99779 157941002
78227 296759578
87529 165624980
80833 136743328
77441 253688468
97177 27701192
69425 271022940
57717 82334108
80547 145884555
91883 168925859
70663 157165414
99495 329585150
51063 19033991
73591 179068726
93569 515126237
56495 109183833
42883 114527581
52527 157954093
80295 137150507
80735 360526241
83665 374534236
43471 41781190
79125 93721253
75379 113614570
38027 24394766
74635 304737973
83603 355555111
91435 289127173
85559 209829665
69507 183257022
87441 353677301
93063 321233599
32203 8156807
74477 247865512
54709 81773948
63287 179553609
81799 39862167
44237 1139580
77567 80464911
80347 323602383
91927 59007293
89181 271262513
44371 80542414
84965 313363500
59787 27517689
86455 172866330
82629 186976237
50953 158447468
86071 297758
89173 97525136
94573 219519412
97309 731021
77231 125820547
88863 34795863
87519 469538162
63375 247411231
89925 431565536
90831 280301650
30095 53138447
91061 493516721
88071 197349911
85949 135574424
92011 307667635
59607 7355581
77303 186149793
76387 187488693
97327 153573455
85311 19873157
24265 6294861
81751 72573118
72509 210438128
96209 332751853
91079 284936055
92215 287790835
80347 68157583
94081 103296568
75519 224846157
48115 19789587
83385 304713709
64559 202986802
90967 375720715
72227 215046298
46905 30250945
88461 319305676
45461 39876981
77727 33403051
80007 122620999
68167 13895731
93043 517689983
91985 315864540
80933 175737904
76343 324820974
81287 253003193
92165 107942220
51901 87407708
93099 472131806
46751 30903426
93531 467055938
87619 415014227
84717 325908017
86861 203394133
75049 59802473
72537 306981056
32027 50751938
65771 158605739
73913 157813313
99865 98342965
52235 101441505
76599 30364366
93051 503757686
81175 177330879
98263 592573665
99915 133057005
71545 2618656
93223 405735994
72281 128151013
38853 62410284
78117 328556076
50561 16310193
85749 113440257
44359 95638203
33333 21477669
99347 609575819
60755 222384503
85967 160420273
38515 21927951
81001 152924553
10013 4956760
31813 29645708
40519 23009367
29857 31059636
53009 133678896
76173 124323228
37951 21253406
78525 147120512
36457 64159252
87815 357483907
92645 396790148
31591 5001359
81447 354048371
96385 343080469
77501 108552492
74339 227971137
96899 231256263
72419 296275351
93903 216119593
92577 355795073
99973 564471256
81857 138235957
78157 200183209
61265 135465569
93111 403381363
26069 240009
29533 34697820
90619 168253774
51623 1150435
60451 515459
88401 235886945
73973 31625441
75603 311469734
97655 496582823
99965 217759116
48595 42773833
64181 240154237
79829 294242553
46491 123816427
85007 207741019
90773 504648948
70449 298769265
84273 307771345
82403 385726134
96063 70453609
66533 54150829
76763 162154575
51771 42389945
60115 100948739
88077 40776724
89095 473591483
46571 86527629
92005 252904972
98585 200676361
89917 259373324
73913 72772085
91513 138289568
35851 69058675
56019 18874075
63867 235839013
73971 241178173
71515 264292033
84511 160843951
53755 78019099
85979 300748058
44967 114088614
88543 270175818
82741 337671484
9995 5750282
50167 71919373
87279 35297781
30733 1003933
49131 92876035
80539 253442957
81115 284098465
25273 19043205
77835 156933721
74333 338658028
68379 272804458
85333 402183965
85087 246913221
92345 366081241
72745 150224005
68367 14699065
58239 85859107
55423 127995294
57273 106725449
70603 29589091
81507 11152631
74499 118814563
62385 124404337
51455 71036537
76455 57802586
88027 438184857
96939 504234577
79507 202931778
79849 315845469
62659 167005889
58111 97416687
88057 286906921
88827 61101018
99103 466851713
56173 58603736
81869 121689324
93403 214672153
21223 20509421
83595 172553566
30131 21691550
92153 161701073
88889 439127109
86135 232412378
73511 226029042
94859 115361183
90447 228437821
96497 15044001
75221 165188124
70205 158213401
64165 218366049
65725 163458004
56815 27564285
38655 40858355
65003 169055303
80903 127105731
85663 375526483
68995 153054150
50907 54278191
49939 129647529
73699 138302527
62689 188514188
92635 349807973
92115 16491094
53645 27428016
91451 59390789
96131 463392703
91553 308015284
78243 184813451
80867 242152555
97021 434172605
75951 67580550
80073 163720120
91407 72728358
82741 222828844
78883 266974167
98445 82446653
49563 32517090
92689 34999132
62419 156055358
78755 329345246
92765 245904105
88535 461977375
88455 272016197
99675 585380495
45889 4267828
86233 240672485
76269 119306617
96827 480877395
93907 517712829
95983 1188942
99567 367654557
88901 54517005
35511 74555345
66157 96009529
92203 88733458
95001 69704321
94123 284682073
79619 351113797
17687 5145399
92295 457827735
28813 31164537
51877 72164676
57421 30517145
64479 74000321
47235 60146137
61475 14616051
84395 99088341
68183 229205333
75339 270484938
86109 261306221
83389 401520976
94613 513623981
93129 108672640
91787 334120658
58151 175827542
69099 214606233
61347 173832262
38889 48249137
89221 393418745
75085 270013260
83905 431339148
54339 104329985
57879 9924146
90571 467291855
81257 47562697
90381 139091421
83833 194152084
77717 226440161
61647 20910713
48547 70408303
90617 68587360
50891 60188527
70919 279483882
91043 114835629
68419 247924103
53235 174838869
74907 153151666
53475 7004086
99071 84536833
95045 449522649
53661 178825184
37127 64457025
70439 87165493
97087 108930057
85025 257266629
90751 352304462
44637 47554184
88799 67655003
48271 137197279
46951 75706695
82107 298754289
99461 71215744
85409 408862801
70401 244447016
34009 33355096
98723 370729239
98317 407962800
74943 328533703
73067 48434769
96453 164812304
59811 56335279
33379 35869939
83183 146661303
59495 136949085
82939 355136538
80489 357296916
82947 336489150
89545 303587976
69401 240963037
58215 137220763
90495 252624599
96257 345122289
92955 519647970
66783 69347093
86521 130235912
62605 113922697
86587 332850342
79105 227748128
95659 428143566
20295 18739330
98595 576939190
83113 287762229
64053 63176101
75979 199351305
90871 445409279
96395 397093189
96453 249559952
99337 36992404
98399 257777765
63515 74181055
56055 55102414
97909 358511716
99397 457574605
99427 313333225
90599 177832111
86855 172486737
54981 136119108
89455 46173549
98659 322000582
42023 13077777
37367 53475565
79653 169757545
38911 29944865
93425 301331164
79231 337419206
96673 165411592
98645 98034748
51265 24552640
47485 32902260
46321 51180653
38475 47558465
74265 310500216
98975 73682502
81533 378464156
77693 243037293
99927 173672707
82881 131998420
90693 262481401
77081 102982716
79361 340645481
58139 205206670
80943 23546387
58329 173237281
84827 267307434
87977 130182165
67747 169286891
84711 118196679
51739 107318553
74585 165962201
67203 33745171
99979 164444710
64399 129176553
83793 32937376
28909 26079609
92145 442910860
61337 145941621
37911 62599303
77081 145886632
98157 420391460
72399 74191822
57305 40511413
55691 103153193
55271 838531
78039 40801225
99691 428564669
