-43547 -6095742893
-29591 -4594221317
-37879 -6787186433
29469 -2579091737
-22219 -3916195137
34489 -2656151593
-66111 -3519445817
86441 -2382262389
-26599 -7967159105
99221 -9375562521
-56483 -9683106273
95401 -2693616597
34249 -6208081173
59613 -3400254557
-82167 -5072862881
74637 -976436153
-4007 -7487286169
29817 -1753178909
98873 -4791573333
61537 -7144656421
-67251 -2756942685
-53659 -6954295597
37365 -5240594281
92289 -5613387401
-50699 -3950751585
-97831 -3566792185
51321 -7052012589
71337 -2335405097
-74255 -6270961489
21693 -3708546413
32109 -684642809
-69191 -3607990321
70677 -2974157477
-23867 -7743049817
-39355 -4114068025
-69503 -8986039685
-68471 -2633520617
-41183 -6999270649
-49971 -4050529613
50997 -9860575769
44261 -6383231649
-74255 -8713276169
749 -3054463145
-64915 -4356438773
13473 -8912323913
96325 -9932542393
3081 -2400427569
70717 -7965113961
85037 -1129015773
-48079 -3631541157
29497 -589372033
-69483 -2298738329
-2531 -3899956173
95537 -5293853369
-80587 -8390196465
-24459 -1420972985
39301 -4087062837
-42899 -8808726421
-15227 -996977557
79501 -8951360021
94501 -9208576181
4041 -3333867889
-28655 -3915054537
-78219 -9483115445
31949 -7235601121
77257 -8246378729
6233 -625101501
89325 -425128293
-39455 -2808851305
38629 -7050383257
-92875 -3386230377
-42287 -6921650337
-46331 -6691724805
-46815 -9920879177
-31855 -2591115001
-45235 -3493384117
-89187 -3266671765
70073 -175678233
-58423 -1739939405
-84407 -7741862377
-94227 -6272148221
99097 -2894583009
56345 -3593982701
63029 -1699890765
65473 -5614944413
2897 -7520603189
18945 -484772333
-80511 -3574849141
15973 -1947847121
92833 -5960737525
-4391 -8160099993
68717 -816655929
-16811 -8570574537
-87659 -5862786773
56833 -4325431121
-46311 -9520139893
32489 -7762040837
18533 -5543303937
30025 -616670313
-77471 -6431709241
23281 -9536766109
78769 -5719635229
-94571 -7591548217
54193 -5415950781
-26843 -1148261193
-40071 -6886083389
-95239 -1714471801
62145 -928746897
-55963 -7595059889
3005 -3923261297
60961 -1402338461
60017 -891256477
41 -6558860333
6137 -2217414101
39437 -276870301
92541 -3259451885
94481 -5411340645
29477 -1832765761
-41243 -1845377381
-29583 -1682085825
58145 -9048255573
-39551 -2699550397
-7211 -7913099309
28813 -8864422401
9185 -1821324985
-66807 -3257714845
-77471 -3795611953
33901 -3298415809
17061 -6667060729
-75895 -41402137
67349 -5505227145
95377 -1890222437
36689 -4976686233
-88495 -9955887673
-44771 -2501154001
-463 -7083716313
-68459 -4010244637
-50507 -5589951017
87169 -8517730541
30345 -4543172137
41133 -4651597525
17985 -8587705285
41073 -8920980845
-12519 -155976441
-41479 -5132295661
-29503 -3039259889
42813 -1865655789
-31711 -4691961969
75205 -3381254417
36005 -8517912225
68937 -467673373
80473 -2058298245
-37631 -1078739413
-5443 -3645311141
14041 -8400572213
-47739 -3144897805
97933 -6506206169
11537 -8942869673
34941 -3317987797
-69719 -3624276297
-8583 -5467779725
53181 -4294288693
-75735 -4077302417
96873 -3728167905
-62559 -7653390485
79813 -2539345633
29049 -4977274217
-38215 -1455118961
-43195 -9435401329
64497 -950158301
-25843 -6929850833
-58323 -8155737881
80613 -4130104785
65949 -959750685
-58763 -7576081597
76233 -4268608069
-82011 -4427577201
8685 -6159068981
19749 -5426177897
-79367 -2947175777
3317 -1238717733
63577 -4159867061
-93555 -7854774273
-14651 -9765168173
2773 -3133185301
96981 -1279243073
46485 -7108713097
24089 -329103445
31429 -3803282353
-41259 -2842170457
-45071 -4981835697
10565 -2630644705
-43887 -2824605421
37293 -2888275505
-20543 -5877982177
-68899 -970770501
9401 -3039178505
8101 -5267179197
40201 -9875245925
51777 -7387223037
-16539 -2459354817
-3135 -3506515181
-55479 -3680686885
-71631 -728692001
-84115 -1646007405
91009 -8249541305
31829 -5381283697
-59311 -4897386385
-65643 -61827457
83977 -9644185305
11317 -1401429701
-75879 -1888674937
-52379 -1109122965
39589 -7923814369
31113 -6618687513
-2427 -4232154017
-37007 -1364917877
-10543 -7515717565
-6815 -5506358745
20433 -7266676481
74169 -8688828329
48201 -1994235705
-93759 -185581429
-3439 -5623651925
19929 -2400929689
35477 -371288177
41521 -5685634213
80769 -5324794597
-80187 -3573127289
-36255 -7371488029
-86387 -4513851253
-47435 -5403154417
12657 -8345450929
-20351 -1431672361
77337 -6790362401
72117 -9859841165
79281 -3104038113
-73751 -1145685
38213 -2181526977
-76627 -7213457193
99261 -1389950113
68325 -9567988541
-10351 -7915951361
-79115 -1821823609
-27575 -3882858493
71093 -7633462837
-63343 -9830838645
78829 -7081116445
67645 -4536189437
48493 -9351294149
-94915 217892155
-19963 -4332922125
-41147 -8648741757
-76303 -477890305
-3651 -3764430597
-65191 -8488687421
-18107 -2594986269
83705 -5160737157
69161 -4817685381
82969 -8708978089
24369 -1429630205
6581 -7982050749
76505 -1737753741
-68819 -8054628201
-27055 -5728790105
-17639 -94756177
-32135 -2136194217
41437 -2306138517
565 -8118832629
-27855 -5627152981
50125 -5794180705
-57303 -6785171953
-59759 -1438987553
78353 -2233231289
-49631 -9834534849
-67779 -7832312685
16725 -4219172709
53929 -1748030937
43873 -9524171945
-97679 -9042326605
77981 -4850030901
23409 -4396062545
-72339 -5016668273
-84179 -3356428945
-29983 -8218389665
2225 -9994162017
-47915 -279939165
77829 -3602522345
-24131 -6388056001
73237 -6917016101
-27019 -9900115409
25993 -2426441601
21973 -135739061
-26155 -1790553457
-1083 -854128705
-81915 -9385086549
-63095 -1983888549
-86047 -1126195637
-50407 -8891751493
41473 -1404066885
-86523 -6701979189
-44311 85001679
61005 -134619473
-81559 -9723096881
88945 -3262677421
86609 -6204233181
-80603 -1621917901
-32599 -9378227041
31725 -8475061541
33941 -79314753
56805 -5690496181
-54071 -1737127653
-65527 -5302125785
-70203 -3122601629
-1235 -7767669701
-18699 -6197378605
81125 -3801492025
-68955 -8255526757
83833 -8675120453
-30491 -317874521
80557 -9838384333
3089 -4375998569
-39983 -4147881081
-49791 -6349082777
16445 -6136021437
-38371 -8315508669
-34279 -8832085637
45549 -6143454001
-64079 -1216347189
-10323 -4641637429
7393 -7591137601
50733 -6856568873
-52423 -3790165577
91405 -3142904545
-82727 -163729621
-22883 -1510577649
98041 -8874243165
33893 -8825890097
-75271 -935777085
-61887 -2359963285
1145 -1356436701
-34859 -8346269053
42301 -4891944977
81849 -172347789
62305 -7844746909
-16935 -358432709
-99843 -6471188681
46481 -3537626813
61069 -2960489733
-91983 -9269971637
-40943 -1392880737
45609 -9113781377
23745 -3412245241
57141 -8283662053
-44019 -8191208785
37757 -6529882193
86981 -4051152977
-92023 -3348098837
-51119 -1666411337
-82027 -493377969
58393 -5000395629
88145 -5721491073
40661 -38656053
-43227 -5082341697
-80635 -1559870517
-74883 -7834978505
-4111 -4184507101
-99371 -4571882045
-30887 -4705848069
-6667 -3948676421
95725 -8424108277
26233 -1776501641
81597 -9072372461
33901 -569296161
38333 -6234519161
35665 -1541994985
-72931 -1383275301
76005 -3861045925
96969 -8784315877
70493 -4689877601
-34343 -4909797401
-4639 -7129648577
-34279 -7566494273
-83427 -6089665157
56113 -7857554341
-71659 -8998700597
15005 -2425655649
-16875 -6756961877
-90615 -217121537
-24687 -9102668301
77161 -4804268889
-28715 -7094128421
-64735 -790588957
-28427 -5208193845
-7779 -4231055705
7529 -1877027105
-61971 -8924198685
-72119 300130623
-60067 -9546357997
70797 -6479674249
41033 -6851006309
83381 -9674293401
12597 -7378920849
-79479 -8839387797
-60899 -9050436913
-49955 -1384943745
-85787 -270617441
-78479 -5634065041
-63383 -9133769013
84169 -145262893
65141 -1906496457
51981 -9503169113
-74363 -3724790985
-8079 -4260384397
-86191 -3601677885
55561 -2484367509
91761 -4466443849
-55727 -4697305681
79349 -4677077933
-33995 -2600269685
68917 -6902073425
-34695 -6251713729
31637 -4549502061
-22911 -3163653381
96581 -8457902769
-69235 -1779038825
94089 -2235143129
-97023 -1416300857
-64387 -6536396865
-70679 -2374760233
-4931 -2390989165
-12243 -6554368153
-4727 -8737426261
82265 -8034323477
74137 -68172349
59073 -6784519429
-79255 -6284660661
-99187 -5575465361
-83411 -4139607905
-9519 -8498298829
-76823 -1448738877
5277 -4083077969
-4859 -3128856633
72741 -3704189725
-56935 -4270462653
-91639 -8931669901
10209 -4565678161
82241 -5834372005
-20683 -9450468141
-41555 -5356035237
19329 -5015257513
-25455 -4688525309
-95199 -5177603225
89273 -5798865973
-94951 -6068879769
47705 -9640802425
83437 -5135913873
-23031 -7114645649
66301 -485383501
-55735 -7924119413
19549 -4475022677
53029 -2442703669
92957 -9510546401
99241 -2890161869
80565 -1581711669
-87735 -5844298481
46445 -9901505369
909 -8779390697
17605 -5647813245
-89059 -6553622981
-18431 -4760395925
-24739 -2020540625
29485 -5770249869
83229 -8575947109
-56527 -2100940561
-69423 -9367427425
-69843 -7661666621
29609 -6497483713
97733 -2292727373
81985 -7161222897
-75923 -9969924741
3893 -5600422613
79809 -8059913121
-50399 -6024465713
82913 -4213054833
-68719 -9511257105
-72867 -6295409941
28253 -1280444593
8633 -574197473
2345 -4521717493
31913 -7653248681
-51719 -6382352857
-8343 -7128547885
64829 -1091420065
11621 -822699485
41185 -425673761
15521 -4141383585
61533 -7470465989
78437 -7444922321
705 -5662963765
62709 -8589875329
13129 -4125570181
-49879 -9329581529
96165 -908221453
-16443 -6030227241
-46967 -5229246365
85745 -9356709537
94537 -9956324877
88681 -7260472977
57821 -8552160265
24889 -9524849065
-44915 -776608089
96609 -9529737221
47509 -6643788309
33701 -9254493309
9477 -8809367221
-21987 -857796781
-21627 -2070523445
85409 -396673009
16525 -4331044813
-59051 -2921247861
51149 -4288937685
30273 -1083412049
-6423 -8013036937
-46635 -7238431921
39789 -3152102173
15513 -1844538185
77705 -5954486741
-89431 -7794004289
7721 -8306918101
-58043 97682215
65925 -2696874445
-89263 -3119960621
46329 -1601696633
44577 -3552146849
78409 -5172913513
-8191 -2479320737
20529 -4981656209
-61719 -1207753421
-29815 -5348041613
41553 -8957338701
17025 -198910109
-51599 -151484353
96921 -8544340325
43733 -3431308305
-6439 -9713401481
-99591 -13451989
-21691 -956570925
-6299 -2877382821
79941 -4887495373
-167 -7553510381
-25611 -3563881949
-89775 -7391626001
11429 -6289422369
92529 -609894189
-86491 -3772258661
33941 -3069253433
-52339 -7495947845
21009 -9238453117
-18343 -5397247461
-24687 -9935160757
52737 -2616629445
72781 -8946783645
-58071 -1206858905
57185 -8674043401
79013 -9587780925
32661 -4638970909
26245 -5209723045
47221 -6045054705
11877 -75742817
-90011 -5902535781
26185 -1190786665
51781 -4617327361
-9799 -8989162641
-7467 -9472501725
35609 -8762001641
49985 -7391219013
5593 -4069069829
57065 -7926110205
-39383 -951682621
-9795 -828487657
-27035 -8671038293
-11663 -7222112197
72997 -3730405389
2285 -1186720889
23509 -1953465157
-85647 -475726205
-78991 -7214666693
-5135 -8494040557
51837 -9891992529
14481 -3814028197
1225 -6143087993
-21431 -1204953289
-57719 -177161633
81213 -4992327137
70649 -5746173157
21945 -6619503809
56085 -6185292685
7397 -9476086049
39937 -3462173533
-44487 -3896759873
10797 -1018437953
-35579 -4063727093
96853 -7937736745
-9543 -178399845
20433 -1303421705
-32871 -9053708417
-51211 -4820953325
-81727 -3952705613
-76619 -2588988833
94929 -5403385189
69189 -7225399569
34105 -2265509429
-32731 -9404344673
45329 -6522436989
83169 -9200090393
-89727 -8640245873
-19275 -6928674769
-19591 -4126438929
-65675 -6738527993
-84359 -5566553793
2921 -8097793081
81677 -3541259101
-29963 -2945146037
14949 -7340252121
-47503 -2299588553
-59999 -9737163713
-88371 -5979314173
-11655 -6511424489
67845 -1692123357
68573 -1535956685
-22951 -7194078369
-93979 -2530219505
51461 -5438060197
28741 -461367169
-83855 -8205673709
-94135 -2592148297
-95735 -9446281621
15693 -4239167989
82293 -8030431017
73765 -3955804705
87957 -2570244989
-75951 -2017714825
7725 -8544899425
53913 -4813901697
-93783 -5486365433
86429 -9179546417
-10959 -9898726529
-13247 -2746998481
-38355 -1905231377
46645 -1989578421
-76935 -8006649869
-14275 -2204982649
-33379 -584817517
-4091 -8845310937
-10459 -37981941
253 -6625906077
-30091 -313821321
-46503 -4769751481
15985 -3716148561
-68219 -5654845317
-4143 -3630887957
-23103 -9133986993
3689 -791977193
-5211 -4587937949
-79843 -4352435521
-81551 -1809102969
93321 -1764607013
51665 -7317170249
-53671 -8562573093
-44287 -2957018221
-2951 -6701281997
17913 -2965759149
14949 -4984010521
-24575 -8818329865
26061 -3149579993
21465 -4348609597
7217 -2428883501
-28343 -2081042289
-60563 -5082170549
93225 -9195995309
-47163 -4125876949
26573 -4310130517
11441 -8916698573
-939 -1439655573
-6151 -503478917
-35607 -1849646505
34117 -8322407025
-7555 -7784764637
9333 -3619555769
-17843 -2446078321
-1795 -5613057045
17117 -7189388085
-84771 -5025368509
99217 -7601212637
4745 -8586751073
-35339 -2132976545
59413 -7752809781
-76995 -7320683837
92109 -2230389881
3997 -4590690185
-33859 -8105612265
-91427 -938048833
77397 -2176978765
-30523 -4689898425
-3319 -7603070925
33197 -6632285009
-56495 -5468592217
92385 -4186894837
-91723 -2027654397
6789 -2116470529
14941 -3601731141
-33439 -8789073109
18773 -9240707805
15309 -2729562793
-44247 -8822930061
-11715 -3452765369
-87339 -8231263389
97109 -7832485029
-90863 -1998908825
2605 -7454554545
-35407 -8280464129
-44099 -4302439225
-55259 -534652401
53189 -9640126465
29421 -6529750385
-90823 -9372876973
-44743 -1046064245
94341 -4326448665
-60039 -1541926301
85217 -4229246609
29013 -1185655217
-14519 -666279449
-19979 -576741325
3941 -3585512837
45225 -1437811929
-4347 -5359580637
-32947 -9277403053
-57875 -3412887249
67777 -1014806329
22369 -1530601201
89137 -982147693
-26091 -5036568965
21977 -6358804409
-2483 -414745609
-16735 -708106257
-98079 -4412437369
88113 -4904632589
-9323 -900591745
-47639 -1843983433
-8283 -6143725873
84201 -6930404389
-22675 -4833257333
-78179 -2734993097
-85231 -1038732865
89469 -4409844925
7453 -146997609
-6583 -9976210213
6865 -3013138993
77185 -4792027357
20493 -4925762401
51233 -3529594093
-47627 -7446074285
79069 -113053785
30425 -1045658873
56845 -9717136981
96097 -2600044021
60241 -5726076429
-42143 -7003725921
-1291 -383356241
63201 -7432841013
9641 -7710781861
-90455 -5606895889
-46775 -4580041349
-9647 -1122401565
-5983 -1792319633
82081 -9551237465
-77735 -6798711593
9961 -5294191365
-59575 -7652657249
-98527 -1052051017
-59055 -7701678589
38717 -3315202841
-12443 -4703442581
8697 -276884193
-42931 -7109630669
53329 -957740865
37037 -1333932157
62165 -754578909
-7059 -6032525941
-65287 -9104337833
-54631 -9203630417
89245 -5478782057
96997 -7649451473
79921 -8243826393
74621 -7642042949
77041 -7194294749
11937 -2681220405
-98135 -5745966369
-76527 -6966883705
-38299 -5920416625
-37735 -9012286689
-81163 -5071136577
55309 -9829769745
-71323 -5344663553
16217 -249085645
-25675 -8496868241
21129 -7223536793
93769 -3304160317
-68043 -7091014129
-76071 -7837373441
92581 -739236841
-69699 -4884525957
-18703 -668297097
53941 -7516228121
5277 -5054191825
36369 -8860370885
-19391 -2863744453
32133 -6319722125
96673 -372152381
-22143 -2400227773
47513 -1868076009
89797 -3504985785
8769 -2913639541
8797 -9387192473
-67199 -4596096029
85769 -7395790393
-8835 -113436249
40089 -6486548821
76965 -2409532157
12073 -1874913085
20533 -3193674553
57797 -1245536945
-34191 -7868566581
-10591 -4063616585
-28307 -9115201333
83033 -6196294537
48773 -2373130777
57093 -3762437513
-46811 -9403016429
-76275 -9705007541
-70927 -4697484301
-73827 -6199410177
-87919 -1591056545
20289 -4300982893
-87107 -8849030249
39901 -5514527209
38037 -3147352529
-63463 -4430707053
-65091 77376383
43409 -5234676573
-84247 -408635977
-2267 -241514481
-12379 -9745974525
15733 -2557095597
32509 -5700976201
-23555 -1936080397
-23575 -7021344041
-1443 -6633214433
53345 -3357351597
-23271 -9392104997
29181 -1552409509
50617 -8586953289
-2571 -9817456781
-44191 -4283069365
26349 -2498028413
82445 -2356541737
-15455 -2942397073
27909 -2137453985
-18547 -3171970293
-39419 -4223758325
96061 -1460558281
-32035 -4585460013
34061 -9539706917
2597 -7486880697
95285 -6405797641
-92579 -9682388285
-9155 -7813458505
-86331 -7717040517
31085 -3139099613
-72375 -7829219681
54301 -2735045645
54205 -5154754369
-7947 -1696708509
-59179 -391469889
5969 -9564005017
-78023 -6945291269
-10011 -6042997361
-92907 -1601572653
86565 -360277261
24093 -1653714913
98465 -4734265325
96409 -4606265877
-12643 -333366761
24013 -5313121921
60885 -6417448609
32429 -4658967593
17937 -9689675253
66929 -5848448237
33641 -2680234257
-53387 -4901555013
92125 -88263621
3317 -8105835957
-87619 -5624376233
-20951 -7120511409
43961 -5445454173
36537 -2192318917
77793 -7664756785
-97691 -1772322805
-53667 -6376441749
-66451 -844151089
97177 -2167544113
-52607 -3952427637
-57079 -63306925
-76727 -7130132781
-74327 -3662158273
23725 -9598697377
42521 -1986957257
91309 -8296382141
-88019 85364543
93025 -734676349
18317 -974116785
97777 -5821937377
58397 -7417557373
40421 -2973194913
55765 -3521054897
11305 -8650760025
56625 -6896211349
-13079 -4651730793
19349 -8599480009
-7643 -6372324745
12641 -2321060413
-13739 -9610291757
3101 -5009866953
-10263 -1722581497
-79355 -5554140053
95741 -4767999065
-36583 -9279947417
5141 -5264966801
-4243 -4300851293
-7855 -6190579849
-14147 -4819441061
78405 -668326789
-76743 -3532447289
-44723 -6608659625
-79979 -6478991253
7633 -3020009893
36013 -7970022737
-34011 -3102791513
93265 -6673187217
65961 -3403687417
-90051 -900026845
14857 -4219586897
-21251 -4149203345
-53627 -6019827813
16801 -4495112909
-66331 -1700687885
83761 -6090337209
11297 -8439308725
-19079 -585905213
-4327 -4657486277
26705 -4901387861
-60107 -8882894753
5261 -6440037725
-23855 -1650843525
57177 -6519932393
45421 -839742633
-17343 -1971451765
76149 -5176930721
33357 -8538735421
15921 -2742130469
77913 -1107074313
-84931 -2702526869
52121 -424786517
31961 -2325798801
84361 -2574134805
27125 -5985256865
16197 -4360152929
-35739 -5947808737
-28495 -9098792341
457 -786526869
5565 -1609812669
-41615 -8783241045
-63919 -7805303961
72477 -4607512217
-43787 -8881282873
-7683 -5640296929
47101 -4242156753
26629 -946404921
71957 -759969029
353 -4651966561
39177 -1934522025
-30091 -8666487185
-28255 -3424440873
45501 -3567963605
-69383 -3847696969
69613 -6797621421
6177 -930101669
-11011 -3337299225
45 -8296703581
-52359 -9281292645
52593 -4203498097
-65623 -7397029577
-56619 -3835781737
-13015 -5239567977
69417 -7753218169
-40247 -1161424413
45645 -7567572041
6781 -7073694705
32977 -8002893793
-16435 -8384899749
-81867 -4481229533
72757 -1882370453
41665 -3178306385
11653 -283302565
-81883 -5278616001
36093 -8138836217
-64199 -7279474101
23889 -2395581577
65033 -3953031809
22697 -2188696305
74669 -4168394593
-73299 -6342769497
-86627 -67788549
82857 -3403268925
64581 -3256660613
48629 -4106363921
69173 -7916846409
-42155 -9872157233
79365 -1094793153
-17279 -7221734545
89737 -2236384565
-59187 -936941061
85 -3007642641
42953 -9255916325
45633 -7211806901
83293 -5139176825
-28095 -8042903133
52317 -1100483221
94689 -2579484421
20165 -3979994157
-45823 -3194940805
71909 -4353018761
19669 -8368586437
24145 -9926967461
98645 -4712975985
-1943 -983224213
59841 -5590546133
-76655 -5227972353
-21031 -4147435381
83153 -7145753517
12053 -1031084025
64813 -479818133
18861 -6431621749
36353 -3881755521
62581 -8116312577
-13247 -9937693225
-48171 -4022295133
-11159 -3058880061
91461 -4856366945
-33095 -449847377
-56659 -3373687929
19457 -1042796481
1433 -3484413121
73189 -5566398717
-58459 -8161019789
42433 -1698607357
-68503 -5717967757
-10491 -4035812313
74129 -9854095661
-22007 -4490166777
-535 -6890258157
36513 -2430890785
69633 -4347538577
-58447 -2914653421
97165 -6908270293
71729 -7080085425
-18431 -3052150329
-16011 -6195780321
-53515 -1698510165
85509 -610767185
-17119 -1706776841
-70131 -6697985877
31553 -1548248361
40317 -1153898417
7509 -4283014501
17333 -2433351033
76269 -8018491241
-33159 -3039806921
43561 -4189402409
66397 -7069549761
-14319 -698395721
-17947 -4180914473
-99359 -3734588157
2397 -3331960289
-68815 -3034001653
-20427 -6129748749
46973 -912576321
-91023 -6485186177
61985 -9389959013
-4247 -7507890741
-27455 -9195558485
-81147 -640972421
-63803 -3701455741
40689 -4265787317
67785 -9959951429
-5539 -4380472105
-7891 -7797316257
-12707 -9784211797
-71191 -7274871233
78101 -4461198509
38593 -9763775741
-11167 -7530580081
13413 -7441388213
22753 -1656647277
56905 -2793815545
-5375 -8694424377
-97895 -5004424233
-95991 -6433595221
54625 -4514434413
3989 -2460041493
10933 -8032821225
-64375 210905287
-41435 -3395905997
-63315 -589113325
52977 -9192625797
26953 -3436629657
-14519 -8252325733
74737 -4678285361
4009 -2567131721
46617 -4735604901
-16783 -4418086457
-71243 -519707177
82829 -4493202729
7885 -7653391757
74777 -6803577749
-24799 -1032756281
-50623 -9198957073
84753 -5706719041
74709 -4472066301
-67695 -3557687525
57497 -9904506425
28401 -819282657
-41791 -9913835445
48133 -3123482549
-25835 -67637801
50633 -3266171961
-72147 -3008720113
58941 -7376241641
-77751 -6843928769
82665 -6252197325
-64183 -9082717401
94549 -9207957545
-46799 -4154293849
18385 -6641647897
96937 -7590551385
73817 -2436507353
-32767 -2170400949
42065 -4497814649
96057 -482889101
-44139 -4160824517
24329 -2847868053
55573 -6818211209
11965 -311710853
4193 -1984431813
-62527 5545751
-38675 -9000821085
-55923 -5644573105
61825 -7974523681
-83027 -8156910609
-84839 -9832587729
4641 -69271761
-57779 -8588399993
-53119 -2792908433
64881 -4369508177
7913 -5633063373
47605 -4378235897
35949 -8164004297
-8755 -3703302437
78001 -8729112381
26721 -2575609069
-72075 -6755294421
-2355 -9711191333
94497 -5362589773
-85751 -3035536189
13041 -9187019649
46081 -5154601085
24553 -8934601689
99157 -6422571225
11553 -1507365657
32577 -4876693865
37729 -1548858941
-99847 -2153915461
87649 -1512609101
-53995 -3922653797
59717 -565744517
53677 -1001450253
-58179 -7723164841
31281 -5923447537
9081 -6316348901
-22087 -5497679957
-1427 -8524601285
-20875 -271037225
80225 -1096968893
-67711 -3753695357
7125 -684012261
-30567 -7482222025
92777 -4216526037
55081 -218762097
11141 -346105817
-90127 -7223009757
25241 -8256917313
-87127 -6265688781
-10539 -1387810829
78129 -8271495837
-18743 -6875126669
-9423 -9169138701
-65883 -4092764329
-72467 -7675295737
-15471 -7399694889
-3315 -7142238109
-89355 -4869822465
97765 -1630392401
-34031 -6247318249
-26335 -9946658525
18377 -1884849225
99437 -3222707009
-61755 -1852909357
81661 -2993731025
-41527 -7628807885
-17899 -3970479437
58537 -5957693109
-40151 -2759618721
31285 -7008522341
-42895 -5582363833
92321 -6286537305
-68603 -1321568157
-87311 -3990179593
-77039 -5963071481
58593 -3080217
61749 -136747377
-37351 -9839704941
25361 -7479692381
9965 -1728746049
88873 -3457518001
61057 -5103919037
55885 -3804924173
-74939 -2202583997
-37827 -4921700381
66797 -4174101213
-95871 -1807443677
-52047 -434908709
189 -9206033221
-90679 -3216642361
-30675 -2428369961
-47319 -2655990053
-57931 -7936030633
-1363 -7717167409
-38107 -6871263209
56053 -5859732097
97577 -8365242689
-47551 -3401370797
56261 -8433848065
23745 -3500301229
49589 -5987005397
33521 -2768230889
78557 -5178729065
40889 -861670533
-81755 -9965171789
78569 -4669719485
29229 -7173491153
24969 -9438815145
59021 -6086042557
50397 -8850484165
-20087 -1229796069
19773 -5938057297
-45367 -4902009989
-57459 -2677026289
-42479 -2343981093
10137 -3803963953
69989 -7911281861
90349 -9790107413
84173 -8185431901
32413 -83247473
5665 -7284027917
-75563 -3572467049
7941 -7627889769
-1011 -6992068809
-90943 -2427996621
-28003 -7121408565
-97935 -6398581109
-66311 -4273518041
36985 -4542786217
73701 -7778643781
-11943 -1896954945
23165 -9455996681
22917 -8114089281
20093 -712751161
-29591 -1859689981
-72047 -5144284753
-19647 -8324551045
-15663 -4621937101
-52535 -8741583881
57729 -9143025297
-86791 -2554439557
46889 -3218837481
74269 -1771076325
-4739 -9424243377
-39887 -8552357353
-22511 -6017115081
64237 -2803572145
-28027 -2322772421
96481 -1322123357
-33191 -6168703409
91269 -2828337669
-30307 -727242433
-7127 -742941201
-85123 -8575439733
39669 -8541855057
81289 -3738583969
-51851 -9762669949
-67491 -8358484129
4157 -1778045457
20377 -59508505
64665 -4462914877
2213 -6562683325
4961 -6650785361
-46739 -9162077865
4857 -920274933
44585 -8030155629
23533 -9530802381
-60263 -5925627761
28985 -3240882749
45857 -4296671797
24861 -8094113957
-26371 -6730741837
-95443 -2188126625
30153 -6334698081
18985 -679457153
-25491 -9938966113
62317 -3512774893
-70739 -4055420397
4053 -7730384097
70513 -1524591857
2657 -5533887801
-26807 -1837365021
-39891 -4244554493
96209 -4332371821
85301 -7767287001
82585 -6120790165
-80543 -7725431529
-68139 -1584706025
2581 -958511413
48229 -2955359441
-19187 -7523391365
82589 -8113123401
-62719 -9469911649
-88263 -1161171625
23629 -2814714233
-29643 -8103253589
86289 -4777744301
37657 -2540897925
-83439 -7528310621
-99875 -26827561
21973 -4234433981
-55771 -1769064801
-39875 -4294571237
-37719 -6421651389
-69223 -2590714385
-49419 -3597043033
38245 -4810829989
58989 -6577717937
-44335 -2490067257
-3243 -4359896805
-13247 -9945966409
-48759 -8775073445
-33599 -8593691737
-71363 -1947647869
86473 -3056213693
-41811 -545500213
-43755 -9399944897
-62131 -3761789501
91245 -9605045989
-89583 -7677353957
22629 -908297701
95965 -8135995045
45169 -7776808789
-97943 -5862675901
43557 -4200426481
-74303 -8252164601
-60699 -6719741197
-41887 -4727770161
-16115 -4016208017
-99475 -8272729917
16729 -6532281145
69393 -364952321
81073 -6946058509
24929 -8722345409
6361 -4040481357
-32443 -9356890457
-15327 -5760462201
8833 -6228421109
69501 -2708090553
20077 -2606200649
81101 -3820361489
74509 -2037737265
-89051 -990422709
-84511 -1926354281
89729 -8629405081
-38139 -6441201345
99025 -684856901
-7079 -2038968621
80729 -9693177137
15353 -1652394049
64021 -6421845657
-63555 -5951180933
45061 -3524187173
41637 -9367674357
-57811 -753576345
42393 -8303882561
94377 -8889132205
93573 -6210279505
-41951 -4924754913
-22571 -5124890541
-18435 -4275237517
-87891 -9977913893
-55435 -8727011985
92433 -8564498981
-63687 -9986782049
57905 -9802883509
-67551 -228571545
90681 -6539077849
21665 -648368565
36841 -1622098469
43045 -6859659521
34121 -9988872621
91229 -6894858625
-62347 -7100799297
13021 -9307074117
789 -817260161
47693 -1451488369
-66375 -3655965857
47461 -3394862045
-7955 -5099261029
61617 -8703272369
39381 -6916134205
20889 -5729866117
-73767 -9436133509
73473 -4953644489
73065 -6565907733
88333 -2506245249
-68811 -5941098041
-19379 -5973515221
-35483 -8014256833
-79707 -4101939525
-79363 105607095
-17063 -3823723633
-24015 -9037343897
-62967 -1058715225
-79711 -3113999057
53449 -1205035217
-44323 -9404757225
79189 -6454838913
-86783 -7774921729
47349 -8390293733
-96655 -2134337785
57713 -4056703609
19045 -3695791809
-59391 -6373143937
-28307 -4754596277
-14251 -7258619425
91565 -7128500765
57581 -762186609
5737 -5044607513
1289 -3334583517
-41427 -519465073
36409 -2784263309
-89643 -4047006217
38621 -7638987881
25833 -2436742473
-94919 -871808833
-72619 -1645515021
68437 -9102253093
-47139 -1206373705
-39039 -8870900765
47281 -8524697681
55541 -998238489
-2131 -1624248449
45757 -9154334745
-84539 -3012569785
-80991 -9276016417
-97739 -4842962305
-27895 -7660751245
5181 -8043128329
-78651 -9529557849
53705 -5856878701
-85887 -7502466569
-16347 -133204397
13597 -1210594913
80113 -5239296553
-89387 -3537757465
-27811 -7204360905
945 -6931767529
-78267 -5524258741
88437 -2610422949
48769 -1479579133
-88787 -6355801801
-3039 -5949743469
95617 -213043221
-35947 -4757008629
-10803 -6690140293
-83407 -1798949201
-33699 -6779938977
-91459 -3376425545
541 -9805206533
-90463 -517147505
-56211 -8732122421
18721 -7291847557
-48563 -3231328061
39097 -3555104805
44077 -3715742289
-1543 -3650550525
-81411 -460899113
56761 -9912007021
36389 -713845561
-68583 -7760019193
-85363 -934559965
24737 -8437159493
-70891 -9440475129
-68515 -5947823601
37121 -7188535249
-70927 -8208376669
-58431 -6442097153
9789 -6994274393
-1159 -2941778565
-69163 -6386948301
-17423 -2656202873
81949 -7593522721
26237 -8343036513
96105 -158559157
-8823 -4670384565
92465 -9250743117
50701 -9368124489
37813 -7173670041
51461 -7847241237
-47767 -4584437933
66337 -6702793313
-88567 -9439326509
-82859 -6573877353
-30739 -8225839577
75413 -6622673197
91521 -464006797
-94459 -833053521
71725 -7727563293
11465 -5710096449
-65415 -6043306221
85081 -7857235061
-38863 -9525233669
-34687 -7163633041
-52403 -7742691153
76213 -9202428781
-19315 -7215048613
7569 -1429148177
87397 -9882073597
-64119 -4349192889
-48655 -8992039461
33177 -1200198041
-95463 -6236432205
-85927 -50788385
-82455 -7052060945
-66991 -2623192617
-34439 -7287705441
-80399 -5796979033
48269 -3425282461
7681 -4642740061
-87815 -3931645581
-83215 -8633199761
-74183 -9243852553
53901 -6609361241
-23575 -108672965
-18583 -1350484413
81357 -1361837969
21745 -446496721
-71387 -2110094045
54941 -4986642585
-57531 -2601112781
34521 -4136589793
-3795 -4833510261
-45023 -4448828489
-48451 -7615566169
27861 -6103715369
18581 -6666275293
45501 -6804156765
13661 -5472718257
-17383 -4397691525
91913 -8089610317
68125 -2450597065
-12351 -4060915673
-32763 -1875010601
-46919 -3357083465
42173 -5606933049
90645 -372096433
-42491 -9740529445
-29179 -8593660997
65005 -398389941
29909 -1717703581
26217 -9344287825
22573 -4330172465
96481 -3756941025
-42219 -9690983053
-83023 -6093108789
12697 -9031475073
38129 -7096207173
-6391 -1512215029
-86503 -1696196325
39661 -7314082557
-1927 -6244859129
14629 -4071645
-10939 -4519886325
85237 -773881501
-8027 -4753168221
55985 -2530062977
-80043 -9276731749
32777 -8420746101
78341 -9818233697
-47455 -2357366337
-44675 -5730282861
12769 -7491932745
-28379 -6832827149
70065 -1467126441
-81007 -8892317061
-36083 -4591295929
-58555 -1849062377
-77283 -2094676777
67037 -3590339957
-54687 -9520018329
-36631 -241048753
-1363 -3561527541
93833 -7555904937
-54539 -414383061
-37399 -6434201265
-95279 -8047389361
3553 -8218068969
76385 -8820793
-3431 -7686482333
-85947 -1686495261
50881 -4727254493
77685 -88633885
-23771 -3476486241
-31719 -3330101657
-4943 -8105158337
1 -2805948173
-35475 -8107652081
-89443 -2411269389
-64507 -7583008545
-72891 -3887304341
74805 -7699156877
3081 -8860121461
38209 -7609061877
1285 -4223092757
42277 -1546367973
46565 -5042244633
15893 -5172253385
90497 -7336957277
5049 -3081391141
90141 -6489489945
-38175 -1621385805
-55771 -5952918333
86797 -3831816509
52341 -207049973
33061 -3250826561
-71831 -1509630001
99337 -5558407561
36353 -319146065
73153 -5480098329
-80479 -8103099993
-30219 -7672941613
58653 -4669844877
78889 -5520099953
-75471 -9022673413
-12215 -9136750165
36013 -387179669
40357 -9326316709
-95591 -2490274917
90277 -3886600377
46401 -4064700513
-87727 -4541250849
-78571 -2235520697
-91419 -1118810257
-90407 -5281103845
8005 -5018468525
17657 -2455664941
65421 -998926825
68693 -203172433
54633 -1919574905
-20431 -5794266461
41525 -9234390781
-89435 -2900200553
67457 -5220391693
-54251 -5459068545
-58423 -6665151309
-76503 -6672421393
121 -3361949029
32677 -9053752853
-37239 -4402821833
-26091 -4130907901
88873 -4066896113
67493 -7689348117
-25811 -9746144781
-15083 -1611921457
53009 -3288532781
-20479 -3706754297
-86231 -8735605573
-1107 -4200810949
-76263 -932683637
-44355 -2673731353
-81535 -8267748165
-12079 -5918529557
-53083 -6938782017
75961 -384385305
-55447 -9354048925
28837 -6812167373
76917 -6634242237
65621 -4122311789
31649 -1775776517
73221 -4115531485
59005 -8369894013
11221 -9798554033
-13255 -963479265
-25431 -8562392313
26865 -7824582681
-70651 -9768450961
-97771 99937747
81577 -6569700529
-32615 -7382148765
14853 -8006394729
-79055 -5160860245
-32947 -1809687045
65985 -3363234525
83961 -4117158365
3453 -1829114805
-91619 -81045389
21357 -4722339197
-73779 191887391
12313 -9564394745
-51415 -445604313
-15911 -6731218333
3625 -4028707493
-67079 -415242829
54425 -192111089
56597 -1051694921
-73759 -3827154433
-47095 -4657346721
-35087 -6137373629
-56243 -6326361789
41817 -4852574313
3337 -8641619813
-75155 -1592295073
27417 -174547813
15517 -5286660781
-74627 -3517023813
-74455 -5107120525
-3611 -4175215337
-52075 -4538728693
58161 -9490474041
-23023 -9270003745
-2855 -7295269033
71421 -5556053745
52857 -4689470845
-54359 -3356177293
-59463 -2403808117
25793 -1397174649
74309 -8045933649
55093 -6668015705
-81575 -3042148809
-59923 -6321763677
-7447 -8203978401
90677 -8432594641
93165 -4236508813
-51095 -3701153237
-89271 289668827
19521 -4065824693
-98019 -7420472713
7145 -4841079509
-97499 -3379416061
46897 -2632031453
-28595 -2253527149
-28363 -8555278949
-10983 -3633851821
-11623 -1426283717
-85043 -5355576977
-94175 -9411039865
-53655 -9464680509
51789 -8571818865
1097 -9065439069
-80215 -255802865
82985 -2500448073
66925 -3255966841
6541 -989844769
26501 -3415028485
68565 -7204988345
18841 -1794691825
95377 -6113876757
-4839 -3608275985
-69675 -1666024577
44777 -6014366241
-39095 -9273224633
-81895 -8069332289
95373 -4970923561
-54219 -1533111793
66597 -2129094545
5149 -5618745741
21921 -6215321725
49913 -5731852241
71269 -3460130889
-94835 -5909072969
20345 -2675055225
-33003 -671637721
-37775 -423711137
25801 -4313008017
41781 -1532735341
52649 -160138113
-84835 -3261685181
-21727 -2134363105
-7443 -2364080121
-97115 -5870332845
-90391 -22033617
-39383 -125347201
-72623 -7825495785
17797 -9480616793
-22907 -7503397989
-64035 -5432922413
-64375 -8363292849
91041 -9112923685
59833 -5870270449
14209 -6011625113
-45375 -1367560529
52465 -3200952913
365 -6529584045
-67399 -4451370661
-30179 -9983531881
-42763 -8930176053
-30023 -263926821
-2079 -2641873357
45713 -6714463809
-12311 -3261756625
23245 -7677541969
34465 -9925549517
20481 -6835358537
33113 -4305403673
-14123 -3006485457
-4059 -6862747813
-84519 -949390937
-59491 -2898382745
-56111 -1212643357
-53951 -4683580349
2061 -4414868353
73233 -1530835225
29973 -679600469
-62687 -965643153
83225 -1839111601
-36287 -4535746121
60361 -8298108861
-35927 -7642693273
-21235 -13799177
-65919 -9421397589
64353 -9971827973
35045 -5197928581
-51179 -8474120741
46965 -1090893809
-4623 -3401360157
85449 -8291429633
-34271 -3599504001
-59899 -3087756281
11761 -2459024969
49837 -9009703193
-58063 -6025145901
42797 -3420808973
72121 -6640870861
92733 -5271067301
51265 -5982550837
-77147 -2310075745
40337 -1814602185
89921 -2413135349
-21987 -4013235213
81845 -9169539633
-2915 -5501788189
30193 -7599929169
-63771 -4705527665
83837 -1615728513
55977 -4462511837
-29755 -4064463489
-66187 -1415681901
79381 -7143220997
-19183 -8754334717
-64547 -2263837413
-89619 -9233090401
15605 -1276588909
26213 -6498914081
74417 -6075774157
89189 -6793599493
-44463 -7960952477
43121 -9550004933
96469 -3798113797
83777 -6299076897
-79595 -7668360349
34441 -6369705201
-74035 -7398870433
-92707 -2978948501
-60671 -758162017
-91731 -5969588317
-40851 -9289383117
-1543 -4581804837
91213 -2764805633
21205 -6331009385
-94559 -8835281445
11041 -3694486901
94121 -6577861861
-26483 -8891020445
-60299 -2227698697
53289 -4137248925
-7107 -4883109533
14361 -5778157017
-20559 -2030158533
-59103 -6288836821
42781 -7876405597
-33767 -4950607805
-20631 -1890047753
-65027 -7334645597
-76051 -7024826233
31429 -7139192533
-99147 -8216460301
-99599 -2630272609
-11319 -4998851493
19509 -3595180377
12777 -3099645909
-25575 -5999439473
93833 -6667702421
22737 -6848348561
68361 -9157636793
-37899 -8232697437
-47135 -3474256205
86401 -80439725
-32807 -7167875993
-45295 -1037288209
51961 -2236743985
-32031 -8092145561
-48635 -5602404485
-42435 -9086124129
-77847 -5211090941
-93483 -4635165453
-23115 -5765232961
3673 -9145289905
84353 -4237906481
-22787 -9032591421
58473 -5380065337
99805 -3916735541
98317 -5101370857
92113 -4611969225
39377 -1397057041
55961 -9827042545
42037 -872597549
69985 -8462621905
19913 -8333629469
-35703 -6341239413
-9731 -6592831945
15985 -8968938397
32021 -869719329
-5207 -265572361
18837 -1909237505
1217 -1380095093
9613 -4041753209
13269 -1784198317
-62331 -2529915765
-12423 -4947636601
-69819 -5174297805
-22095 -358926297
82813 -589741081
-56863 -4718921073
29289 -5234316349
66161 -4020905601
17481 -5301232849
-26335 -72558309
52757 -3119427813
-96951 -4977466793
95893 -6933607613
97561 -3974078873
3941 -4911324417
-45143 -7447778113
50325 -1472397565
-58891 -5041194433
-41531 -3487666953
53097 -485554305
24513 -6098791429
-81795 -4543492841
9105 -9091193013
65641 -3712987573
52017 -8594277745
38325 -292436105
52309 -3588024065
43989 -6737445505
-33259 -6399882653
-85367 382458831
86009 -7815667073
-25363 -7657009185
80025 -9988601369
29589 -7805209429
70461 -2856347705
32629 -3400692657
23605 -3994505145
75565 -5087371541
-95643 -6091775893
-20679 -8696580641
-32291 -6103136805
-93111 -4155250757
46409 -5419458525
-15315 -2097621129
-59603 -4802975941
25381 -4414864361
99617 -8107269809
-25291 -5132201361
-12239 -8839781057
27409 -3017825849
-44387 -7121702673
60661 -3487042441
-39675 -3455655241
83321 -8148671641
-3651 -4891053849
33005 -737481137
-25839 -7492524125
71613 -4545588409
-68479 -7742353029
-13951 -156583761
36645 -2356747493
80965 -5239575781
-5763 -1489479961
-35695 -5905958421
49309 -6286248857
-99923 -1304041641
63465 -9821661433
48037 -423540381
-44915 -782080849
-6491 -7160728973
12825 -1810984669
7741 -4215957445
-17855 -8639909365
-95951 -7745473173
-18927 -6732281085
-16527 -9582334313
-10943 -400839889
-46351 -3866014617
-52127 -665327197
3021 -1787522945
-95795 -5142702309
54533 -1927574921
57669 -3798569965
-82059 -8228258921
46253 -3879638241
35857 -1779943693
-20947 -6172979825
-97511 -5628885953
273 -5052564245
-37655 -457888033
86905 -7372658617
29785 -2528479801
89597 -1784304893
-8291 -1420926149
40397 -3469497225
-16251 -6528899009
20645 -5146231529
82973 -8109139197
87805 -9036462061
16345 -3880391329
75889 -4041143461
-78435 -1185986377
-61835 -9111068581
14881 -6804384433
-69275 -3498745673
7745 -6537501149
-42183 -9664048693
-25467 -2008776533
52829 -4029726437
54537 -8431929749
8661 -4014829537
-35651 -3383839189
5673 -877546981
63685 -575125141
11621 -5416134889
925 -3556207773
60289 -8429067953
965 -4836730729
83225 -9646176997
-74163 -2815139281
-61043 -1935516725
-40447 -9191714297
-56123 -2668423673
-47455 -5478164381
45685 -1344242549
18701 -9202114789
-85755 -4136081945
-8019 -913496721
35225 -6106555593
-14283 -2960285373
-38811 -6286028921
-6767 -9323674821
-70483 -6592272257
12305 -694693161
90813 -6451900521
94005 -686880013
77389 -8823525305
-27375 -9431168433
32517 -7655958185
-68987 -9015450273
-59159 -9939746429
45209 -4055415509
-72883 -2025550285
50917 -5523072745
33921 -2396988397
25557 -9135102637
-2363 -1880285689
83349 -3319348649
98281 -6117732393
-3915 -5792523137
19557 -7738471261
44437 -3873734649
69073 -7071466041
-23459 -7471139173
-89079 -1567281741
-55587 -1294911109
-86027 -6778854705
-13363 -3545713165
54593 -3563271325
50097 -1262253873
-29747 -9347165153
-37987 -8764814813
12953 -4584379253
96165 -6522904525
-1327 -6667401109
24881 -3725562105
77813 -9127241541
3333 -2657892505
38529 -1079554977
-70223 -5929637825
-9391 -8606724161
-69383 -488955305
-79719 309965483
19145 -8906825989
-40243 -7734619517
-95483 -7240610561
-36599 -4932392789
-21487 -7786724521
38093 -4289971597
-18615 -8928229953
-12379 -1666904289
91285 -1078188369
18433 -859830053
-85355 -4511453485
27653 -5431231969
-29663 -8355390361
4133 -6896389997
95561 -36898793
-4599 -7730688193
-54279 -5918106317
30337 -897053257
66709 -4631001529
22509 -58474645
41421 -6534960321
-99039 -3100461293
38569 -6685844889
-77891 -3935265705
96229 -5247489273
84437 -2249115885
52557 -6515361649
22689 -3024336249
46769 -2489457257
32837 -9831791405
25937 -9252364941
-61755 -811778269
67413 -7030315345
54337 -451202697
91033 -2826224797
-44835 -1355324233
20169 -4971167993
-97823 -443147321
-86359 -7715457201
25081 -8099828669
-3639 -8103913501
10813 -4112094365
94949 -5061585221
72733 -7700362677
20845 -2329906937
52461 -7227422901
2757 -4940847517
22385 -1850711725
80989 -832038029
21557 -7773868757
-16223 -4345894133
65305 -1197254785
-43935 -5025650829
55073 -7859371781
-50363 -4437287109
86569 -1471190237
-78363 -2558643741
-30063 -8069938445
12149 -4305793857
26185 -8322654157
-68727 -6160610185
-16111 -732411757
-16987 -6745808501
5441 -7389490093
51325 -1978299321
-16979 -4143872097
76553 -7795591205
75177 -7605368209
-22043 -6651708893
-70627 -3070547041
-45495 -3082633469
50033 -3850148389
-63051 -4244986965
22777 -1357346701
94101 -2805975857
77401 -1263835457
80997 -7806134441
91241 -4514658501
72969 -2489330653
-80815 -3927319501
-67143 -1706230681
1373 -1546419129
63505 -7277823857
30945 -181029337
-99899 -4768010173
25293 -156853545
35297 -114092421
-2811 -2366608305
-98639 -6308596641
25397 -196173041
-90339 -8642158045
22925 -1588912173
91069 -1539930689
46589 -577986093
48009 -9590418493
18985 -294842013
53009 -5095882285
-50535 -4179445057
-14571 -5820535501
-16867 -491435249
-36267 -114051749
-13455 -2089930493
80349 -7051714865
-16515 -5611522761
57433 -3019332561
-58091 -7145041
55649 -4207482977
99061 -6392586413
-61007 -5458961521
38493 -3818254177
62861 -3406239589
12169 -5296022877
9265 -1701009537
52089 -5920347009
74585 -1837574621
-29503 -6782004565
-65023 -4257741749
20249 -3816721861
-77387 -3822764897
68469 -3721082597
-8035 -1812482445
16477 -9750424633
-95035 -9335382201
15841 -9105988333
86485 -8127655621
-1555 -6503268953
-93759 -3355700633
76193 -3241095329
-2767 -4313801765
-41643 -2628005281
95017 -3778625885
29561 -7641918905
42129 -6928657033
-75671 -5348542521
81753 -7139905373
-42807 -4360812689
59321 -1224601037
-85987 -817666517
-62007 -8515927933
92793 -1099777857
-91763 -2612459733
86033 -3113919621
50633 -5774699109
71229 -6762222217
6045 -867702409
-36131 -7992574345
-53127 -186456913
37225 -8800340701
79049 -1116495741
22505 -9354748369
-7935 -9077397141
52333 -3435927205
86009 -718103929
43481 -9873724537
73709 -6858508265
-31011 -7351922733
733 -9106974605
-12647 -3426528741
82301 -1952002181
34525 -6898329761
-24483 -4267317017
-6879 -292929937
67017 -3875665697
-17111 -639961609
-3539 -6363948657
63909 -8339724753
92569 -9263227257
-55103 -1435979253
-78263 -2972051385
83909 -9879247541
-41607 -4895531993
-39207 -4631773077
94881 -8536703185
6721 -3017311869
-84931 -4278395429
7025 -7696699445
40569 -1306272433
-71387 -9266779137
-95843 -208411353
-631 -3458130573
-63699 -4391461109
-6939 -6319843297
17725 -7148207577
40561 -1064425945
24001 -7528322825
-24911 -5134221021
-78699 -9698783693
23757 -165632269
-40063 -5051415497
9597 -8011059865
-4775 -1580268821
93945 -3057491825
-86887 -6889376801
-46451 -2058931069
7701 -6533698433
-50899 -4757631369
-87703 -1820341381
96729 -6004819529
65393 -126913377
5937 -458479109
-66639 -7137684797
42969 -2166406885
85769 -7709442201
6785 -5028746869
54953 -8079094749
9409 -1287679953
60561 -2616849841
15153 -7169355929
-40647 -3799245701
-18387 -6596484065
88465 -9963931981
-72431 -350745685
-3151 -7681217181
59217 -9231919361
-93947 -3385965713
-44007 -6519372485
47585 -215098825
53469 -9916483473
-84431 -7626887249
92585 -2526174481
25117 -6959945245
-3087 -8321633241
-22879 -8871641693
-79047 -8682756265
30545 -1779326825
-99203 -3462166213
-95215 -9197826153
-80563 -3180365885
-16743 -9716308669
81689 -2091066525
98629 -791082505
-86455 -7035737985
-70679 -906683925
50389 -4755571781
-93447 -1461235349
40753 -9976547713
-57575 -4255341885
8921 -1802675881
57473 -8554098085
-78343 -7045910321
-85583 -4209013765
-31115 -5186675097
69377 -4561816129
-38327 -4272629721
-78027 -8746657293
-2835 -9641207265
-79819 -1579425161
-24615 -2022814141
23345 -2196430449
49333 -2004485573
15089 -128777201
-82707 -5337563725
-98511 -7315498473
62693 -5145879853
55901 -1608873753
-8243 -7799618213
33557 -7395577549
34493 -4972062741
85137 -2861785209
17725 -7672320169
78669 -3790897989
-31847 -5996064177
-38107 -7532483169
98129 -7297612641
-33439 -3915173929
-24347 -3327917853
89405 -1576129901
-53079 -1609895357
-67163 -5168073701
58417 -7076823009
-47955 -6346778153
-82411 -869313757
55213 -8049478001
-49579 -919461009
57985 -7438679005
-95083 -3695661921
5477 -3065795765
19197 -3634830673
-27291 -5158547545
44541 -3648205161
-34511 -684143445
58265 -6804454689
-23143 -9708293797
-9959 -8672215501
-30347 -9779645617
-49475 -3151869409
95757 -130863677
25573 -8701013101
-48951 -4551214761
52413 -5577441053
-69131 -3387819737
-33007 -5986137753
-51207 -2782216453
-66795 -9447934481
-49607 -89891633
-74415 -3072593657
90445 -1064070501
-38827 -2733101449
-1039 -4695283145
1969 -247554273
-92279 -3915344949
88113 -1683565949
70885 -4362023557
-30995 -1224794669
-41015 -1222897661
36973 -1220256865
-36051 -4424323853
90565 -2540258629
-97479 -1422287977
-18191 -4960898013
70121 -185469049
79517 -9376197285
23441 -9916640493
-919 -5291433109
24433 -4457878149
-19043 -6702033413
82717 -9698782889
22917 -1013446969
-11319 -9910714489
-72047 -6956895905
14441 -3826581169
72101 -2731359037
20293 -9595737193
-14191 -2904218121
-57831 -985722045
-44255 -2199297593
-1583 -788307697
49737 -7020599313
-89715 -4032915277
27393 -5292587685
81709 -359142489
-45647 -680787705
61857 -3659497921
-99171 -4159800193
5141 -1060238741
-10847 -1052381749
33265 -9380496213
27425 -2143151141
-85723 -4665743545
44437 -101401277
-91351 -335985437
78089 -6840664829
-92715 -2346183473
81577 -7084469209
41577 -1926202429
-72155 -235054985
-77351 -1324302721
81969 -7881675889
-50123 -8127564949
27653 -3836858421
-96683 -5718782001
9133 -688417849
93301 -451635741
4569 -5242835593
99049 -3395272421
-68579 -2586129445
-98087 -8510806749
-81463 -3655785321
40801 -149991161
48081 -3863202281
64761 -1859655353
-61703 -7304268345
70649 -7431557649
51497 -7318174973
-32399 -1555015301
-69651 25954607
83977 -3064778381
24037 -1377195681
-79707 -8913581253
-6327 -4457429141
47293 -6979729217
-69843 -910858961
-19019 -6529606057
-45307 -3626001045
33401 -4223762757
-68279 -1459966421
56957 -9729510333
-33875 -6232561637
31953 -3796079581
-67847 -2623871465
85065 -8189616521
-76267 -2829076849
-23955 -3879243929
3965 -5037516501
63665 -4905172365
6285 -3324582805
27185 -6805927197
-82903 -234666501
10617 -5507937921
-36259 -4931261361
-92227 -3975680981
-92971 -5245523665
11665 -8148565721
-94971 -662224609
-74859 -4908057157
28493 -4513342633
18665 -2174290369
-38591 -3798298825
10285 -9863733301
72673 -249618269
425 -6045259581
-67171 -3139178245
-80291 -8644175029
28489 -4094464221
-52691 -2027077109
-22511 -8649959861
-54411 -3496121265
-30219 -3754729525
24061 -9485685093
-34055 -6954663689
-73559 -7185880149
-31567 -9454470009
-40103 -9117126341
93537 -1467182553
-30895 -6167587065
-81383 -9610539953
-93175 -6235486481
-46739 -7418790333
-69303 -2460043713
-13731 -6091102217
-44159 -3272687301
-53987 -7109243337
-10319 -9552393309
-13167 3100439
90113 -5984272249
5101 -8518320697
20501 -1819197061
-24307 -9301808881
96021 -3898832913
-5259 -3409834545
-50011 -4149038097
56881 -5180939993
74641 -7295152285
36541 -9702278949
-66079 -7074105397
-85587 -8723889481
-54735 -9631955569
-19799 -3254674565
-36063 -2471909877
12089 -4941146233
-47111 -7380876769
77653 -5016566925
-68879 -2141929589
-72907 -9595109045
-80747 -826557517
89861 -9948030209
54233 -7663885453
-41899 -7609433981
63905 -5935966605
-70111 -3095760141
-27459 -7480011021
67153 -8392159357
-13319 -4283209329
-19987 -990723709
91017 -3101389757
29429 -8025326777
-41115 -1702187613
72293 -8600421361
-76315 13119107
67641 -1991985869
-73303 -3503134877
21001 -9024207733
86169 -6656767529
213 -8427290785
79405 -944180997
7501 -1670018429
98433 -2007386017
95233 -6286871261
-78943 -1282722205
82709 -105022545
-41047 -7438565729
-5127 -1888940337
-56951 -8062855809
-11047 -8725314681
-55 -1821054565
-51459 -8474421317
73581 -7462487821
-97767 -1822271217
44649 -2576137709
5805 -5488270177
-68955 -6614394301
-1363 -4790884533
88789 -2883419725
-62903 -2780774281
15217 -2262005501
79005 -6811891185
-72559 -8986534853
77329 -701311713
98649 -9138832181
-70027 -8345436481
28001 -2080990989
-33839 -4265293013
21589 -8855675593
47741 -3695116993
7921 -3919688125
27753 -8642902429
-14855 -7336774541
-89007 -8802659101
43885 -3249151565
24353 -4570621689
-94983 -2351936557
9157 -1204600001
12457 -2055855957
83933 -9498689121
-68283 274591515
44633 -5704391325
-56963 -4880370365
76221 -7158139825
-26331 -9100407689
22749 -6919841593
-84347 -1891740073
85533 -2721697437
-54935 -6324953765
-11711 -8757773197
-82395 419345443
-91219 -492666617
4541 -3306777541
-16807 -963257593
20145 -8537733169
1645 -1854343597
12185 -8460313525
22501 -9779176293
-77807 -254125545
-7783 -4501687809
-52475 -5338032229
-24951 -735087889
84441 -9428281997
-59623 -7065410645
-34399 -2818224873
-13603 -3013862573
-37571 -8977866589
-63123 -2591941065
80025 -6781475973
78889 -2938680937
-68231 -758339989
89445 -1277621801
-60639 -2164615177
-78779 -7295980101
-8619 -3103361165
38573 -9496309649
-8095 -6339411377
-39727 -9083439161
90925 -6916567845
-92255 -59592181
-8791 -7721593121
-74315 -1782162469
69801 -5432980325
54733 -9303210529
9853 -6264921397
-53519 -490854817
62509 -3432514501
58069 -2603312277
5149 -8586163453
-16003 -1735020285
-84595 -4748140381
79465 -6898579037
16737 -899898277
-75967 -4645919233
-16859 -1593133025
-27455 -860904841
-51579 -146535245
-95643 -2850223369
45733 -771938437
79093 -3448800697
40945 -8166615553
36105 -4778523569
76397 -4181527969
-82507 388524263
-46803 -8693913805
-23991 -2501874489
40885 -9397780113
10589 -6981834357
64301 -8508734709
-54063 -3346990621
17941 -428851817
57589 -9987118529
52285 -1582287289
23833 -1912138933
50353 -1593434045
50313 -8794480637
-85699 -6538471009
61425 -5714145261
-95939 -2086586269
-77255 -8831244725
-2035 -684521313
-23931 -9617060157
-2583 -7356894081
76505 -3128138177
72521 -612127941
-18399 -3399870441
-86967 -6945065565
46089 -1450434509
-24263 -6238522045
-88311 -291457625
63193 -7992358741
63405 -1831739665
38993 -7682307109
-63851 -2791330413
-35039 -7069272289
-17295 -3421361145
66205 -5798847949
-9903 -5830169057
-52487 -8304220041
-56915 -9943784885
19633 -9287073117
74581 -4119932421
-63671 -5980965977
93361 -9544825161
-48655 -9477269497
-62371 -2391283173
33305 -9458623773
-18255 -6396200437
62361 -7505848805
40621 -1872781897
-96663 -7964546597
54757 -5805487293
8209 -375363361
86973 -6950687501
15173 -9098030033
55665 -1177059129
3697 -7578301893
76253 -8401651005
-91275 -183124793
87201 -98986581
66969 -9463262937
-16659 -6699137657
53809 -6044650937
-67191 -6811502429
36129 -7242189953
-69463 -3957546665
-17795 -4223875281
73217 -5932821757
-74183 -9344720229
77933 -8658076017
59113 -1744584461
-58103 -9672640017
63837 -4024149737
-25259 -4798722381
-50963 -7667367805
-26323 -6787061049
1117 -2517590625
71013 -7488063101
36357 -4080098205
-83711 -2186618853
46961 -5710705145
99029 -7924339229
-36471 -8238245357
32081 -2832672541
75937 -5468863113
53833 -5024364477
-51711 -1442456137
6401 -2876970369
-86955 -5207969625
-27307 -3703173361
-56275 -8410393881
8425 -8987410993
-88803 -2900290193
-58151 -6539584685
-39903 -9992816581
-7039 -9774810017
59409 -2539109861
58357 -9231693905
10153 -3167721977
71805 -6184237325
-9099 -5661333589
23285 -4231906053
-79779 -951510169
14129 -154401609
-30535 -7948695389
-71171 -9758289573
-12631 -6814327077
-20355 -4349820577
-80055 -1074428945
-30171 -284417821
5493 -3000825529
-91855 -9791244609
14217 -9789853997
50661 -391970653
67353 -9064784153
50045 -6570566001
10817 -1572019017
40149 -2276781153
49817 -3175055149
15109 -1365792929
-80551 -9466795469
96401 -6939563941
-86927 -5638381577
73097 -9950926653
-92295 -6335426225
-79019 -4070823205
-60151 -4831320977
-30343 -9164058645
92337 -9920962897
-39735 -2842981729
-23711 -8571490921
37265 -2916975049
34441 -6496927117
15553 -5719834053
-4503 -8218444721
-62551 -8353531801
-43771 -4147790209
94845 -9670649425
87997 -2310268169
-98243 -2105416153
-78007 -8392846761
94225 -706164729
86429 -7264330537
-39935 -3216815201
657 -7111898833
-9203 -6309126165
6245 -8344276845
9873 -8062576405
51165 -6184630477
-61731 -8072848945
-61455 -3644738633
-14091 -8108632441
-85411 -8430178237
70601 -984466049
-98175 593958427
26489 -1174439593
-26283 -9022848769
-3551 -914441609
-42731 -9048359161
51457 -3013783693
27825 -7584057977
-88143 -1600678313
-32511 -1163747169
3193 -2142560949
-45335 -8347301521
76765 -8233412025
-25655 -5213116773
75765 -378073949
-85795 -5992908169
77797 -5001586641
8917 -3941322761
2749 -2523426577
-66423 -2735642581
-9403 -9885534225
-37935 -4492747993
-81975 -3136818805
-41759 -3282397949
54325 -7460516041
15945 -8520922621
70501 -1256143017
-32347 -8574231129
6189 -6034865205
58693 -5848900537
-55243 -3272610425
-78423 -9505357321
-23891 -1217429629
-86531 -1408792829
-87523 -7815539593
-1863 -5578392817
-467 -7962302185
70077 -9263962613
17813 -2358862033
-36523 -9590561641
-12071 -6226560529
-61947 -6420329717
23485 -1830262905
48801 -7805972729
47253 -5388929913
46309 -1209251845
-85455 -8078510805
9237 -8702248369
98497 -8352369421
-75919 -3457799701
71165 -6654059209
39053 -1320631393
6445 -5275552173
-28771 -445822865
-51155 -881684653
-67503 -3943576597
-70235 -5725692997
78541 -2495138829
-32731 -64534829
-8015 -4400901561
20177 -2151650049
30713 -6006228529
30001 -4776118725
60705 -4228416913
30613 -1138442829
-76579 -7902455589
73405 -9667617469
-67471 -4131743373
80329 -3087447177
34705 -6512091977
43713 -6233544553
-50195 -2602252945
83953 -5740999005
90817 -167480781
-46803 -302642689
65157 -7525111805
34689 -1148602897
-17763 -6717365801
99721 -2450901089
-60319 -4139069405
-95827 -7806195821
-99339 -8066703873
88085 -4430463357
-55035 -1482308989
22781 -2131080981
89005 -1545782469
-59499 -8269015005
-34323 -5103053177
51481 -687490645
4709 -3511178105
-31239 -2139216925
-49571 -8498640621
-10391 -542557401
-97363 -9826784301
47601 -1042365713
-1199 -5208606049
-49287 -929679453
-44591 -3984499141
-16471 -8913951857
-9527 -3168232565
39501 -5952367145
-84847 -4189985121
31061 -1898450237
-51451 -8391881177
-72055 -3880782209
81865 -2962685449
59213 -9868000013
17797 -783875277
-86583 -321861141
-97451 -4682777509
31313 -3329233309
66685 -577324493
-62719 -188449953
73693 -4840180553
58289 -8661021965
-66799 -8526266865
22529 -4834311501
28537 -1706828653
-11755 -177692545
12497 -5008935725
-31303 -5053728065
-66115 -3346637265
55321 -3870718729
49173 -8425864037
74297 -1076542325
-24619 -2000381753
-44879 -5804597297
-18351 -7296479141
67189 -3613624945
-62319 -15906285
-76259 -7133466597
-48931 -3635691369
-27711 -1669225465
5417 -3424350797
26249 -9496162617
18077 -9704282269
93457 -4441158509
-8695 -2332754565
-21743 -9312614777
-88243 -8140616801
29681 -8512497001
-41107 -6596643193
-13619 -2736499813
-19403 -806999389
-12175 -6468770457
79449 -6388347157
62517 -7113091285
50101 -5088303261
-92483 -5445500529
-33763 -7258226085
57057 -1362519437
36253 -3586243381
1873 -2327097617
-47759 -7014737365
83021 -174000145
20033 -7720390485
20533 -5676986005
37061 -7847741277
48529 -210751625
97653 -2224166413
-99167 -3903523033
-98383 -828731585
25197 -8252118577
-58715 -1747492553
-47931 -6139874893
-53759 -9064321821
6421 -5578708773
-91103 -4504520177
95533 -3569879733
-92039 -6804284473
59425 -5469704693
-83503 -4434186933
-51827 -4651057889
21049 -1637834669
-98095 -9259629741
9569 -874599029
70873 -2154110473
-18863 -2155523505
48217 -605374329
-90695 -7338777297
77993 -7238368181
-85063 -3629356565
-87987 -9723358997
-43027 -9777829081
2997 -4091170353
55557 -2944035781
-15295 -8486405829
-80151 -6726443845
59785 -7907526293
-25915 -5513395585
58597 -7804391389
70841 -6071803241
-89063 -8978013605
18045 -2835379933
39725 -9778691457
-4355 -5922558905
-87215 -7198522909
64617 -174738473
94901 -7800999965
19497 -9776413837
95433 -9397396353
12729 -6698252665
393 -3587348581
31661 -8958966417
-37807 -8099267577
71017 -8436220665
61381 -8613603705
18945 -6895657025
-76231 183208715
64773 -1476503093
56997 -3614328205
66145 -6578157473
89629 -2775328337
-80263 170045535
-48043 -2856547713
-7451 -9635399385
25821 -667339073
71893 -8060735209
-5459 -6429571677
-69159 -2846669249
64605 -9559374709
72357 -3694869965
38465 -6804199017
61077 -3902970461
-59 -9744776817
40353 -8355604325
53529 -6385737817
21593 -1295923733
14485 -1276792265
-45591 -6212000929
-31803 41793743
-35391 -5886419137
-39887 -8421269485
75421 -568231889
30209 -3203095757
7373 -2590413941
42957 -9059479901
36513 -292505569
-58043 -63590805
-65827 -3355970793
57601 -2388901445
-13243 -277665933
-39683 -8403494413
-26967 -9337429805
17617 -5248199625
27165 -6491221189
49697 -5607023565
-54875 -1695657257
66733 -3326669009
-19915 -8284329013
-23607 -5396299861
-87575 -4453007641
797 -4810476049
-17739 -8652010873
51029 -2892985781
20565 -8185861241
-53807 -808922585
16509 -5089530297
-87187 -4055678041
88657 -7733993813
-19639 -3003827321
-26999 -2444426113
32077 -2969813205
-17055 -5090852429
-22563 -6533460105
90889 -8469595933
-9139 -2757077273
78101 -6768819593
31181 -6912732749
-91563 -4407228017
42833 -8615231405
-73223 -8932212885
64189 -9437893837
-67807 -6516725553
99401 -5850610253
-19451 -1646692577
-80951 -5934362177
62605 -6655739137
-83663 -5349013157
-53783 -6470337781
-50467 -7748967665
69641 -1383327601
45613 -6969475213
35793 -8835113821
-49219 -9708481709
-19295 -2273713117
-98411 -6432587965
-21547 -96453249
-33495 -4647042861
12637 -1196043745
22145 -4193932909
-13275 -1003572781
65665 -6259897629
30385 -469933777
91433 -9492044189
80125 -2738787533
-99451 -3693427921
90273 -4920872669
-76055 -3454361329
11233 -5299454781
-45715 -2231168697
-53211 -1623695749
78709 -3001706637
84101 -7982279477
-39295 -4249404289
33925 -5256406025
-88891 -6574333685
-73195 -6676575429
22317 -8410208993
-17403 -5672730409
18029 -7185322233
68541 -9286269949
-10939 -5494672733
-97779 -128239869
-35027 -415684409
23961 -7910213857
-75231 -9570151921
-39783 -8667978085
-29131 -4680608761
15325 -6381069469
-77531 -1786510569
-92223 -2816672553
3081 -9374795769
-35959 -5370646605
-39859 -7903407329
19165 -2981174497
-62159 -6654662729
-1111 -8329858549
-61799 -7736029645
-5123 -1343962777
-76627 -1955273765
-56175 -6355937765
-47871 -7806729341
2401 -3974362937
-1687 -7883471041
-23967 -7175396497
96413 -2732363725
40857 -7364797869
14985 -7291507301
-51559 -4224000989
-59215 -6209716613
59393 -295705345
-93819 -3076879557
29529 -3432362409
-79983 -58252393
-1055 -4923871697
-57339 -1077726377
10577 -1976932117
86449 -8791502389
5377 -3852643253
99841 -1676637873
-9751 -5465931669
43489 -5383371253
-20399 -846071741
14629 -9907959161
-34767 -3781253609
44013 -3576511001
-75319 -7094389621
37957 -8587028033
-92639 -3981164665
96333 -2701122493
-20959 -9267767865
-19063 -2875101089
72349 -8537995061
63733 -306125493
-75671 -7317768845
65917 -1272548861
98793 -7477291297
7157 -6263728505
-46871 -8305677461
8889 -6361705045
-25435 -5740369037
66133 -7547208153
-58275 -1453844965
633 -1282952105
-10539 -488923073
52161 -6332845493
-58135 -4139893497
-73807 -1651226289
-70231 -7541810601
84865 -1927327553
16269 -9715558993
-66711 -5271927053
69229 -2813792909
-10287 -4834807081
-11671 -6724906237
91801 -7122395741
42909 -5357188273
78025 -228919113
-1147 -6473316217
-83131 -826102593
73957 -327256041
-74359 -7906634361
-49575 -45427301
-16203 -6947116041
-64871 -4710706133
4981 -7863842393
-92187 -5085377209
40909 -7690590877
-34095 -5754819005
-77663 -4997951253
-84203 -8908603913
-81715 -8875062277
-18919 -5167068145
53217 -1112286001
69469 -9277252205
-3139 -7734066661
34001 -5294519921
-96799 -111129133
52321 -8750321325
-76187 -6746922049
-36051 -1184157245
-20023 -3855372093
-88451 -2912282733
-11927 -4401302497
36369 -5421289361
-2563 -7582571925
44593 -1993207329
36213 -9147045717
-95271 -4675546789
82725 -8285768165
77889 -7429348841
-64911 179439763
-49267 -8118864869
38573 -2347251917
94013 -996471477
-23471 -2746550641
-42971 -9304588753
-67183 -6332306145
23213 -7527852017
-99403 -6398865301
-7887 -2660488049
-22187 -5490439069
-95295 -7225203353
-44807 -3867331037
92625 -816977657
-17427 -2280221013
-6711 -1248071685
-2991 -6672798441
-32635 -6610643765
41193 -7466063697
-3391 -2048881789
53829 -6900537205
-11527 -5940656437
92901 -7797728821
-29939 -7516895741
88057 -2066698977
-6415 -785856649
9457 -3638414381
-71419 -424967093
59077 -8499349017
51257 -958320089
-13083 -7973132185
-56327 -6619643277
55977 -975340745
81733 -8059857889
-14195 -3108913021
-23387 -761243873
-7287 -2095259125
5361 -33039265
-39023 -4690161989
14413 -9124813513
13189 -1502953005
30577 -5707155809
59409 -2120006285
89621 -2852566385
-59975 -7762356305
48993 -4426085449
-46475 -3174604473
81701 -1378095729
93713 -7613674009
98165 -2059001745
43501 -7913592601
42773 -7341613689
29321 -4030609917
77093 -8080370681
-10771 -8941127153
47677 -8006742709
-4615 -770940953
8589 -42838729
-73111 -5807653277
71649 -9574895813
-20579 -429657705
45549 -418370465
1397 -6716085805
79797 -3685299869
-90471 -7209664313
61497 -6763929593
46953 -2852650969
54981 -8029289341
6405 -4177328161
55201 -783675125
-19795 -4681497789
-56511 -5683398169
-74727 -7389015077
63785 -1062243981
-57063 -6708674153
86701 -5881831377
-24047 -9536093673
-70407 -5396449553
-10479 -9825129361
1577 -35168265
88289 -3630907105
-62759 -649909109
68725 -8865366425
-10535 -8870647645
43249 -7893971381
31865 -6611972613
32377 -7630248901
-58223 -4503273673
1921 -8013533641
-23943 -6749445801
-56895 -514552405
90801 -5032403237
69529 -6561766797
-85559 -5413379093
34845 -1760224501
70229 -2345744169
11397 -4548946721
-66159 -2878212901
-30131 -4417091001
-25803 -8013379561
13049 -574378633
-21091 -5404151937
65017 -5873568905
-81451 -692165293
-41911 -5140009941
43589 -2618019585
-63123 -8945957425
7621 -1781981893
88165 -5789329845
-41747 -6323166345
-55519 -3703649041
-7527 -3852723977
65393 -2217060201
-42611 -4225578341
-80327 -9209341161
44609 -2318329105
19653 -5709345893
93673 -2871001845
2821 -4245471221
-65207 -8933156425
-94207 -2992816897
49129 -1632230805
-44539 -8118447437
-12439 -1112072545
-37699 -9307585013
12637 -1214949529
52405 -9131186513
44301 -512777377
-37503 -2510744985
-88203 -276736141
-14607 -462740469
-11499 -3204951537
11017 -8672878409
-85143 -5706453213
61225 -4357937793
-71807 -9695434841
40517 -6966267901
-32355 -5738351761
-53839 -9459130481
-84243 -3500231533
-3175 -1109096705
46537 -4505026549
82865 -2223508637
49705 -2516144253
43149 -5446487021
-55987 -5296179825
59341 -3768701325
-25679 -3140933109
-78763 -7896575669
26413 -4880072389
-27091 -889258221
57277 -3858092633
74825 -954863105
51557 -663649713
57373 -1078755489
59949 -9031484257
-28187 -1896060033
56429 -5475275841
8053 -7177599437
31861 -6870801513
85801 -6817036893
-91655 -1167259877
-93475 -6199697917
-62671 -7841719957
-87403 -597981345
-84915 -8975005073
-69307 -5666133757
-6983 -3292948125
99477 -4385983849
-77163 -447365185
32233 -1866669933
6137 -4840243245
-7403 -7580896881
-28495 -6628813065
-22959 -1884919741
-87267 -9395968509
-28039 -3731912717
9589 -9561319269
26201 -8059594665
45309 -4759244133
94525 -1475726821
-16583 -796898869
9589 -7389509837
-94975 -3672446385
-69695 -6144623397
-99575 -5965748189
93977 -8684217989
-33995 -5741715785
44981 -7972606613
-78679 -7126553433
-70107 -2305976221
25641 -3276580461
49817 -3475188445
-82567 -5659757901
87665 -8614981677
-37455 -9273778997
11589 -3752694553
13137 -9080375845
-50407 121050715
-67879 111967623
-73307 -612207857
69801 -5190503161
90113 -3020291385
83313 -3102785317
97809 -1524276365
18089 -3480773117
-2239 -5019579449
-47387 -4014107381
45797 -8633224977
70681 -4519778037
-3839 -324613277
98709 -4341528453
-89115 -2825364905
89661 -8990003281
23749 -4743874265
69301 -2704651269
81745 -2372683249
-95943 -6227142957
-50207 -3019960937
67705 -2346148681
62569 -8937122333
-94491 -1192916717
52529 -2021876609
-95679 -899020409
-86075 -4145410713
27073 -450719669
30993 -474971549
72913 -4650630521
-11419 -748495729
-90515 -7380169981
2593 -3444556949
-13827 -4586714845
8833 -270890157
-63863 -8014361469
-90995 -9537595201
92433 -5188693201
74965 -5812971177
51565 -1991320765
-85455 -8275070261
-48375 -2285937481
24841 -1260082265
-31191 -8939363021
79305 -9239700377
-19343 -4655135217
32345 -9794102045
77577 -1627078421
-56031 -9556497857
30805 -1599093809
43809 -8280471529
-48171 -8030940073
-96015 -644135257
-30283 -4668349073
98933 -5441056661
16705 -3440879281
23741 -2093799905
-89655 -4249941701
-69767 -9632908757
2729 -2400542933
45445 -6350369977
69565 -2158465613
51985 -7925517993
-98863 -8966584413
70021 -4724856057
97473 -3415768877
-9927 -6920526857
-18715 -9966391261
-37539 -1302419949
-87399 -9816055165
85337 -1068528773
-7555 -9933627225
97285 -6552909973
-34631 -1106524753
-99691 -1923646053
90177 -3273028049
76857 -9412160033
-70663 -6564890145
-25423 -7323396401
-22547 -8291224045
-2627 -9516412665
10569 -2131239445
-67191 -3326135785
-77407 -8702379437
30677 -8933952645
88985 -2357529189
-67971 -8205404441
28213 -7277604069
-523 -6181558905
20201 -342742101
52017 -5611248417
21625 -6716402809
37277 -2093737569
-31967 -2566061869
82805 -6410889689
-50451 -1867245765
-1755 -8220363477
-28075 -3150500273
-15407 -489484677
-80911 -205692461
4153 -5526311981
-50763 -3590125453
95965 -2956993557
-44263 -5335364769
63345 -9698591481
-5863 -4401723785
-73267 -3319649081
-6283 -9941102793
37961 -8006357705
16949 -9706953941
-95491 505897995
17997 -3207215181
18233 -9052720849
42781 -8351443469
-84735 -2359971305
63781 -4178961645
-75435 -9060861377
-93067 -467062993
-39943 -1884099041
-7655 -3224629841
61381 -8305135565
-52623 -3270579877
-703 -9025312817
-45819 -2497296717
62853 -988981093
-73903 -2717374061
-72451 -880904421
19093 -5361738369
-92371 -8508248541
-93051 -3619266417
94749 -4965809733
78465 -5911492821
85861 -4123727325
-13323 -8866982253
40069 -8997360681
-90439 437400175
37897 -4849416993
-24651 -4645715361
-16155 -898150397
7657 -134824441
-97099 -2578593273
31989 -2267846105
-47287 -2124965141
-59863 -7490598709
97217 -7555546789
43837 -6019809437
66461 -7016444177
-75555 -3620689953
-77375 -7246284721
-39703 -186240085
-59359 -5498168349
-343 -5114523169
70057 -1844707673
-36379 -8803259553
-88139 -4819235589
26329 -5758389641
-54035 -2547303041
-40575 -7640903929
-49699 145836951
71349 -7797657753
-56211 -7510596673
-15263 -2363157377
-58859 -8437378681
-36735 -7524743241
-84331 -3251131849
-26803 -9481823457
57073 -9177163389
41857 -4987066617
-9115 -1280057953
93805 -3317606757
-31023 -8502903913
-68967 -4966286721
75913 -7249027865
-69647 -1836637425
3813 -9809641913
-75203 117293315
-23807 -9115510729
241 -7218212441
-2171 -2070954793
-60219 -2840674849
-57207 -7315368005
54705 -3892941505
-74339 -7113173201
-37139 -5465626253
-51863 -385806569
-54963 -5229156881
-17159 -9015578077
39729 -1459140517
-75255 -8736122517
73513 -6581473897
-90507 -2120011757
47093 -9848149645
99453 -6324465937
-16635 -9204094753
40765 -7149628397
-59219 -7830492433
-33023 -979670765
59997 -9396672989
-21487 -9287797001
-85195 -6194807845
75457 -3622539365
-14987 -6633146453
54093 -9795095005
-90511 -2843855745
28065 -8538601989
82817 -7428621121
35169 -3462351805
75885 -1751946997
-71171 -4665696637
-91255 -2374520677
92921 -9555494737
73953 -9760966145
-33147 -368179737
-6119 -7451051977
-21455 -6577084893
3849 -4464069565
-21923 -2226975037
78805 -780224629
-63147 -1710033777
21529 -8783750761
18853 -736336661
60881 -2317865205
-8075 -1982035349
76313 -8197274557
-53775 -1090756301
6085 -4083893977
-82587 -761494877
-77927 -4615452933
56097 -985955285
92225 -583745481
40865 -4422101585
77789 -6548621869
-93599 -7149701533
99653 -3881447325
-62515 -3456911169
40713 -2093239413
-93887 -7152133345
71085 -3236623861
94393 -9804811693
-86247 -7222242289
84589 -4006734477
-3599 -1097667365
60817 -3252906269
-26135 -1900501913
25525 -8196719805
24457 -3432493785
49077 -2338281289
-37131 -2992358969
16933 -4655093225
12401 -4732988885
-22343 -4315030789
42173 -4989701693
-47355 -5205318437
-95899 -4689976145
-15223 -1990952769
-57327 -2748582517
19681 -1239521961
91773 -25775173
66605 -1852033977
17981 -8960029361
-44287 -3456357581
-40651 -7387155137
-39259 -1040016169
-75079 -8998110525
-10663 -2125179897
30425 -1924846737
-90371 -5670411873
26189 -7758848253
62373 -976842133
36189 -504890341
94605 -5278046977
13425 -4716691769
-57023 -1398194161
-32147 -9466062277
-13531 -8210106225
44445 -5897607357
-66047 -7070070309
-38279 -8444194013
14737 -7078687537
68769 -8367792373
-73099 -261903545
16297 -7628449577
-53643 -8117513929
-19235 -5279085301
-43295 -6304289965
-89035 -6063088901
-60067 -7649267177
17665 -1113851561
33133 -9997310649
-56595 -9741646353
46185 -8541892125
-37231 -9559532089
76153 -6213177813
77953 -8469185153
-13039 -6282078277
20917 -7445574721
-60523 -1153520389
-87155 -996232593
-61379 -5730572661
71101 -4638849845
-63879 -4734509005
68245 -2088198621
31101 -8670219617
99241 -738382313
75413 -1992442737
-96935 -6629000633
-90723 -7748859841
-60855 -8278006989
-68495 180087595
-53739 -9706230901
72589 -1342329281
97085 -8449052809
31169 -6543437505
73837 -8693426365
-87115 -2044801569
92357 -6187344325
67489 -2429423617
-32711 -2849210993
-72783 -2644490533
79365 -7141009261
33465 -1226563637
-34631 -3913328381
-39563 -2373407145
-66595 -9110282937
74057 -5357765605
57629 -1503771025
-87551 -5433314021
-59411 -5589639849
3917 -5474994813
-33639 -7163874417
57065 -7287045405
34473 -3962121969
-29635 -9609415557
-26527 -5737185897
-17383 -2168278377
23213 -9492728437
21669 -4518285469
-399 -5345702417
41169 -2013070597
-44951 -4596658989
41021 -3326347117
-34479 -1665600201
-48595 -5073739025
-69663 -5094040097
-42919 -3851983761
6489 -9219821153
-65023 -8286288429
50497 -367031485
23877 -6116890505
51877 -8084591269
-19831 -6388287025
-64451 -4460304657
56305 -9097069261
-20951 -4123143593
26133 -5077363941
-11051 -4563806285
10317 -7870185209
65957 -1292942457
10177 -820088689
-91415 -4953683317
-74831 -65732405
-88803 -4541702861
-43867 -7881766617
81361 -8508216101
-10711 -9147067673
38281 -5420952585
37581 -8844855241
-4399 -4857952749
5217 -7908143089
-10071 -1069415505
-73323 -9278686941
26941 -9685973637
-74271 -371037817
19105 -5593050809
-30831 -8169252729
95961 -7194828525
93141 -3222405257
18441 -7101663941
26477 -1494323817
36617 -2233666753
-72663 -6277846057
-4079 -7896491073
-59071 -2607107045
-88967 -6801640673
86637 -9306579013
-14819 -4045841077
5629 -360645069
-11315 -2729776841
-51087 -2755710853
89893 -2596350369
-55483 -7458959729
74249 -6574887041
60133 -9561723509
-18935 -9183721357
76653 -3621774605
-39975 -5593288345
-70759 -8860376737
-40123 -2026824885
57865 -826354133
18265 -7102247749
-44539 -8333067605
8025 -5906650373
67181 -9954863081
-2123 -5920904053
-66343 -9229056489
-44083 -609092153
60929 -1856108157
32113 -3378993277
-35855 -9461915045
6297 -4505505165
88637 -7816251805
-93511 -5116382121
43065 -5575832677
36873 -9092342445
-18171 -1975271021
-91183 -3603628697
-54443 -5216350017
64217 -9863870825
55469 -5219637481
72245 -3652349
-91107 -401366529
67281 -3056793129
-68039 -9821865093
69769 -5272943097
41529 -7969672329
-95511 -4859865165
-7167 -2518331733
-89715 -2892004657
-43891 -2010011841
-52943 -1038624977
-41047 -9992343865
25089 -4890874401
-68331 -9866952729
-74431 -5122213769
47049 -1271488661
90605 -7461155837
477 -4762778189
-46067 -6535696837
34825 -9275223309
27669 -906453289
8445 -517411317
40517 -492537413
-96055 187106083
-99503 -7539985385
67897 -5056468673
-73639 -6473508077
25209 -4938057557
49321 -5860997189
15469 -5569066569
25157 -1874110545
-9011 -6452463105
76217 -8504843145
40917 -3774712117
61713 -7315052117
27605 -8857426601
-61379 -2741981629
68093 -6243205277
81197 -6634935421
-93019 -3929413785
-68423 -432196161
-26727 -9692241781
-60727 -8519612865
-87891 4942135
-16359 -1775381361
21445 -1805036377
97169 -7998768841
-23971 -3802796409
-73567 -1501403429
54897 -8816511289
65857 -9932451425
30529 -589898829
10209 -3496919237
-79315 -7595075649
43761 -1573459805
-83139 -9709661237
-33123 -3860183701
19725 -9973675677
-31959 -2666112697
71977 -9838217173
81825 -1269322337
-70663 -9123608129
-92503 -2364497837
-64455 -6915971197
41917 -3722300389
59741 -485028413
46129 -8978000021
-30327 -9112522197
-75515 -7003918965
-16415 -3878887105
6969 -3379569629
-17011 -3634114221
-73723 -9685799733
78857 -3855938761
-48387 -6598846273
39417 -5032789349
66577 -9865653561
-86223 -5130072349
-64095 -6956090417
10729 -3790321773
71037 -6298418709
-56619 -4762263721
-45347 -2186299305
-96611 -9558257117
-89731 -9525193853
-17939 -6603574089
-48467 -7722264697
-45979 -9549525033
-31499 -9123369465
69425 -425651109
-60655 -6364819037
-92575 -8359468049
59221 -7468059725
24813 -51905545
7789 -9762491437
-27303 -8166268817
2297 -1943211881
5021 -6188443909
-72031 -6804656445
73073 -2838937433
42685 -7068057793
-73931 -8721366681
38441 -4682374457
22293 -8009731069
25717 -8142893473
82701 -9870411417
48345 -2002595101
-56923 -9922117469
-96639 -1131581049
-49411 -7126087685
54529 -3095550409
-51255 -396448161
30161 -386342541
36677 -301345653
60997 -1596076421
27233 -4978087241
19113 -7066840721
-66703 -7771555993
70629 -4769278545
-66903 -3982177585
14093 -3206927437
89165 -7513983125
78209 -7629060053
8913 -8933536157
-12079 -4631789149
-94223 -9915884713
39433 -6874078789
-19027 -4492885457
45049 -6874525325
49373 -5089119309
53641 -8168383405
64365 -3500402537
85461 -2038441053
-67119 -2268897521
-25587 -3738203749
91201 -4129245825
72269 -2819391729
81057 -4268915165
79973 -2910047005
63405 -4322718241
-60947 -7257513353
-57711 79835247
-76695 -4919492073
-42091 -4846554989
5061 -1152660697
79289 -2949932437
-67015 -2270961937
-70611 -3298882013
26113 -754484969
50085 -5166027585
-82783 -5511207689
461 -2886025445
17761 -9955529345
-90867 -9432586949
8425 -9975481145
-42679 -4928392189
-58687 -5752747517
81621 -2947269021
-15711 -8870214761
-36391 -8071231037
53973 -5348514709
35593 -3972431021
97585 -4209457297
13325 -5924501689
8625 -6765598577
41457 -8679211985
-83899 -2116458897
61289 -3712100545
42425 -2064342137
91465 -3788088349
79029 -1134733541
-38355 -186321005
83741 -1333497877
21057 -7609680209
82489 -1856247685
89097 -1832656393
-20219 -9371973153
13933 -1281735349
-50075 -837523997
-39135 -3307559689
52865 -5277329537
-3103 -4449266889
-68455 -6981819517
-28863 -7412729001
16421 -9513753233
-83159 -6746430557
65481 -2510558329
17725 -4305982693
-43363 -9325522281
-81547 -7825238873
71429 -2783831121
-90511 -714087677
1325 -7141535905
56165 -3588577425
-90431 -6477075373
-21091 -237878109
95805 -6338780253
14893 -3247175889
82577 -7604191353
68433 -843660453
-82211 -1352309433
55577 -7931308397
50397 -4095170989
-5375 -2977348505
-23743 -4434097457
86621 -9744021149
-97283 -3608281089
-70131 -3943103729
-14123 -9436119893
31353 -8376523193
-94475 -209572705
-34527 -9529072065
-29047 -420604065
29133 -6082992505
26013 -9009527469
40213 -7117963085
78709 -455940085
-13527 -8412324737
8221 -6653098461
-97175 -114892641
-90915 -2576457205
-71563 -5877871537
95057 -7666175269
74829 -4209018317
-34011 -2812796969
27501 -9663077417
50749 -7481482793
92817 -358020533
95701 -747827245
16405 -4619756109
-86955 -2630828045
71893 -6364886297
-21199 -9942944341
7921 -8454529277
14237 -3486750993
-74667 -3319744993
-16015 -6940832049
-61791 -8717485181
6869 -2748521865
-87811 -8872446213
11681 -9790207453
45053 -3525686697
-33115 -8008239413
-48611 -4013403865
54433 -2171511409
87533 -2040398353
-44575 -9227209297
66997 -9461192069
-56615 -7714736473
-33339 -1287028929
-98059 -4176103233
65449 -4353338809
49825 -1310043109
-47987 -443162377
58637 -727595977
-47619 -1367951837
-98039 -3873334793
10337 -1751131537
25241 -4284811709
-59163 -221109025
26357 -8049940377
-9259 -6595034133
-50491 -7557653177
-83231 -4207924693
-13179 -6782838977
-84371 -4641545037
87825 -4782437509
75821 -6976363433
96553 -1464181549
-31187 -9613246217
11781 -8983996697
-80967 -213522417
-3015 -9707598853
-47559 -5419311269
-37847 -4854526917
-58919 -6563398437
42077 -6953319933
70913 -2413402685
-10243 -3035971601
22133 -8928580717
-24399 -2187157209
20257 -1308995793
-28059 -4254365253
21109 -1656690925
14305 -5942874941
97249 -5632404581
43681 -9708925281
-7459 -714001297
-98111 -1536851697
-49951 -3608751221
-60707 -5895625021
74397 -8260182669
-40531 -2651023701
79973 -9085964869
-60887 -2436455441
48009 -6923339517
-47155 -3969958425
68109 -5222987001
-37355 -293909221
82893 -4964402977
-15207 -5088529389
-12015 -2619591485
27893 -5788387993
-94651 -1837078953
-51655 -6393117825
-14475 -7113557261
-79591 -3755935853
66129 -5007830709
2921 -7206207745
62541 -9565797241
-85619 -9983793645
-32487 -4458264389
61501 -8764279977
-22379 -8234901377
-76083 -7338291073
74133 -1858904525
-94387 -3239787257
40233 -6202470677
99821 -2002485549
41189 -590657865
71649 -3946487785
1017 -556024597
85021 -8983757541
-93635 -9865500429
38177 -9937064969
10561 -3465445553
47609 -27615125
56321 -2066078321
-23067 -7502693929
-83971 -3296187105
38013 -377625601
84397 -2822726209
-48083 -9173327813
-67271 -891369889
-93695 -7543339309
-79759 -6689858705
-58723 -8894182857
-16755 -8209153605
-84791 -2839564485
66269 -9764707357
-33323 -7546827673
54161 -1370464913
-69207 -728642069
48609 -2967369385
-88323 -9448327605
-23795 -5539993301
62457 -6837649861
409 -4943828561
-19195 -4926004957
-30631 -7198612933
-13595 -2744250573
-77151 -7796738621
3345 -4930174097
37725 -4434458597
-35143 -580899725
24281 -7243282225
-64215 -5732467793
75485 -3221465057
-62043 -7854934821
49821 -3637973833
-81547 -3466598797
11613 -7096199365
66817 -9363581241
87969 -6701497213
-4879 -2097422013
-79787 -8627488577
75773 -9886807793
66293 -1120769325
-48275 -1188859761
28797 -1777112261
72465 -3196091897
-49871 -3102710897
-10547 -9790114813
-42899 -9853446353
29613 -315338529
-57095 -2837742973
86141 -7425848957
-88831 -6582681789
-5219 -8362438313
40821 -3538759289
-75495 -6188858689
75489 -7144269973
71953 -4828009741
87001 -8317075957
-43567 -3874882537
-5135 -3915400181
-38355 -9011325205
38377 -5570833797
-24447 -2436488225
13573 -22471917
10465 -8495686241
66273 -5810157757
-56599 -1963663685
77197 -1865441689
77473 -7566546997
35641 -5242737345
-88391 -6332909293
-94299 -8249162017
-22471 -2888723561
-78491 -2897110229
-74091 -4014420237
-26927 -3884867213
16813 -5547924841
-87611 430272767
72033 -156436669
-52543 -756972725
30309 -2028983549
4393 -2730193825
-35107 -6357957545
16873 -6032408517
13269 -5928422149
6193 -609989797
89809 -3108496573
-80335 -3339931685
-43611 -7306276769
-31907 -2688842177
-65027 -2275948085
77365 -4516838577
48921 -3011320261
25125 -5659475609
97329 -4600583465
82689 -1319711945
10557 -4757068685
445 -2955305177
97373 -5231775101
-18891 -7776075673
-12619 -1273729877
-62811 -1943742381
-98903 -46748269
81957 -9467592573
-5079 -7844684777
-53543 -6344689961
-78919 -1584959201
74917 -404780645
-26639 -5483713457
62161 -8312405121
43101 -1842832853
37221 -7581945685
14285 -4920005913
84841 -6787263229
-53151 -9976851861
37993 -4758075849
39105 -1990987017
-97867 -2376149165
37749 -3512445697
-3931 -5842451645
60569 -5436130217
86421 -9657722825
-95147 -5504596965
-36435 -6063351665
-36247 -5805031345
75985 -5967985797
99261 -3407118685
-44115 -5150681729
94597 -8168624929
74053 -245054525
-34275 -7870762197
-48239 -9071642161
-23611 -4893277605
27649 -8270791805
-67635 -2193022801
-29227 -4757088805
-5691 -8658460305
62333 -689832153
28017 -6870071009
-2187 -7506317949
-49595 92133359
15657 -8352761281
-18119 -5934349721
83433 -4593646105
25053 -5473412477
26357 -4574549985
9997 -3243783557
30437 -9959117805
9277 -2639204725
88721 -9368655265
-72695 -4445156257
84861 -5973566125
28277 -4125056601
-22959 -1728745741
10281 -9560069057
-40027 -8310085097
-36255 -8546597393
-80719 -6024074597
61609 -680414341
90721 -6115751513
-90999 -2285061489
53201 -9599942845
-53919 -6850915173
9369 -8824632385
54925 -9844037717
-86615 -5361382845
-92459 -2257801673
71705 -7092073909
-84443 -9334692245
55677 -7177237485
47869 -2949188897
-44475 -1525130825
13265 -7272304893
34509 -1478487745
-14283 -1351626005
66005 -9978070301
-42683 -7186695097
51429 -8114157381
-96875 -7004141133
-65791 -6370612473
21657 -2405377869
55993 -2140098185
80017 -6055030597
63073 -1767168829
-55095 -4684468421
95525 -7859352257
71869 -8227360453
-39751 -5483940157
-87467 -9398944069
-33527 -6922555769
-90171 -9195758053
90497 -2771228537
-89231 -3859455781
68721 -7849292393
73741 -9106245181
8601 -6467639889
34693 -581004313
-88887 -6576038833
1361 -8605672293
-25299 -291014837
46825 -9736881401
-39451 -6240589073
-15267 -1820916857
87721 -3428842205
-14059 -3751870557
-12439 -6079520421
60641 -7506960137
10017 -3858768797
5825 -8353744793
-52615 -2301345993
41529 -6215319809
15617 -8371577345
-26535 -8412263069
60909 -5022969913
24345 -2272222777
-24911 -8077420361
91097 -928118265
90953 -6298758505
43049 -5991240389
4417 -3653866905
-4343 -6961744409
-2047 -301515961
-42995 -8825157465
44697 -6529611273
14321 -436726757
-99319 -8403358377
-19247 -7935609649
-5699 -1029018033
73129 -3499988165
-27863 -1710197657
71957 -5337651533
77677 -6279244009
97537 -9454809749
-99655 -3116187441
70525 -1058908657
-11903 -6194691317
79125 -8247509969
-12443 -2163833609
72805 -8576341657
35165 -5835625865
-19075 -8501003873
58213 -3398336113
-97143 -1725806521
47069 -6548099581
-3983 -7840156009
50681 -7667567381
-56799 -5937457957
58685 -587542425
-67039 -1740655157
-49875 -1104652849
58269 -3127153177
28125 -6953909865
46361 -7801600521
43125 -5566659049
2377 -521205657
69661 -1952029297
-5547 -9918394553
42557 -4320171033
77325 -7368409217
31313 -120004629
-44211 -145833445
74073 -5313839737
-42847 86944019
-74531 -4224351761
-14427 -626537165
25297 -5892173297
33901 -8267007165
32177 -7950129637
47961 -1762908089
-75563 -5830576061
-74299 -395946345
-51387 -4425630649
87633 -3224634261
71741 -3543533261
62441 -2939146565
-35375 -5937175005
-81911 -277930421
77821 -1682158461
-11043 -4674224809
-75787 -4849489161
32777 -8391442677
-18299 -4482108833
2129 -1729989161
-74755 -9150018981
-22375 -1880809649
70577 -3819096029
16701 -4290579001
88197 -3503590877
96861 -1069050405
-64771 190439099
-7523 -3745811277
83181 -719281909
54077 -1273186541
-24791 -1791205861
-5635 -548234505
-14419 -7855147905
-27919 -3891882545
5345 -4459898953
-43755 -2325198773
-54783 -5048863033
-2523 -4414086685
-25795 -4677578157
-41523 -309430145
5881 -1063958337
-42799 -4608232805
-38123 -1450263385
6413 -8956742153
22057 -1687829137
-57343 -6689785761
-69407 -1014748217
-18211 -6011088909
26917 -7725136105
-62751 -8894568505
-56391 -3604725345
-22695 -2498667497
-66695 -9431200509
-19103 -3335872813
-66447 -7629948873
43349 -7483078525
-48051 -8641583365
80989 -9684597617
55049 -8426347097
35021 -4320273365
37637 -8484789777
-49843 -1574419385
14661 -615451501
24241 -7437241969
64753 -8733179569
19665 -414256977
-91315 -6207966577
92153 -8161170305
8333 -1618288589
-78975 -7855756425
-81755 -6952632005
66025 -5134487593
-4879 -1062367053
-71847 -1766776553
-71779 -6656263533
46993 -8377655241
9769 -6304769929
35033 -2061394937
69793 -8544440253
-92139 -4306197741
-19291 -4553428185
58753 -7246890877
20105 -6044556205
-53763 -725364933
-35899 -2993801953
7845 -6582420881
29269 -8928243629
90433 -5303254253
-37755 -1998125573
62481 -3557437477
46169 -9878951657
52125 -7665771797
52965 -1740533733
-28927 -9139036505
-73371 -6473286577
-42923 -7653126637
-45471 -5774934389
-31907 -4935401429
-7147 -740581361
50297 -5100939497
77113 -9533347989
-76879 -6716715233
91013 -363258653
-67807 -6839132409
28025 -4891491757
-35503 -6879185753
1697 -1904750629
47305 -4065995469
64425 -9499634717
-47643 -6958983325
-44391 -4854629833
-81759 -9926304345
-667 -2517542681
1597 -1958971801
50141 -5338978433
91037 -544286017
25005 -5025108361
-56035 -6538320569
36169 -1361785113
65421 -1792619541
-82835 -4255165345
9025 -622524313
40813 -4407042397
72521 -2128882645
66969 -5733782793
15981 -4104783669
54737 -758360793
-28179 -9113194141
-10311 -952736281
65933 -749104597
21245 -5889700245
18089 -9017113209
-24955 -9151859809
-55863 -5607072265
81885 -8984697117
-56799 -769137317
95893 -5418553437
-29395 -5366647053
-93855 -3564937993
-74963 -4381773129
60253 -2989677273
94061 -9396231373
-50675 -4314377393
88857 -4665740145
-1339 -7791422941
-70635 -7723142677
32641 -141947489
39685 -4859257225
78749 -4692538969
-79559 -4839268009
-94207 -5618821261
-29051 -9090330297
84601 -8348932501
-51279 -2519806429
42029 -8908661829
22605 -6683681089
-97443 -7515487685
93325 -7783775201
23933 -4789925189
35773 -7919903117
73541 -3367945273
41897 -1591574417
-34007 -5647407925
-33979 -367691901
-5847 -9720668153
59937 -5901848317
9465 -7771957817
-72199 -2711488393
34621 -6808960245
35385 -7563632849
87465 -9369912853
8769 -8032956125
-44791 -2293774457
-63151 -7889713605
-94355 -7561219041
-39327 -8839728401
-90215 -7016321801
70185 -6791283969
-73947 -7144301293
-20159 -5686373665
13317 -733634281
63637 -25178533
60641 -8384198513
79353 -7526346481
-35811 -4632884701
-75043 -9122576141
15317 -3122748721
23509 -623429397
32433 -5109555737
63461 -2570752493
77633 -7331226977
-11287 -2671508613
-46079 -6390961349
-5603 -1391695909
21269 -6727684873
54593 -1831569341
-33311 -5012520297
-99295 -2017654877
-32663 -7489549981
94465 -2658053393
60865 -239293421
-73211 -5044619317
11445 -3947130869
-54007 -6146773133
75377 -490544245
-34307 -1403949653
-86307 -9696333125
61553 -1947308301
-62751 -8359137925
13201 -5512195649
-82047 -5329250357
-85711 -4757709181
82085 -6718805325
-24291 -4821830209
-73467 -4983660689
1801 -8361389213
-40767 78273035
89105 -8870726353
-38003 -5974833193
-59607 -1856753141
-96091 -8919592793
21649 -6841044293
-30899 -5871313173
-62119 -3234996997
901 -4407751705
-59231 -8399549125
-39951 -5416596953
-31319 -2002795473
-49899 -9172088573
-80531 -881655469
25989 -5840132053
-8919 -5973510757
-52939 -7444470713
13057 -9517573033
-3127 -9478528245
50745 -3969770305
11937 -5281860621
-16123 -2600730953
95145 -3942953485
14097 -1465021469
91645 -8350395349
63749 -3848775881
12409 -6448142565
50825 -312026385
61717 -573504605
-55795 -1812073901
-56039 -1287659937
55893 -9716623261
37633 -8716942741
-76963 -5391169553
97713 -3942591981
68329 -3855147685
75093 -5511728713
27137 -1020773057
63061 -2456049109
34977 -4516896981
60257 -1137013825
-44631 -7986322321
82265 -9841916541
29709 -4582089101
50753 -6291056749
-215 -8260576629
3025 -755234769
56733 -4975970557
33849 -6564454553
44549 -9839555377
61865 -4257056777
-9167 -2843132757
-77839 -5713295297
42773 -6383832801
69217 -328195845
16453 -1355371277
-98907 -5634381145
-98279 -559809169
-21131 -643853401
-96195 -374876197
-74327 -9747126593
50397 -7125920873
-15411 -9500271469
-43783 -3131550341
-14295 -9599905205
12517 -2138778409
-7371 -7527538077
-29951 -5622384933
6537 -8353103177
-8787 -9756356669
61397 -9967317821
37825 -3553929797
1465 -5473698545
64597 -4102422513
-91267 -8105258629
4089 -7804320329
-81455 -1982766437
21309 -3070703585
-67043 -5655456057
-95383 -2230348277
-57163 -1132941045
37477 -8411918121
36545 -1165398869
30969 -9094497625
-61375 -3624178049
69049 -9308197453
-97531 -8975357245
-33279 -5017141757
99745 -8531454465
62617 -3670481141
21865 -664763585
74265 -254510605
84073 -1412778565
54657 -6404862237
-61771 -1059430473
-5759 -1867107497
-41927 -9134321073
-45211 -8134266933
5889 -9331468473
17069 -6325324969
88497 -2499486109
24541 -3331380801
-44479 -6974795097
29845 -4509507565
-10175 -9812431321
-43899 -3355054833
49801 -8786264229
15109 -1373660585
45705 -6846263917
-79819 -3473563537
61453 -2835418881
67405 -97773025
345 -6435000893
-9911 -1249768977
97637 -9182455225
-8759 -1952092209
92725 -5455065669
-44647 -2498412057
5705 -6181244037
99057 -6276496793
-91003 -1845246117
79373 -7489736929
-27147 -6117916837
-46191 -3955673673
-18223 -4959000581
17029 -1842222261
-73955 -8896515557
-69711 280241799
-21883 -6094310457
-59311 -1055488525
-41903 -3311190285
-10755 -1005682817
-47307 -9212044081
-70539 -3957742969
-37915 -4882317277
-73971 -4864089833
92469 -3936032777
-12599 -2040167173
99085 -7658707857
-24851 -6975285021
63913 -1191872545
-21307 -7136634045
-11531 -9263552957
17833 -2949659773
-5223 -7101763617
-43707 -972854369
-68631 -527366789
-34575 -5961566921
29261 -5697554889
-10567 -2554497829
-38199 -9516009289
-46599 -4014338009
-17755 -854594821
32557 -3592899533
-40611 -6994016093
-93831 -9150536197
-4743 -7317174277
-57247 -6727249621
-78711 -8627311729
-3863 -4545903601
-39655 -9437916465
68937 -7411685437
95229 -4748545813
-65995 -7827234925
-33827 -4573386489
10009 -8683544229
-54739 -94226397
-28155 -4716817637
-50719 -1777430345
92357 -8345815701
80541 -3647886017
-46135 -4499719921
-68319 -8794242809
-1343 -7904023337
42337 -6684171317
-43715 -8187959565
-95499 -7433449325
33373 -9361605237
-42271 -2704876073
-41851 -2052460553
-63911 -8696040117
-80147 -8716629565
9289 -296926457
-54091 -3480597073
-10299 -1262598065
26937 -7843460173
17101 -3778890013
59353 -7117810073
-4471 -915661441
33845 -3049630357
46869 -8296426533
22017 -6090807021
84885 -5462536269
-27935 -8986345865
46033 -1808146297
23061 -3396472265
-29847 -9776580241
-30907 -983623561
86293 -9538571517
-96375 -6982726797
70025 -209436965
-51583 -2229433229
68497 -2221326749
91625 -9304173525
-45055 -4126498725
-41803 -9202412913
-767 -3385781341
-47923 -3956646945
-85575 -7233430873
-88159 -2273831813
-3823 -6216263873
68509 -3688067757
-79623 -3607595149
78401 -4797647253
94213 -8781017949
85749 -3789438633
-11439 -3486910933
70993 -1531582869
89797 -8690178477
-15287 -5834713481
-75755 -5354108189
24817 -4643073837
-14355 -5307739101
33313 -954581125
-1143 -2083660477
-44875 -8639484921
62017 -184889517
-91559 -6237173001
-46175 -7553645877
-59287 -9225895161
-10439 -1164688605
-32379 -2544648229
43045 -5435644941
-36779 -1445490453
-60663 -1493822069
93701 -9042038461
37709 -4274697465
-243 -9405754741
-49131 69343187
-3511 -9664873569
66077 -6384190373
23285 -6055679073
39149 -6595622625
-52663 -9270088361
80909 -3964108673
-12799 -3112788549
-90271 -5047682373
-47307 -9031925849
-35707 -6823622725
-69483 -7877275261
-72719 -6841830001
60725 -4341621837
39025 -7076909389
-96491 -2821450849
43141 -6913131957
53509 -7235262213
42769 -272400333
9189 -5599534581
39137 -9607196545
1589 -2319894485
-74235 -2144345477
28209 -9471110981
28473 -2170879601
-41075 -1431699337
69045 -7034176245
-43179 -8830931489
23953 -7426174129
27637 -8183643533
81025 -6047709933
-22719 -1956845713
68801 -5383622357
-71987 -7449431209
-53447 -1068125361
14845 -3028709729
-74867 -3461185633
26353 -7704936337
-42251 -120675209
11273 -4432303661
91237 -473587825
44565 -5530097649
-64235 -973752329
62629 -7090091885
-47375 -6688745129
82689 -51500829
21569 -3656801077
88285 -1456018141
-14695 -1526840817
-56451 -1525815665
35381 -7442714541
-32027 -9106166617
51413 -15040097
-97139 -1387971701
77801 -6736876961
-96463 -1661700017
