75660 -1917241582
27196 -8075091382
-6388 -6682458374
23312 -7852833946
-10528 -3518139570
59448 -28933072
94849 -6530082778
63836 -6890231702
-41284 -6022962238
-6580 -1205855508
24329 -416338726
-87567 -3059291506
42648 -7544564016
-68300 -2262007500
34881 -9649318826
-99628 -28641438
-11908 -5217892988
-76296 -9734436562
-80567 -8546037934
-34119 -8993811574
17836 -7904492172
99956 -2916248214
-85088 -7962602506
-71904 -6062886400
-45632 -1432705978
20664 -6978474066
88152 -6623415202
5457 -9636949182
70612 -854093710
91124 -3996523228
68720 -9656025160
14060 -9674498836
64353 -2257869030
-23940 -7516013444
-33244 -1292106156
68012 -6937523614
-75852 -1297093198
-18016 -8476385224
-56216 -2301440
65297 -1323999618
36376 -9009524994
-13832 -2441934240
-32112 -4760167120
-58399 -3902651362
-5948 -2244298460
-58727 -2462898574
19601 -4169908334
22212 -3449590558
-90967 -6706264262
95928 -8991812400
55352 -3299398090
-29936 -8878595520
-88164 -5406282948
-51999 -5322254850
56193 -3425770418
58808 -3666889672
-72184 -3280270154
-69380 -6638049302
82876 -9311379436
-83324 -5603252268
-97904 921935774
88425 -6587857122
-36423 -7550073446
41897 -9787780054
93892 -4016980750
-65511 -3550453282
-41884 -5805190230
21824 -2312336984
-74588 -7368081318
38113 -6888832462
8764 -330954814
-59551 -2543669878
-11968 -2170515058
-34839 -8795317374
82100 -5232070132
95777 -4190710170
31172 -100524860
73513 -3082320774
-84511 -4294046314
96929 -2854464538
-90492 -3515231884
97804 -7225419860
-87400 -2799022752
-72196 -8956746342
-53356 -9826600420
-78508 -1573702998
-72232 -659617896
25628 -2056658732
96252 -1547472764
-87916 -2997043060
10900 -3914914652
-78903 -1051059094
22353 -768703394
-47224 -3387558072
22753 -6520895794
6428 -2862629708
43244 -9284124590
-67223 -9856333074
-84447 -2477569970
61233 -6050409482
-75423 -266113310
-40863 -5793239866
50388 -467942164
-4784 -1603835170
-80639 735179862
-90071 -7979801246
22256 -5795222666
-84660 -8006048204
-77040 -4689659096
-53375 -1500858298
64960 -3984492520
-10936 -9264739818
-95392 -6576896592
-40495 -8391385974
1329 -5144122878
-59471 -4361834834
-45063 -17318798
94329 -8318086218
38368 -1575287904
-20436 -871587716
-66532 -6842389836
-71448 -2894488842
30104 -5961424418
13004 -1510605550
74880 -7950227352
-88591 -7136719290
-42692 -1992075300
-40959 -1089382418
-10016 -4574113016
52065 -4885700538
-93556 985300332
94936 -2856889474
70161 -6862291658
82737 -339245894
33081 -3208005742
-98560 -375578064
16321 -2854364566
91721 -8537302966
68793 -2526020418
-60471 -9131413690
-76308 -6469412124
61516 -1239416732
-55879 -6404462606
-50220 -4099660132
3825 -6151881042
-59631 -3615432654
-51879 -5981832386
79240 -3317102688
48432 -7893254128
-1103 -5459150238
62120 -8042608466
91740 -6518429198
14881 -868845714
29468 -3418858670
-44240 -7433402066
-73744 -6057801392
94713 -4130129034
-94480 -2737291954
93697 -9389397078
5036 -464083084
-10231 -6806109734
2289 -7540788818
8193 -988932370
-83007 -40262306
-8495 -2176263038
-41863 -8138718794
-52903 -7508489670
-65319 -817028438
40464 -7337214402
93372 -6630208310
-66639 -5516701058
-47700 25625226
4361 -2593862226
9697 -4207096178
-73039 -9804845990
-83504 -4565367616
-59623 -2176685838
93281 -473100678
29696 -9282519306
37865 -9720403346
97412 -3327876228
94417 -1130848970
-71396 59119682
4385 -3587953630
98296 -5497125138
25833 -3635607098
99236 -8082729092
13836 -7432829284
84892 -7362541518
51556 -8380638756
-88472 -7272189914
57009 -6780523514
74172 -4164161774
21564 -2655011934
94768 -3996621640
-98656 -1534560442
76268 -3246568438
-97444 -5308038684
15656 -6525612968
5084 -9538943412
58000 -3967346498
-86392 -6912199034
-66767 -7516969402
23956 -1173522742
-80304 -6521520512
-71016 -2419553632
-91015 -5550190374
42456 -7749446242
-63687 -4263366622
65385 -7285907334
80833 -912213418
92952 -9945067418
-90008 -7035238288
13856 -4679194282
47497 -8405436234
76128 -3694296474
20633 -6761797002
86041 -3914576046
-42848 -7462513130
85096 -3385588984
-47032 -6900570136
-13596 -1866399124
37281 -9148330690
-83828 435703292
24860 -6921538598
48760 -7784995232
-71488 -9624517658
-57400 -7451345992
-68444 -6515460700
96948 -366757702
-79 -9154947686
-76479 -424810478
-3080 -5714275104
-60196 -9573204956
86300 -1096994278
53424 -4120568840
86760 -9533936752
90441 -2265746710
-4663 -1239567650
-63672 -6878006672
10848 -4971550010
4704 -4895312968
-33472 -1732149554
-34292 -8477861366
49473 -8202654594
-53644 -8977030870
-53492 -7266629998
36760 -9090839554
32388 -4382685678
1264 -2086089056
93753 -5872728530
-88920 -6895395298
-13607 -6157688938
-52732 -9346035108
21608 -2154631728
-17960 -8855944168
19084 -3649793668
-20375 -8449784506
-40376 -7960287810
-57719 -7770042610
12864 -4857160762
51052 -6513741868
-17812 -591754294
84608 -7419693250
-69199 -5290846602
-57144 -7137623370
98001 -1581197970
38153 -4409446518
-31311 -1328413838
72744 -5665240384
-42712 -4915105608
-16832 -9226923858
-66240 -7883350624
43545 -9684237906
-89608 -5112497762
72052 -584602102
94825 -8610409322
66969 -6203440374
-94028 -1928410220
-22544 -4595485394
-49340 -8769808716
39049 -713587078
-85344 -2669731018
-46951 -3572027958
14268 -3000562766
-80644 -8458973758
-94616 -2606460120
-17943 -5460079314
21569 -4135086074
-16815 -2023149598
45372 -7142173972
-39348 -3359628596
98804 -4075937300
-9872 -5623305240
-17796 -9021507886
-24868 -4306382662
-12096 -7705008648
-54880 -3116430592
6849 -2905753614
-39855 -4532435554
-42552 -278671154
70721 -3569636266
48360 -9556813880
57401 -4781465946
-97600 1087123312
46337 -7147789430
-44476 -7834402972
88592 -8266128648
-60567 -400879042
56928 -8517616408
-57575 -9316209410
72233 -3666240238
87508 -9824103534
67024 -7270017066
-76964 -7885185558
-1032 -2207942026
-42688 -7598263416
-61495 -3712971766
83737 -6715404682
-78928 -1838146762
43096 -6014537608
10561 -7534782546
-91239 -8467730370
-16288 -7290711416
53265 -6830536382
37296 -4864621344
28409 -8943477030
-61572 -1760428182
-97796 1097151946
-82351 -7923594422
94584 -396771490
-22560 -5651359578
45393 -3342002654
-2452 -9381487670
-16455 -1551476570
4156 -6876742220
22092 -7306421406
-45824 -9923779506
81896 -5137701576
-79896 -4042889098
14168 -4572049392
75788 -5778347982
88753 -1194739122
68484 -313690324
55273 -5859014730
17380 -8195836532
89156 -6414326134
21780 -8800690646
-20004 -3268198782
-54791 -5189026754
-84888 -3683840104
-56012 -7765070454
-97136 -5395900690
-70256 -2025959770
-44799 -9751675710
22065 -4730103466
369 -577053726
12940 -4423206004
-48812 -8693546124
21689 -9681252258
-57783 -9069646426
-81359 -1059547622
19713 -6019530162
-69167 -5603974882
-52756 -6668284068
39604 -7460007852
71188 -8724368484
33268 -9796706788
44268 -6335514940
81708 -5209529982
-38660 -8702806598
5313 -3977183686
-17584 -6238264640
-95887 -3640359950
87889 -2108504522
-4063 -4431271070
37432 -2181226538
465 -5727133466
85449 -4246789482
-2031 -9956042050
13092 -8205260300
25444 -6215073326
-57216 367723102
58105 -351873502
-47472 -6225390536
87257 -2654330522
55457 -70650742
33208 -6836783354
-96327 -4422633746
-27615 -333242766
35289 -552930738
976 -5084907826
-20308 -2895898822
-96168 -7372783546
-73344 -3036133826
-16 -8569464450
-49004 -7744447886
59889 -3698333798
69640 -3113914298
-19911 -9230912782
-85000 34034014
90049 -1661032650
-25884 -6820910278
57652 -1786584012
-41152 -5067104890
-26159 -1540904478
-29500 -3607090566
65705 -7801477782
85216 -8697233106
-56548 -9432463590
86892 -9110620830
68817 -9646947818
-31280 -2179063386
-15367 -2883922562
-23304 -3530270018
22500 -4230144796
-36064 -3956323506
-7903 -2886704686
-30199 -7590330642
-86272 -2213755082
33684 -8713894116
-16688 -1817423562
-72023 -5551915582
20753 -5548117178
-74692 -2552382004
80881 -4677033594
54313 -4717295978
-11911 -4737930278
27345 -9249396606
99177 -8070278790
52860 -7864559286
-16743 -6201388938
71281 -7300442286
99553 -7324771870
-5031 -6035721002
89116 -8933376044
-59112 -5892855912
24553 -801853970
-92308 -6660582140
26585 -38668986
-1236 -5656009750
42105 -1576280990
-97431 -3049235318
19873 -777186742
59852 -6520579260
-41496 -4167013640
36744 -1618506082
-24407 -1869363322
-64172 -4662689606
88112 -9021939712
-22648 -9440417066
-69256 -2886100082
-27612 -285344828
-37364 -586342188
-98343 128176958
-54812 -2378893204
27232 -7275606768
-56252 -4405398334
51600 -3801604936
-62199 -4950269518
5408 -4095525368
-90164 -838014188
-12656 -1124619746
81121 -2256565118
-60935 -2481400698
46344 -5184397656
69401 -8535259798
-85015 -4990468114
-42343 -3165052798
72696 -3797063000
-79876 -4274591862
-3903 -5656131610
85281 -40535830
54617 -866783598
37500 -1694150420
33849 -5941529794
98600 -7170099554
88025 -3229855426
-74004 -6712503348
-72468 -4115246884
-59032 -847018096
80249 -4061943458
-55616 -5001982384
-60847 -7900388758
54600 -2466931826
-2452 -7069872614
45313 -2673711570
976 -6891741610
26936 -3748628312
-22944 -5016108346
-67988 -2836516724
26217 -3768873414
-17831 -7031770270
-61143 -243935270
85385 -8842666218
-34207 -4879979674
20321 -7945565538
-85000 -6241583570
15344 -7525162864
39377 -502160214
59620 -1963747636
-24728 -3784700104
-58096 -8417476136
12612 -9315068524
-1916 -3649385396
-98132 -3459804692
-35063 -768246850
-28404 -6030385620
30736 -6285598002
-38036 -9696696348
-53836 -2755891926
6825 -9443584978
40609 -1715204302
19825 -3289167506
-18108 -8220807958
-28892 -1002632732
-45084 -5986305884
-3412 -4589531124
21244 -289417038
99080 -6078654682
71644 -8797542252
3936 -1025309058
-991 -9663304022
-76640 -7089658514
-71900 -5721300268
-65564 -6713835270
-29820 -5860640460
96521 -6795409402
-39576 -2235849562
58844 -1525153830
32936 -9119563160
84260 -6696023580
-20472 -1283027514
54512 -7939631082
-68623 -7702340782
79444 -13968316
-56676 -4155236820
-94276 -5939230422
66372 -7911295956
-19488 -153176946
67632 -8556075458
-5608 -3212786416
-80836 -9433597180
5689 -1689816010
-67119 -6435461386
-77135 -9220140450
-78399 -6467896666
-81383 -753123542
19604 -7139515924
54577 -462476918
37160 -356372514
-86992 -7156216560
-58447 -4777878934
-9144 -2715651488
23268 -6510917012
3540 -7109776926
81521 -9653615606
97280 -4902970986
-55863 -9204552822
45664 -8334193842
37777 -1594907258
38745 -8723366310
-64820 -4929708366
-47284 -9590477150
-71575 -9418265138
19473 -1894198126
60208 -5131150890
61313 -4233919982
47489 -5243867102
-45912 -5466400514
-54743 -8179197478
80433 -6783790810
89585 -3758954198
-29247 -1026867654
-59884 -7823388070
18361 -4093683346
-87639 -2577528286
-16464 -3436621680
-70132 -6722206500
-78728 497456680
84321 -5775203770
71268 -490890564
76248 -4722664752
-23304 -2250058194
-22912 -9742759890
-43319 52337506
-80671 -4944158646
-4127 -6274826858
23584 -7365584418
-60591 -4838743750
7640 -5239038928
-66048 -9201262104
-65132 -7492724684
77240 -4634389840
-20855 -7168462494
-48340 -3589087836
-37447 -8653888766
-56668 -9384266374
1668 -1252732484
86168 -3617236144
-69504 301285614
-50892 -3565848164
-80080 -7167860426
-41159 -1183723914
35872 -8872967010
7456 -6918642602
-66548 -8382242478
-7412 -564674076
-84284 792412884
-76895 -5212321082
78697 -7509692006
-88168 -2996881554
-57660 -7278611284
-21287 -3816802942
-69271 -4743378242
-95055 -3597227722
72464 -4114364800
-41360 -676881192
-8928 -4675697496
-4228 -9742686660
36521 -3644367726
55248 -4828629504
-1672 -1458725112
-25047 -6971122258
-27879 -8024506454
-82628 227729698
4060 -8696481206
-12247 -7169453546
62808 -5091566968
-60512 -5669977458
-34556 -6995027238
-52704 -3429282138
-74300 -6376090364
86288 -8474472424
-22668 -6206226388
-59804 -3840074196
-33727 -9753015438
-25951 -430724158
72057 -3271686562
-6288 -5440011042
7964 -753291030
74184 -3548979104
54816 -9068395448
-55719 -467254946
29388 -4837363726
-20140 39686682
73700 -8095672572
94388 -3104447334
-37620 -2410606166
23537 -3218696946
-7247 -1823103302
-54391 -2764366522
57056 -6590451234
-52567 -9978148654
43660 -1974363524
-73920 -6261922824
-45439 -5919555006
-98735 -4471197410
-95612 -1790754910
95713 -1151008350
-86464 -8801504040
-96479 -9777356886
-48984 -8261605770
-89428 -2863441932
3264 -6209116688
-9660 -7046617494
64728 -6428965728
85017 -3934493398
-98920 -8604968098
-10020 -6329956076
-46591 -5491831950
-64560 -3030306320
73241 -1588303770
90673 -9188873790
-66852 -688886838
8496 -7234218690
97657 -4995906458
-93772 -2368877100
-27968 -2295650560
14144 -828240714
29812 -8554560838
-70020 -4676965470
-73535 -8679629434
39520 -7279132808
-70560 -4889933490
3472 -5091239498
-35940 -8041004126
824 -7575122978
-932 -9054298660
6020 -4874907638
81880 -4808835418
94500 -2807652988
68984 -5372365386
3668 -2386268662
-31047 -8722987722
61492 -6382099670
-9959 -6091350954
15216 -6269007042
85529 -7123892462
9425 -4569184162
52824 -9047108930
-6551 -4311742254
-10060 -4677795452
76912 -4032912202
-60052 -4296546366
-26808 -5418426746
5284 -7538388854
77785 -4761049106
14921 -5951198310
84393 -7435503118
-30556 -7222224276
-68804 -3177539044
-91964 -7275894518
-84008 -9703160008
-57848 -7538603216
-19767 -7677422018
23961 -9098912350
85836 -1725165118
-67840 -3383235816
53060 -6996604172
-50484 -7142630670
-120 -132276976
-61063 -3051906350
93129 -7233828222
69273 -5316093718
78772 -7466504014
14289 -3102557118
-86015 -1353246446
-7607 -8719225034
93524 -8986010942
-62952 -4385310042
22060 -2022884742
-34135 -4621970370
21528 -5152823552
86977 -6314756946
-89248 -3823057568
-94796 -956091436
51833 -2011164702
79468 -6322258118
-77192 -8442362520
33880 -1599882602
-83087 -3181836930
-25880 -5802618048
-52423 -1697064102
8593 -2470184450
-21792 -7876327024
84728 -8601195074
-87359 -9807640754
-9215 -1624943434
-93288 -4290716984
-65279 -601411510
70028 -7405865718
-82156 -3575924676
71537 -8519465458
56081 -522266366
-73496 -7892624906
23168 -1771051082
-3292 -2500478846
-76440 -2336233320
21212 -82284326
90596 -4233351518
-35460 -6005420102
21868 -424898364
-43375 -277660606
-3148 -1293632188
84560 -9280554352
64896 -353073690
77833 -6314754354
-42680 -5865618370
-76063 -2547269142
-44295 -6204103022
-64020 -6665612846
-77120 -4837781968
-19852 -3709180918
-8551 -5230138022
81476 -8188439268
-90392 -9208311272
-82031 -6390736118
-31655 -5244831318
4172 -545763942
-96463 -8598928618
-79487 -1915538390
-7712 -5720078040
30300 -7200357236
-48496 -8686376216
63857 -7159661766
-28980 -5603473766
-18463 -9278499874
8969 -3173103578
-3088 -5416590960
-57980 -2700892116
2928 -2291940160
72012 -4532565422
76132 -5705957620
55184 -6930323368
45076 -4323571438
-30444 -6856088644
95792 -7682539442
5753 -9056672098
16209 -9664877754
-7903 -8524700322
-84503 -3264422826
10249 -9366792210
-18688 -6884757786
-92111 -253116554
-42120 -8545570048
-62632 -9430003504
64796 -2546444092
-21240 -4509064946
-81908 -4122355172
-79447 -6127777778
56344 -8731456682
88892 -1186382094
-8384 -1025191120
-10167 -3443022850
-17124 -7587737046
47676 -9286642558
46640 -4187714856
-95612 -378581470
21857 -5893739190
69944 -5466085496
44945 -1510670894
-6864 -6965631512
7753 -2892038766
26312 -9622337914
-28380 -1708104702
-10228 -6807186412
-80348 -793156606
52396 -8953898324
-34244 -5953554108
-77528 -1512932954
21684 -9274904356
-59608 -3671433424
-76192 -2937502664
41052 -9573412740
75729 -7888450342
29337 -1595894318
40880 -9452697904
-70951 -3024179970
45484 -4324872902
82260 -5178871644
35921 -4369352094
-18076 -6264609294
45600 -6735070392
-83887 -2689730174
14816 -8593059506
39369 -1373287786
76684 -2785471772
-77671 -1731508866
20785 -368928454
-5136 -7242456074
-37508 -3596106092
-68532 -8451652004
73812 -5930394668
5044 -8980756
75868 -7332732636
-91016 -4967475098
12484 -402953310
14081 -3858537806
-22732 -3157652220
39337 -8303260606
-73287 -6373034946
-53567 -9397756906
68280 -3222986226
52976 -5947057312
-57784 -5971723264
-23988 -4615506956
5672 -9376964530
-16832 -8122753384
38344 -4354567680
-65935 -1112522010
-65084 -3745784148
91348 -3197924244
30460 -7765468796
-79656 -8169644824
-64904 -725200042
45440 -2568309154
-90231 -3714449394
58524 -7062952836
-15016 -4764245752
27312 -3023361730
43668 -3778023436
-11152 -5205636802
-7740 -6691413436
78752 -9908789048
85456 -5646671018
59272 -8987698346
-46540 -7945426630
78548 -9786822518
17601 -9465403102
1748 -9535319390
-44572 -6641302742
65264 -6378832008
-2672 -1454650
-95172 -4773993934
-44999 -2151143654
-7575 -7410216606
-7951 -2563359266
38192 -9974960440
-95447 -8049248034
76257 -7657642334
-69664 -1092257760
95428 -6097453988
-65244 -4412733998
60988 -6476984372
23497 -7982366250
19948 -3361423044
21648 -3610900752
-53808 -3419522784
40932 -8813252788
-66372 -7588124062
-99727 -381721922
-21752 -3015021448
80936 -4955076554
-89480 -2705491170
51708 -331466620
85657 -5693555878
16916 -1081284604
-28815 -9289530398
94664 -2685655106
33145 -6188619770
-26128 -2268446408
-38079 -6746159306
86297 -8734446082
-15344 -6586974402
-70543 -1628199654
-67663 -897224450
-78568 -1258689560
-86404 -54374374
22281 -7111577106
-1956 -8244240598
74265 -2979059526
-96359 -6591205066
15364 -575016668
95120 -9456208690
27676 -8161367118
99457 -1442610650
-81352 -1402636050
-368 -1162919408
88200 -5577905264
-31160 -2754612834
-4256 -9024594344
16780 -7461084470
-37352 -1356991066
-79135 -9299704514
3056 -1978860496
-71404 -7103717820
-22095 -3325656930
-81372 -7218544118
6913 -5284336218
-57100 -390595092
-82764 -3104392102
38993 -9290236482
-91384 -9767514288
45593 -9972950710
41073 -5757327858
74401 -6182254366
-33127 -7913085774
-60756 -4232290054
-19796 -3979091518
-7383 -7890394358
21536 -3740800016
-57944 -4129582210
77300 -6023888292
84224 -7077825506
-89959 -5807060862
-29988 -5057185676
-79588 -7441838598
79684 -5191446932
4017 -1597505646
-17308 -8487412012
81361 -3248929298
57440 -6267575978
-13591 -9311074570
39465 -3014710178
84281 -7596926178
95936 -8181641696
-55500 -5888571020
-83996 -1149288228
71084 -9452065196
-13420 -8156168316
21377 -1139172842
-63312 -318757112
-30320 -3964630216
-53908 -9020361430
93049 -1305865326
-47352 -2181513232
9697 -8685072362
-11256 -7517328050
31040 -3941837714
-85104 -1965159680
-43760 -9665815768
47360 -1133650074
80196 -4189192244
-78820 -5795200772
64080 -7100218312
5724 -6395885782
-21455 -3655621842
26220 -4354856142
-94840 -918183416
-86528 -2220787472
-61304 -6267075096
68844 -9382220900
12800 -5672039618
-81584 -7988124088
81544 -7800674698
-67316 -1626873398
-45279 -6576670902
34265 -885307858
66248 -6373980882
55348 -2352348108
-97295 -2200605270
18353 -5176679502
76120 -7561632288
60177 -3118100230
-55172 -5536223820
-89551 -1728916406
13936 -9800326338
6060 -3392884148
-73479 -7659466486
22548 -1534134126
81108 -9557335084
11409 -615975990
-52984 -6969756738
47704 -5742787978
-15431 -427999438
70612 -9673629244
-75783 -8472805126
-12264 -5203642018
-26831 -3607359490
45124 -8027485740
-86575 679051210
-30504 -7101464762
87736 -2838105594
-88311 -8233946718
-28431 -8779642002
-13191 -9338804282
89212 -2645824468
49400 -2908720720
8604 -1253821278
23929 -5482828294
-12831 -1518748642
88561 -5920916010
52452 -9549734838
2388 -5927898004
94168 -3667734786
19328 -4397458872
-95116 -7182271390
-41768 -3005260240
-42332 -4677052438
-5015 -9240360262
-41336 -2650227752
-28096 -1850011120
21180 -2320238462
30936 -6961526880
40409 -106761886
-16864 -6729519634
-90919 117144834
31452 -5038293630
-63312 -9047266168
45424 -9842974224
-22400 -1198605714
71124 -4825920276
-5892 -2824162558
38561 -8970187882
79420 -2215460374
-62511 -5684255254
83609 -9807263954
62872 -2882551448
15316 -5698684836
92460 -5309188820
27816 -6926106586
77689 -4473581054
26364 -6945731340
-21660 -6736281422
60328 -5192059448
40832 -7676008386
86321 -6948132514
30720 -3778089160
-8928 -8590016666
28332 -2110578054
63745 -7085047806
7740 -9991442214
-77140 -40105102
88704 -5293332402
-51319 -7520728214
13081 -9295558590
-62268 -8201997086
85124 -8214971988
43089 -6363238218
36484 -5437788780
-12044 -7938670558
56540 -858379300
20008 -2006784514
19356 -5408751254
-65279 -4223822370
-80384 -1583592986
-27900 -9334193638
-23632 -9965060600
-33647 -8077696666
-9452 -4083259086
26660 -6900883958
-35263 -604163566
88052 -8467973782
62156 -3457750526
53289 -5618865726
-81644 -5369958846
-52927 -9077607618
73748 -2041486004
44644 -8978568942
-84628 -2631368614
-46008 -136919466
-28780 -4705527124
-9527 -5548768214
43137 -8148274118
-9804 -2395421420
-12512 -78210794
-88143 -2747823202
-36575 -4006235650
93856 -3587209080
36044 -813505660
32841 -4731473294
-7752 -781096200
-28572 -5686453812
-76120 -5692881520
62092 -8458312284
31905 -729357942
-19167 -7274772710
-42852 -832927244
2177 -7644119182
-37239 -4787812494
-20716 -3681358700
-95328 -1509784104
84596 -2170949774
-91528 -359663682
74745 -7990714230
98264 -4216667602
47720 -2901756704
-84064 -6360313064
19188 -8879959798
14913 -8387699146
10481 -1847918666
84824 -377216168
51060 -8844277452
11928 -3880887730
60376 -180719448
10840 -2174679896
-27239 -872405074
40852 -1117462702
60188 -8586813212
-92220 -4238648070
67745 -2796541862
-85316 -611275956
-63476 -4249133174
50625 -2184750710
-36591 -8449702278
-33316 -264920294
-31815 -2122752282
-81524 -4363594110
78440 -6828645842
-11200 -7544477080
-21832 -1265657208
23161 -8010520138
61236 -4183665204
39292 -946729462
18065 -1666092414
-17720 -5481096898
-96087 -4973643578
-57196 -8153197822
-89743 -7447484610
-64919 -1535738302
69376 -1140378848
-47752 -3814285106
99316 -2350987734
-50479 -8538397106
61369 -4668509986
29192 -2047058928
-62008 -6729491368
83708 -5927053228
87065 -1694012758
-7508 -7458952636
-8240 -7763980026
21673 -4525845942
70737 -1482429906
22820 -7837866038
-78103 -6414974354
6940 -853711740
3156 -6942545876
45057 -2143483022
53536 -4382587016
12641 -7842873242
-56216 -2853263594
-70620 -2936922452
-79964 -3545746300
-82887 -7131967970
-75376 -8534272256
-68471 -8342593438
39228 -8047957340
-21599 -1666062870
37953 -8503169526
83496 -3245982256
10676 -4771621196
64548 -9355216884
-36392 -5047880690
90748 -8621725132
18225 -4614690118
-45616 -3283791184
4480 -5647490464
85385 -1814185630
43396 -1078684068
-63264 -8874659426
-3583 -5750674674
-47615 -3543209010
-34816 -2810080592
73448 -6831559368
-32420 -296931540
-7959 -1246875414
-35319 -4861777750
52384 -678217482
-24695 -4289520538
-66324 -6574432342
-65472 -8290510058
7545 -2667086654
-18212 -5779614062
70585 -1835660866
31856 -7271631160
85825 -5716027338
42676 -3871110804
88268 -6067080662
56936 -124784904
-16472 -287438768
-92840 -4301824064
-89096 -3052320418
8752 -4653298856
-32111 -8716594806
13024 -246794746
70512 -7669040122
66300 -5717285636
-88388 -6332026868
57657 -4427019058
11448 -6341314176
-83848 -3979254794
-6167 -3437088282
84652 -9778490126
-49428 -9964269772
17904 -3667159650
-3215 -1456339762
17857 -5196168262
-7260 -4716866956
34884 -6561633700
-7388 -5631824580
-84815 -1295465270
-96668 -6262711876
-72631 -822479878
-99004 1129725818
-22655 -9573737826
19976 -4136748304
51369 -9504972478
-20304 -6873851834
-90024 -581155658
-64400 -231045650
337 -9170086346
70160 -2943668898
-81815 -864805610
-58768 -6387763442
-86624 -6509568138
20252 -5255108342
-46472 -880065880
-77000 -7491196656
8377 -5952261462
51345 -8154381390
46604 -1579985148
61428 -7556254076
6464 -6834533170
99076 -4537881846
93336 -7870227810
-34604 -4676868702
-40760 -4448663338
-4032 -4016507848
1860 -5549528388
-86772 -4495819958
-94655 -2619238422
-98884 -2014007646
79697 -5030356306
-74996 -1619847812
-55108 -4952996500
-95007 -9341551394
-8316 -8965729908
57992 -2029415288
63257 -3441283270
64660 -4124963764
77040 -4672283402
55304 -5485560496
-63503 -9735873518
58384 -413310570
76713 -5635222942
22465 -5600770422
93625 -8856290710
94024 -9325459058
-14584 -5299157810
-47239 -1147933058
-78268 -6855694318
17337 -7853620006
-75703 -809960918
-4780 -6139085940
74769 -3437866126
-46576 -2810229706
-21815 -4082576206
-33232 -2128286856
74972 -1741158182
73620 -5008576726
97393 -6644502694
38312 -4076589904
78024 -4684554106
-38308 -2944595820
93993 -2649250606
-3247 -8097305274
-51152 -8675111904
-5320 -1914979586
81772 -4881419148
-67519 -4141252518
50280 -7472921272
-32836 -1069215204
-56404 -2160474668
-27879 -3160044410
99280 -6361865322
-88820 -1886842614
-77127 -5760417962
67140 -7900047876
-1448 -1813260178
34564 -8688438046
84296 -6759248042
-1104 -9610356874
90548 -9698744644
85772 -5686656430
42529 -3819895114
96764 -2355047236
-2447 -2618642722
88836 -6119128790
-62160 -4251076538
-31264 -3247867688
89640 -9399532464
80993 -9860962606
-20696 -6303589858
68060 -1365412588
-68576 -5705307376
-15096 -2942209800
78660 -6638065398
-90116 769076986
96672 -200750266
-55751 -1917008278
-87255 -332080910
19772 -3285957742
52112 -5967317338
-87911 -3548593934
81672 -2783585528
46216 -8660124010
-67448 -8384641648
-76920 513964918
1040 -4980952234
-4583 -2378105442
-7408 -7008826050
82529 -4745420354
-5620 -5345766316
17228 -3282565844
-81879 -2508676074
88577 -1071376726
-4399 -9149808266
24752 -729482952
59048 -6025033954
90376 -9985270176
31281 -9401940958
16436 -4887775652
-14151 -5712832942
97684 -5325244300
-47904 -767496386
-28080 -4860905970
-83128 -9858861242
-34136 -3558899162
-69688 -7118819840
-97660 -4451256476
-95844 -3160451892
81088 -8277661456
39580 -1343306318
-25887 -6037864594
-60215 -8164300166
-91871 -7755958854
-51471 -9070165050
-35588 -6981100398
-78255 -4797536206
58476 -9739098966
72513 -3040367710
46508 -9113806606
-28695 -5131157710
-54516 -8303476974
-36412 -6896263732
56588 -4533267572
-41552 -4359561472
72768 -1451463976
-8112 -8935297402
39801 -7303004926
73292 -3780578566
30364 -8490300636
54692 -6507294100
-96319 -3024159834
-87199 -8103242330
-37872 -9466087962
89177 -5136006898
13260 -3867055316
29996 -6434432158
37012 -5888571988
41849 -9925139554
45929 -7067398254
47420 -5373576574
-5460 -9547476004
-48015 -6416101946
-43252 -9559049052
-7735 -996833642
28001 -2156628806
-71336 -9884923880
-84296 -5298204282
-83120 -4564246352
-124 -7644514878
78897 -9482622250
-47640 -5754038506
60753 -2386623770
43041 -3513943194
-35532 -1682836532
-57892 -1190590828
-36983 -8866147486
58812 -6077067502
1393 -6148713958
78728 -1911630888
-13495 -3733814030
46504 -7194637256
-41612 -3141698860
61788 -2867189884
-50336 -2449203466
-80511 -5941217762
38268 -1175644886
87784 -3862462178
-85728 -1917476450
-35092 -3260945436
66320 -6651610320
48520 -1073001512
81332 -2387054380
19676 -5452928126
-44100 -6123180644
72792 -9681617512
-46524 -2939534364
45616 -3474025792
68940 -367393940
-83772 500803226
-64492 -6640381678
-22999 -5465341190
-26799 -4538736250
-22484 -6914994406
-97520 -3315606130
66600 -6547440120
-47972 -4965804060
-9711 -7378592014
-70036 -3350706124
8808 -7959873242
-36252 -1283597292
-66284 -8748805446
-58639 -110302778
860 -6657295182
72644 -472069974
69604 -6284211340
-39976 -8471484688
38908 -1297206574
-61711 -8618294542
90937 -2826525722
-12767 -5456122682
-58468 -1550358062
-7615 -3661048774
37572 -282900436
66697 -7743724866
5713 -8381074154
6617 -6646919494
54820 -5446382020
-91180 -2857061342
74188 -350799892
-15028 -3828608892
20657 -8996783718
73980 -243915782
-70244 -5222687870
-21188 -7939383092
-83868 -2991373572
34833 -4310808190
89804 -9284990790
-65775 -6198138474
73232 -1122826450
-16103 -387232258
91516 -7714092982
45276 -3392627486
-50311 -1341388006
81833 -810977286
1260 -9601391660
21188 -471398364
-34828 -2378367740
-34879 -5285007118
50457 -1266499610
-26136 -6732675426
76124 -4864513278
-67016 -5539786114
-87228 -6803892516
73832 -3741396792
-36567 -7577921234
64780 -4517409438
-80847 -6865768894
-67480 -5642683538
-52420 -2773408126
-95048 -5897529944
38545 -4160916746
81036 -7965565998
6820 -1830572654
-68104 -3847213784
-90292 -760907054
33809 -2339187578
-40103 -437003274
-49876 -9158787492
99377 -9644521058
-2367 -1417597494
32393 -3049643262
-96692 -6476241902
-60644 -7678000406
-34423 -6693986858
7696 -1930206560
7420 -3384899740
-1544 -4205769106
32793 -9797277398
-79676 -7087395974
19905 -7754281590
-82756 -332787532
45812 -8302112380
-66663 -6731383258
64072 -3087015376
60505 -9008314542
-47748 -2044872452
-85320 -6903964002
-37456 -3210447666
-34352 -2196053538
-74527 -4251408074
-71551 -8710598234
71921 -5394061438
-12560 -3499099482
56284 -5185090526
75377 -8432255122
-30344 -1822881808
-62911 -2600460882
-83143 -1573572918
20577 -4182230222
9585 -1593977314
85116 -4220885766
-24560 -5354931480
-18416 -9530408520
61660 -1034985060
8172 -8288050030
52056 -3709018272
-44224 -4659614834
22233 -5104931322
38516 -4239812214
10676 -5144682654
-70959 -4775048170
56324 -5858768806
-33111 -2198158378
42568 -9122495616
44369 -7389803330
-67104 -6866165882
40756 -1710311380
64796 -5575164276
23268 -129775596
-61476 -968588270
29433 -9492382430
91076 -5031876166
34312 -3029001952
-16111 -6637058186
-25876 -8170452646
-66396 -9613378276
45737 -5009543458
57441 -5004179762
83588 -133812812
-31548 -7817540508
-25807 -5571473094
86849 -1470215150
-67388 -6887568012
-32303 -450444966
-90191 -5368662078
-20416 -3659710810
4912 -5411149794
-72472 -4226365890
-30140 -6322897030
-67080 -6967612274
-31608 -9530499608
-36748 -2109236190
-91399 -883653478
-44444 -7086897884
67552 -8770640362
-93368 -9431783562
-29047 -9077880074
-22460 -309699526
-62423 -4253502682
8256 -3649816944
-32860 -7807293884
41473 -3028209286
69017 -8069782242
-84272 -5713593682
-12936 -7224070610
-25239 -3569632094
-67780 -428638734
-41751 -3061664162
-26984 -1875741792
-85583 -1297381166
-16335 -6837371546
-9116 -3490287046
-58912 -1471422322
94704 -7193827130
29440 -3067682122
27617 -2521590466
89384 -8101262872
-74088 216380198
49937 -1947230666
59104 -7497030280
-56824 -8089342834
70696 -9773701938
39089 -4760439486
10412 -3027663244
-62239 -3455802354
-72676 -2299041022
-35484 -9953929950
83048 -5791616346
-36448 -2572125066
-51832 -1391019768
86840 -3026855376
-67124 -9637180742
43864 -464591440
-61215 -5396043618
12924 -1996421292
-4488 -9858767202
-12020 -3962235758
74800 -9338143138
-12652 -568121014
-63855 -6387776890
-17544 -2039860786
51713 -1683338682
31208 -649684256
-9576 -3897754256
59996 -6986845654
-69863 -711953538
-94344 -6539874792
39692 -772095172
35108 -8271152316
-23520 -7264273442
-58060 -2342598604
59188 -5561768348
90961 -6495123066
-57612 -3620603348
32948 -7459227958
-90340 913350618
16036 -5278727422
-80176 -1898125184
-80112 -9744920496
-31308 -6811549166
94164 -9688536924
-83412 -7474228428
-824 -8849707464
-11820 -7950129540
-37864 -8398135482
-16184 -8773387392
-9420 -3859279452
-89940 -7139948548
-62919 126294350
-69128 -7178858880
-16663 -4644774010
-77311 -9563137246
73980 -9117811886
-32031 -6952274386
6896 -4029325992
3945 -6303013998
-99263 -4917907614
35801 -4434652854
-40512 -4124770258
-89191 -4785004578
-52620 -330694286
-29047 -5655146786
59916 -8157591390
-93775 665585966
-39984 -9078654424
14721 -8290242378
77633 -3255568450
41568 -595918568
49452 -8477919012
43673 -1746630630
24745 -6404207222
-30183 -7357179598
8732 -1265414590
-93504 -6707924968
62964 -9817885446
8788 -9750544964
14889 -6366057198
-59204 -7602778110
-37340 -2533290996
-48936 -8205204522
90265 -6495928478
45712 -2818433384
43664 -6628638312
64812 -7287048198
-47704 -3417736144
-37048 -9217368984
53500 -4575919892
-15128 -5858230594
-29559 -489338538
66673 -9352808146
-70916 -5034819710
-74376 -3468854752
-69264 -5423632514
-4319 -2135110122
-48152 -9150925984
97368 -7631636272
8425 -7423601842
-43295 -7745161418
17865 -3077661062
57592 -4139121824
65049 -7876114494
-65248 -3241445736
64577 -4003959926
-86428 -1096650406
69388 -5200418948
-84760 -6764331504
68876 -8422679606
-47192 -3037384496
-37175 -4089772010
-34991 -9632996994
83900 -2107359350
-156 -746299726
66345 -3051675142
95932 -9352334716
71569 -4408123774
58808 -3243227784
17304 -2531041090
12200 -2435924738
-61932 -8335071238
55732 -7295542966
-30055 -2695623030
-94431 -6492270070
-43655 -472131946
80600 -3654154024
-90863 -7971562294
-84384 -6141605826
96192 -5544589738
58808 -7659064448
-56432 -1822181072
33017 -4690810618
-3039 -9850903094
94708 -5036310244
12272 -2588600224
81193 -2491337838
-86759 564330838
8764 -4363015284
50716 -7560249894
19048 -608339176
31185 -7826969514
-24824 -8515841794
-41935 -7823604830
32112 -6784784978
-17384 -5386723338
-21656 -3349237418
-46919 -192941934
-5535 -7995906626
3468 -5686187924
-6140 -3178222446
39408 -1846591384
20308 -8499070252
25500 -4536744558
-28172 -4481694524
51772 -1329205462
97961 -7051613798
79876 -1320480638
83584 -8976981208
-25800 -1710897954
-91732 -9486673612
-27312 -8544539888
-74296 -8460427866
-77143 -9490859506
67444 -9753858118
91116 -6653005076
11708 -5362631876
-86016 -5658624248
-85871 614369174
44540 -6255782268
93641 -720941222
42548 -7889695134
-6460 -1119166118
-18980 -5151269686
-67960 -785494770
-32636 -4792172878
57932 -6649161174
-92092 -465538158
-54156 -2732855254
43680 -369751042
-52183 -5534983434
68436 -8112711470
91388 -1967718806
-53391 -6880272894
-20588 -6181507310
-6964 -5604429374
34092 -2602830670
21436 -2623460918
-71608 -669455810
-16015 -8332067822
41528 -9770278314
-51120 -5368245154
-23263 -4179048862
-34471 -480503134
48480 -4360654242
60945 -8505325866
78748 -9807334518
-52612 -3349791174
43297 -8477305298
-18535 -5079779974
-47479 -6967159646
-40719 -4326781834
6601 -9870741170
75529 -9377624646
48817 -2281749262
2676 -3139565948
-75328 -1423167408
64640 -4399233786
98345 -9059508322
-50824 -2038994026
-66832 -2662328050
8420 -7762663326
-74512 -8521434176
47984 -5596849736
93897 -3425867338
-17092 -9827040382
-4943 -187817290
14752 -997085250
56028 -2451051934
30505 -7920889558
-78856 -8775245290
-63488 -5897376378
84793 -2880604022
62716 -2925464380
47416 -1461262720
-75212 604038146
58129 -8730516546
4641 -8547127834
75332 -5850259566
80396 -8933371998
71492 -1914915862
4345 -6934080838
90044 -2633871180
79920 -1171210330
66060 -9635749636
23588 -3085083190
-39220 -8022867428
-97496 -4881347066
-47736 -1383608154
-74447 -3405507766
9232 -4986261018
-62788 -8132613324
51673 -7786423254
95992 -5661194458
-53135 -5739449262
66937 -1426323206
-94263 -6376520926
83192 -8137682106
8808 -2177417794
6204 -4141489574
84272 -6014519042
83336 -4979111130
84764 -9791773510
3384 -1676221226
13288 -2898504680
42208 -2705390712
-13508 -8742254644
20700 -9366962238
-54695 -7392557182
-99096 -2235563794
-28039 -6255365982
14376 -8432696384
14521 -5412247386
-41100 -6070510646
-37588 -6384497324
-93724 -3211068990
55636 -1452237286
2268 -6252257278
61073 -3086224222
-1020 -2157623878
-28844 -957809710
-90744 -1176462096
6092 -3643116238
90504 -1042030544
69369 -932665142
16092 -5635154638
-38016 -8672967442
99841 -897646538
96088 -9068938440
-16980 -2675056646
-78295 -1403372898
-90036 -8220967094
-7076 -7795484044
432 -3914961338
-4400 -6621901426
24308 -7641372222
94273 -2880862862
-37679 -8197940430
-27816 -925215642
74896 -7175493136
60313 -2238299338
-61188 -9226228862
63209 -148437614
-5144 -4020930354
-25895 -9585364262
-75552 -1693980176
37561 -4895754242
-56304 -9469378208
38996 -3435987286
-98831 -6372132890
-85407 -1090990354
66372 -259644676
-7184 -6142994162
-54551 -166305730
44065 -2807141502
-75303 175799126
-60959 -4141148034
-66079 -4402520650
68817 -9282623178
-40408 -7265724952
-61544 -5878098176
93768 -5067388378
30345 -7130670770
98545 -2490234810
-9695 -4480494446
82832 -3660363184
21588 -9068317516
-24572 -438660006
20088 -2575916786
-4976 -6047028546
-56976 -1961088440
-32559 -6187463478
82012 -4661211150
-4104 -2166154722
-81904 -7441608848
34044 -8358653084
-26552 -1723777898
-8140 -8319927012
83000 -9877312368
-9967 -3858310738
-99959 -3141408822
-96132 -24739940
-27688 -8011464856
67888 -5954727024
-11736 -9047678922
-2204 -51179020
-61552 -1116742858
25208 -7855258554
-66639 -2969514302
-83272 -5793163234
14708 -6401146420
-47759 -1933527818
-96976 -9250107138
45161 -2576143246
44132 -3972235166
10200 -343617650
-18340 -5746750966
98580 -6485218878
-25108 -2420695606
82720 -8646227432
-11404 -1319145092
88041 -9366514974
63476 -5124568198
-88696 -3252455840
-93872 -8329164208
14828 -6046954340
-88576 -3320169618
-35959 -7105634286
69164 -3957885124
11496 -8319610
-65632 -709980594
71648 -7588499154
-95367 -5928409562
-93448 -7300130320
-47159 -2528047982
-53452 -5067527150
-41464 -7217037760
-38060 -6555053780
-72024 -5530366848
-92095 164503202
-75036 -7989534742
92456 -5094596920
-7872 -6385119552
-53612 -1144971748
-5831 -8386098058
29936 -4821306344
-57056 -6326724480
95096 -775670952
-32180 -8202706950
-75632 -3367971168
