51035 5988113762
46223 9480186913
7792 8621570660
-16416 2768721223
-82267 777878510
-43575 9797305788
73276 8801750547
-16183 40474747
-32204 6387653570
-26868 9401688803
-30584 456711653
8690 7804231356
-38220 5918172496
82740 4431950495
-6001 3340226336
64553 2104239647
-23356 225437232
35094 4558392205
53708 4347073224
-53167 1115634272
33489 4128488256
-77275 4701141683
-74191 1786380461
25086 5271242438
91042 6388116332
93742 6454507937
-29449 4095905218
98772 7252753832
-33643 6491755567
974 3369942615
-54932 4357666319
67974 1219457423
21372 6477869515
-94747 7560353294
11278 5302800127
-57033 9722416098
80913 3361493181
87456 7079882909
59884 5582739053
70269 9735904140
-83391 5061180690
56924 5699106102
71039 4302930008
50440 5265821078
-27308 3092853765
28866 1284392576
99504 7459245145
58236 3276779078
-11378 3194862570
40883 5091437746
-65778 3404802602
-8617 3195679388
5286 1965602464
-64268 4245033633
42341 5652247120
98392 5765900786
-74644 2073626823
-1899 3884937240
-59690 6012622568
6636 72856970
2622 2541077086
-26246 9492998110
-31718 6394217738
-29162 7527258886
74643 6741076620
10931 8799162239
9347 2106310036
-3140 9624709350
15882 3039681124
67056 6863079991
-112 9620811111
60946 9045520082
-89084 1252183815
26698 286460021
-48902 7400369570
63910 2556507853
2244 609314854
-4309 102200504
48294 7748024695
-28782 9564272867
-666 3894287414
-29716 4352133933
-4123 2268022160
40156 6929507572
10692 2646440158
-77827 3684497536
54962 8880300342
28592 1521426510
37049 8869198592
73558 7151294490
3494 3491099814
33494 3178837431
-34898 351677549
-90342 2879377726
-64634 1458243226
-62158 9189503178
-33764 6852472679
-67980 7885923190
59092 2116436162
49427 3819063619
-99342 8439295207
-75892 3348582237
62314 2008680171
44490 1790008069
90034 2557484483
57424 4086875800
8210 4336911792
78719 9500156624
62920 3857979527
-44594 9738163386
-45566 1470834263
4775 2632324567
96702 2599603037
57078 5475437648
42978 7757017552
-65090 7063747737
64812 7241445574
-32965 2723829877
93094 4135949667
64456 8425152988
-60961 9862238378
3075 7397903052
-6975 857090292
-36552 8129156054
-7969 5710213357
32987 7689633806
-84464 2010740542
4200 5390863210
63890 4061876295
-71802 1798455892
67355 2167072774
-84780 5033219080
21347 4104836693
-63241 3835595563
10763 11392868
7506 2802695236
-37580 9916105793
53980 5368122689
-49686 1036732003
-71701 7791063680
27399 2462732721
48188 3759090585
58755 5344973580
95669 4726396891
-89462 6502876090
55515 4102632114
89618 1366607394
-31969 1219858577
-4402 5090811921
14495 5096693147
-28827 3731575878
36861 3922521495
-52078 1511607072
51735 8410612731
-19324 2648473638
-32408 9844821224
83192 6083863176
90846 7151557199
89302 9180169380
1158 2830380959
74616 698483005
3802 2849067183
-63860 1843960065
-75738 4227398774
-20983 7199186945
27106 2698679216
-29042 4292341466
-59943 9129504771
75604 7389908651
-35744 2820639008
-6740 1858228791
-53941 2821951154
21328 1418817077
57774 1411670779
-63768 1451528437
46373 5922685237
-50010 1513633037
-19088 8750645439
60988 948400594
43200 4519135055
70096 3671447956
-84830 2995157616
85665 9401431824
-66649 5323646641
-98806 7025195100
-48290 7603594869
40754 6577305297
67404 608545382
-82875 4428973197
51167 5895153665
17178 6889881466
82204 680928691
2676 9505826191
-18397 5212980530
-51212 3129512394
71320 7539435461
27634 4134738680
-38768 6852922961
44938 8178715063
56796 2612813734
52276 441102734
60730 8985749016
-51422 6886527122
-31093 4735058492
11772 8158385012
55156 9449061927
-31112 1891403896
53656 6405750579
-67170 8025023518
-46100 1788023875
-46482 6105695642
3291 4807869000
-75300 9637229609
98314 7259827997
82896 576054274
25841 1836764396
106 9163975616
41657 3729407185
-10786 9966436680
-24571 9814034992
-99854 1504012702
-79842 534708058
37323 2339901990
-10380 986181716
64163 644640596
-63882 1344626486
99419 2561058256
-75302 3590973180
-72841 7140609967
98655 1944777159
-21344 1541340698
-56396 6017581709
-85798 4117564722
58940 4445606163
-75838 5618684358
43038 9319615619
-27890 6546496783
-76027 1347628348
-98504 7198228724
-97382 8893839414
50597 2980313974
92530 1475138979
-1340 6322730765
-34302 3548580406
86237 1649489516
70210 6286827230
-46417 5674871753
92126 1519048527
33351 5535375459
43858 7683929336
82706 1489258578
58221 3987011352
-90132 737303914
3096 9637573006
23177 3513977044
80799 2378938764
48592 275610939
60314 7618974216
-5594 2356012743
-73450 2711085918
-43250 1512351867
-81663 2589241659
98472 3707620909
1601 4646964611
-6398 8658766394
84677 8408380313
-92094 7103833336
38673 9763665168
1439 5068118284
-96578 7137406647
29210 4045271952
-64106 8388766121
89105 4522181713
12965 7939802185
74332 5454126889
-42103 4360974427
-59809 6862248299
82048 9149296047
-6974 3092765428
5489 3251538091
76898 7231520718
-15984 1903492132
70348 4294667852
-68814 3519248834
88726 2733241147
-35696 5622190216
10126 2163363248
-18447 9664857912
71753 6571582366
38490 4304354558
72362 5827365744
-74876 9075316805
-27715 5504163410
7737 7010007846
70432 3744580467
8704 3977213547
55220 1212684216
26170 1741697906
61083 9297801312
21610 2881333359
-12282 1845081271
30424 6106259450
-37854 2045525773
92596 5439458501
29404 3919695052
-79146 9907535705
37692 8473597337
-96654 9171644219
71549 1856862049
-29475 2649697605
-20632 9364520289
2139 9243545826
-64740 2505580321
94608 6820834573
-82948 9455323536
-93944 6319904183
-33254 365474194
89018 5693772177
75347 9575619602
8886 6560390966
-44701 3492350056
26136 8396978971
-83964 6556911419
67810 7887872985
5650 5915386522
-69919 2527133114
-67063 6873333317
-53413 5175858833
5538 3689351960
20092 8777005749
16308 170432072
89652 2361007787
-7316 4975163235
66593 4984813193
47859 9616146216
-13699 8525236408
17922 1341892468
-81222 4365542416
45423 6343455285
34942 1677553103
33194 3371947644
-56370 2867258677
-2643 3161704845
-64916 5302646168
-13398 2231206603
-25196 589403090
41499 3655099341
-75248 878059555
-24468 8841915265
58677 3831383790
-39253 2527777571
97902 5893189940
-40862 9962750918
-29707 3262815637
10356 1828186096
29547 5543221269
81735 1137821076
92422 4175761556
-52623 3134069766
43620 3170551751
22514 5149214505
10715 677912882
-81 5480594520
-42693 9144161730
-56335 2064429778
83628 8784365431
55935 4392533763
19198 5485288162
-23089 1254484649
51416 4571494398
-33289 5014829701
41573 8259159940
-66474 4986500915
-2539 8042035210
66695 500721305
8879 7465088965
-29194 7864458660
29620 7686069320
-82448 4528491800
-452 7311408068
-80544 4307282527
-95276 1842841673
33426 1737698521
-41824 3088291929
52829 9556534562
29655 2809301901
10821 9770016717
-39253 6401402935
-8539 2876384303
78477 8541062709
-49692 2837346734
-85790 9223343275
-58732 4617297198
-89092 8989254009
14758 4174390680
-18230 6061583999
6734 3269494170
76894 7972799225
4109 8897511614
59068 5478636486
-38578 1973792190
-46062 831926263
67806 4605324425
-67184 1488943713
-98212 2513877480
-45349 3693970727
-7342 8497035738
-20696 5913649446
39520 9642564642
84016 7693835272
-41029 6477857816
80004 4567006888
98966 9167815374
20420 9310396131
-12224 4546504833
-13579 5171848625
84030 1414125959
-61818 8536033273
692 3206859186
73432 642705155
10938 2302020580
-71958 813644023
-76837 6956342350
-31081 2258012060
54886 5832893215
43876 7883199815
97709 992035709
-21981 2179011123
-2744 7812400406
63310 794490778
-83806 8096560788
6082 4967814259
24065 6942214346
-72111 1696704468
-5814 3794599330
37913 5004306308
34444 8437875396
-65174 9088539205
-24564 6237275219
3940 6975297256
86580 2134787857
5058 1817424460
-82771 5363431690
57069 636356025
-57843 8278540734
44478 1440769172
-39235 2725270550
91036 3869442688
19000 7626628717
-14995 7979402917
94672 1844166871
99058 6990113578
-36260 1003826199
-28904 962639746
93167 4459403140
-15938 9256407046
29560 75960849
-90098 9079945584
-52864 9180589074
62160 2687625995
5067 2317833960
35888 6668809851
-82236 7682765566
33516 8745169562
-34358 4965163409
-6765 2145020106
-20671 2591945954
57508 7147429058
88857 7210971255
92027 8307889864
-3342 6656592293
96958 9184426596
-78793 532348363
28912 1079496588
92699 8553792661
-77576 9060722432
74405 2645673827
-47563 7748437013
87437 2069888347
43175 8182407055
38256 7532151817
5662 5818433201
-68228 9920000018
-80973 6368510013
-7236 8801721613
-27644 197856406
51029 5236429091
-32234 1364112974
-59730 2650285591
75292 7267559232
-55017 3725353767
52390 4973407933
49530 6997351106
99772 4919306383
-98750 2613015978
-76189 7458975652
-80168 990259151
-77882 2228760099
2758 9094325767
47547 4601408031
-41070 2519986579
-57685 4313535257
-99727 6778317004
15071 7705540475
-98874 5847501056
-2342 4394143678
76876 6883090784
-31950 5819030189
94182 4453999846
-87272 1559229539
46564 6615372893
-80840 8596977366
66281 3290937815
-9795 9783669855
49112 6738266640
-40033 3116906519
-97731 4593720069
-50450 8438555668
26438 7844349750
27198 9159084593
-55402 5072474343
84228 6634768363
25439 6318567820
26412 4455955325
71076 1591634699
91970 8892128139
-99438 2271664435
33214 6150434334
-99717 3552695394
-52633 4097472730
-56384 8771415289
-22752 9548467382
67314 4862206072
98513 945514246
-26540 5543464695
97060 5245292482
62915 6834441448
-6566 1511444076
41014 592444515
-40012 564519972
85505 7199742353
-82610 5754257629
-40765 9055055513
32550 7678811638
-87902 4401543786
-49694 9111749339
96916 1176646463
-15643 5757187297
33892 8432007036
-78756 9020107619
-47844 9397697659
-27240 9157112107
65248 9926884807
92536 1643843589
86159 2114418886
47165 5811190238
-28760 905415987
399 1369289115
88206 8894467763
-83232 4326591397
-3985 9043679507
-35976 4445024423
64468 3085541758
-73550 483646568
-89972 1876924310
-4611 3992766087
97548 3574032847
28054 7003213948
96808 2855324899
70079 4502383496
-76760 3089567937
33756 181770913
40612 156599311
-43786 2723046594
-17577 422641242
94625 3459131933
-94009 2878144768
-51740 7201705684
-92124 9586822352
65243 5148183827
37887 7843571736
40908 3767022848
-44323 5610628286
30168 4527861820
14591 3875349493
59987 2401915552
88451 9730644055
-77388 4128553726
6503 5271009014
33858 7015767083
-88062 5257920431
-24056 285529373
33760 4799471218
-95864 1457067400
20573 314074666
-44286 6093919342
67830 9743370409
39448 6513423174
76830 1227731716
60813 9684423306
-45758 3189897502
27350 7999354566
42732 9758022212
47290 3793241989
-72116 2575028989
-77796 5933204168
70272 3627748789
14303 9920685092
5344 3966789798
-19365 1924894719
70023 3666407736
-73256 5263204156
-69398 2084092236
-600 1290642971
-22042 8138046240
960 1485934828
71816 1877014494
72849 4223070471
-26768 8124472720
56346 4404307001
26614 1838589792
92328 3609915835
3966 6553710884
38249 4567764689
-69979 4145815630
53973 9359463426
12179 1929589061
-36670 1520498835
13770 791726900
20693 9493048970
-3703 8355907229
-10112 8686333213
56124 2789945039
1624 1188632467
11597 5541632602
-2770 4983917526
64860 4018302443
-51590 5772032615
49209 6953264571
98118 6747470941
97446 9496494742
9413 5971664713
80523 1295045361
11831 9076351552
-46596 2089203442
91942 6107647005
94739 8901969727
-21558 1419218734
55178 3457005405
-24709 4528814735
-13650 3495488605
-3314 6588208903
58710 621329182
-80720 5235311099
-81391 9425741201
-2857 1966180214
31191 1816581471
-57666 654791897
85222 3900713263
72710 4702952433
68507 5260040858
72820 3818965375
-96837 3985445868
52582 2980066797
57708 2009702591
48518 8817742830
65417 5481823466
82804 4930885556
-57974 1106176630
78034 1305333061
28300 2685298950
18392 3279536553
-51018 5716056466
-99456 2572905335
-48200 2931826182
-78009 4936911078
-31405 2940520355
-51457 8272089431
70515 7953439605
55361 366622667
34515 8139895716
-92769 4336219386
97017 6665763714
-54704 1359467837
-6692 7744632669
-53504 7096199944
80898 9492974422
-69482 5538184718
70967 9202548649
-50474 7526073607
-85088 9148499348
38344 2762305602
-38829 9244966863
-90136 7687552500
73059 1150872843
-70437 4675726098
-89457 3762580044
-50914 4955286852
61624 394345964
68579 2023830878
-60903 3354394836
-38317 6524176256
53972 8059283220
-39469 2991209827
-30358 1598267085
-76176 9844636048
47727 4203614385
55870 2117793998
40588 4785049685
23858 1020168570
94986 957037256
21040 2223744649
-40329 2371827006
7065 9212675544
-79610 9909745811
58074 5834569247
11660 4690640424
67433 5793534022
95526 8831552546
89069 2674037822
-44472 2246378816
-83960 3338462466
-13244 2503287056
29692 7314196913
844 5490727647
-8898 1932433925
44240 3827541465
7500 9692160976
82078 9697190610
14806 1717107902
-14360 429382259
34577 2533910380
81887 3527876468
-52806 5597749250
-79748 7201193876
-33049 8508521801
54227 9727451021
-45535 6245326405
-36985 9808777163
77428 5431379538
-16322 5749318980
92411 1785191294
-48092 2827487672
5044 6568672344
-16545 4831052187
-23040 791174624
61846 1973393042
22306 3713528765
-16846 5071429782
49956 724024115
72869 9904037686
86547 9937086585
12738 5274975575
-33169 9995472964
93598 8069785415
24694 3179301889
-66103 4753779872
35873 7555787045
2028 3012972514
31667 1498153613
652 1261630106
27003 6251895756
27426 1615442149
72766 2185535959
-40117 1176970981
75088 2125145106
64512 6758145386
-34220 3093531150
-8977 6788735960
-2284 4776909132
-32719 2740286011
-85779 6149601837
53112 507754753
59345 9884092054
63624 8435530519
48485 1027444018
-5791 6426320149
8801 9533780555
75584 6470899425
73353 1908199824
94635 1645274412
61186 2082092204
5247 7704821757
82679 9351383479
-96232 3322767069
79962 3981150914
-49011 7554144723
56324 1217342211
97096 5423862513
74156 858964581
-90289 9066078902
76030 1781065383
-6217 8715626933
15404 8621540496
-63994 9381177756
92631 6186818118
13391 5648537876
-41356 1618339137
85715 5021915192
90434 9964445625
15699 77439705
-81006 1864525490
65794 9493406323
41332 4551641732
-29457 4339502523
76618 8720015491
-72672 7917706919
-47292 7361408752
-89434 4932266025
58611 7145084070
75504 3917824364
-8784 131818247
-73912 1687168668
28319 6784674431
72914 9237397641
7124 4097818962
-66806 2929098973
62147 7805528233
-59500 7824268707
-27878 3684285946
-64502 9680608340
-93042 9640845916
-55803 8668196763
82521 650647929
81153 1806883803
73102 5434232233
41717 3175836971
-27302 9368538440
-37009 7981650955
-96928 8311488876
-10694 6054579747
-57516 9291091334
-94110 7606484647
84234 2224784266
-50384 4092468002
16438 542914022
-27908 1521502014
51785 6764450858
-81042 3201423197
-23250 813532196
9975 6989939988
76866 8797217606
16522 6800629229
21504 8206351771
-82275 775991973
75058 3207911526
-25296 7285736635
23488 4337781756
24812 5541075951
71158 2605864887
-35442 3217450604
-35796 7160452825
76007 2624086336
-42654 321402637
25666 3223654588
-5827 9608750390
89602 4611496817
32939 297729340
95116 8408272399
83408 5411574696
65374 3042930097
-76723 8591471821
-6553 854615549
41507 2732355469
83580 8626187924
23231 936862811
-31339 5078957828
67966 6951877025
83573 2821628990
32090 4920932937
65991 5096460636
57888 5641591585
-33314 4965531297
75130 5897010252
71542 5731452938
1254 4975063691
88131 9714910377
17830 7359609554
56968 491812515
-7124 7447589535
93377 5016621068
-99368 7378870162
12780 6298043590
-51710 8926514369
-37130 6727002293
36656 8535293355
20139 6717852876
44854 536167204
-52522 345211419
51186 7253418856
35117 409239932
-94573 7032207055
66053 8510495018
-83054 5112578297
21831 2848228632
-36924 755714773
84875 9624685505
-36730 8094868743
-9680 1942378298
50776 5380091324
18892 4966931011
-4921 868861541
58512 5127241190
-44784 7400061458
-13376 3760879856
2268 3370166809
-8468 4857730109
30503 4151919812
63737 8856246007
-36730 8629167768
25889 665093840
84214 3985455393
-41803 5420684825
55283 8826286525
-48832 944110566
74152 2492668932
-40010 2328642191
85012 2947804909
90504 2070529090
58808 7800246195
-88006 2410741596
39138 6368877362
-29004 6301606456
53068 5441854041
-15601 6603485096
90352 7305365375
88344 3238137269
-7002 6606301582
-83881 678331150
56219 4538959627
5669 1687906753
61932 9205116968
-42423 1772831076
-88116 6758781739
-170 9159543841
23669 5470501823
-16423 2350643273
-96675 6774764973
-56578 6424444287
22912 8810186106
89636 9471620091
-1038 2072308438
55924 6078302612
21230 6078576321
96695 2428822183
48155 4968155704
-39746 8547417907
70366 6769733716
59680 7304202481
64175 1772723465
14837 3713626345
99303 4510074375
-17324 8670158659
-13418 5967951937
93857 7441768067
-74378 6344448943
-33860 5303364543
-93710 2981859442
-41557 2624495366
98650 1702256341
79749 627021399
-60838 9288626244
-5250 673845784
-70512 1604347291
-50180 5247443731
23211 4108616154
98226 8413775087
-92810 772116224
1253 7517112922
5606 6774864828
96491 939444524
-52280 6151151583
-62121 1953310215
-63284 4327675249
23160 6926640751
-14504 3484455878
-76015 9491134753
17687 4951342649
-76808 7476947370
70540 3697252346
-16596 5980859608
-87846 5762808061
-77910 3711461812
-32760 4987017689
54263 7628287838
26916 1283306089
-79124 4959001456
67155 4113990246
-22920 8008085317
624 5792881841
-47582 6563930780
-85384 9489377391
72246 2875210390
-90331 9910112506
28247 8211221642
-50331 6467426721
74693 2107509703
-68158 9016114044
71630 4891479840
-95893 6233119154
19744 7288856658
34005 3639593886
23796 4595788051
95416 1124337518
-75986 8881063388
-48547 4685714558
89014 4733448606
78514 5381383689
47114 3245715798
14330 8997265464
-19276 8574352956
-10550 8060727104
-70250 440374061
-33254 9189215375
-9186 1768355908
89548 4645523576
-58608 6045957538
-91699 9119327947
24022 4895437017
-3931 9359728462
10697 8007277108
-83000 6179394443
-82508 4403838076
30982 8402211062
-74012 7853590917
29364 7834749100
42422 350178069
-68964 7264620352
7904 7004226111
-69759 4680561012
-93296 2272952815
-93896 9193426501
-17788 2494201575
-49490 7365292816
-25910 431060672
83614 1331989748
-6013 1669543663
-52819 1062418588
3142 7200356822
-76034 8089429776
-2389 9811096229
-89425 4540209935
-1024 9434658582
84956 6728509926
-35324 2807745778
56699 6465041255
-53276 2850108992
-96122 8192625352
-41508 9633024055
44124 493711624
55678 1232628042
19179 3219737934
27744 1706294228
36641 7767376735
-79123 5349605756
-28551 9508262145
-2660 5315154459
63063 9496444296
-60348 1378385918
-49466 9771845755
95447 7469372525
-58863 5475172155
-77365 7511409139
74004 9433251694
994 7054098909
-67243 5216835598
46451 1429610549
32492 9803648061
-91861 3323519594
6690 3543715555
64655 1267090498
51170 2045342421
26747 8324804305
-18891 4403801496
-4776 9398174278
53901 3960334104
61046 4555590270
30352 7746621449
29280 2646470095
-44522 9375716827
-87279 957493941
61446 9471249200
87279 1441550295
-53493 9970889541
-6896 5270372022
35978 1705641165
51564 8835739063
-72208 2935435893
-68569 421429523
-54644 9811634197
-73023 2798380374
9906 8708504473
33566 6216301110
-90146 945631386
-23743 6409771105
60112 3539243412
-54748 8946454956
22534 7976421222
-74256 1019339185
18813 3012711174
-72984 5545969090
-38161 328583393
-75542 5215440704
-59624 4881510164
-88141 7074242791
43300 3991895347
-65737 1317694838
-81652 3287897034
30356 8542056405
71118 2083734395
16744 4280917885
-41890 5059298178
-18236 5365845992
86116 6763726787
26292 3399517117
-82202 8382928643
82305 7034556510
40342 5204868833
67418 5514122007
-15848 8807251569
-98650 4302425265
-2307 7261750056
89228 4680293073
17534 7662104010
-62679 5657016315
-51244 1467467934
-40818 7977784378
-29204 1959528987
-90283 7424591149
42808 9873260795
-93775 5762153890
-69734 5595752541
-85435 8110776401
-868 2209453182
2877 6389109348
24108 8248781528
52239 9860977302
-88891 2825766776
59019 7517211261
-8708 5085468971
-13238 7160849080
-62349 9202376583
-19632 4742458510
56987 6169406392
91236 8089385645
-64957 9506965124
82768 1101431515
-20046 382663927
-26654 6708203850
20750 530105721
-17420 1181149102
-57354 4973141009
-47748 1815991603
37444 9131103437
-1376 1080288212
15129 5525116242
-66056 3580628104
-29458 2772670767
-7198 9183548952
80252 1566503061
-17064 797171350
97552 5819521995
97772 6501867390
-23731 1941616672
-69432 7344742663
80648 8768272749
45521 2455204894
-6774 2672495839
5199 6369905730
-1598 7843778791
-5492 74746411
36159 7968542475
11548 540622856
70532 7363585968
82370 7948481838
31978 6478593970
-4507 7607663698
-42538 5728466769
91661 8258166908
85991 4870663544
-82472 9245948595
-21776 7245276397
79504 3153526121
-28740 1570910012
-1874 3198552851
-26234 3953568194
-20654 1088142898
-73128 9699841708
-86970 4557799355
18627 6697546617
92752 6504130261
-67340 2129679172
-6956 4349004749
36960 751542101
-19410 6256468186
55386 5410124551
-86306 2249839584
19072 8261317500
14578 2358638396
34222 2439346266
-64897 1437023572
-21002 9320362646
77812 5750174866
-59252 2212119445
-20816 1306180003
-55136 1290205226
57498 8470195000
-27856 3103618644
93218 8815899468
-49587 2977227591
-7544 8008125279
-93325 2126370448
99670 9841280791
-92000 767933744
85449 1776006951
-92192 3292683799
8819 8105583113
-15530 3842706868
-32875 3825582824
14039 1681852408
73636 3094907685
-59646 8549783429
-49886 4050898802
-67826 9413753770
52847 4331217571
-66376 2987124321
-58760 9753787297
39149 6018956179
-59917 7951774906
89447 6268255120
-31062 5963858315
-79024 698904837
24989 3215912999
13588 2708734186
36473 2489939675
42779 9866375347
9353 5236991009
-85658 9583674615
-39013 7660328074
-89176 4288042077
-65706 7040587501
-5622 3124608916
-745 5993668466
63004 9950394029
44886 3144889963
-77565 2841997047
94786 9846419265
-1274 9196667213
-42949 7717216588
8032 280845120
-71335 5588347129
82128 5160406706
56926 9651073638
-59199 6851863938
87514 4820290838
61907 1416303563
3298 9508665046
30892 4483768616
41750 3534614235
21820 4094738914
-89806 4059632016
44916 9485001872
32228 8467754547
-62714 7537423799
-66739 5017766659
-33920 7388261820
85902 4163685367
-26743 4628566130
-21098 1935981272
-72338 8331537662
-3822 2911007738
1560 5082309352
-90366 6893415427
46054 3236959823
84334 7584607501
88880 3665999532
81222 7269396095
66956 9590352387
-18182 4422808634
19582 9075913601
41404 7317266277
-18963 45119175
-46578 8812867817
-93133 7565541884
-87148 1903392495
6744 1188423845
-59470 2687988540
87216 3622419931
-11263 3319823624
33994 7959921540
22446 9205857667
-25095 6889289406
88247 1930754578
2903 1567650319
-55826 7730096902
-22398 5146836026
99388 8875149512
44226 3158347610
15330 3590106667
91974 6377674619
-78878 8653903855
98469 4796116002
8324 9719509863
78789 6293203509
76812 4601389205
-53018 7705505435
76101 3725079171
41442 6630442526
46554 4847233424
-71584 7737776490
8927 9087235654
56512 9060637175
-96790 9942218247
74550 9992154272
10073 7950480830
18514 3695867198
52917 6628337052
-93428 9925422334
5358 1103909210
-76208 3560118761
7674 2849311202
48585 3257221590
7607 5952602965
76616 2482890210
84038 4280894259
2099 8894616974
866 8407989675
-76788 9207202093
-12680 307304343
24264 6092355902
-87734 6542208579
6274 7246443720
6166 3606311147
56568 6695258011
670 6194816173
-39192 8983623839
13444 8264156189
32825 8936671579
35704 3834723962
-60210 9002449100
-92320 2130160692
22103 3809149169
-55572 4976589842
6544 5592319103
-80266 920164650
-84938 2213645670
-9264 1117770494
-5617 5061052385
-801 2978405967
-76394 833601145
-54934 6101467266
89492 4912907538
-68270 7687026575
89864 8881780230
14934 2431868765
90814 6178925988
-55825 3265195291
-35792 2708655402
-29334 1697058871
12600 4851113270
41572 653548496
30389 8833900564
-23083 2006420416
-21488 340619351
-11378 1898283252
94018 6219587721
-66692 831846527
49539 2939800479
-73514 4525102251
68757 9464140875
36420 6964173869
49187 5222332669
-20278 1020632937
-72110 8493639197
40019 6235535311
91366 8424783801
39897 6021072504
28034 6410354334
70664 1669019655
65410 7357541044
8802 6635869510
17476 6414529262
81090 7708189513
-50132 4931273706
85876 4520620418
-89638 3667203162
-76909 6565926181
36677 6055780333
93394 5982324772
14004 266205563
8236 2087811214
58973 1243329308
-69051 7827632526
91330 1892432149
-3414 4666733128
-95287 8114940569
81446 6820520355
-52544 5030461079
-83182 2568506829
-46990 3029887020
23697 3119873832
8628 1514780651
-6954 8051432033
65962 7837599579
7354 9836730724
59825 5518143131
-47491 8588886907
3274 365328593
83475 5593478988
-41263 9277332844
75994 9900771237
-29972 3128634800
-50562 8264166895
-95816 9245441672
-70796 509111753
74601 9324410781
71728 607777573
3426 143058584
-31622 5210702089
-59456 5153592572
-32390 4176549211
23993 485523365
-26076 1403416180
81407 4318865879
52490 792107937
16156 8015853705
78798 8838932324
-59128 3658164795
-20653 1467878998
94284 1506916252
-96308 1674372480
-32858 1604763185
-6012 6443897311
-71716 5303596050
-97322 3031084126
90771 6578547432
49612 2641889356
-33614 9442066404
12202 2348841393
5560 4847523861
97348 6796526069
29278 1921375805
-40844 8349191617
-37443 8360387028
-79292 6918213598
61738 9734331314
63060 2781350525
-22911 1398128802
-650 3507066630
38782 4812814560
81152 9826020855
-15466 4803097761
72316 2603654371
83147 8530817500
72521 1828694330
-51343 5253827587
-75387 2601305343
-76717 7356362612
-36664 9473155521
62892 7716270697
23980 3923302892
-37495 2984426335
-2616 8594618791
81690 8116097450
14076 3852666889
30659 3821172053
71850 1074006563
-24206 6013755731
-36054 2879465012
-61882 9703737027
32622 7742655004
-39147 2784349617
17183 7336485124
61236 2437823506
34402 1550508939
-67784 1673703814
-31968 2633039759
-2290 4700544987
-34478 3776312889
24052 2098903332
85059 4868531793
-97062 9137572963
-28046 8578676707
69257 4730942471
-7147 4244240570
95796 1582653014
65165 7516118606
85164 4331215685
76538 4898044521
82925 5164417736
42406 205271795
65084 6270904911
81184 2555576877
-6724 9475861425
73588 6402545830
41880 3608012957
-81889 9052783204
-29524 8605000380
33052 1926772605
-73340 7414974733
-28257 377399493
-2120 7191953978
-7556 397368866
43156 9601395397
25876 1889484408
57928 4398224179
-59544 5860146133
-87151 1014227519
-48926 6064195791
57777 3489817014
-626 9127849540
-58214 6645420513
-19573 2445566708
32492 6619289904
30969 5190804006
37707 1510107330
86658 5003205893
8585 9656567339
-43970 6182343966
69335 2536849516
-74246 5421299481
35134 885508355
66952 2626525592
11436 7927610507
-89520 6022349815
32128 2262532002
-36030 2641923511
-24474 6826077310
-7208 1774474465
-56074 540732642
-86083 7827171662
88178 4616719266
63312 2917042714
44188 2122990280
32478 7589765732
45838 5678835118
-41665 2417334814
21442 1146986395
-22184 1487393260
-24819 8107566261
-7172 1856409745
-17328 3791840584
20061 743062125
35063 627973804
-72410 2276367782
-12670 736568073
-97338 9977708255
11484 9081848168
41781 9731043255
-31682 1012243342
-46431 9306042999
-97117 8504434751
-48522 4525652770
72293 9025138259
-24594 860307520
87456 5932457560
25954 7811787342
-40820 1588038283
19071 2204430786
-10251 4529185605
92292 9031130141
15923 2830189706
8427 1710404754
57981 8608530372
29482 868325593
6114 7592395723
-24990 294191347
-85520 8543998864
62956 3832482811
-38080 2475109767
-50019 2725297542
-24612 9988545841
6382 952087025
70379 9008821513
-92210 7467366690
5205 93601002
-79758 5279586095
97598 870844440
12176 8180427396
-79022 3023192034
-48080 3964536597
52440 2993575517
-40156 5714383851
54898 7731867790
-11642 6851731353
76383 1127037567
71388 6481142714
20454 1656362027
-90115 8732050412
-4365 5553780930
61420 2852434264
-63132 1640153111
-32238 2091743623
-8616 4878269978
9009 4565057451
-95306 8000355259
37400 6551608752
35490 1839797921
-3454 4842384570
49720 3925175812
-17152 1379704356
-10572 9604862288
41399 6533391980
16830 2351434183
33436 524473634
-61220 6534984449
-64845 9723153351
64206 7518937744
48604 582765119
98338 9579790816
-6962 7736479850
-51398 4963405808
-12312 4260093511
-42470 950402875
-93538 7966064232
20524 5027852893
59186 4673987586
67722 3606476356
36706 873219849
-39060 360712012
81479 1219251425
93900 3448876232
58956 978944420
21425 8355319235
-55435 2810369375
-80216 1459758204
50394 8252459443
85514 9374649789
-85334 2142814561
-66283 4935693308
-781 2149685270
-34002 8573360102
-51272 4703630332
40432 5801957555
1835 2720193383
-38131 8770633279
64355 9373759433
-40650 7288721123
31433 303566308
16103 963348707
-39756 5706645509
-81102 4975214893
5788 1474051211
8742 6890858540
64278 4893519965
74129 4894016713
-42915 2750100609
89232 4037584073
-91416 3068164090
-39625 1948509814
-31472 8338139423
-55024 4989438654
-83804 6881809731
-14022 9353492926
29652 5936526830
55966 601357857
-63912 8125511510
76408 6636908897
-65335 2067407054
-9710 8020764347
-34174 3767472129
66948 9076907224
-53888 6085818277
51442 8498331045
25720 8410684176
3592 2960865422
-68668 1318332831
8915 9999171824
26544 1742718994
56406 1785417625
31396 6776097789
-27872 3848851516
54494 8575761900
-13384 909704610
-12765 6622359513
69466 4427935595
42603 3756242337
-85952 4208873106
-77726 5944501779
-98533 8689932914
49022 5291822205
-54330 8370574271
35730 1194242938
-51763 3451262872
21473 9638931010
56590 3163283819
26094 4406663701
-89474 6559078417
-64820 7748830232
-1963 6559817807
93976 9892647282
93412 3342984736
-63181 2951286482
-54374 5329072101
-69212 7609300543
10198 5264876385
-26774 6418774518
27621 972211863
29667 3875912544
72136 7074059301
9197 9547850392
-19327 6577066930
42624 7503973735
85383 9074616528
-41378 9397047932
-40568 287767422
-48194 8309534075
-83433 4803217656
42690 7889720762
46984 3655531653
-58971 5914964067
-8784 3875741734
-33117 3592875624
8560 5238873793
72418 9768458502
91329 9218380008
16779 7443974049
-87444 978390109
-18088 9512723898
-73622 3409888760
51351 4512040440
-63824 7765343632
89321 4123187705
-42066 2945483305
34080 8759014757
-59492 2416618335
33358 7752814344
41978 3933848475
95646 2325488935
-9032 5399370282
47657 5531102615
-61484 9769936438
-68978 5790595010
67026 5446610321
-21925 2757481429
-6435 9500974299
24401 74103019
74951 8938761044
-480 4499592206
95710 7191737664
94222 4111990163
8550 5640511073
77574 5935882879
-34377 9765820800
-20247 6271448472
13754 8837306946
60772 6612748972
42974 7192557117
30670 5928869810
23781 173745795
-16628 4504127127
47842 5091941859
-50564 4875814954
-7160 2212633253
-22536 8122447946
22847 2772619999
-9409 4136118581
-38559 2884823625
-89029 6989512289
-54219 2056264944
-54670 8174655660
-70986 3023506325
26868 4511732476
67328 8773777509
86816 3360098487
69254 873858408
74758 5015388324
-84602 6538370376
-83372 3651147006
-19988 775561382
42844 1822078336
28136 4806058203
26200 811424408
-18236 259999216
598 1449113318
-16976 1081517111
93442 4621148738
97884 8309563727
10678 2863387115
-50185 671601538
29584 6873588251
-52254 3438351269
-27572 8663632358
-4018 7223016495
30381 6325101612
40337 687678856
88613 1605317059
-77378 1483730966
6642 3775919336
-31776 5806455274
35081 5325822880
-59619 4736094267
-52028 1994100428
17352 4307277727
70103 3650045896
-77134 4789648053
-37089 5850448428
-53358 2088647696
-66154 2318353683
-14149 7654883531
-36150 3038984288
36467 1960199629
-66638 8213304093
87526 8278125346
-35125 7050637435
52822 5207913052
11830 3164851701
87767 1626502379
-74334 1951241374
-24127 3114995678
-58052 1707279481
7799 8135138441
-78830 9756849680
-72271 6064365872
-39326 1587153371
-87076 5301825492
31564 3967384038
75137 4095800560
-7591 7121523136
-20132 4023053693
31528 1802449034
-46474 3710520294
86010 8551620244
-45674 4842835625
-4628 2762696503
-86244 6846388397
55133 7439002087
-97208 3589671055
-7070 5483797829
-48975 1322138313
-18877 224933944
95776 1709767683
-65516 487517966
57708 6126876670
7198 5502103793
-64443 9900900174
-50896 1702846173
45521 4574542714
25602 9244696445
-65328 1678799743
27952 2298323500
-74906 6798736361
6484 2923051763
71645 8468306854
-13862 4253434962
-43768 8898675543
-18482 6175141955
-73872 1050259657
53734 5433494008
-99156 3454371719
43650 5911316951
-12192 2682047797
-97190 874577420
-66746 2947225163
44940 8546657750
-11588 2800568831
18964 4821202239
-76665 2898977544
88414 6301005937
88199 6936710497
95795 3591868859
33632 5070923694
-50929 616327396
-59827 5269956115
35584 1204062568
89578 4509492998
-65396 736970707
17160 2051867648
63190 6170319452
-29888 6221492243
-78722 9592612657
-32604 1259451289
78382 3070531258
-33420 3226971013
31076 4476327702
-60452 4540557946
-68860 6204924411
15456 3395077469
-50778 7000811240
-6810 3193495955
-66390 2242369345
-75694 8031186420
48557 9237486067
-99481 8283395251
22610 6327860403
-22532 1146795163
31815 9944535558
31379 3427480985
27353 3675242491
-36706 7829229234
-30548 4001069073
8754 7326055022
20108 3600881655
-12286 489834645
-62020 6736621596
41141 5195030962
-69342 2861638936
-61112 5522710812
-8019 2981681967
-49860 3654706402
-88592 850132308
69142 1922134226
6556 7266219629
-55030 2053348497
-41410 3447269781
55018 5151412074
-93345 3485433813
-94448 6164732519
88252 5942949825
99958 7438812000
67060 9999079658
71070 6514409452
-47816 6302248897
19218 210520894
-7022 4069559940
-50768 4007551045
24101 6947878975
-59911 4907931277
98147 3270064091
62447 4200361943
74727 2716968714
87461 9532522882
-1969 3269512558
-33140 6593265044
-60074 3600514922
-33572 7942015639
40984 5337362221
-12776 7360763467
10366 8528240828
84006 6077270408
-15715 7009094848
-20424 5531063368
28612 2580856633
-63649 1034617532
-2252 4941759882
40136 1531837098
57440 8362788066
7557 1874731944
-80503 5122862792
-60578 9210881711
-7477 363985358
-72128 8123351381
-1426 7218709017
-24999 6410906619
47669 6156625507
15466 5132219030
-41449 8875174916
-36783 7760334657
-6886 3023590485
-47941 4981473878
80582 7327368375
45791 1234912669
-97844 7629612628
-76815 547384950
-34058 8316316357
17264 3622205475
-34488 2720106235
51957 6926992941
97836 1982727415
-65418 3920926757
43568 8272885023
-86683 1751249555
55672 7178546539
-5546 6107139589
-30188 1957462844
-32661 9505105569
23024 3372628155
89852 9847683432
-40711 7114544965
41603 4013682467
-48451 1839797783
53472 4639476497
-19020 5805182428
63357 9661878669
-21915 7227940650
-92145 987485844
77693 2779502938
7812 6930628390
-72195 5481151665
99790 7708022288
-23126 9647189318
-49460 4342958332
98404 4284606883
81694 2411679925
-22262 6396137996
-87471 6505698798
-56628 9062689466
-43786 5706900204
-73986 5804525338
-3408 2293977700
57802 2339127929
-98209 1324063453
-15476 7574750561
62538 5880886151
55509 3461859129
-52134 9130686988
-61024 4073209398
-57223 3572793473
-88250 2764142025
-71581 1420784578
-67134 2392549475
