82453 517126900
98293 251547145
88793 438465591
51939 66258464
57037 112440468
82521 332462765
71317 229109533
52045 174399108
81999 180134870
72225 212211652
75997 139712348
57411 214278229
86989 111380389
82439 445597812
66413 66870225
85255 5851981
78511 4654448
46285 132390661
75793 428093102
99095 128951856
99883 563421800
70949 379568298
84907 29591517
96081 351792304
94023 128382227
59851 40822542
71527 5243264
49037 110129874
95823 706406000
85653 352142330
74435 176346903
96737 636843885
53357 69491319
65181 353806910
65133 205594192
96217 34251403
84881 117120756
92301 540825796
73245 373047053
80451 492897136
57703 251734411
93895 594147691
70729 293911714
26797 29274797
69167 66942309
90629 446630340
79751 155788005
47611 62024057
69649 61692521
53813 106242261
74423 389407626
67837 339269510
37791 103533470
63087 273387760
83005 267249170
36219 20282989
47891 52301892
76007 760392
64905 220354817
94551 598634962
85329 168305479
80165 515347839
94335 60012703
96189 17396732
38457 106578329
23765 18336300
51013 56798156
68181 29260492
90103 196711426
53271 163141622
43599 37114946
97153 162103793
92447 659511498
89345 274552596
66097 3749686
93999 609196504
87517 444985377
86905 527117377
44895 45035153
48113 73958667
46129 112554065
21649 11098859
81397 521945721
80069 519059577
97879 160773817
50397 211190800
98953 32353793
70167 256008157
80015 329679273
94615 639551199
92349 36236935
63603 288092092
94119 170608763
94363 371906953
80169 523225331
96733 186172134
81847 344697435
44371 96175761
91297 100628307
40063 109763717
66733 135517252
86371 484227812
95253 684693296
58071 232029890
34133 5700093
78505 283476014
99667 115848261
13159 3498407
80701 110887821
74215 295412748
98425 677393578
74821 62557833
52743 39390545
91153 609440975
93195 295126682
98959 144853377
61639 44771719
75263 404074923
92395 536032449
85059 27605986
97207 11147091
96789 52489144
78505 506998511
99565 676765946
87351 546529040
86743 594364310
89019 487010132
52729 39231310
97395 217500767
99069 771947138
83581 252901280
68059 143146307
97387 237252975
90463 199617591
88667 67414110
93879 211917523
93183 496074310
95329 100154419
76525 390974070
53231 232465599
85567 34292695
87655 621450502
74281 281361302
87205 543921116
97795 512976094
87141 439280285
72145 363142769
32413 86492827
78249 165088762
90901 537446421
89539 541579269
75253 80294866
71819 86336043
62779 81458383
92995 322573711
41175 71737682
96319 304927217
89647 641453739
99093 174256955
69623 170063211
72525 326560717
97909 777777092
97513 353276901
68289 279000443
75423 397886125
80797 360846121
91779 51139189
56913 9735049
68593 320940659
73011 275996399
16285 922031
83067 132976163
75397 186364449
80713 263376683
86979 244003205
90303 532553291
47237 176945595
91189 89873622
62953 52660137
49965 158552914
80737 479701126
95283 221140295
84947 249321243
99681 362310530
58805 81880647
79773 457954649
91345 567537972
61987 173966828
88321 544186273
96879 716356393
92857 428512317
86345 19031139
95331 214762994
91591 20237235
68009 331041444
92731 601160987
89547 335793403
94911 88263350
96715 379226384
49659 138012458
92699 2819217
98679 109045876
80223 417347290
95969 756057537
43739 107182203
79545 31625206
55591 163868053
84097 342022050
69985 56956595
58099 53265505
62767 94769263
93193 56976965
81027 292262713
87157 255659921
59045 8101767
85347 15456823
92383 96142133
91609 72186100
91153 525696150
87757 427090335
89731 566536158
53415 45457897
99355 573130941
59569 178554113
87439 439783214
98281 48325367
98985 293502088
72421 296019759
93061 392112802
67283 161882985
89711 151035687
98877 256129322
59269 163490641
73465 440166626
92311 282387895
95533 708892367
78867 246847153
30423 44229121
96721 260565701
35797 14806862
97795 149535691
94347 10354468
42489 15560552
32233 72243044
86287 102120110
60843 305652083
58873 210505321
57131 208590597
51721 94827968
9589 6669273
28555 65802660
80977 211342453
98733 608880572
85617 545125855
95907 577564976
94495 561733206
33247 79061415
77715 290547472
86139 212348833
67345 244539213
98697 399728411
95887 133380901
78429 306735691
58989 167966842
54993 175144532
98661 328480064
33179 52307526
75315 348866828
90283 492113497
47379 34902911
67739 211841457
77263 306650502
75781 338701253
83265 220159360
43475 146429730
88065 588811846
88585 68034419
87049 106239705
91143 316406683
76765 360674904
91501 517867652
90403 206847586
98771 760435473
83873 420411405
15565 18532837
49281 62474536
34653 40148590
91135 331287717
57685 265076278
54477 17047082
82309 260883427
53191 207839193
97051 560625271
75373 372989664
86665 64633712
39805 73365542
60315 8938210
81569 187557030
74567 144452106
73609 6403187
54655 175303433
86603 362302053
82983 563361610
88661 380774946
92839 492691899
44673 164131982
89655 37320623
81985 253617540
66321 332461222
87747 64413706
5333 422694
85825 491158556
93429 132828646
32073 22467176
72675 22773892
87079 603422691
80409 207346124
76959 409225777
76721 486334293
96091 761819520
96855 274296302
75367 83880168
75059 75210363
97385 727187493
43437 54806689
77287 451446274
74047 311530218
86227 609478213
80409 455483716
86977 530479538
76185 442848766
79381 283787296
47989 7687845
76239 391707797
74451 267774493
80043 361648685
56163 130488410
34159 59085188
90283 1594212
47245 94499257
66417 143954540
80041 45876556
90739 212721210
54099 177950387
61209 254496436
97859 353524839
86143 511083376
96595 502264640
44449 110572880
67011 206860330
86383 207083349
72433 185357396
27419 57411015
87031 221362322
76369 214506418
72277 128857610
72907 208134036
34453 77097664
98767 692919119
94183 624943496
98431 321245753
73309 104071847
65509 325235748
97939 15124044
81649 436772945
82153 480716274
74857 35254692
45071 4194963
93043 595125210
66661 154910776
90363 490261808
66011 122709702
67849 308456305
68501 376746108
98861 393413304
81509 276856332
90791 655224573
27621 2586440
65383 230119209
97009 52658185
90775 634331390
92155 528873272
96117 52786418
81623 168255909
77053 45327831
68869 186753598
91699 335654173
93949 437236194
64305 100819990
85349 135461178
94309 628019701
96787 431190382
41437 138779992
95311 13571352
83121 386946590
96241 433077038
87441 540588386
99613 137244483
91635 576279266
96727 72187931
68667 319085006
88221 411517480
85371 401391046
62743 151354104
70881 62532731
60663 71647253
53709 207220510
81099 177355594
86143 366535900
99361 597242422
61503 164661682
85085 178750551
94783 553829137
75999 225153757
25495 43037768
50715 39198862
76123 121679573
96295 60800878
91371 362579855
56895 34062943
92229 534474617
95267 338994681
98209 48517551
57085 73198382
95573 289445838
60707 117729552
66417 222546145
91167 19939682
57579 176851157
82549 323083036
62777 256633563
98319 133086034
37317 60901112
28511 15353361
77161 44812714
86193 62949898
82293 288994918
93991 504826847
84583 22841045
52597 37095178
83753 55152519
85209 480190687
93909 168180418
85157 75873597
62091 306784219
93311 679342692
61419 89933330
95067 303473648
76623 294025348
96199 501602096
84597 104900170
64267 242913565
64389 147004208
94319 16350570
59505 164203918
74975 58739088
91857 533245475
77355 43342912
86235 384051883
91757 400132263
53357 102351210
48189 174077506
34197 31663366
96925 708605760
79559 336619302
90747 27054385
72999 420546979
23025 24859546
41283 55813244
76771 266398194
86551 534067583
94921 37330791
66253 362023085
90175 123691966
38521 15333401
60969 287828432
48217 74569236
88819 19969853
92915 360765345
87771 334694788
85581 462326873
88103 618075966
84577 105705812
91743 37328038
87497 274717026
85171 123588583
97347 142545301
99503 340092936
61675 190981143
85613 192203382
95053 18738074
49935 13501144
40021 23362233
84451 342432761
79003 444213379
70313 339894750
64759 122088
96459 770243501
41111 96102456
95059 463746979
97041 425677828
94017 155597707
85335 383239894
51387 139718443
77419 477299295
46741 90838159
62389 319743477
86847 347626919
74661 463453552
84227 247244769
52859 112128390
93913 13305847
82641 222501748
97569 452333279
65863 259909801
53487 116375353
72107 377219874
74453 355400370
86413 616218952
83829 189024260
69381 265627322
30259 67809219
66745 291296309
86495 405789885
84333 21707806
87731 556756110
92923 325271875
93039 357568673
30197 37441689
98311 188189388
82201 174889041
83683 152407852
85921 182066836
87053 866715
75607 388421964
80757 282170659
91789 653475547
45867 37510466
48889 116207674
79505 360135030
96119 594716361
87729 331765108
88603 375679668
74539 99824621
74583 362176024
82847 457793892
60241 83219941
88341 261994456
83863 15412892
80393 32486463
78385 182698621
98179 13664912
67229 164983113
93075 497577293
77727 207743915
89575 92517352
95977 84874943
69297 184723583
84979 225022084
53387 162167172
72073 96135405
85117 448983114
80321 495812763
97657 501297949
96209 685943112
95479 26754259
69429 347493197
83527 328186277
62347 7980423
86077 383370193
87529 36421257
76825 204142235
92217 675740992
68899 313275481
86697 538153916
69145 333378305
90855 80055925
89859 161373155
86989 26645603
99225 187556519
74399 59634762
99209 617746098
67147 227367035
72803 142976022
88519 368265675
82793 194001216
92799 536262286
63715 17482223
70413 108673522
33145 25333813
78055 390586231
88329 245162996
88333 18566959
94647 685021720
74313 44521816
73795 403579348
72549 182925787
67377 20687189
66535 354691914
85225 541096143
46881 61997578
74593 122000113
96691 528972325
36311 96960597
98583 404436500
99391 732207747
86829 429078959
90559 428755637
95963 101482602
89577 666751711
34161 47126816
93763 337679786
69339 24883232
39555 10691702
88745 294404793
83577 459346351
81239 269763504
56391 157611014
52737 95032367
79581 524452430
72709 369757169
73453 366539513
94711 363278080
34831 10326176
87163 479879226
63731 2545869
63741 219782648
39195 123793421
62661 112088195
49679 150540747
84333 398808044
83293 443758470
99589 737369386
54991 126707164
60965 58613259
97263 619906994
99325 558420155
90577 347374121
97525 773532025
74495 282520689
37741 109257453
44645 107834310
74513 36239145
71833 330413033
94819 296174917
46591 95306703
94403 134730741
93329 180992325
93583 575035169
58979 38045799
62299 78023942
67459 307518702
60649 150090399
90789 569467312
60139 69883746
80479 313789490
61551 54144941
69813 138554027
93085 133508960
66985 62627497
98857 769418525
72253 151801230
67297 59615793
89941 150875883
82805 304767396
67381 15470710
52053 205469276
94909 678794372
82533 502801801
54621 90274100
95547 723599864
93587 286175382
81241 26630871
86561 125465385
99139 484255884
91459 302686833
91453 302413670
76113 336048704
83705 384743001
86883 581920849
78009 47889685
68663 257301759
98657 485211600
49621 174259766
77149 428903500
78651 79822831
86149 513662576
73231 17439379
83197 540838160
96461 430018026
80015 163935426
60801 123464659
79273 287072225
79219 66783442
85393 26089147
61569 297312122
65209 78541601
58177 263024243
82453 60387706
38297 65329917
70713 367873682
94383 171670856
60913 139717589
58003 207419719
90457 103981874
96193 492083870
50593 28047027
86041 319633565
50403 203979199
31985 71973918
96985 11863839
26689 55877411
43067 7275198
88311 403798612
94597 162478919
80161 451019466
74305 12921795
99845 800924415
69839 237983184
95369 114576312
68889 127456357
85067 549760911
75069 16582597
84995 434828271
78579 224187647
92117 697384875
78457 215292112
74711 12896205
99525 233024140
79489 392309317
55051 167112488
87665 447470838
71857 359971465
85551 543502046
91889 334055616
91661 273728181
84913 135725753
54843 221277601
91683 462359174
79159 409721378
99535 564072385
91551 7712245
95935 619365873
60955 109349010
95587 356717891
72889 231692313
62775 16103149
89547 754169
62989 36595745
59537 133193430
38953 100879245
78909 236988154
84783 18667108
54927 136519171
56667 260381171
52305 82062554
46699 30601923
98253 513607384
79279 104558008
96565 262297198
90939 352116005
29209 48450228
87123 435392659
95017 343824440
66847 63805005
68107 168904380
66783 67548311
88729 14818738
99469 38840598
88383 285644465
45235 35540810
10583 1672665
77275 315908725
96145 670410983
73573 161968162
73825 174024610
77521 177196914
56725 27355397
93193 576003082
83149 363463397
97721 256955340
78793 280387610
93571 654066558
89001 320562853
57205 142764968
73033 248666467
72089 161842842
58837 35689307
70175 309856116
44367 101066752
79357 480962010
74475 66416395
65407 301069130
90303 550033934
64033 305148829
86929 71015290
89385 100045001
76597 226510981
82651 231936829
49659 89573456
97531 364191524
69897 264935276
94753 602101681
97641 339058966
85411 292871094
55083 46788055
99769 123390250
94707 30191489
76507 73418030
74001 80108222
89271 465163951
86841 608952962
69837 230165959
77749 314975631
56029 216444989
92397 34169707
92529 91842896
99685 661103556
53057 225369363
77921 51833793
82807 101882063
97639 313317621
92511 326573983
93543 530995270
95983 210699535
79581 255829279
87351 248881487
45339 49951663
37413 47463796
95739 132439093
84379 255259691
87101 437018829
98743 808129809
84395 30552063
73117 328487068
92619 432708742
82853 241898643
99187 39210059
67517 324792096
27277 9804706
56743 171352862
60421 296461591
83233 402734987
90121 82239197
90511 266227468
73271 11512491
68503 27409388
86633 311265354
80065 33613147
98893 721403208
90187 565410301
89767 165992844
69301 107530513
73567 254673640
80413 396349367
88363 66172799
81397 222424814
22717 42448926
72055 430790168
90931 407341242
49349 84552357
84457 83243280
56539 50179710
52345 8830518
74037 46235954
59641 177632943
95145 659036777
82567 305677947
47947 70265114
91285 549734723
58429 221347045
98755 338414126
80257 336010371
51199 29745516
69031 24534771
23857 24426938
98771 455330733
94713 688020119
59919 204022603
48143 51600963
68385 100956697
74181 319656269
88855 395128379
83073 526714216
97861 784436600
57499 142344610
80685 173769838
90425 214370202
96461 62391519
91869 685892564
66693 41056156
96445 421358767
61707 35731825
97191 150451225
64825 91837645
96139 234849669
73869 129195956
83205 222002401
87119 442374318
71083 143227954
66501 267630887
69745 40805207
76491 375295492
65565 107625673
72213 322781959
75103 401400787
60759 66437753
31959 79177739
81525 50895065
74041 209830794
95001 724871204
62521 213083648
88737 447524392
22179 20075171
62983 194608918
24139 5975495
69559 85631964
74659 434282265
58045 84350867
82645 85258833
65203 309708765
87157 215722635
65055 251192525
69587 257741229
95563 726092505
98911 8221876
78413 391380330
87501 111160418
65215 201556487
61953 249993535
45283 157432502
51291 168967421
73095 326122375
47395 27838107
94903 89327270
78013 485669377
41317 8965732
48811 24338099
68077 26061658
73763 267083541
54511 19468769
98907 79414025
70129 93811283
79119 273370168
67777 378160785
56845 12008871
93275 482415420
94557 151089953
97495 59534524
91075 4428744
90423 490439891
68629 177304925
94441 571263734
51775 111625084
97517 315376020
58109 119076084
74629 31151454
83125 108750280
71809 292907423
76655 196419633
95935 64265849
95533 233321500
93467 657944508
92791 540655262
82015 20254831
83427 50582135
96975 319548679
69967 158980545
93063 184395331
63159 155779775
53671 168142505
81729 400513363
78163 270775175
39357 119182049
87949 170105207
68181 311507713
75445 85539263
67293 85001315
85381 195011871
96807 658100585
92951 565225548
69175 113677736
94741 397971101
60205 36085187
53269 48582333
58809 31220170
50407 66704242
96559 268855413
93265 55675676
46621 154998085
67885 177285286
85119 188387594
76205 296239542
95101 718461029
97705 658096338
97527 712566623
90251 601578978
52537 11314909
43967 148077990
63619 162092525
98545 379627612
81121 347300211
73003 90049882
63783 187393627
73125 336951878
90089 325624857
76861 452545479
82225 251110903
88447 282203110
83673 108641975
97747 493870534
85429 264514658
83471 472958148
89209 647337608
56669 169335975
52803 176387980
43125 18928810
62597 141524436
62653 121413133
93453 447013163
88293 128595209
91149 451793660
61723 265184260
55679 105474645
69011 236930850
78785 201331461
74737 455844251
88057 634278369
41943 27929606
91243 92768565
61819 207317518
85837 79084273
96405 692019854
99119 258851874
93127 560956289
67405 371411381
66291 108831311
83109 437527969
84929 182652624
68741 187927923
75733 241701899
97821 377049175
64539 15333893
78439 426335809
34273 33838308
85095 190579295
80415 321659330
35077 43463100
86333 296968173
96379 480187311
47823 137562190
97423 292001571
28575 22612225
96459 694856105
40665 58907459
80077 181790425
95149 444524572
75845 136064757
89983 20567300
91569 190067279
57787 260709205
75933 44260646
87055 367186288
73983 136922114
86293 325533041
53815 111360879
53983 101137515
83317 562316346
41593 59626602
93883 334407564
55765 129189673
54631 20259527
83305 367254865
53287 129786883
53445 149064200
50477 101734548
48003 153219209
92453 221675805
69033 103987381
71325 326521391
75835 112728549
42045 99944366
76859 41128563
88165 192953252
54127 87125464
69175 336659703
81923 271545540
49915 130801117
89305 420774155
92311 279026982
96241 451114676
84951 527235079
60025 90033032
93769 383977363
94311 267287537
90031 67416679
85017 163184665
31897 18976855
99393 291338618
83995 451721241
97891 701443408
60495 258870572
83803 19110315
98449 531592338
89527 116837466
80247 404932403
38139 113294288
53029 184726435
88893 269966873
59167 225394161
96481 700713171
88629 376478945
91531 396327509
93587 583978608
87237 156306961
80215 138785267
97391 740957337
88943 471733134
89233 450181702
59143 49786554
38599 66994587
42433 128116658
90307 596938687
68829 336690899
96575 470732223
72811 164106481
89203 251909271
93639 22381060
40135 33358519
48129 32353417
32907 2311360
84921 250134941
95599 504187271
89871 141989026
81759 15784297
60639 179393378
92121 569819494
89231 640885245
51631 214744919
91867 279011501
42061 61783949
73751 230971389
72535 434052480
62511 229788266
99245 282145038
68595 352507877
75475 253722275
90171 275052350
81993 389485804
91169 156478095
90843 405281039
81061 357042380
51485 206735028
17797 20560559
95993 542616444
55017 121767296
53527 227914340
86635 362081656
40847 105041805
85581 24334253
61397 95560695
87745 255732687
66337 179075854
71873 123875298
84323 412744956
92557 305446552
82645 313605745
98703 692901838
96075 78573230
80481 238875217
36449 32546973
80841 233908172
51089 83417718
87541 401654350
63809 145154889
88641 355546543
60001 33408936
99829 233873872
74145 699967
91219 228517724
47505 100214489
66731 88590408
61245 191270828
82645 14281915
84205 429840364
62521 227289966
90913 672317836
78359 237773571
70813 13588273
82255 348838615
89367 133677403
97675 778290856
95211 39583552
91429 429418708
56187 193938911
66991 101522956
84241 1205874
99625 476514526
86037 19966192
25549 27958257
98697 792192304
23995 8546350
77413 238556354
79377 142179490
46537 52545431
29403 52440659
86749 618259159
11763 9822649
81535 223560868
88655 353193360
89557 327844058
93691 52639691
84415 322980979
88117 389144179
75611 185596428
70399 400122765
99795 645809396
85677 162222317
84715 469932393
67597 166535886
95345 24391161
31527 30906604
55375 14718131
84477 380575486
48217 50509933
62409 190831196
96991 685992522
95395 535808496
84025 119561061
61947 77812156
24895 10360000
90849 501957080
84957 211045324
88229 307853592
49113 16700326
98163 558605857
76095 416708740
43647 53430695
96763 397031822
74693 60700425
62947 162908468
58765 147290465
53191 88762757
89841 603923015
80427 270739298
87691 207800715
47557 9841258
85135 291354321
86421 126258343
85925 437577306
60937 73615476
67087 2854847
74563 83648932
87175 404211231
67069 200718040
75037 442434577
35749 55979412
78401 62834316
42611 16071741
91273 641852519
73401 21575893
76165 98780359
80731 190075349
77833 496129704
99975 8849897
82133 278428398
97057 598951310
89519 415135365
94597 228469111
73513 160891625
29595 25594046
91247 112771023
84787 110848343
69947 216956841
93289 351113368
57903 92105105
41383 93267784
51403 161626641
73765 10383053
98841 156170969
89173 323821442
79149 148126588
97381 258326120
40399 79511006
95919 82136935
98533 490515746
83031 447399499
82113 267344302
93281 561239640
77047 372348201
64453 319692361
88473 611730088
81967 396101444
97425 482097997
68239 379744240
80115 201785729
65681 209048955
74457 249173995
97035 551297423
55629 101338709
96355 389112704
99573 411273020
61667 218933919
90517 612004469
92957 611936604
52431 100679593
89923 620514835
47527 143371737
87049 556842453
62797 163148107
51473 142217679
77641 475220496
79831 82461019
64495 16318159
74289 343005053
47399 138231660
90039 374967556
62161 8128636
79657 135859721
83647 392802022
99115 511605916
56759 78869880
47799 146389178
65585 6566229
88255 251295468
62019 159899341
91743 349746262
45321 84423077
91113 593866756
95267 349148379
89173 614640850
94927 118225483
97317 556074386
79675 364578757
92579 118162875
64507 285037070
89319 451424048
97587 528238094
23253 42914258
54287 142615926
93925 277055590
98467 379877876
93721 402656785
30343 35782976
88875 147139469
63423 73653854
60931 21046380
81379 188223327
90351 181700380
72271 353647144
76815 450842275
92763 22128466
53793 77501195
57627 26733392
50789 5354613
99639 556397908
39985 51121713
86253 613145843
82385 442804323
54739 143937740
90781 204787806
45569 168666387
51577 88222048
81541 498259558
82117 466648223
71941 149724936
83937 439747999
83385 54202352
80101 239301457
68093 116822139
87793 3518484
81099 488667763
42879 55746265
67387 202596696
61913 275686743
66481 74103053
77431 96516082
61053 252993769
83167 451676438
87651 17037809
49935 29691842
70779 325997659
65155 125517973
60655 298589353
92717 299209875
96451 651681036
38875 38058069
49507 92794741
92601 435792787
77353 156523080
84157 87445208
85059 20039798
27481 12144787
90899 308243319
68139 370641136
99795 506244053
68127 32107478
62367 39151858
84261 137953141
81457 540915082
69681 384455222
95939 191940699
64819 339846474
62143 61828147
74883 21130169
69921 91958762
59265 142384460
84937 557373827
80265 441947627
90477 673407614
98391 701255185
90351 533441702
87271 1326404
47337 134994457
92259 680742421
91959 550875385
56845 13288643
72361 48940464
85509 327897538
61153 299382955
62733 92252743
57133 190109785
99949 266178829
61999 94440000
76299 218390992
49141 76439363
66337 330940551
87533 55749252
70109 310667616
51451 9533963
59763 10066528
86613 620528045
79887 137023394
59369 133019991
94363 295032133
69281 310246353
80425 433644531
98533 359161790
89009 70588554
49057 195754057
91849 497049971
74287 290409539
73339 19464272
69393 377556935
76141 102464346
89717 277324716
79243 428503916
50037 14607101
86409 305549752
66617 15183945
76195 25799469
40777 46709712
52781 6664491
13197 1921267
63097 90996151
78029 167011896
91645 691529474
82071 310940239
95637 554206013
94483 62510246
49483 69902325
22591 32629257
86821 573591146
63601 19502131
64205 68553294
88543 323300060
86283 535681763
85333 102388498
89923 661921715
99699 585534562
69269 218512452
57859 112713342
81769 423761935
89605 405053309
90763 258911438
84471 142255810
91629 514185901
91465 201649271
33795 73607413
41607 125500228
88399 137574228
62065 26513666
98467 777842604
91521 69446593
84145 448189237
75235 337874469
91917 453045809
39853 65687487
58273 47839431
62317 283558258
73801 238248205
69547 240803427
68407 186465255
68329 173374583
81691 546222552
87229 62129211
95977 16564078
64623 91832801
90555 619017965
91431 454582343
66097 36834022
93031 184252702
65233 91750972
72631 6780294
79467 393263399
75889 35332546
66511 215276316
59427 85695605
90523 94908778
75997 205294988
92799 263486708
66933 294349958
82485 261903820
35067 57067154
66949 343475384
67511 331983762
76087 23353293
77049 223390537
51415 118502582
67405 240045306
20505 27043717
54885 79905310
49543 184178022
80529 244803631
59371 48819171
99931 34177968
81605 74983122
97869 373377595
85859 319394610
72103 17810282
97291 664600976
29479 2319216
78823 69586402
82183 467641554
98765 671534088
36137 48876159
98119 580152127
86027 366920550
64773 84976031
84055 6810003
92645 391787199
76549 25156056
41295 27847115
47773 131430125
73009 274018560
86173 529022902
38977 103412769
60857 120782145
97617 409699123
86259 373602949
97739 86460429
71175 214324517
89091 365548399
80285 307990371
15535 12053418
81991 306285006
65151 246776975
91599 681013775
93499 559544190
96027 621556031
95899 293670887
94087 642574139
88303 354598232
97171 188297213
69681 18793522
79057 475675869
92095 459536927
44155 29083585
65263 106488378
71167 202411502
71857 214051162
98983 134494774
78409 389718909
54845 171044835
84407 36699504
88365 563567047
96763 443587870
47835 153582254
85843 378662363
69533 109913790
22437 28169476
41127 39649763
93677 168950601
66979 225773853
17585 9435798
59295 194676392
91021 148230631
91107 577009124
70483 206083411
54863 17898996
91693 149226619
70777 87229781
81187 498672628
66567 178834312
82603 127939894
93277 25341763
49843 112448984
52435 44953320
60737 31931598
91471 91875092
82261 129245539
90739 620628535
79985 74494611
95749 364979504
85249 176124578
69087 286830449
80511 104956955
57757 80765155
40561 12286985
87469 497972301
97537 265710217
57367 216501093
37111 104735855
92533 64456327
99577 527982976
37765 24353175
56639 249891609
87387 225202067
98025 738754393
94251 104442550
82717 126585860
54223 242233274
65679 110512681
90383 298516476
93325 112344170
79519 297578688
83621 94937550
18359 1569552
69643 209990907
17879 11037327
69469 307932264
89823 362119631
86183 248510283
56221 167262941
39117 26723615
95707 685701423
55065 203176759
46409 122750451
57201 177922366
96903 497323198
75061 125169437
66823 107148774
90865 630523580
93679 55085876
79755 7638901
58573 270790327
60187 194334363
56981 180836133
89647 456764824
87243 82362653
98583 609298885
78817 420687610
86497 76800963
83929 483099900
99337 612911736
43911 121497617
13131 1661206
97453 394545033
95029 688459951
91063 361204602
66055 336085130
57547 3203360
83725 199937978
98077 6277982
75397 42346404
99255 260346056
76257 332817586
76067 300508209
35017 20547031
97797 176182324
86345 525101280
80965 538080102
62463 212510318
97423 271670224
97407 138134105
77077 269490348
56547 21420143
30753 59964157
84079 565330810
82479 200765777
90195 375920723
65787 304499170
98089 285286915
65713 164282726
87163 468578721
98067 553716899
98825 634177767
64741 12043677
85455 85969309
80007 510200509
84229 399587535
71823 394475795
50227 110458159
80721 147649189
78523 479061695
95463 210350917
64705 180841076
65053 249310394
98883 620050024
97837 656251581
64849 101502527
56441 24266802
67013 116332230
67299 222742174
88501 591303141
69049 272179590
97303 599338446
73199 291927666
98841 346026143
87373 107222271
97287 249719716
39549 43091341
88083 574139324
65605 334508455
48103 166565072
45495 116738614
92469 72230854
63009 120724487
95917 724984214
63959 132471027
23461 41904123
80413 496276950
97759 326786101
90837 18138448
73421 22107225
71745 175708624
80351 253581228
41977 72462238
84193 380490350
96133 110683567
75115 209617384
85531 6888608
94457 255758514
92947 585250119
70701 387283597
64957 5146968
78935 388045101
61881 292165817
61557 224169986
86737 78850248
68561 334636050
89749 493147897
97311 452848204
52063 147163585
93985 100045920
92467 288418121
71767 138723022
87049 407612369
96981 390004021
58947 210729016
95071 587297065
72827 99459219
45703 68365746
92767 468812825
88303 328375307
42249 51713198
37113 4779718
99953 441943269
79119 19477781
76519 256273853
26071 1517194
29307 39225355
91345 83864984
94617 206491457
90525 408134258
99111 492545591
92023 108494942
14539 1801807
96085 548036921
86057 337898193
82305 118666076
80587 524099980
53203 121383512
49461 54699935
87175 491221609
84565 230060784
94257 497883994
51759 103725398
59587 272576694
98267 347596431
56593 229471840
62887 227238465
42877 91320429
94543 264303315
70165 207971382
59847 260541629
98947 218109616
74153 457518912
74041 56727949
87731 319252359
53631 9736534
89275 334993644
99151 439437198
99339 24851747
93829 215895640
61707 223057076
98661 30544417
50035 94891857
97975 572221276
98757 759634405
83187 335676493
67533 46484221
66723 165773405
82207 61212506
95941 104878144
85223 326626644
87921 294815093
94283 413628429
31449 78437186
97685 693713988
76061 465721860
96593 125896824
98097 770096740
74393 226970394
94711 431288771
72895 197289353
76261 247420494
89851 209141390
70579 237287861
44821 159435692
94975 437744568
54629 163766148
48223 174160436
74469 309229774
70627 51177330
94771 617905802
67947 8647043
89653 83868573
99781 341652197
92509 591824042
73703 15518526
82011 430050925
76723 308608557
88651 190958995
62017 52157594
97191 239273020
15987 8139805
80319 105265321
96283 408826081
99151 19062321
92275 283591694
95857 670799364
91619 654522813
76993 254141930
94185 90500180
57383 147126855
72107 396780060
91341 681219187
86305 1579904
95413 592867248
51685 93654783
95961 251105521
40543 123253585
78685 414353348
86989 148255251
84081 544820396
71939 260106633
60765 215296786
49101 51153842
97779 613650109
74565 52741978
62839 72408295
97709 291227805
94739 651434676
93121 50949828
71717 386120337
93273 421576426
70879 276233121
82305 486384265
89415 549011512
64795 148533440
42871 128564530
82497 430479787
89201 376005453
98137 415768163
68977 28467318
58831 84680251
96747 523795367
69595 334895509
61493 148560069
90941 189577296
59861 141256242
98311 90356723
82259 171211278
58017 262816466
63421 4302227
50413 192743
73615 79613772
50485 74336397
96767 609194874
87799 17044428
66661 121466037
92449 677819704
94479 731142979
57291 232337413
83113 403418300
81073 533101267
87449 366582147
85175 305773512
87753 596005529
24135 43790014
88211 51462987
67209 227127871
50807 153546465
80939 184706550
83839 575664022
69155 310066662
93637 715195802
85633 544034140
46399 41230740
56623 121543001
57649 250510660
73109 368711478
89215 195277195
67359 372023096
84903 45377806
67333 301806046
77183 24982488
74491 276641681
95371 182729607
59911 192032646
95203 280783812
77583 60755749
85023 262682692
56619 42878000
86337 207241708
55993 179147746
53449 71159029
95463 115276429
92419 539081919
74613 440539360
86765 78655149
50467 52982912
61255 239747166
44521 140961456
52401 167347925
37947 110600861
41151 121060856
54099 240021392
99363 302006453
56719 180313958
77167 375569326
81233 428925195
85891 257713944
37761 24949304
66289 291425243
56625 187609708
59343 281782541
79783 503014012
66473 190271319
82943 409585809
43165 15532152
75423 64066358
68411 30514380
73549 76966294
98291 805049085
92191 497674846
83365 199442984
71475 76238491
64039 166815117
39615 81650473
89881 446753754
96093 476002901
86089 272745736
28471 1840136
64623 300501482
57859 76910097
43131 126583235
82243 502826618
60579 4646764
9151 943134
96495 584428283
69737 215790279
83507 116320428
85329 437932756
59839 223355794
86257 528421150
45547 86692592
86659 99002642
83481 470765113
67747 376516450
98157 432117697
35883 25557406
90349 579958986
69483 260362234
72239 380967786
65269 13307184
91755 388481192
68515 363460576
7213 2929818
75109 302607895
84409 445298908
87691 299691738
70787 51555606
76111 93223936
83227 208193291
86929 163531812
93417 616573340
69559 208817074
96381 693935285
33785 84522879
67057 158916954
31759 33742847
76369 312752080
63725 141743076
69079 154403354
89177 110622096
98219 566713818
71185 281488130
39889 33314688
67457 123744777
88213 125643618
45919 101782081
62379 64291597
94587 354017899
53889 51732626
91377 109904047
41883 31707902
84243 562099009
83559 64591069
96755 220307988
99799 769121643
91287 328462543
65605 228609425
92839 498818230
85123 596494318
70845 258718414
57371 217812096
93687 275616559
49137 42072659
80175 384621310
95663 625373526
91921 584851261
81159 231613910
85009 329949274
66729 254886926
31215 2132665
69331 308094717
55031 243813924
91383 494463908
70765 35716053
71935 244151919
61999 66953071
87961 482872762
98887 250551124
54457 12925031
91183 612462587
93367 285174520
79951 227626737
99831 104708065
98089 239731768
69635 59287791
96999 410427983
91245 334384345
61165 165347393
96133 78637908
55961 152789217
73475 251001129
73173 174550807
80287 328656792
31589 34620627
55065 206436436
94401 349497677
88663 381382072
53859 187024651
56351 254717511
94771 257000142
80779 123774124
48807 102426931
84253 330932029
75129 261276335
32877 57715484
96213 371899811
95469 152624932
50653 83750291
69391 262393017
68911 259389668
36525 13001962
82953 414765899
86995 207080201
79181 192655374
77781 313662098
79093 332125166
89479 425901638
77743 252865731
50701 33311826
68709 304648303
83797 21358080
67553 263290476
77565 66383750
99063 788039309
62687 156237363
73875 344136610
84973 272851017
90049 652493466
73249 344854283
95641 717324162
53121 160807031
96689 121294911
55357 48111467
79501 228277647
29863 70999211
55693 86235464
51995 197203341
78829 340128099
24003 21428455
96261 603542626
81305 40094904
83915 447000882
82119 390998785
73585 378579626
56045 134765682
90733 387621306
69937 139389947
65503 143925719
87569 625040226
45079 149258511
72463 109349950
78825 373194322
94365 637213492
56317 101820991
71617 207947454
87301 596210611
64635 1234958
37827 71637514
58831 159259249
97019 354271455
90517 126551361
88727 646898064
40115 5979705
69391 277497833
35953 88487689
76969 462677584
88051 210769502
97463 622732428
27757 62294309
58189 87355620
95559 402745456
58159 180233738
82593 25856588
97135 107866887
91113 656707580
98671 117951631
66781 127353319
90933 681532151
75397 183702586
86923 600033574
84703 493241563
79159 139640616
36253 78561297
33001 74013159
50379 126641335
64201 336876158
50981 5244360
95335 591234131
98277 759435055
68773 217180168
98391 664363462
30967 65622861
97065 696911602
63133 289799709
76933 379402478
86323 481096063
79357 40609502
72559 277413539
51877 144921729
79849 425077769
85919 574671570
24931 239817
89893 635352608
94783 227149803
88527 73792138
76049 218474874
54447 123310853
94477 466588889
78191 505656312
30335 66916143
42595 3953553
72295 225611305
88027 506003597
99499 495493646
75117 195081619
99817 762700039
73875 263072608
93579 356510702
70165 297476586
24199 27835633
85435 413014217
87903 464854798
76345 208083447
74503 88073905
84241 465724635
67729 73264121
86709 571480541
69481 76976656
82139 206684508
94087 353053470
89209 164399618
39021 52066703
95731 153829906
24137 43920351
81261 508282366
86409 13145695
35767 53120597
97907 766790367
90091 287350188
90991 225218518
96787 531146285
76801 438069487
86731 435567421
79451 449524230
88255 241818602
89749 46826428
92817 412027973
96901 314883173
82447 252973758
85795 361076086
96145 111508644
60123 55752458
69733 142232480
37457 21028668
57823 52224988
75983 226114017
96745 469688522
94841 398758212
64681 296073881
90535 359649193
66443 176855340
99813 591372679
64589 78441576
72925 324098885
52397 25939986
64797 260785745
91999 226924130
66045 285740398
96279 669022220
86879 118767960
94619 193018041
81789 237244921
58953 119833055
17371 15342738
79807 431866880
45625 115212596
70159 242015951
47707 70825556
67365 214363264
66107 102127638
51273 28238950
74571 81406859
92641 495698036
57385 103880536
81381 62252416
99361 332446289
76985 443426640
63667 209488925
19147 4796258
88881 320872354
77965 198798006
75063 232355281
47581 83686721
93645 356983324
67597 53142201
45621 135226753
86557 250731969
67287 339923470
96653 512765640
67579 128962463
93431 536192487
31787 83544657
62083 176946600
49105 20691610
73707 138454066
47125 60860473
46375 138547468
86737 85737724
85527 138450575
44559 142339567
90823 687067764
93157 351709644
89371 565092029
73527 12630205
71225 418628688
97891 31861716
44601 68705021
28403 32114310
98377 149541392
72349 247074960
58783 260622713
99381 801827099
95383 652502520
41209 108267594
99477 628178248
96853 537835137
96381 189153826
51153 109324271
83155 176697716
66133 239116174
82767 242254411
97409 11269713
83701 86380713
72961 20298679
56761 198195221
99509 626702655
45155 68951295
85479 163318342
96181 99246172
70183 74375439
93195 414632915
65089 344835780
99555 69261737
50797 78137451
77675 61998585
99847 216051189
38673 94926391
24049 17813277
81989 251523792
65683 76992193
81833 322869480
81123 163353113
56059 80252794
97449 28020844
93439 253302477
56061 37076729
93177 43943168
86771 588901782
77307 158582692
89743 102796471
83837 185104425
88645 63521942
96771 738963905
54517 126748500
72199 186983340
77059 14913044
97523 78598119
84159 462458357
72225 106297603
62373 323151089
90025 68512080
35689 27002565
63445 128960942
90055 10596681
93297 572730505
84417 481088003
93349 222498180
49869 142655297
97867 103463708
90671 15724503
78007 300376705
88429 123116066
91963 685104843
87211 103945838
37217 72522717
65243 334794687
73545 257640713
50089 155826100
89521 258437279
95861 359305419
58679 53938215
36365 85422282
90189 676289573
66939 257070427
44929 122549488
92709 285422144
61891 73080886
51793 157140874
93345 624043175
29019 49817165
59763 48023057
64657 23275619
80403 432935893
77571 334521031
70733 21227763
75135 69369362
48963 147710581
55531 255588419
88393 132538026
96307 566695633
97741 655881516
96439 587448279
63163 281267031
61389 253179581
96403 605579037
77497 159592007
63773 60457728
90441 63712958
82817 461393394
84909 318917201
86805 503471237
34941 283567
39405 56486083
55221 131655230
83219 215312934
78915 170143096
83085 549280142
48549 48001843
75831 311346208
86755 600161116
70443 356987963
96073 133534832
96571 529009610
98095 554281642
52813 228155250
95937 132002953
93025 352619211
86815 98357743
18861 2091661
57543 154517275
98307 363355552
65763 151850113
70123 318503168
83601 158345486
93273 605308244
85351 271048620
65631 107912932
82251 255509182
80455 456649639
45949 172657548
83547 505792228
70513 200169314
97969 22454917
51633 164889320
97293 669791923
78505 46991496
49561 106961608
81997 467186120
76805 71606958
82321 214811228
80961 196448893
82373 541005282
98497 29889373
89669 347840898
69777 272500265
98077 383353206
63493 301947000
58469 86363169
98453 344630100
55737 197421061
92877 10685573
78689 405284322
72853 177753817
87597 73928467
80215 389816377
91153 675074518
90741 569184077
78295 362787858
62469 10549388
68111 276254826
95891 523635240
83707 130958969
80031 504458840
67635 248381851
75049 347680061
94295 121633230
77761 238664396
42805 2077477
39571 12461023
89643 250419362
87295 328633926
36401 105241293
68169 172435673
46869 56949124
51853 107592176
99513 770785157
94891 273314139
70619 259557621
74715 328045705
88039 342121616
96783 192446711
89353 258661566
70873 252939482
35049 101548412
89371 97621494
94129 668605497
93957 398651857
97565 539379285
76153 44604501
94799 453026817
63337 165654906
82969 389416695
75215 165656196
71335 89883880
88005 633892105
97271 681026754
29023 58026963
87669 521202239
98317 431666295
97793 275681475
94215 316719338
62539 46790238
88817 528642111
75213 410569309
49043 87337233
32815 19128371
89959 304079084
84265 244378050
99195 299002709
88703 515732916
61171 172882169
81447 431433124
91937 176887203
98613 664490836
67591 248208253
51379 187659632
86967 63707980
40785 46490239
90503 506687721
59587 179269951
95969 535593249
80241 300903392
55585 40313988
90895 100036275
95119 396712173
81313 421277236
88859 521916504
99191 778297353
94101 684877313
66497 239212920
76951 330776574
83693 217553010
84985 128085672
49577 86362770
90201 607102667
62707 117521071
99333 489572770
53521 17017317
94549 64416289
83817 378018743
77749 21177430
62689 40011364
44817 145688579
81901 94861427
82879 482352577
73749 431194951
86593 392857778
52375 94267413
98799 92429999
50125 115195829
63301 132921440
61165 86606765
73805 443237919
26473 40731766
98265 336773951
46371 142505339
45409 68405771
96491 609962394
98483 438001473
85265 253348950
92251 155958593
15287 4933365
89515 324888746
83669 176355228
45199 150837122
80293 533939746
53889 147638237
92287 659917178
44001 124889849
96883 336556346
65925 340205552
64923 312465283
71791 232549346
30637 52849072
86421 174530872
48987 98254423
98781 47901484
69199 65527420
78397 299445342
90145 195833844
90027 288752095
60761 74963496
70117 101424407
58033 42991800
56397 13945651
69647 235991376
85711 206952192
85051 343104930
84897 360251338
93041 55256967
94867 425333039
88039 348619782
73571 422727429
85967 315224679
66363 280390943
86119 440335341
82237 57244510
88303 562081358
96763 768684774
34951 15828609
75981 446245543
81019 385778618
90277 150586594
92205 110653378
52561 187633302
69747 378287050
41675 83955891
66127 244456173
70903 278799166
58945 44018116
97827 475714574
34193 51127182
37819 82124915
40797 103762456
93645 674054512
89803 241996115
94269 58870951
55681 213967107
62983 244122725
50167 48640375
66877 54256023
76577 430283379
62463 214134356
98371 304308335
86589 332250946
75693 397140493
97651 756497321
69923 23361543
53451 220215202
56359 60207485
77391 427377946
98113 454106895
40945 29179815
79345 356581567
87673 12224605
82581 134323666
78857 125317587
87565 190589072
94125 221040646
93221 181777548
93199 128267557
98335 309576668
79549 499410220
87835 202338939
91479 600265100
90941 119431698
94057 410538462
54677 126112746
29005 29810445
88227 307378270
96657 458873827
46941 170151823
78801 5562953
93977 24650571
92829 671075570
88129 170467555
81387 225270172
94021 311253360
97985 67184556
97119 293970466
51097 18232191
76829 129261330
98665 689501651
58097 97168749
96357 673652647
49951 24114574
94777 367874187
90517 440561608
58087 262809867
84745 589054081
68335 243777083
32545 86087794
59963 96324702
85347 500058226
97191 466078141
98095 691478709
85639 27866295
99693 733805504
80493 374881339
48769 24346134
95257 448099131
72373 92932235
92907 181436296
47299 122699227
34489 93346947
75081 186066896
71425 95478115
72397 349244214
54451 75451914
39925 81324495
97227 308391794
84115 168787046
86589 250011322
58393 91527889
87369 410250886
82431 293557454
42157 57151914
32043 75720688
88297 523948582
80929 218024499
83389 257166033
70363 252801634
15787 7511362
50117 13214547
45189 65582990
71773 16921280
64419 275827645
70987 163393985
75443 97311999
95329 369957529
90417 328208218
72015 361321949
78601 152560571
93737 639397671
56665 161287408
99797 759388698
70609 409643987
24585 48698471
34771 75669848
90441 561926722
81839 222907413
47589 39052697
98625 435571706
93511 501439995
88233 174895862
97605 763039672
98295 237662222
36403 50395718
91743 134485202
90827 515344350
96981 774913730
62481 296269492
79881 100897667
96387 149914850
74817 133940077
65733 235709521
74033 129578277
68011 194123445
70917 105182720
72839 349691715
73765 121687189
70081 346623259
37239 25314275
82203 434566561
74229 395357483
90859 423582060
78609 261958184
86229 16753679
98827 797017707
95695 93886059
83977 459487742
60043 237822573
89191 471251577
60243 46936400
93895 448512717
98393 802597329
64891 329192139
64381 269641185
57709 49771850
84405 63721162
63535 2963685
94243 618188715
55147 14872854
72099 47203598
49723 51423850
55639 153137426
75423 109354543
90609 247250177
85713 596401727
84991 221429893
94945 748714997
99241 241115949
90367 244785255
99871 457751316
89847 204536795
55611 228454513
46503 66428945
42049 118734426
92455 20383790
87631 108889459
97349 94634571
74079 274793638
89593 557728534
84035 219507297
15355 6705221
81607 376895599
52837 139785969
95689 317143134
71425 234508452
96391 282154917
77987 371831337
96611 137656818
94649 711741747
92433 266240539
95797 190038515
88321 539874555
50173 97224943
78637 385868375
85285 185356524
95549 646231866
84633 303421763
83415 417260860
44805 34818263
71043 110013070
91691 166941300
73455 283703297
55993 121116733
88887 495288236
96283 412735370
34999 16618315
96847 502973889
96033 278408873
91449 214250435
63907 175289019
72465 353835152
99897 376585231
86679 150729706
96697 491684948
78493 448391377
93343 304609512
72857 31628073
74729 244361613
97711 364159167
77163 479282281
75421 390011137
87889 209838323
80149 153377892
38319 113016709
79787 176999313
80329 334593005
60099 128707304
50625 143276065
99019 520099793
69073 186436660
92803 384494400
76213 347909683
76869 190571755
72673 303992420
74789 242613423
56505 95707148
60829 111781685
82775 180378660
97681 194336393
24783 50364190
80373 68707691
74175 216585488
82795 10836835
86437 265481043
92215 143003413
88999 627343235
54769 227376961
47785 109450704
74901 143293061
50827 204092626
90749 409664115
92839 473439859
53041 211908819
78431 25552227
87585 208604444
73751 244060902
49201 116107158
94719 634578572
93007 544297096
72291 357159185
97383 339568150
91269 577164166
59503 67368819
63829 320023255
60643 242773411
69463 368219185
99439 506195234
48733 173088536
58257 263474684
71119 408008633
63895 90486697
64099 267337599
81207 281328559
98127 506469440
77317 261017073
96385 38262446
82779 112039664
36135 51050974
56267 21946515
60529 244320502
75733 464962688
82049 412791435
74059 432156687
76333 161766888
53845 81204822
67933 317910816
97267 341216653
67529 369705735
89097 503780168
67103 301769646
87779 170409246
81677 12470340
98209 378847994
89937 3214811
72003 62325511
70189 43422963
60531 192910765
53637 22684052
44697 25494584
70055 380091567
11225 5645808
69727 19039855
55393 101354557
84239 182202903
73051 267419362
75087 438579020
57485 154404651
88267 181912456
56885 255872046
47989 68979940
43615 51289727
99103 644753058
62313 73409539
86673 380004874
98069 679028715
67823 171926157
91851 252458975
75943 377041139
81089 510625095
86943 69786290
86005 316341035
64095 242144036
68713 386340433
60739 35570574
26619 16702033
92409 235700941
89151 31246796
58897 35277226
34735 83769067
98029 121413163
90573 248810087
68783 180513330
72789 225098306
97089 263108980
91723 495548650
75033 428982281
88291 60908574
68089 100036617
80259 377701412
94303 461988332
98035 617305435
87645 267625700
82155 262355744
91927 138644202
49729 12569957
48241 173802014
43945 147868469
59509 133027905
76861 197909250
73515 276767257
50655 22118983
92677 575425615
92857 48708583
95459 273062592
56527 122918295
85543 323493802
33927 29181148
44199 104212127
70383 95287733
74635 419081713
88353 612495863
88355 194997930
93189 493011907
98765 728380992
31261 79865997
38547 11437936
72935 405178917
68713 274536958
64851 253451033
67017 98498744
96387 17212441
57377 56836200
70525 174266353
72385 241208530
87769 39987178
61327 113999194
78979 285740284
97409 766900536
83815 186676521
96697 748355416
99417 778396228
94377 467203346
58489 73150624
73323 34555562
96653 628991631
92125 355697119
42363 142252616
64381 328914263
93873 84597946
81897 200538799
67189 186545855
59677 63980646
92637 705465797
78789 488182072
85063 81763732
32727 8641568
87241 35709790
46335 83601802
50139 37025728
51451 159944538
61117 55672676
60867 186371756
83755 36218853
81365 222428328
95893 426547328
88501 384972937
81883 130584236
48585 4801532
53923 586563
92811 617837282
87885 204359135
94669 305494406
89681 162362634
48511 134225439
77173 148269521
67383 64216186
99249 445045183
61543 155956629
89957 495091407
61281 67347547
93793 23252725
87069 403192162
77117 73863666
87871 281288534
76101 25291141
89641 394817682
81067 213390203
41543 70084644
93357 503483623
60937 295497702
87499 216515724
57991 149866865
51385 58582540
38517 62347331
91341 562617034
79183 93444044
97273 26579551
96673 76885955
96065 504154527
53187 101452700
85491 189647657
52405 74751856
46429 148804031
59701 271739132
97379 547460916
72139 283525018
79725 522213727
67313 98819796
75249 173252027
79255 284047919
91315 131023600
69677 127493649
74161 103381661
99877 195616971
64615 284537979
92405 9446622
74555 316929222
81065 211768854
63177 17436949
96869 173248008
47029 94784003
94777 227744788
73401 263922415
80973 173030950
39923 63542673
56041 152017151
73195 262273897
80737 366028823
69161 256305723
99925 665237718
52365 7511012
41539 137336922
36927 94647428
95005 652609730
96727 97141813
39607 85915342
87589 293195688
92473 222548455
87313 314780111
73999 420898846
62433 65100904
93013 584950980
92029 649704858
62193 232738780
83177 89836842
81275 535005978
64765 308982853
92997 684668702
78977 510732258
85195 278026176
40887 33096559
74785 285417299
33537 36749395
47619 108239797
53663 95104641
77935 276825438
80205 45974428
36851 26256912
77191 302700512
61283 234174651
76969 168947381
75783 13956109
96571 675649422
72633 242585054
92667 169409876
41563 143922163
95931 67815623
82821 128560405
99307 554667485
86393 238786533
79647 220434490
59515 8787980
96247 489499589
90153 646851757
79449 302368829
70749 291529246
62131 217303358
46051 65744247
63457 6675365
87265 470678660
80265 335574052
74947 372844671
79027 16843485
72291 420058274
65189 223735941
64013 332977173
94601 52097874
81063 422755585
93769 569772253
89489 617498280
35241 56143796
97393 480448459
84861 155539495
98215 391012159
76745 487335456
99559 710078513
72197 64766925
55869 118815821
98557 328258163
72169 305745615
88437 444588605
97171 702544740
71797 213324972
43247 138110658
85619 325723833
44797 145961996
40377 43872617
76281 199420822
50155 147696432
86743 19513948
90241 409942152
97267 743860551
74523 241148144
34617 1544474
49673 123865695
95877 133759877
81585 497555696
54073 22430177
61147 58243019
94467 739343186
44917 64962728
99741 527866760
86389 244831962
74209 109071136
91997 53000991
69853 254958054
49019 195746673
78979 419481685
94741 520767194
79561 427991556
69329 109053957
86941 343512249
39505 3619757
98357 457415136
45253 92028496
67779 258166904
37759 4025602
88365 274199131
83407 134093338
79741 415318643
85173 337969921
37891 55664017
38815 45865849
79401 380125373
50677 120797501
82843 96709926
80313 173227231
88515 440940845
96445 115241422
96115 115018296
87033 232454033
99569 586980588
68935 278147129
54481 166274633
69221 315219093
91851 18888391
95761 330259539
65557 177962348
93703 244861581
97763 167962656
94839 302762687
95047 7581211
90387 86678015
89003 157875870
95245 295143483
85669 392560981
90935 294455586
76569 485655698
77627 462046536
96319 139914832
83497 274133522
85047 447122584
91867 408589067
20167 24832542
78493 280913432
93113 387901872
73279 179036993
65673 334408418
66895 97251505
64121 80193090
99771 451327565
72963 427952053
91309 287066088
96513 123686461
71809 15826671
75429 41377267
67279 268407901
93447 323662189
95395 247891389
71677 51105767
94561 522233948
57411 17372207
94621 487862236
98125 430164068
92053 347165280
69775 71840606
79467 457638539
92601 349602634
56041 188352913
87733 376047221
77311 166214666
87523 169823116
81009 92357939
65161 49135288
80085 354416089
91605 628626514
58747 28547131
82299 107974532
93391 245724526
70411 270822464
86497 260587466
69181 202088670
93171 413498402
84447 320177969
69243 354221362
71889 70549531
86661 55690261
75727 359772415
81963 206326606
82405 524862335
74941 132771998
53259 34632200
41149 28268582
80045 357359787
93123 565186024
99259 789806361
84289 532205
77561 182921622
89029 226681436
85851 201386275
74373 90119629
92683 95943850
72093 180124874
41739 108703420
87985 370525007
76191 425253799
87541 369943227
49493 82066335
97631 618696681
82731 123455927
83577 560032097
63583 51348014
95583 496192591
91659 414956149
69665 369130137
39127 62553660
70743 346247375
76909 165287911
22917 27024997
88771 582147867
90625 393472052
73117 272188420
88067 620889546
96789 580210820
72957 75225085
16377 348694
97945 685046621
76593 236310754
80689 233806045
81813 174397442
91009 85832023
84905 56445372
84703 466745207
92277 372569081
74435 328954698
63399 11078041
75103 139476899
92853 563247416
18281 8423505
62519 197834868
75403 52288978
82231 308822851
77713 317413469
36767 33226845
58599 115502803
77615 471526761
98269 449752869
95527 149889532
68509 255745171
51889 101920397
95661 262409113
66547 186142946
22795 33635930
81229 360127663
74199 233346472
50743 82542321
88381 363940601
47731 58383066
65723 134398881
82891 62383785
93043 316028998
81851 365373891
91467 388390757
89747 234795270
86563 601877885
91087 554752357
88993 641774749
98461 649055360
48157 119400146
77533 443138183
63335 33797538
88411 607766769
30349 11325740
65455 322621571
92857 477816426
97443 36889787
58851 238003538
92391 572916946
69279 142791875
88851 206849416
88733 95388366
88251 493237268
90175 574282558
80123 414085611
95569 672411247
24061 3527500
57127 188458796
74723 317336616
76153 292594063
57799 161968352
68307 208445812
97727 222665037
89425 147114370
73789 166094079
96275 333161799
15055 17068161
96097 400686868
68009 249276921
66853 141498230
93741 369505207
96695 739995441
45907 7479442
77535 487330558
93691 55545796
53803 236940339
89381 538929681
84687 226643066
77817 213403256
97317 361700626
64231 113572262
87637 192335688
92829 103641947
82875 54363944
72343 100672428
62103 26738965
97221 376149698
92689 564985606
90465 199178737
64293 163919356
29731 37022008
91957 476233643
80031 498061970
79271 231222672
51581 166977213
54477 219773345
88723 187922342
20179 25776798
87399 456821116
76607 468880962
56143 34262455
41803 123173782
79319 183560118
28657 62883185
44227 108194857
65427 340627061
79831 172233803
61531 116940634
85081 180093627
86109 451232567
55905 198448471
33055 22194020
66837 356060050
94879 108659775
52687 33644134
67215 134269081
84737 161406030
59227 148952194
83323 259294716
98071 216789480
63099 296675929
74425 413647297
42675 937094
99943 775684881
72159 240645644
92167 470197606
87675 166876661
56467 21343210
88231 248119995
78569 374383089
86701 134503223
92953 410534638
46909 17198378
97681 651727709
98945 781679040
78645 23661839
87015 349583747
94411 727476903
73207 244323428
99321 490272713
39829 107773281
50521 86177463
94783 591524281
96737 117339987
27433 16192303
76537 281762446
66811 105946006
84841 438845774
89509 377514259
90419 92022798
70813 173949896
87937 16768305
86087 152013039
27421 16194637
71727 111110051
60843 91395311
80985 468729923
85009 113769106
82057 81873849
79155 187372345
89655 543078917
80039 322610712
53061 92906977
78271 393645305
98077 458973141
99981 790057051
62389 151854286
60301 228380598
56755 203722603
93555 694421573
41221 22037896
67165 329115152
74841 176654219
55065 239984917
94189 119690760
70897 190907266
66303 331683901
81785 374927001
95521 757481185
86099 361543767
50653 94975726
51827 194706222
72233 69571659
55513 128595350
53179 227910480
97951 108427682
88401 450044593
56483 222233304
76119 266814596
51963 63869876
71413 45823510
56487 77162389
94513 354386706
91669 458292732
92739 682052018
96883 417941301
95021 341403426
78941 325231122
69105 156743365
63667 206748785
79215 96184595
59133 287066354
96775 561675886
90063 323922667
46897 24305528
63375 152830910
56547 39751163
26859 57630029
64625 229462695
51285 123615913
64639 292906313
59521 131023783
63561 292800479
60569 130741539
94873 537931602
42817 74749938
80719 438207916
83653 536301219
41097 24669338
60071 229086411
99067 797630145
70105 258825385
59995 85983046
43635 1612990
97683 767161265
93229 324065681
96187 32203633
70441 33605773
77307 224846149
89403 78193610
89937 288117368
60715 285805367
99021 495505184
70435 281573727
87065 68485167
99421 532082886
33487 78660652
56253 257261614
71473 362883735
84849 518659609
51991 139154896
37395 67637020
74817 320274793
74737 31305625
94229 74201670
82275 475159442
66489 32154899
98173 736223618
95977 745487453
94303 721505034
71983 236569472
59565 203378236
30319 35612151
96805 373593575
97411 36373099
99637 497787719
64041 20635649
44803 47362503
96181 504145006
66123 209482384
86723 43364352
84541 569786922
63127 7326134
79793 504897675
51669 114738211
86775 245003288
67273 9322911
74599 303852449
89161 647287192
72059 430153962
51265 115297467
87185 120522387
78993 391509713
99291 146313869
95033 458034549
66967 227846660
99055 262788957
46129 124733403
71649 376713764
96805 751092621
78997 492666627
79495 452458018
97943 13351047
81585 212830981
90793 208843359
84809 247517667
74743 93926588
49363 158648167
67315 311309440
92509 11355592
45535 586975
99307 530504209
67507 152759759
83209 135478871
95525 645579615
90637 68220863
98521 205904107
86033 549265416
99789 280850683
31761 8803420
81549 514660943
77871 56083735
76657 84349700
76079 237254577
76349 120317919
90541 552746182
96661 443626085
77731 226063949
97459 772404286
94687 505570104
98307 346480817
98829 397366288
98991 61873153
93955 33997794
48421 90492314
63343 146169713
67779 266926370
97989 328356497
82081 532585482
29463 61603096
68203 200402748
33517 16154876
84049 155568685
65325 147262013
63455 229264920
72405 354383083
97153 249165829
56435 106946481
97331 693491988
92283 330309626
93327 556893926
56521 199229237
87579 554924026
85885 484923641
25509 32724934
88161 318006098
89683 476240280
60823 25721750
80029 108267589
56385 146676848
74097 210243803
96563 369000477
99615 541971593
88477 644099293
83353 380468972
99787 822479612
43669 55978498
88773 367216744
91471 596720634
65767 121774031
67561 97587953
81181 472408878
97617 747585026
60869 21132147
88571 578227818
67385 270028776
99643 461427253
91681 259956042
92933 282738852
76279 115095450
91243 422008838
96577 341418933
41297 23387460
69919 265164241
95743 352570949
66925 106259412
81261 347172061
96189 95295503
74831 343350528
55689 33184565
89271 240895276
68473 55431085
69861 369492901
69175 134295855
83893 357335744
70927 162900988
78583 280305530
69273 331187840
87681 521414707
38833 31123083
38101 8443707
76485 69429110
81027 506656709
99283 798641328
80675 139110
55075 219724436
98495 602270406
69109 99369399
91813 246709285
92259 17360329
76009 87822392
87433 128546383
86767 5222037
65299 302773456
18345 23606764
96135 143744861
89433 309864475
24493 32164629
76497 376447097
89789 145682511
85003 463685915
93455 366883032
42437 8746950
96451 177265821
88513 532156482
66423 95727559
71041 390804866
14271 2245480
68323 144035142
55649 127044240
61981 128596831
53611 38454306
86689 238377498
67475 79014144
58153 34578488
82605 207934321
41799 104385892
59309 223687416
72243 26079635
83901 379016242
93957 154098625
97441 11463891
85299 136029512
98093 680892297
52557 114338797
90607 472325287
45211 22621649
52171 11011005
92131 359656835
82441 218202914
81575 250417530
92359 441753371
80677 462624428
91533 612193634
70305 111377491
97059 7853941
72955 221732714
98269 644498335
93333 617947237
92187 91974929
92025 443816972
94759 28605363
47965 80291979
99385 376938140
81293 233670498
73777 75475854
66879 354805057
40717 132052173
83685 395500649
64059 54725242
68221 266064469
76651 323213406
77869 23456909
74641 137246909
41263 86778156
71537 423321198
93101 233819013
85555 474056722
40179 1847386
84583 241769668
64687 291346279
83277 101842334
69001 343659408
89633 596020812
70183 276600046
73795 405044186
78281 162807
39257 103791681
84631 539715654
58027 204178349
88251 560410349
98505 66751619
99285 84644426
97501 738628759
69967 147397141
87399 126122780
71923 95981469
93825 344811427
91423 103205458
33967 64017034
98377 208099127
82003 316038710
55617 178380799
64353 317763455
85011 13797785
21007 3428417
62971 270819567
93187 217682765
93443 493580805
90677 364280565
99491 147933411
87603 219612079
94387 192289649
83161 503000536
79059 343194484
98239 413206992
64023 98770160
84565 278892489
88223 371927469
36381 57809237
42651 97421126
82339 380220763
58021 40344519
74635 421294749
91981 604889124
81163 144079674
71451 401434567
81387 295335335
52567 108816473
58491 24381001
52033 54448936
55953 137587007
96303 410022146
62407 28669473
63829 64531459
96567 672989497
82953 110224148
72589 259686505
52469 73173798
76087 346379257
98695 533059294
89713 516722728
80595 303367399
59607 140247130
63625 109986028
45837 124014103
33387 51965768
97707 87960994
83869 161357937
84991 229603691
78799 234367112
38305 31948428
68917 150381854
90661 516295925
47167 8289886
97431 473933845
83707 483542511
80557 191859313
96463 754244950
88809 559510400
69355 381409744
59331 263432896
87601 483601904
13939 11994475
94849 222863454
83335 491711523
73033 39848508
63331 167619729
32011 60746177
80199 82363349
88633 411955073
82647 106355383
79189 66465601
74631 336072166
89787 400571495
89127 434937179
93675 75952775
60809 214517148
95917 644243836
66183 142237241
84621 86637565
82657 279143424
70885 56727980
75561 101207062
94309 373342109
85207 155630198
69241 223127218
58959 209505989
88137 153493961
52939 186972449
90807 384775666
54769 172806920
69589 224833564
52963 153481626
84639 37695113
76243 41169595
77521 3712297
90465 406655707
65631 341821963
90517 592641478
58163 9516189
98697 535077550
33547 12299616
95881 166485496
73333 50402836
36697 91227518
62855 25489218
18895 12440891
63793 233415071
92809 121678127
76457 366362253
60177 204263432
92973 548729198
83745 176165518
74547 340438385
88873 220092650
78193 57337589
80665 52799249
99825 628957067
39259 118128846
56827 84801185
91497 218325076
59881 210599965
66361 79914532
78411 52880830
94539 130894324
87751 224590299
66799 188926271
92697 205117189
58719 257908553
98983 478723385
63225 267814913
74099 179455401
23363 23576046
94519 171893608
82385 541968621
46939 27507197
98439 661366054
76441 37786101
95901 476131616
49833 78173842
90583 82693109
40729 71383257
54135 105833455
38349 108960767
90457 228309099
93325 66856557
77233 457455614
85909 567944321
92809 40338783
61733 71472681
72817 274955622
94549 293924687
90079 398796655
75619 383080945
83883 481876864
74783 357982716
83447 423378417
68155 189113661
71439 334086122
98501 11065767
94463 530662224
90861 92019089
37861 69278125
95727 306027808
85461 561659138
68083 104783781
98853 348578618
76597 206825768
62581 267273759
52735 217958432
87629 330882381
70987 173312830
64435 215160071
40691 44043288
50491 139644294
72297 151527077
41629 121445985
93427 255478231
90587 128487969
68035 350783617
60745 227140373
92997 482817878
77343 405380383
58129 204453381
59253 148095242
10701 6763139
57891 244562084
67597 200345569
97363 496636955
58741 17663578
77733 173106421
25063 4480891
90469 563295509
93147 202350340
96645 322290100
38839 103309609
72063 295623019
64201 46132113
77327 424948707
73123 329293458
96661 212016498
77985 2403530
41673 110553214
53477 198630999
53773 97808856
88459 548355934
93691 58911164
99261 15862831
62251 302805443
71489 258127377
22309 5323021
81399 526854655
87865 498956753
55507 128056267
95353 93165972
89571 380199619
61891 24897748
88963 31658554
64851 121306597
93005 199529043
77131 375112342
96313 405264654
85239 97814419
83595 117535805
87011 234671304
49497 6267005
80999 264982407
76239 192207391
77041 65157710
84909 561317681
75027 187439579
67793 17371653
80803 427570560
87869 470264652
90949 162226996
83107 556634426
34525 29693101
88423 445407151
96537 735319418
73921 244369603
69201 345432526
65095 215165438
97749 253244624
30407 74851752
93673 259840477
41489 130005741
32577 53743160
91731 320560840
96809 579457842
42103 63396292
46231 75308628
95007 109670057
90865 86549656
94581 109683881
26755 24427356
67631 104203221
72493 356935513
95631 597816610
18405 3369773
75343 454859758
82059 431775164
74411 179283006
55641 18247612
83233 323120547
86895 605842591
84935 67044732
76045 286204735
80143 351259614
79381 248586559
77721 37126838
68103 180520633
97553 738145542
87889 458772593
41131 93024006
41571 73186433
85201 456156336
84603 551655922
57565 39004972
89263 6899807
20319 4369408
82381 232170635
64597 162600216
89603 664450131
83973 97472807
76333 132963915
77125 270283980
99555 171403387
71155 94973892
89929 645721492
91805 34725417
59151 105971221
72229 198116330
46669 135820083
59993 183706194
80677 363229747
99341 246072600
80223 195559811
22725 34356374
67241 189948474
91069 468935841
72207 76343783
94453 74247555
61387 89672175
62051 149640675
77303 264263010
35785 28264255
98167 112999298
94765 685337370
38859 118598519
81767 11252295
80185 116356557
91393 251778723
77017 227084989
90703 627294146
77683 108522752
71965 401921030
99619 491994424
97471 305534942
64867 246142616
66667 10156354
73425 417835042
56733 37468337
70903 184507165
96639 455237777
75639 325606261
72283 153902812
85345 380876362
56149 159340410
58319 140072907
41497 134062171
95535 751394681
69905 115409106
33769 76117943
93915 86633368
71167 198702569
77623 424868032
38845 5262258
88221 574911169
90841 606970764
51253 163502072
94681 42000158
80271 71005894
85323 557241166
38853 33943691
60791 125219100
88771 74376706
63977 263396823
61901 168357084
92935 200651273
88867 656243155
95545 539834512
98869 96626221
67639 96787756
87343 238269523
98293 6003382
83851 315586603
95735 71835258
73559 104076147
88411 423315667
74575 343316565
41963 140370105
88697 545605872
85665 120334271
50349 173636747
96645 129929044
89291 421658994
86217 4591745
88539 582490858
99687 365880695
91833 364290400
72147 217078705
68505 107255090
96499 612899317
77921 166316181
98179 376493505
89863 472520134
75505 270510970
77599 473635122
94945 604908330
99277 626096921
96313 618296038
46791 76135208
91193 101909565
96361 263121296
58947 278083753
81781 242853749
78883 346664801
48781 145014783
88847 356165106
60727 207710598
83189 484579917
93987 520027528
73291 11981538
31739 5896887
92039 627912267
85531 387721337
59005 242367370
87073 401458185
95775 487156477
88361 647908791
52147 191529004
33813 32204981
90759 417751835
84897 452442716
65833 307189427
92011 610819791
85401 154728671
95491 607270509
94439 224301912
98431 327463226
37111 75063816
96487 744629564
87003 287844436
56107 153438189
59411 258432813
73615 147191422
71009 69484089
76999 192971000
94441 202581510
61157 8424534
91647 407091914
93617 363613809
69469 228426246
52657 204495562
52845 61079108
81073 37576218
46971 28229488
31095 63682444
81241 364078899
92131 550312837
98523 753765601
60743 131141811
95281 716038029
32191 35656077
74403 40286740
89919 565062487
72305 118025307
85145 516283845
94027 269009548
41155 14216214
99129 196069556
97153 292652184
69725 297876906
97987 449993758
68857 295681640
96223 3948523
98655 61509041
89281 507561382
77211 328741814
49183 24812010
53821 226645183
80243 486122463
51117 24923017
91665 173686939
92901 309510496
81049 117700117
59979 92040965
47441 90720864
93451 390673076
96667 184735771
97843 771436060
96433 622388958
71623 236520433
48373 144110166
54799 207394342
99163 530167113
56799 183095990
95701 289891222
98041 424481501
89735 46409343
33967 42920124
79439 74481918
87853 5706653
68665 303103040
96195 657046096
36757 12349151
31861 78365455
51555 50375450
40737 7915469
54213 132185492
85707 495921655
98511 326608571
58093 148697273
88579 291122449
69091 180161718
91369 300117000
44241 16848488
91777 386305305
97683 683625770
82771 60940602
66875 347112210
68959 304754032
53021 55370505
54783 205943101
85525 542333132
89961 344766203
98645 590411286
70869 319657540
96835 452994276
64405 60149697
82201 105621191
84721 286648413
82419 366507941
38087 39404910
70313 156795489
74275 91372056
50523 187585075
82129 147514138
87387 195607306
86983 344362956
92707 633453399
96925 122440612
84925 360714183
80111 251354298
86563 409316125
97799 732730242
97787 715169157
68137 309654599
64081 281031391
80865 328082416
22317 19937230
34891 65203814
45775 114358166
96641 313830273
93135 323003077
86317 179748365
92707 466350989
57537 146159057
61145 51275265
96753 103116523
83371 261475071
84451 276954242
80269 144561638
84043 305664070
90205 241080259
91233 249116899
54571 128247509
98253 229528489
34445 37422099
52121 108709353
64831 140172855
97791 617230060
94367 503815263
36505 50239376
63721 326273601
97745 724928694
95497 126876454
39127 118319231
96589 499718529
85453 543097430
70113 185715214
57615 250716059
72387 60341971
80555 397251042
84929 117469128
85017 247417652
86271 238758766
95785 60224215
39985 80286931
61425 279939661
77703 126718751
78335 287375958
96997 24800058
70341 335325553
72697 114853287
35029 11361466
68871 110273437
93173 624609888
98715 500336005
96283 592498124
88881 312662177
83815 218930095
65871 191775473
54277 233947863
58689 35187650
78843 211432327
28759 35634474
75191 442583718
84781 455740622
65039 215359194
96959 545734200
72043 304582897
72349 236385643
87881 167043618
62329 116574281
55987 152337774
87593 401428491
55273 241754164
33951 60583720
95261 141364518
85019 413478591
64933 157885529
52339 10204033
23719 27779968
56539 8062812
57151 29857999
59167 68450779
74379 260011180
81067 339677826
77007 366917090
86503 197673683
63967 279640353
77221 266512751
88237 518753958
98771 654194100
56909 168171888
52851 21484921
71125 269232726
24929 1098507
76689 437148841
96415 607523348
53367 130945556
83843 523923225
74493 306627754
64663 92423461
85669 411817658
63983 212388468
77539 321859130
23371 39903554
28883 37082736
49567 68506894
99229 556420407
99979 511459187
83307 560355508
81559 430574101
84477 5858395
53809 16138592
89589 154111261
61905 241520362
68513 319360029
48203 133695687
59205 81633592
89105 87462681
63489 80432746
49387 21919427
93495 177419846
99283 135609242
89997 184224373
64967 47279451
53409 72468166
89319 284201972
76227 162982994
93197 543840546
89911 188009636
76141 275277682
87793 197150788
85059 499050647
78955 95048377
94341 706919033
66177 125425255
93243 434746444
79803 448115114
91151 14154012
93993 206004910
77815 157207581
74703 9468599
71731 309701451
92207 538678242
81403 515451004
90241 112114227
86641 499343360
98319 503088913
55289 94954350
84159 70946645
36085 70113155
96295 743239574
98177 367814247
65635 242310344
87199 192252131
72007 176527062
92501 113205165
70365 114252379
84303 103712290
75087 156922081
47753 126183051
68223 168938198
99565 320355639
97879 386270430
68523 384120776
32387 61428762
52945 58096438
70809 340527272
66487 199945054
79975 73897084
60389 194829867
94003 7704882
85153 318671114
81673 545848666
87247 191802056
91583 675583110
93087 235497923
46405 49243977
98545 626552907
57715 244950226
95601 304630033
68879 390419466
46899 153828578
50407 43955256
82621 137680468
89581 617456078
58323 146286556
80695 132360901
50743 10012825
93617 51178731
97943 643716957
85577 429910914
41709 72792011
80043 34479421
74535 126190787
67597 88423030
70053 355068179
91363 398459206
49377 93848677
75353 210403869
63215 234960249
96217 499928287
65701 337617921
92761 22128787
65989 323206830
83095 46003977
58825 142819404
81001 396804728
54031 27847502
91507 488612684
83785 8430397
96005 76291233
68667 137755193
88197 258431851
53523 11443927
96319 722196926
82993 303582007
76159 391870023
75213 371704603
98503 806319837
79725 429175952
85341 301301237
94663 587696817
80629 78459754
84607 554971136
36375 49478740
70543 16022234
84985 171511453
63849 64810091
95481 10982636
97153 710807872
77023 413118402
96967 432046819
98967 141366833
88777 9930007
77905 58810255
78889 352951781
62509 98953093
71359 122335811
58561 223436314
87989 621930720
61575 33635260
76615 24260631
30451 15858690
99507 628912036
94297 155816626
96269 360681294
87045 90613852
75529 291522348
49515 96319597
41301 60292382
83377 43369240
97629 180843287
41727 114166688
98791 413530607
76603 74856566
49219 64607831
61355 300746721
69235 384533978
64089 103697641
29479 3702695
54373 225132100
91597 665702656
76611 460476205
77203 457963446
97315 117270551
74803 75156480
93137 414603378
82111 143825823
99475 788112784
87091 325619256
96225 232650232
48339 14701255
86415 204160570
95153 365264265
98947 335299434
33811 35767458
95191 656570620
96201 459775678
84019 192420876
56979 134653370
91137 91785445
98629 435634676
68149 3916982
45211 81729693
69641 240455898
44923 7141338
78905 92712801
53533 212644643
84461 28808229
95231 686438571
32215 57536173
97095 226950335
94879 75556891
91207 224392811
81625 394877737
68235 375074845
35491 19205761
77607 402847799
79915 273051265
84615 319116317
88763 541848699
85431 484153940
86507 169378278
47137 105291517
74299 311118793
51907 73287564
79369 49287515
91713 81636976
98973 170477959
95625 745519634
86155 394836757
76649 319240902
38155 91976234
91809 242793610
93173 163620939
56553 171824213
67321 319697798
95797 358197135
98277 71409305
36673 41663603
92371 127973590
72315 293374136
78391 63016685
76705 84303411
78589 59175476
73489 399845419
97407 299159860
95923 745937245
50575 199399561
43149 10211170
40555 12105173
91189 191969937
66721 274655146
86209 310892680
62377 180086427
99943 124165219
77853 390634559
77325 304387924
20309 19787994
85591 555605615
90501 502158941
44839 66173847
80857 493445254
92185 222453647
93365 591898392
97945 176359166
79087 70863901
96771 778543786
99031 574553595
99367 9524527
52769 191138802
87507 392054956
69265 308136679
77581 203730141
82465 100450623
77299 367706903
93399 198890648
63073 20625450
93167 523034817
97321 542260087
36463 3343191
81963 257947178
99539 220290915
78433 49625502
71755 194769182
95739 243993418
36381 31834988
35655 89561665
88075 415059406
59989 170655438
65061 54782228
67389 119569454
98807 228595992
98035 335845361
87687 304530494
91209 294555487
62793 195158155
57537 79790977
90355 679739058
65545 7477257
77799 136610455
70875 279621383
58295 141743646
46983 154224119
65829 35843024
71797 349537272
77335 82126577
90375 111777976
79623 172371832
44077 10959777
74653 460366423
67779 87869006
98469 64472695
72367 111066640
94017 140560582
97435 492123662
43765 135978456
70399 84509253
90527 16372077
67731 338324515
85167 591569884
65071 120930735
52143 152244707
67057 348756144
87175 388696823
65283 117302555
84291 394012178
91653 318466205
74751 238079582
64441 5754463
73681 118195828
86439 448167475
94641 672035909
81549 256131382
86409 142179626
72129 163041404
98799 700498565
97163 775615929
54681 240893587
97727 159070998
30051 53130583
96403 311287362
80329 257686992
78043 203258359
53665 20601865
45595 36208111
63541 256025621
83771 578278734
96177 463613438
80457 266208679
99277 636820634
91211 541975296
88575 605279608
94151 372626349
93807 682692646
85637 494696640
47715 16285010
79613 96787992
97777 285724528
73057 318236840
92707 469144726
94827 538572380
68323 165562918
71377 404444931
73735 58349044
65389 84717561
89233 280426789
99985 228654219
97423 296928484
58789 111562872
71395 388043572
99501 313341767
95589 343459405
98981 114688245
74541 22320946
91841 376449456
81059 158077851
91863 451481710
55575 106463080
27493 18148399
52257 20241734
85435 389871126
44325 60964000
73647 400253602
66633 206503291
96207 66637640
70141 305982221
92425 548807305
75493 54183745
71259 97848337
97887 779462689
75197 162861225
91651 345590507
29815 31503606
90393 607566953
65725 136394371
85099 302210091
77777 251065797
89517 578426404
80481 415011698
57257 160061889
88273 81661299
18523 24714573
87875 338752617
60479 97658799
85087 319602440
93147 472692247
86365 215112784
93869 158268018
48785 183916905
38501 63934851
22379 37568385
92973 659527220
94803 362292403
51925 69971310
86055 539902387
31953 34689733
96135 420390125
73847 174607587
33365 56471193
67605 355519376
91411 161089050
99571 204406930
58381 2378299
26527 28504629
89479 260951812
98595 128858197
65197 173388716
96925 48165731
35881 103665135
93319 271786593
90583 164885012
95641 142047017
94525 144935910
46191 148776920
38113 74046273
48339 185318038
28147 15695942
84117 162069911
55113 221401319
44709 122957333
70315 323513248
65109 120721756
72287 355940217
58435 270018226
90843 191984288
39413 119565024
72931 192220713
90515 368629824
62349 59609045
62205 128408614
96729 252961066
79603 373211429
70771 111020027
85635 51410303
96479 654133467
98875 666996640
80923 391311906
58257 237506056
99859 143129029
57913 105180490
93995 199361934
50747 8702811
94647 261458869
73127 150189594
68209 16642691
57875 168230100
69859 122238804
22015 36425743
77659 448874818
82567 103107919
64861 167091507
83335 182878032
46051 47132193
33337 86641478
65409 336713383
69679 14781845
71079 78827668
84499 45214615
89253 326286736
82921 88889316
73549 275955376
46375 19068227
92123 684931998
88585 114395193
42677 118484859
87189 614916602
97429 559067991
70629 294906595
64189 171929198
92745 587828510
73161 383317825
71527 82852814
72705 114560998
88645 454143536
82499 244486218
77825 164126190
92801 543966033
60253 251955318
83651 221773317
81803 82318500
97135 563519100
89317 31479038
85085 583969140
51205 212141873
85693 145990521
65179 189227560
97579 499335692
96323 51504201
85623 558655574
89899 407647867
59823 113550506
78915 281096656
58113 482497
80827 378507402
38097 108203737
97759 467695318
54335 170612772
54457 13106828
91281 600122483
26687 39436806
69225 11839312
52505 100784766
87213 169043350
69089 366262965
83703 332070020
85831 296377023
73927 135434394
82707 90977681
99385 521246781
96343 132165424
93895 442634792
59757 181849639
44965 9100720
61641 182917432
85485 563395522
94507 305650090
74847 361328705
51853 166623915
45491 120248457
93307 261094002
92463 492843500
91017 292675516
81017 396325911
66631 326118657
83299 395783813
64437 187707392
99055 377180308
66117 239734118
69909 262126592
66321 33712247
79857 449512148
71929 179352784
89299 112222621
47225 96478866
82015 235337240
94277 586434798
82363 217467307
99651 684968962
61743 269126209
47419 42392504
66889 161054748
82341 386378645
64877 269958849
99877 52100348
50215 142964584
87103 28148578
96197 233608749
34893 3687658
43197 9658897
82941 538891435
62325 11446180
97227 319201895
89833 536733470
66691 267821060
94385 155999406
79557 332997898
60879 301670230
23545 22085036
94835 270220188
71185 9480953
49223 38457498
83991 489409196
75573 245163278
62989 274067802
79113 406949599
96087 211299914
88407 497942441
84739 30028736
99279 688857919
97207 528251422
48855 179224159
68181 54650608
69209 310623837
69145 27642428
75213 74843720
85429 525384567
98463 546654044
73879 331948736
90259 299018781
78005 358668273
97161 763964923
60651 292919891
70443 114480554
64373 295299033
74193 151285529
80863 293644795
68337 174815824
45317 147170493
98301 667976842
90475 663595353
56763 39447038
29787 55537532
93417 87678164
67327 11179152
18477 22701181
86549 592685157
92501 95996556
42019 29042955
31725 15804467
94875 345962653
33325 14670908
61989 153993820
59471 35791509
97619 707807544
62485 100360951
35385 88634228
77041 39715795
42295 81770681
99771 783464306
60165 139430180
78873 40602307
52459 221327078
91725 299293135
89543 81088809
