-37883 3054285831
96181 1816787103
-67751 2834801095
-80379 2217665803
-61467 2683961587
-96455 2672215707
-29767 2733936351
-73259 2688220819
28405 9837893847
-48583 8790793443
6877 9874927223
-99579 7681694659
17169 8573779375
55013 2261956935
-74879 3099739891
-2895 1194966619
19417 2908428527
17645 9007594679
13669 8821247295
11341 1499941611
39281 2324600227
-31647 319004403
95401 1096082739
-24447 8623531359
-52003 5859651419
16029 548979283
30629 7174844095
71713 3535564179
31773 5717070383
-67843 3152334815
36497 2671128167
-84603 4359852207
81005 665117011
-21391 3754071479
6921 1739899051
-93915 5058741963
-48115 606182639
-70863 364250747
19901 1527595835
-85539 7056555871
-4143 5673632991
78873 4628773359
41609 3555170067
70517 9536139771
-61123 602290383
85721 1114562395
-58027 9387452271
-56103 5255645491
81305 3059928743
-49899 2680745003
36905 3153897995
25801 2193304811
13017 2748756479
-13255 6141326959
57117 9314897031
-60987 9187464415
-24959 6983833767
-62379 7192073975
57317 8810555695
56237 8999777023
-82879 1942364367
-82083 2967240967
76837 7751451171
-80419 6053964579
10049 1853332767
50701 3442998927
-30707 9705457739
65169 4719259659
78337 6953196979
-43739 576890991
-15323 7712190423
-26531 5518642571
-57675 2689687723
82729 726968907
-40499 7428505147
74665 2192822327
-97059 9594680311
84033 9358599939
61193 4562730131
22405 3102509435
-8079 5618969379
40225 1104383439
10697 4653448635
-95295 835638715
93241 3213494147
-94587 606907695
38309 4440335423
47145 8418193927
84809 8731626935
-96335 4975983143
92829 2628539891
-24927 8467230059
-82527 4729521815
42893 9202892523
24873 1214991139
-14339 7220401951
-97263 6761714371
80157 9104071195
-73879 6857082191
-11363 1339265095
-71395 2631120035
78981 5893746599
-18779 5061220055
-26535 6994513111
-89367 801949203
-24623 3225855583
43621 8304269643
7657 1524427083
-4763 5890282811
2077 289908435
537 9191297235
2081 9184171367
-80383 4648223287
47725 5152436827
38137 7537868763
-70047 3030269511
19825 4419703027
-21091 6298688295
2221 2594267711
-55935 4744679167
55569 9383733927
-58459 9654198671
39721 8233291095
22841 6558934723
-2071 3096432679
26537 1462152199
-35111 5332969551
-38031 7267260611
56117 443948811
-10935 6522864823
-25099 6977131027
-20127 7033162703
-73879 4550137911
90677 3203518787
-8967 8031202955
-24095 3527253047
-30327 2713089507
47805 5580543883
50449 8453686655
35921 9237358375
46009 4960071647
-85875 3635260679
97081 9947988323
18757 6180248499
81249 3388986171
28049 9067464959
-98587 2851381423
87765 7667438787
-97827 8724231783
-54939 6853814687
72149 3778738323
91781 6212024783
-7183 1091829391
-81587 1952481303
72005 711988039
16389 9863408215
-1135 9881774551
57385 6570712823
-81739 2450734875
52629 1013750851
18937 6243972211
-40635 3113312863
16189 2996092483
46937 4014269123
67705 7190442875
-56191 9101847491
-17783 6647721391
50533 6180512223
27641 1838815183
5673 1855621967
-40267 4037612815
65453 7809956767
-28967 9144190911
55685 8337488139
-49439 6794593035
58237 9632136115
-60571 7607896015
-81363 9647552335
-16371 433235043
-40195 6109258299
14721 3724144315
13421 8787457655
-43827 3466291919
40677 4250537483
50601 8437785351
-95891 1803618103
-44631 1063474383
-27535 5574371239
20533 6357154359
64981 8125960087
98641 9584529451
38425 1808114059
-71671 9432551859
17429 2161551111
-52911 7434869675
23589 9218505743
93601 7414541383
27701 5207145371
-53483 8439581911
24361 6708613091
82461 1584500867
54585 5285702907
-47755 8675193135
4261 5205928351
-95883 5536363831
94493 3132780659
-98071 4730885695
16029 3891742287
8869 7130517591
58573 2273043403
-22519 2589855875
83693 1469901099
-77859 1953546291
50225 6976731691
10249 6079482819
36593 7800322435
57221 1842586231
70785 9311734839
21333 5810478015
1805 8968153947
73713 2746065647
-78667 2409061927
5217 5401888391
-80363 9014432575
-25039 3901565695
45573 5156768259
98209 7075654775
34521 7042054027
36009 1324816647
-5623 6932983943
67477 6424498899
-61411 2393521107
66189 4477117991
50937 8628023243
-19083 2310749127
-62347 2937668659
-5147 3500809027
-53107 8337374915
-84475 4099803991
-37899 8279410687
-41963 113489075
21677 1029615659
-75327 5858361451
-3259 3111228199
88301 4355160667
-59363 7089669311
28861 7864422771
-7271 555471487
77297 5299465219
77541 7923655883
61937 6990897187
24557 6731150591
22029 5422715671
16845 5407985599
5529 3691542007
-86867 4264752763
-375 3093558419
77441 2125471967
-49667 9503590955
-93731 3533714615
-61659 9351521775
75245 4756322891
-62307 5674671511
-85103 7015546239
-93451 4266255767
-43491 9032552299
97677 5078429423
37993 4873515683
76633 3207234099
16113 3276206255
76201 8785265179
-33875 5820565723
-35351 7064701671
-68155 5628612079
-83707 6175878171
-76131 4070370891
20785 4212695435
87765 7001803915
23497 2506454063
-46731 3940310419
-66367 8910496547
-51459 1666491455
-92639 3706747791
93529 829340387
34353 1242886335
-84671 3640095087
34205 4667241459
-52819 980673891
4997 8750781927
-29547 9560090519
22541 8475360915
-80303 6020103043
49501 3183336567
77261 6242102391
86257 9219859215
-45479 2532292243
-66835 6006757299
23089 5532917831
88521 3838103571
-27443 2337194179
-64119 8467918483
79557 9956944475
57449 980376635
-30607 7020677683
79301 2676825719
-55967 7212437859
12469 5643580451
54945 2492935283
-35927 1092012123
-49471 6679416115
55445 5197676407
-49915 4122411143
73561 720628751
-98923 4612515935
26533 6703978599
80393 629526815
-42243 5258106367
28053 1637770959
44401 5913387507
-85571 2117807983
-34703 8610938295
-88231 1234274419
13917 2640651779
37641 8538764075
-1823 2161716247
42581 4837110663
79293 6681284479
99073 5898703023
92925 8603652287
-9935 5582589031
-27527 796119847
-1219 776647011
84213 6478159103
96257 3421763559
38057 3770145723
1389 8328250087
66569 8926625907
66205 9255731715
-20223 5341668775
-23295 2339887811
9501 2633129983
-85431 6725492643
-84743 3688409251
-95771 7636468755
-5383 9497924263
-15391 2264388775
14093 7809895519
-47979 4708081539
67437 7886949911
-93987 4352067863
-93567 9285702795
16821 7080206715
-81183 4696094219
-68407 3065125959
-24659 4642981111
-87867 1093570339
-80931 8539886171
75633 1075268359
-3623 8975008643
-77375 6760111667
74801 4528020231
-28579 8481383287
67941 4312890027
-49303 7931806539
71281 4578270143
43697 2011854063
76789 5137527543
-38891 4556893371
16569 9740656535
-63847 4750225443
-38819 6173267995
-34623 471228759
60361 4246297795
-25831 4094904935
61933 4440137359
27005 7567818847
-58759 1688738487
-38591 6504068939
-4547 3980556643
10329 341275255
-73599 1037133591
2749 727965919
69105 3304558519
56337 2017516379
50017 1764498635
-80611 8611316883
-24339 4226637251
33689 9768400379
-16883 5329256115
-54499 2166109787
58105 6267592055
29973 2167483659
95545 5148638667
89873 939923063
89829 8720407387
-26491 904339703
-85987 7215798583
-83575 2848043467
-12003 2456959875
94693 6718361155
37321 2802814727
14401 673055279
-94727 2563700295
-29903 4572857963
-95491 4311341271
-34823 1835428099
-66251 4606271715
91561 3940381723
-5879 6289056067
-45143 6933319127
33093 699440899
-34231 6825243271
92077 8266376967
-53135 2943664731
41557 566442803
24065 4318569415
-25411 5735633887
83617 8250756839
39409 8014283911
49637 8600307259
70741 5256434019
87429 2546504003
67001 7642627519
36621 7137959547
-539 7982549527
35221 6872824891
54013 4408126079
-38715 4180168403
10529 4349488599
-49663 5464983499
22809 262314863
81825 8415679871
-50519 1907548583
98437 1409375803
99445 5850856811
25105 4329318139
59725 6054994231
18281 9454466063
91221 3578592719
67317 5109879359
-27219 6730956883
-72083 8850537347
73109 1404184555
-82023 8813144567
-66283 9176421143
-21239 4363192527
9053 703912939
-55323 1526443159
-31311 5898562471
36165 1443597331
44321 8453261715
91705 1570499727
-85855 5806126127
30197 5600758795
15929 1345090399
27705 5381230703
59545 5516100999
-50819 4785184587
-88659 5656628011
84309 2080493519
-48327 4248201607
-54231 5592876207
-29651 6815263167
-62955 4203980647
27597 657189799
22585 6920398511
-77175 376310619
-67339 2175484435
4405 8429001195
86957 1585070371
-51891 2963843211
18829 5733767187
87065 5429260375
-15107 2237192487
75017 8156597855
52317 3673668763
7893 430499311
28841 5304616515
10337 8259951147
65353 4294664623
60165 9211546987
59345 5241183611
-9463 5617171575
97809 5720652571
22201 2774073227
14117 804812323
6077 3307926263
93673 2000340183
-66963 314456211
-58747 4461615347
80949 6199996587
53797 7985428843
78413 3692878663
-69603 9046660131
-5439 1834161859
29517 8698803483
-65847 4945392103
-93279 6761382175
33273 6380903219
-80983 4763138195
82853 4770370195
49165 2780911123
-10371 1146167323
93205 7859615455
-49499 1966076951
-76635 1017665487
36201 2432732551
-62031 1456340331
38221 1667957267
-49619 5291207043
64501 9164004163
83961 3172919699
-50191 1034120623
-35431 3943851599
50237 9514494487
-98331 7621053691
-91747 2187382111
34005 1341746299
-71411 4066522903
-37799 4076944815
87113 2015055819
23293 8890216135
-37463 2954812735
-49703 1711897907
85589 7520151675
-36855 6770829731
-46039 8052710667
96033 9379734139
44357 3519353979
13037 147875727
92469 8259161367
31309 6729065795
-71039 2343511079
25581 8381634599
-55639 4053142355
46017 1777799027
-97067 3285631895
50605 3172642423
-18511 7306087995
14001 1103451359
-38111 4086181371
54313 9291504343
26421 9743067895
27489 2529468007
-15255 2279902135
41877 6007007155
62657 9994068967
-69811 8303755715
64701 8907654331
98957 9310819375
-43863 6673929247
-23087 9936644587
-1275 9309454159
-34435 6085318359
42133 8000181195
-43223 1162736923
-41003 3131291095
-86975 9461835939
-18267 5537270795
67185 2492316759
-97843 5953902055
38601 6039887427
-96667 4404463007
52229 8956330487
62417 7540544939
-69007 5761747283
-91631 9002214779
-23863 8488125723
88653 6912054795
-83403 9576425275
44833 5778589359
-62287 5739221055
81689 6646145927
82413 8878785755
33393 7973286643
-87195 7578400391
55865 2603495899
63981 1369361243
65189 2889934051
75933 6670502227
-53495 8791751783
9141 743858231
-64251 2790269215
41809 5164848899
14613 264685495
-42255 4995220979
65533 7405189319
-30451 7602405891
30309 4185975607
-43311 9920873855
-68595 7006606011
-65175 8501177523
-34287 2273134683
22029 2384804539
-59923 5809287627
-15447 8196767759
57225 235711787
17081 605817815
22197 7789310983
58065 4149730295
11325 8956113855
-44495 7585283355
77757 5414631067
21729 187480143
16297 2363856623
-44891 8365867367
-44315 9016204247
77789 4078424927
-81515 3815382595
-37559 1314257331
-47303 6581867935
83377 9069551191
18781 4509190971
-14235 4504192711
52873 9364598783
-21195 3366510591
56273 800454691
29233 9642766231
81969 5267779515
84701 3361580099
-34551 3543418039
-10339 4756546895
69697 998739679
62845 7407298519
15177 9875022787
8445 3641520779
-10239 6482414903
51573 5154297131
80509 2601611495
67037 9759719967
-76703 6335101407
-24195 4245914687
-18379 2334237999
-59811 367602795
-82079 5982399707
72153 5402451631
22721 8683394011
96117 1415852387
74565 7323869983
-68347 6542024271
87261 510291463
46337 274630755
35113 5563876387
66485 1337721883
-45135 9168178979
-62499 3056706071
40769 6695722267
925 9520896423
-40591 3262732735
19501 6284451639
28601 2026201315
33413 7556379235
61693 7217425795
-34639 3305014811
-11863 9573819079
71421 5422847567
-78403 2335777975
-62107 6225931079
-58087 4682905695
-60843 7111563295
93217 5128270587
-10103 6231319811
-81627 9377246503
-48131 8395126203
97793 6888986023
-19907 7018176483
46701 3376999459
-8963 3762923471
65725 1470279915
-61631 5809234627
-40351 3224913499
8673 621978523
80033 7302422147
33865 5336101811
27821 6945543295
-58483 4177415851
10489 9165702311
42501 8942782355
-4839 2987730379
-60635 1626201351
-30671 7702344663
5709 2161224551
87169 4250222767
52169 8413146587
-1247 7032066595
29389 5644162563
-27471 4106003627
57893 5332379603
-35683 1789319219
-97407 9934052015
19381 318411987
-45571 238863471
-38787 9700683519
-1611 6392340391
-31207 1702393335
18593 6023183975
11557 9589814927
-74879 2039572315
91889 1430131271
-27695 8480857639
-7011 6032234979
43069 8933255767
-72183 5232546455
-35383 2125426019
-263 1222969791
-77759 9255047287
44953 2748637215
-41219 7729175315
-16103 2396294859
-33387 2025084539
-5207 2691817819
3265 9053044127
-94155 6960102639
-83207 6917123283
-73467 7574487099
32765 1569972771
87633 860701075
7981 1550034183
6473 4820268455
-20879 3616810667
-97107 5685593091
-82363 1874035003
57961 3436619011
16005 9925640151
-76367 4829800839
-43279 4774769175
50517 4238414843
-95683 7804815147
-86767 8905076791
-8275 8934142143
-18815 2357194527
75873 9505014947
-24511 132768767
71285 5370629527
75453 8150873747
67773 6157428015
-99415 6174969163
40657 5672972503
81429 4065205467
34617 4599083795
-66967 3834921131
-13419 7433461211
36825 2803876131
-26771 6330151583
-80559 1392385759
56333 1512323131
-30247 8271541719
49369 4084299151
62289 3290768967
86557 2510923255
3149 8196643983
-10443 7805313879
20805 5097412647
-11567 558025207
66601 6067445467
30965 8876026375
51041 3083651639
47201 6664186655
92785 8790382039
-24147 1813578831
3453 85526487
95961 9479048823
-78171 9683133099
-90919 9071342491
-78251 7141403143
50565 7989251627
-17499 5977412983
-6719 3759521571
-81115 6641573895
-80983 8219292399
85133 5688660083
-53963 5863636259
19001 1568479643
-38275 2681506799
-55215 4169067691
-95451 6894654627
-1943 2305754475
-34307 1782866923
-46499 1054851039
37501 937457415
49585 558594851
92033 2897616167
36797 8108297223
76917 3963107299
82257 3045961143
-61023 1036722615
-27151 8254887667
38813 8512619819
49185 3555792391
45769 1755732091
-9267 77395055
84857 823020303
-66775 5823827403
74277 7207429127
-1915 1338137263
58993 2468491891
69129 5210422895
21889 7829060567
89421 6382237103
-80211 3921935643
4009 6453055315
14133 3925325555
-97591 2671353943
99185 8045094447
12257 4133998915
71213 8989085043
63553 6117697027
-25659 104864079
-88875 2269811967
82809 9038803375
-62799 7283012895
-13395 3186582603
-13495 1861101391
68309 787095651
-3999 5497500983
-76047 4129824367
-1299 561950735
-34787 5871745715
-25535 9759581699
-43427 4106703107
-25539 9120008515
79641 4425009827
1609 4132273203
-46519 2958786087
-27787 3779774391
-61499 2944558619
57553 2424696239
-91439 5858438827
-53219 7813399787
68733 9331979859
75089 937265611
269 6553225431
-88283 6239617731
74625 6779084243
90061 1379749023
91593 2185774967
-11951 9182575103
-27731 6314279031
68993 8352212843
13785 7685456847
31917 3533469159
33893 7953818727
-67483 1163340807
-66707 4738980899
-48939 7002604427
-99323 2536645587
-51895 1149887771
14737 4443981851
14993 8248825643
-60019 1487304123
15669 1330965531
11401 9108298403
2237 211248223
42697 4192547859
9037 9002109243
77 9025776651
59869 8170139707
-72831 6803768815
-75179 5100096127
58889 924877363
-31447 7823229427
-83811 2111831443
-55491 6904416079
-15519 9600176867
-65247 301151507
73777 1013261907
-87743 7073913607
-59031 6047356435
67765 9935933159
71801 3071574283
-2175 4326842395
29121 294891663
-58651 9196694711
7469 7686658879
-23727 1451956755
-65655 3128226203
-45811 5312596263
-86371 9829044327
-50183 2252901523
-12983 9226666699
-69019 8540224975
-13631 4687082079
-90339 2296599215
45909 8182181179
90425 7409194631
-80011 3933156939
40377 5051090227
-47323 1165111047
-37463 538472487
44005 3336291755
57869 2282569243
-16323 6405024211
21369 8018230439
-24959 7957800031
30405 5475200787
-23775 2336258735
-66563 2341329415
-35183 1071523247
-92515 4561814651
-51195 2648259763
83053 1607770619
89477 6861594571
70141 2006603663
-39415 5120682307
35037 978230327
88605 1585340419
-78951 6486559403
-71215 8091444759
19693 3474382199
-95527 6893095627
-88003 2176874691
-60467 4262303383
86245 4829593895
-17259 762256083
-66187 6028571879
49373 5993217435
-45319 2147053051
94461 5531319087
-27279 4680948143
-63071 1126093239
29177 7735515479
-74735 5740057839
22517 1008743943
55109 8902968167
63573 6502276887
-47167 7779933391
-69163 5898489187
-53167 9946250439
28065 7746926591
65457 8395547887
20673 8262187667
13621 7519711527
-99379 9959887587
-459 2509627443
-2111 7655183063
-92479 3022868775
-93695 7813991127
85209 1413364863
-49675 5452999827
10861 653759215
49301 5570189967
-57203 2575100155
35653 1377950659
16873 3977986383
13717 9850027423
92173 7670585947
-63983 6351514647
49541 9869111571
-20895 9074510555
24941 5492915211
-14867 5989150719
62169 2169942951
22821 4329694303
86149 1669632095
18461 2493146611
-63243 1451161451
20705 2280040971
62357 9815142191
-26391 5051186167
73241 5257671727
-20595 8015871543
-4843 7106647179
58561 4552756999
-57271 4851369407
37029 1381696119
60669 1517453311
-33359 9736478091
59137 9850720067
63353 3194038603
27321 9828014503
-73303 3500451231
49673 9467971239
83489 8573909363
-24319 8795720127
79361 5286963051
51245 3048135439
-21831 3514556755
35081 1606410899
-27999 5252354195
-35695 4856631015
-11003 8845575347
99269 910781983
-4827 3141923427
-3847 1739054999
57289 7082596511
-41919 8245022063
-90979 4322036407
-77351 9144758335
-25331 5842420883
8949 3841385063
-67983 6833551687
-99203 1750626255
-36607 6055628923
39349 5020874515
37053 1595223423
-77647 7241917727
-74779 8452148667
-2735 5062639131
80513 8035942375
48297 5737267043
34709 6943509575
33209 4854638467
-95919 5634843887
28321 2211352327
-88179 7895010751
-97355 8632446227
98989 7249760783
-51907 441349827
90253 1027039051
-25051 9894913259
-25055 5429100239
74457 8743496587
91097 8399403839
-67583 8259358599
93397 4734107559
-36643 4358009271
31001 7447164727
28353 6575339291
-97911 3806166707
71149 9730429167
-5443 8593656879
34217 2442041495
-19647 8270499103
-21495 2772073939
-41715 1228164663
-86615 3129393379
18041 8238447179
-65615 5050658171
38173 2589492471
98925 5080978587
-58643 3723459435
-75871 8784988947
-90387 9841900919
73041 8179496267
42993 1388301523
67513 690476875
30949 486486451
66149 2499477071
78421 4915742915
-3387 5076154047
51613 4965702799
-13207 7835706883
18621 3636133603
-30143 6077528399
-33927 4433830419
-56907 6734733919
78805 6851398051
44637 7989916091
-9551 7565547891
43057 1990550415
-47547 2656238239
90261 8026918547
30845 7713587115
-31363 4715134307
-87883 2939089131
22205 8185437863
-16087 543946519
8017 160652179
97717 3666413607
73113 607962767
29265 4623895503
56841 913405107
91153 8924712931
-7667 5655432563
75889 1433614755
-16855 9982176551
-67031 9658735111
12081 928693603
94733 3404448211
50293 7852591687
-42559 1943617203
36433 4193194667
-49599 2850634931
-14951 4215185343
65049 6631768907
-89467 2596391035
-46335 1819492383
89701 3127692051
-30523 2352735347
-83371 8045670663
82609 778016471
-68375 4321961183
-84535 873810179
-54123 1378827439
-73575 4861986743
-8907 346657975
17713 8475910103
-39375 8708568447
53185 650658563
3689 707608343
28993 54792607
-26095 326757195
-66071 4948144739
74805 8784272219
-46859 1079860887
5817 9875613879
-91887 5380811415
-39411 5904091231
17697 3364761451
-53807 445638399
83925 8416702663
-62411 6009570167
58213 8272435859
63917 9622287467
47417 6543156583
-91987 3204494367
-17011 3365728307
-1939 759448379
10629 9066658331
-75179 6254263195
-75467 6364710603
16817 9864987319
-64199 7456645443
-20287 4840983015
40677 6876866303
43909 3109221991
33669 664656367
98621 4579031523
-90359 9438484823
-46107 3824007315
-80687 7763268979
-18303 1377763423
21117 1918901079
78937 9095739043
25425 8736708947
6945 7527861203
-38503 6437080527
-10543 9550231771
-62507 5418836963
-3683 9446912631
-37847 8496755095
-71515 4225695139
24685 2239265111
21069 6548213139
73453 1955499843
92053 9141739243
-40503 2970829543
26853 6448127631
18757 3501981607
-13959 96233943
-19991 5710640499
45861 2477822347
-10463 4854576795
50313 8957019611
-78211 5882808187
341 477257803
32905 7858671355
66025 4211890215
3249 2250503727
96529 6491617007
-25671 9818668859
4429 101068195
88625 4328754871
-16923 792866795
-68803 8306961399
961 6263479343
-5591 1092492067
-84771 6501150687
-97451 2203462983
-24591 8769926695
39645 6913032519
24033 2843265375
81705 5685072927
-36315 9983319211
-68171 1763970511
-65787 3033495903
24613 9679058943
-32891 2234723711
-49295 9221492191
-76447 982366403
1113 914777407
67681 5940657963
-20291 3124171195
39757 2097491951
61821 6167090019
-11651 3896500523
40917 4026094395
97997 7309400883
-68471 3666895999
-13287 2880302915
-43635 8853977639
-54431 2037167279
77769 9002466131
-66179 3884682323
7773 6094148679
-12963 1999122015
-74175 8150463123
-21947 1628798371
-32159 6583426959
-59111 5419758355
93749 6853318543
-39227 8751263571
-60171 3550774183
53869 9436717379
22365 1876718595
-47555 9626500807
-28095 8443436903
48401 1821226719
38285 7562058567
65721 8665496271
37165 7006793567
33609 972912571
15337 2222126107
-9559 9606450279
-11999 2289090539
-323 321130727
19725 6856525851
89417 4332023915
52869 5281121823
55557 1265203847
56769 9539837895
-69515 9970775919
-63283 7477001359
-9667 4867110063
47485 5317089955
66609 3004705931
-7059 8246728035
84553 1639104335
30109 9792795275
-65887 7491338775
-74959 8705792735
69489 7702054567
-24127 9348842011
-46391 3748359367
27473 436184303
-85891 4904796575
82217 2662078951
-89383 4255743551
17793 3149365203
-49099 6843366783
26701 990646711
-72271 1906050463
54389 6349778403
-47511 2124480863
54741 8478075339
-92415 3902268815
-60271 8025956843
-79479 587763167
99261 6907851035
-70407 905956227
-46979 5588237311
-66039 2770933443
32217 2558015275
86257 3915870627
97197 2808538583
26033 2494438343
40669 7623375787
-21963 339771203
-36751 4532228343
-50907 3062481123
-49503 5048186771
83509 1012530615
-24395 9016250475
-98379 9397962071
15209 5406409139
23065 4448247991
6973 3512601867
32745 9450273195
-54907 4722637599
-339 9870360495
-94095 4388365503
-35627 4337002203
-44511 5320603283
-58527 9852690207
-29775 8557917399
-50851 909279087
-72063 3710048923
74517 5162585807
78961 5626464607
-19159 2036048115
10961 2677927471
-56535 6797726091
-10027 6623901963
-71287 7174487239
47197 6530349547
3065 6806268535
3473 7266510539
50661 8468630815
48985 6013446251
85961 6965695595
18821 7719026475
-6927 4912346931
-22679 4576047411
-19023 5160933975
85969 2950960775
-82039 4312001943
-95343 4686389511
32217 7817311795
-21371 9660372767
90605 3987613359
-45895 7539023227
2629 7091900899
-94291 8221947019
88313 6300166111
-49455 5438205883
-66799 1889518923
21941 5575313335
-7575 1907849107
-62879 7802051259
-72247 1640082475
36369 3694656099
74041 6264120715
93753 8309766391
3589 4553372207
-9947 8539780787
9897 1168062463
-62295 7846771871
6901 1545961243
31013 2267988567
84293 5458050767
30177 3759361535
53725 7301130475
72157 1521343803
98909 2302939807
-57083 2715154683
-18027 7697320455
-29487 97696139
-19211 8864795531
-18867 2569492003
91405 1219272523
60785 5165973007
98365 5632230675
-49451 8086544299
-11239 4753620863
-55523 7849427583
74129 9657510803
-53711 9568263615
2821 2745289911
36225 5181794103
10321 4657211211
27537 2355075803
45845 2169380943
38577 2150051363
-98871 4293278891
83889 1721217663
-15643 4267021375
-10503 9478936903
3397 5512628087
-99391 8452817115
74509 7920427883
87397 2815569759
37641 413821011
-90987 7961052767
18945 7366832423
34849 9622687527
-47771 2801520907
-33543 3514302383
76081 8648625067
74205 4496532311
-68227 359831087
29481 2807873387
21025 2205764699
-45091 1859744259
73905 8626521439
89561 4102508175
-72831 7396242911
4177 2048957451
-74555 2326947023
73229 6508207335
-39387 1185489031
42797 7412124931
-40879 8402532807
-26451 8730385327
393 6816618187
-11979 9552001291
-11139 5642234171
65713 9893901267
83429 7339282447
-77083 7631767063
-74811 612364503
-92259 6212397123
-40347 3111468971
-21719 4936164483
-88319 2133102479
-38891 9124709387
-14671 8052722747
-16771 2466124379
-78739 4820659375
-65115 8501107347
-32299 1552583235
-5855 3928704747
-11175 5428152491
-91795 7074311135
85897 1077947639
-32795 1165416143
-83187 2539886531
70465 1675441647
-3771 7748029383
-46843 4276972451
1845 628773739
52793 842030603
17089 1330658883
-79203 5898151451
37645 9233268955
-1611 2958099587
-57351 6962326895
-3047 4493179311
51865 5061034911
43857 731030663
56905 8676593735
99861 9735646247
537 3184690627
72661 7344627095
80453 1635586767
-15311 2585047067
-7739 2084870595
-19475 3220531987
89621 7905266387
2649 2308117043
-43543 7965260327
46361 1396564467
62945 4299541571
95497 6771096915
73637 8469574551
-97347 5198331219
-7007 349167987
-38915 3271603267
-39243 1750791607
-5483 1345028911
-68227 800548427
44901 4294893759
-54243 2377361403
4477 1097455263
63885 1246320327
12573 5184260211
31833 4455058371
6197 8087722511
-62179 4877645271
64777 2413736755
-86799 4122682707
-60359 9110174991
-34747 5507246579
-3747 341748819
-86179 3890921403
-5767 5652402607
-3363 8485450139
-36915 5018860787
35357 5406268199
-94735 1669830867
73849 9411975159
85725 9170085751
3837 7220034779
-22823 4279892443
4389 297741719
12945 3216188075
39153 6380689679
84177 4925352583
79817 803015443
63337 6993968063
1329 3876660979
5877 6078421979
-13499 7459116015
11765 6438424343
93793 4334507419
19365 9829690147
-20903 4360163135
2573 6968933235
65173 8338363859
74049 1206951963
8917 7810533867
37509 390395507
-90395 3155453871
39989 9173073611
-81719 9564468519
67221 3731169247
-89023 9957741263
3737 4834799843
-76059 8621693815
14857 9688436795
97285 3107976407
47641 5883117835
2021 4424678759
90573 6434019351
30805 3238571655
-80231 7164086763
56733 4831653947
-40591 5806534371
-42287 6991002223
11869 854541415
-90195 3671968247
87677 1343007419
-19579 5006912239
-90703 5986975559
-68727 1759599663
62421 6373157863
37689 4542946647
99065 5757128211
-10579 7515570707
65261 7586345171
-51367 7012403495
33065 6894538235
-84591 3302553103
44265 7963619191
17697 7649329003
-72931 1169366979
-51455 1427942967
96177 4393190943
-39507 9551707775
-82555 9233316495
95965 911460099
-59267 6595406603
31245 6209344451
20753 2320915383
2797 476793627
-82595 6476604755
60569 7580707299
-16519 9022432923
-43663 8300567955
20637 6787405091
569 3540166307
34777 261563359
-14315 4942363595
-1319 9513856871
59549 7447431163
2773 1844302131
-7175 8842139311
95437 5749088211
65977 4046122727
-42427 3375979995
-22091 6554322287
-87167 6559964851
10405 3864839311
-28775 9958138755
-67959 6113934823
20509 1077958811
-97463 8697311023
59921 7222526227
10665 8307925963
-45855 2377113959
-59095 9237306883
-36119 6325923343
74497 7163970023
-95127 8993392319
-80843 6521192575
-67739 6192191131
82657 1408661047
-84455 5836107855
-50491 9595978971
63193 7567951603
31109 2446282727
76309 6995467031
-33283 4466542519
-99411 9591359995
38105 1669748735
-55679 1701789803
-47855 3013512291
-5267 1835879207
1669 4729524343
-25691 3429642819
81705 1051443483
33889 6908672571
9497 3100605199
-94903 3740017499
86161 3180132191
-15495 5791519587
-98251 1186195647
741 2628450759
65477 3702709007
61157 7996204559
-37459 1317636827
-74879 4970876775
81453 2782038611
-68279 9456673655
-71551 2400824175
-9815 345692423
-63559 4673322855
61705 5289695007
-18103 7872299643
91073 652901375
53613 443007231
-71795 4362949011
-98347 4374095347
-8431 4810327551
-20719 4894741367
-56927 4537052543
63037 5357073403
58105 1968531299
-77143 625333503
-28911 4841480679
-63779 7524150871
-57347 4225220795
15325 7025153695
-31675 2100573943
-1307 1529870867
-74359 4849106359
72325 6790077667
40769 935648767
45489 8456925451
45929 4415823263
14869 5335516367
-10127 6635681995
91201 7824546091
29665 814839227
34121 4896199399
-59263 5782844739
-55231 3848658915
-3871 8329452179
-71267 2141486931
52453 892692547
-33443 3942845031
74253 4918570195
37097 8381635411
77553 1183816987
-7107 9328536031
-2575 9378171359
-33235 3550722335
-51999 7557614239
-78947 8101685955
93597 7375489267
96653 8525096683
-45683 2060523791
-10367 3003877223
33413 2525289823
58129 3501986119
-87327 7334006635
14949 7156291495
81349 1620164815
-44927 1798237407
-2319 721078991
-10999 7755087843
14317 3566728103
69753 7313882635
31953 7967181783
-98247 9912839931
-72855 4379368079
25849 1235418083
5825 7004230191
-22563 5007541875
50321 4356582803
46193 7212449275
-36611 394364451
-18203 3760591595
88333 4084419583
13357 6229416435
10113 9087384723
81773 9186399375
67633 2477020167
26713 1119957723
-93283 4532761755
-87171 3103952107
-66979 4245719507
-59871 5377464483
22481 2948642447
-86283 3868625847
12393 9112883211
-96375 5930706503
-86851 6400953903
31969 8309093323
-53819 8744130871
-80023 9931589391
88369 6402755863
-92675 1339925883
-95711 8148234919
-47335 4276125543
-5351 6599926611
-84527 5641823687
-18867 7828895651
79785 9555545695
-46871 3663091263
32949 8286667447
-70131 6508472335
-7315 4154556411
41485 5481963347
15353 4625225047
35657 3300931267
-76419 2691079475
27777 9233704539
79297 2522002743
-57667 4379479247
-22123 2812255667
27677 9182573547
-85483 5595916095
29521 9402871675
13601 4817591463
45057 9775628311
72385 5511818383
25313 4633492911
-35471 9313861515
-73039 4335893167
-36463 1978969899
-78739 2325893115
96293 5740100019
29645 9945470939
-67879 2179343871
-89555 3434068283
58905 3002597199
-7015 8861762319
-64927 3765524615
-84299 1640440907
5357 9571331803
12317 989695263
89785 9696877755
34945 3521195971
62945 5960899743
66181 4409749423
10921 1873882783
78413 8591126735
20585 6441843583
11497 6959879367
-1959 9332259235
-15199 2641518679
27129 6164655563
21717 1485681707
3401 9074697467
14745 1469445891
-74111 7852541751
52549 9341414031
-60307 6875232883
15677 3363306079
45437 9054829819
-10231 5206416843
-9427 4051493159
-89695 7863412703
-59339 4861499803
-20235 5560509603
9317 246181043
6049 7928936539
-94691 8086480591
31289 6840601199
54233 1423696295
84149 5100270691
83289 3937730851
4253 9702620923
76401 4912094951
-16279 7969544915
-59475 4798642791
-40991 1770800151
-97227 5589628779
56345 1963842131
-85727 4954987363
-19047 6101708091
43621 5834604883
-48675 5830325407
-93963 1895260499
-89071 5338903747
20069 6337027667
-65735 1828834587
-23975 6038544059
-69543 5368181003
86845 7370666107
97441 8237087751
-7615 4579964091
-49371 4553167939
-7699 2453814895
66525 4671776355
-25479 1762399443
73721 3091770055
-50803 1608393607
77829 5014438343
-26403 9261424199
51397 4196238291
-83147 9010041051
30805 2170707315
76465 9217667915
43997 336102103
16489 998805123
-66883 8010275875
57301 3260683071
-93971 1219121507
-60611 1303136351
65269 3442774791
-17923 5139729119
75361 8360687527
-56667 9602351367
84845 8577914447
-8187 8328650335
68953 9798131347
-13883 9631676539
-23123 2671199399
59973 4361469419
97101 2780544307
-93219 5970183375
-3859 358807035
30581 4975223343
61941 8537554035
-42371 6519018351
48657 7444375507
15217 7801488367
-85511 2391508131
32597 258877387
55385 5654217735
40465 7243302747
-2447 6136515231
80173 6876456443
35389 415952295
-80515 6618761435
16693 6996467527
-5727 9945057947
5701 2082888843
-81335 1016974599
84761 8239750303
-78707 8525224787
72029 9598622235
-7167 4954418235
-42719 220583503
91073 6406618579
-22503 6035942483
-47279 1899458483
65565 1107753259
17077 5366690447
57773 9178706767
88177 3350395931
-63247 1492109799
-78927 9975400163
-17055 1941822487
-56151 2696924939
41801 7757132523
-28879 7006178371
6489 181466543
85185 4927728387
-1019 5368881459
53913 653978243
18677 1979512835
85841 6118146147
-82895 6967462103
-13811 6369145963
-39215 5877024219
-26903 7052340999
-48999 9828770091
69357 9541264391
57529 2627483779
27025 6064454371
-14095 8983679919
17745 207577171
61361 8787534255
-22523 9044978219
-41295 9458137055
-46047 7080324959
-58347 6876695719
-4471 6840221103
-13415 1258596635
79381 5504633419
-35591 1605020015
72829 6756685431
-31763 259704395
-70135 8088564155
30325 6515801327
-23703 2492973359
-7339 3271928963
10757 8982495803
-26863 6301381307
-37279 1894790835
-62635 1197860167
82777 7996760175
-72847 3884346319
43181 6315888523
-23247 5700847539
-61727 8389389391
-11807 133381567
71069 1492273399
95249 6304938703
77901 7799353495
76161 3663577591
47453 203092967
63989 1646448027
-72583 4341666023
-31267 6947854435
39617 1070615727
65793 4222445119
-7319 1869427491
94377 5029068491
50721 5821094183
94549 6923407635
90353 2141405879
71493 8554109519
-96219 3716745859
-81819 2533165343
-4443 6193069615
-95599 3474669311
86717 2476044435
75117 6112611747
-55239 4429496231
74437 6526335307
-70523 9962988527
-55359 9498686919
-9739 6851109811
-3531 6542239571
-42967 3896705515
14533 3296959543
79405 5671933639
-45699 2059376663
66433 7294757215
-58891 4518691023
89025 2074056935
44257 5060792703
87545 1282507795
-58379 6876189447
82497 2240307055
46109 7512478555
-60327 5103277631
-52651 4475541707
92985 6876362823
26089 3840088239
2289 2515452967
-84411 8180920055
-65059 7049541743
36961 9546860843
22153 351071815
-58059 4676519067
-85263 2237526955
-65103 3138951827
43601 5568748567
-93531 9870646891
-15411 3825051687
-82363 3765817639
97953 3026923175
88409 2896855579
-89959 7019327307
93517 5373109691
-55743 8044908411
-11823 3662629955
37905 3919310675
61701 3683961563
49721 3394685687
12973 3482784167
-78883 7984744631
-82031 6834648043
87929 4244752087
-73935 4768490823
94181 5467221367
-70175 5231215283
22977 5163476027
-17427 3104337375
15081 5659596875
-56431 4682455191
-45847 2563846651
-88271 839764479
-97323 6191252715
-68715 4690972531
-81123 1237798311
-68863 5637802731
-78591 6879767159
46217 2649259419
16329 8661340799
-21943 6949692847
4609 3020316631
-7247 1306445459
-39683 1911591679
-58299 7361545403
50057 1970876971
11561 1366642543
41269 3563139491
7549 8001378831
-65691 6007259723
2121 4780727427
-68099 6570533999
59945 8932831679
-84435 7769814735
72705 7466146595
32957 4380160467
46329 3617924163
-71703 8558989091
-10855 9812547015
67509 5352363779
-23175 521825315
37577 5015322715
-44263 7620991299
29765 7081581715
82273 1627193051
93073 4434306423
46353 642348207
41589 2243936239
55497 936758147
45425 705061267
62337 7509370979
13101 301055919
11105 8481045955
-35919 3447740335
30001 9153749175
-62847 1333766807
-15907 4189288155
50573 6181289983
-55967 5361933371
80165 1646008563
-21111 7462895015
33693 1662130031
-27103 8552489847
47697 5739675419
-26067 2103538383
-69915 6126185507
-93743 2990587967
-89279 965146647
18181 2527218331
21993 966282023
87921 7547320491
-63415 2358310671
-39295 7424194891
1117 1816040219
-31387 5103401699
-15539 2455389019
-14335 3745698807
92389 6224783991
-69387 5862036015
-19835 3437128507
-3171 1838980947
62321 9565854427
4993 6508924347
-36635 2522333875
-77079 2623593303
-27287 4572531363
82869 8013893067
