99970 27142420
61561 110094601
78560 90151
46767 111843429
84046 412704865
54378 30128079
91156 358785871
78970 62422345
97718 124084837
49637 52141309
76675 147468607
32991 1636734
16696 15578326
85335 211533699
80205 2548200
95699 287480137
95040 202295829
55274 162723655
97511 361972897
82446 405863772
70064 194797741
87319 409915378
99979 333043840
79256 261298786
96653 87247240
99508 68246428
99216 111185124
80712 58336230
41560 5824357
94543 158843122
64368 14790171
90633 466019736
74528 266115697
51297 76368849
92616 235284741
69936 191877879
80532 95729628
76065 292323966
75676 6672277
85047 200122353
77874 230386020
79872 107054808
66552 18485943
79825 205002040
91573 511513765
89443 132675355
67247 224420224
90570 295349730
88308 284814843
64285 87972742
90589 84345154
87168 90983736
63151 168838264
84275 367528933
59486 115164913
46227 73319235
92580 439638909
85894 73483417
90474 233702199
79590 37290150
92969 226348813
88336 32966638
92177 157541137
58937 110705929
64219 191662636
70939 180472081
79150 278472301
88617 138438117
52730 13380637
90843 109062681
93558 158879427
79551 377344737
87228 421837770
64844 68614735
69000 293001972
97254 295054314
59222 36781537
87988 307768738
98635 573347728
92148 160661796
67252 57623542
85422 449913933
80038 150323131
84385 383155402
80788 366824200
69333 227634864
87968 257249461
85815 142045647
55002 171529500
68780 111957481
72320 122825779
59074 69029860
92223 316444029
81593 149030170
96095 480692779
64990 177192793
38075 83409094
90316 239433172
91293 223322316
83721 200979504
73026 88726509
82522 403536409
92963 112841239
56821 64776472
91485 515348757
76804 290896948
76033 276272989
52098 54967440
84796 94884463
34594 44223898
95977 370349884
59038 130928863
99278 557412901
86506 389291377
94098 38896473
85452 383186910
91171 93122851
96995 190258441
98979 58964619
96980 236878504
86250 233387871
61844 58901467
56654 44519287
69691 242676493
87224 108241024
72953 6129793
76349 37009378
74264 97847032
89523 381944526
62579 222194143
97328 70284862
82904 208108351
90570 450493242
92946 78308853
79011 85583979
31638 58578588
89098 378447304
54652 132136696
52019 103990576
87881 313808128
97208 382094389
92945 539115601
57186 83395881
28930 49543660
82438 72537910
61767 11013738
89990 291420100
44016 34457319
45104 90701944
93024 351868500
61693 2415256
81263 171353179
34607 50907070
92022 262232655
85324 294919117
52702 104388778
54016 123209374
97671 267609159
35834 26311318
58182 9338526
75284 102331093
90241 203522806
80501 392417452
89208 441015267
93932 482667280
44804 116426617
78276 191333889
97887 53368719
88465 339760006
66452 62577640
46500 24097725
70411 225582091
88974 255886710
83494 47131090
89087 356652244
93496 279288757
91643 95206993
75507 85227570
49315 13890406
76857 316103577
78256 317797741
66440 113580511
33692 40690054
45728 12176710
47337 63027912
64304 167053579
96997 341281213
73379 179183506
79535 298357705
94240 156255889
79174 94322314
83079 21833718
50302 107210485
55288 185296186
99901 539822524
73402 219643981
89210 231260467
79338 32572401
98457 19706610
82947 324564810
57749 115992358
63024 231280632
59297 124512313
94199 96765676
21611 14213281
82186 338371723
68955 190994826
93469 47707630
80201 121396660
92054 94109950
59923 71124334
80267 245658109
49519 75970741
56134 105446494
87683 218724223
97612 312704623
75583 142086769
24486 35176812
82827 366838017
95884 81990388
96696 277896861
56696 61399948
88941 225863838
41154 76769313
56598 116358204
81536 240162310
71168 273553456
94062 1813413
70898 238518070
73617 76308042
91736 394290886
49674 60447171
90330 149235531
60694 6711277
92859 3958131
46243 11581123
75139 311951323
61966 59821234
96230 72143080
44578 86719660
50210 155409235
57975 58641285
94181 500812741
52712 149746210
84588 25587534
99436 4806070
88249 433629358
75636 127815984
78540 376838286
57590 32596558
39700 23869
56304 179755488
84011 349395106
81553 233753206
72373 172769257
95626 193530556
53847 129546546
84367 390158176
39624 78017766
79652 20173120
62356 182840335
99166 184738510
72802 25836376
83018 150704521
55126 85013131
47270 57280717
86163 381013311
36114 18784332
75362 204691888
98440 281349604
63502 140985310
55465 12954778
70445 75232429
64646 50930014
71432 67679941
84771 84345663
47424 109027155
78461 294577660
75731 256942189
92139 164895828
85829 428871721
92891 20143009
39122 80535463
94990 289438936
90863 213307822
67412 247864642
94199 17776549
79683 24293118
68843 109154533
84288 124724211
66140 196381948
76618 264121486
77238 330343353
93211 172959055
72660 49416987
52210 96164725
54647 173986054
93986 191226076
90166 453990391
91371 166494621
96687 252862383
62911 67786993
77655 291605250
92438 277511125
91665 197348457
80259 355700526
97635 199165503
79556 56696578
63068 40270327
74512 27562153
88515 135744315
68322 154144041
99590 239089492
73172 107207404
79711 48559144
98346 91734864
29381 50734405
92920 485618716
88783 307247779
92074 168276886
72018 74122269
85301 322092625
76861 305575468
52194 107082063
82808 185544187
82105 286918180
93526 381495397
70389 93082230
60156 155050686
71862 139723512
50650 134764129
96714 552534867
96496 328290826
93459 515586957
92332 95461651
83704 144015400
44835 79813260
92510 461041411
81502 174163429
72016 198572629
52701 168053178
65882 119750476
87380 59796859
97506 339185970
95433 168464394
43364 107238322
95281 74340142
74521 121554550
76666 145681534
95243 361798396
80420 74143819
68010 269906604
57409 190076245
63588 165858042
98598 235922883
49314 16889325
95084 457093360
93937 298984858
62917 169271554
77025 239197893
85503 360918285
70324 288046174
93418 59354575
93434 159743602
54660 58427577
94419 195906735
51593 64161274
80944 4732054
93217 472016602
64695 51840096
64340 113771356
91930 318587686
80737 178791088
92564 376708261
92051 64614910
50011 67120528
93401 448653988
93334 192132901
95273 211727656
94010 83477119
80391 285031389
88651 459174310
80157 39528069
97820 268366693
92122 302129056
84936 36508794
32721 45664989
77287 304495669
96373 285475333
54522 104204388
91163 408205882
57740 76668391
82882 85070389
67207 2700121
47399 127490431
60587 151567063
83808 310054608
89947 42774574
32378 49999474
87223 125977633
82507 78277693
94655 297374221
90838 345498154
97271 538206964
84613 85129594
88955 164863291
61970 31732858
48590 10976260
90730 239998912
52016 89260882
80794 185456989
96618 365900703
67388 135234952
80676 223513065
34867 21317734
86225 47495896
74436 325434642
76334 199468450
93398 80315230
54818 71224690
82120 312130993
52067 129620671
85930 376401718
54443 27389098
51586 2080408
45133 48830953
96108 482625984
35483 30318997
78196 6648934
99738 159402555
90582 192394260
58454 3451141
38280 34243107
41136 80720775
51403 20275081
82351 14947984
75555 328558389
70666 43154374
80326 319943362
67100 233160508
36614 26721643
65053 231460882
94285 274680904
60376 69663337
83212 85773787
52616 97270396
80032 366372385
67054 184610632
45249 32629185
94678 141710974
96679 360347617
76005 47866428
91748 116257234
63609 43994076
32839 59256688
69192 68400918
69315 143335341
53397 22439514
80683 197239768
94463 85948489
38610 63414525
32232 48199233
92868 350167215
90636 473546157
46034 132185665
49047 55267248
72647 231011278
96394 280037434
38293 33666385
82207 178574668
87503 204744628
70490 66572980
62633 128020744
69299 183508477
90651 262377114
73888 330957712
45170 16936570
82933 111826498
70474 303792292
93382 285093922
33883 58904836
77452 141511273
37609 4083385
53044 57753874
75676 95951629
44926 69567448
85875 408519621
94309 198537313
64126 174366697
55929 139435197
63761 125342569
89166 380594751
77030 274110352
53062 78406399
42286 5468551
70239 20314710
59074 180185407
67474 4082992
77119 32173393
77596 213663724
86239 20672074
92537 298188460
73950 199929654
88315 267643156
92952 81344202
61868 86976523
62741 216135112
78827 338533279
98614 305190316
92867 310498543
59321 12341773
61944 230962485
80201 376379788
78417 264590952
85545 124622676
95943 73806675
85907 443068912
71572 190265419
94403 210454378
23814 28657266
19777 9500266
89262 378692052
98629 288857989
78999 382465593
76369 290283073
73123 144669982
83604 436091931
87666 207038787
91926 285762078
94726 515594731
93306 146488230
35119 33276502
96471 229567293
80122 191977885
82982 259381654
35481 9997284
43241 45071836
84756 440265471
93702 59752536
75175 111630865
84704 402782752
38255 88203310
84379 189385444
98185 418269025
96956 31122046
58520 11737204
75803 93353737
69815 254880307
82043 315714517
84541 289137409
83298 118589211
94486 286006630
86171 164118568
70484 191063908
72373 36058924
93251 355389457
95628 214962060
74894 321611098
67950 48166005
98258 401234641
86577 51325848
25360 93475
97734 70261284
79399 381285184
55565 144294862
38740 31638121
86367 311056788
86487 385271025
35863 34300180
95918 66132586
71011 44503792
75641 193464064
57453 137801058
77078 129290149
30054 54022506
65287 92081170
78837 40105050
71392 112350181
92536 494192776
87326 430079953
96467 517460458
64051 185433883
92362 330540283
84552 294978921
99335 94679548
56326 8031541
50492 5771782
28433 37918186
69638 164487631
96655 230082982
60159 112232748
95960 466024585
83736 357410175
98818 534706525
78548 98729470
78548 377611756
93030 173435946
75838 261296275
93638 470279992
46802 74691712
71578 112037698
66555 162096510
52636 152624662
71299 233941870
36583 3213469
97944 345388302
72401 287435758
64911 104057583
87283 165530914
85298 329881918
57984 145007319
92933 130082374
74212 6862534
87164 164762659
23932 27267382
55800 146830680
98046 522255747
67524 144246594
95082 139614228
89388 62353806
43180 8767210
91884 351459510
15015 10093038
60141 60769953
96644 355393891
92240 529476238
98311 559139044
89336 368790394
75896 31629211
52180 40488679
97721 557246770
75232 80913361
67021 206402524
79243 339125407
85958 185821009
79976 394914952
77771 345109936
62904 92635479
83255 26907538
99520 12327121
61683 225907359
80286 179730177
73471 266890306
94374 172119615
86202 139978479
86306 382743205
87972 110143245
99712 572286928
95196 239282331
90878 303818692
88560 239733840
78162 121916088
97860 464085594
81283 39269659
97163 549654961
93239 173809573
50655 148070385
49614 82024299
86716 324596695
61250 111022705
63504 167819856
98757 484133736
53598 137600007
93266 14315845
68720 225142072
94026 422326476
93799 26484694
67035 129719004
39415 20245288
78194 169104415
97570 428314612
89610 321787476
89681 243538084
96502 94539559
90711 150940977
93247 418414015
72343 319742605
63277 193859494
39895 21919153
55391 40275988
83835 286845225
75780 151972365
73187 179317045
86806 6236770
58622 41071048
92757 93650685
53701 93431206
53916 54778974
77539 353347477
96073 353825218
95900 257061859
70554 25863420
58316 199166167
42511 86465191
89795 51506953
95916 504008679
74687 333525016
97066 185488792
81946 283440391
30678 58532502
78784 141638776
70210 12595189
97501 167197060
88060 373854655
45745 68628046
58387 15433360
69053 291538513
65312 176799508
55131 112305693
99866 238146376
63240 85784628
77499 12925890
49468 134293834
57563 189685429
84621 388286778
96578 264475501
66251 204791992
67006 33914302
24727 14875792
99771 306120258
88787 173667301
73128 201748704
56378 164386012
90957 260660553
61439 54414541
61369 206036926
93212 198501808
68086 125579848
56602 63482215
47825 57826528
46945 132654514
84271 191180164
83334 394241718
84869 148403125
83783 392493253
44242 6155647
37099 11970313
89186 218397064
27034 43563388
79946 364932844
69024 22693425
55330 20754262
77154 313169469
42935 60035959
85122 261948219
45110 64080151
92636 163598986
64480 151455976
99845 75258226
97336 319696957
74819 309001438
47364 81435639
67768 171145633
90684 20307912
95995 244035112
95704 496186294
84728 335529427
82497 110242794
64718 97975285
82485 373626156
28956 43017444
58583 72291952
92667 330387480
44960 81355537
75163 171102259
94463 481067836
89030 62638075
89220 26202777
62910 72839232
79174 112759441
75664 297782614
92955 332991072
95146 233548915
68143 289667677
61696 48783265
99884 143564416
93842 524771563
58957 134945782
93730 278939185
99194 499181803
97066 117298954
98006 204254911
94368 391808091
74939 47740099
14379 813825
84463 172130860
92399 515446108
82683 188671515
94307 237185839
92871 395623155
71435 230674792
32022 6238476
80860 284306038
96204 15848232
54347 67777273
96172 284294353
74799 170031945
53227 159247927
98310 579288993
96610 277492777
57186 202512087
75922 116462065
89489 176210686
51366 79072599
84491 331791835
62003 74246140
71226 218985411
89980 298997230
71707 177223801
99510 7359990
81152 319220833
76750 293833408
68290 50112205
43092 93125604
86650 113189605
52763 115779559
90525 66736857
52299 120711225
86994 290936391
78737 332576041
50228 112255381
88332 178994184
81964 208504759
57324 179223951
90378 7164720
91188 288624723
76071 298893156
98973 367269441
27360 17625792
18807 18666777
41767 78371935
97143 569070051
42616 101538379
56998 19969576
47948 130781173
84384 157775427
45832 6323863
98948 451090546
27455 19310734
91622 178639894
80470 74976139
79015 314001964
46578 26960880
62047 180011062
85182 169903998
89248 181237
69973 191341357
96782 20261779
70632 15416301
62203 44776897
76352 90944722
95598 562302849
85786 39140260
66760 14752780
94926 471242559
89035 14759413
99479 140814934
96378 531183633
80641 3729928
73183 193316953
90879 500027655
63910 39926344
92856 325319196
78225 277137009
83917 360918178
89226 66153534
75922 153313327
99619 515621542
95452 251254321
72039 213320211
64236 187720428
42644 71769790
69842 138087430
92200 249707539
77442 254214438
82091 374513977
99967 507694090
60414 26710824
86536 155375956
81232 195641296
34998 62648121
99024 376132743
59582 42434080
71287 125254291
87698 160421482
81650 89844748
36004 56052409
91741 70350505
71491 18213394
43288 26229682
89279 227092267
59211 211337151
92718 535713903
61299 142025706
41014 86175163
92867 245531746
63502 124878133
52602 50013162
37887 77661060
62585 82546720
90308 134204194
93810 85415874
96788 90543178
86377 335174308
48177 133920405
43956 55153311
73508 277221610
94647 78881715
66544 5784580
87414 232924887
88384 288771838
84415 20014516
73348 146726323
56706 65076918
98941 557356816
72848 179656918
96175 356089294
65474 51766303
70135 201332083
82643 222070273
28910 52167472
66736 45039088
77795 104844595
71326 81940471
78720 88215765
74986 324946099
47041 753421
94935 231151257
83903 88352803
48983 55840000
67591 185927050
57691 31115971
50044 75011551
78456 213237447
87088 331984159
38958 85047987
74858 220245364
64338 192636564
34220 55459909
80251 376099168
91117 393134422
66828 134820243
50609 116845000
43494 3040143
86752 320685895
96872 307931965
68518 172737940
44244 77140410
95063 549789523
57239 80404696
92278 465930307
88819 331930567
69561 35707665
97466 523952278
93826 235917682
16124 12777673
83538 233459229
61030 13044361
99567 14220591
83352 106436685
46992 127807515
91072 80782636
95812 533734858
82456 100044055
91737 245824206
75536 59072452
77043 314816421
51629 158344786
57470 81961414
99152 563717407
98140 34016395
99148 554294248
91028 434186110
80843 156940228
95688 446253
90167 353197768
69464 85814068
56059 195220954
74143 253547968
86386 239454085
75284 241130392
99460 212690089
74732 298669633
98320 527241919
57201 186302988
60702 225532389
92839 194125987
90243 469127886
74520 53816283
32131 31049521
94225 27337681
50098 8997886
74775 117723630
29470 14789863
79147 254197336
73640 922543
98044 287994256
79890 136570692
86467 53692558
92625 375072633
77544 84445290
86976 368853954
94237 265119889
95452 421459441
94136 541509754
75470 11660596
94977 138436980
68487 221214420
98756 126843688
89497 439953340
96774 531815406
94030 61691419
85703 269107081
52753 112476673
66695 47237983
55683 138142020
79038 256655838
94863 268655889
85433 181402117
95156 299666842
60705 160977042
90570 335436129
96773 169223920
86906 408132703
91818 347264085
88296 19470093
66371 246086680
88932 83662896
97188 117874764
75570 292827081
83169 327432576
73929 144373317
96136 184119694
57410 42731362
67299 144283653
76919 255422950
81588 123333432
75302 229200214
50776 152982838
59375 169546537
98806 146558728
93532 38047951
91649 443129836
95646 433653309
73825 138342109
51881 165903865
75623 73643614
47296 33826870
88204 434217322
49027 105754981
97485 176345925
86251 332307622
88532 357068614
88886 414374932
63407 19272382
60068 78784768
89121 243253845
93558 381040224
47359 66763093
58693 211710946
68634 228814953
90527 383517718
99831 418820955
76481 188717533
91554 38711343
99164 275400247
83187 274588494
36427 23250244
83119 375566983
87627 185855868
82431 398756040
53126 149653366
83490 194541696
96138 274430076
51065 133260949
23328 29119449
69122 216312658
88746 281913819
66204 154156128
80878 145079857
86096 431829985
60254 109810105
99288 432762225
99161 137501140
90334 127125271
32528 58085137
91735 332656324
41710 59586175
38635 72310426
99807 173815581
96960 27300879
75164 299940523
94642 261353632
96363 498315462
61440 183666372
90333 114272409
82137 413651952
61200 13200030
71217 147996312
91469 423648616
64931 161130676
65051 48032794
40824 28503801
70366 65555845
96558 271895871
70195 158608447
39847 12952654
72666 44019492
76532 166436116
55527 14387412
80626 217176271
87476 373796908
83224 202230796
98278 435226840
72032 8754124
99041 165323962
81356 75186376
70600 113149408
85094 84344941
54992 29240263
87814 310619695
77354 214883896
13594 3501376
78432 74447691
53224 88905751
94269 477255570
92466 527838639
52913 125117380
67635 61279410
50640 146245137
72315 101644779
98566 445127095
40351 43174207
90581 400947505
70770 91350867
65054 109521037
79832 114788308
70885 306315229
66179 171355729
92536 94043860
74103 65764311
66545 165934666
64145 204377692
89507 416210224
91426 97817086
62859 113288784
95046 250308648
77570 221203651
82027 139117762
94659 91661775
91726 182060614
60186 113840529
89046 281071164
95528 165565207
99009 295026996
97722 402925731
99345 73668378
81859 409582969
65497 222413170
65941 184713841
97078 530031664
49852 131130190
90480 280397472
85967 358287838
76912 245388100
47623 74247103
96672 565302963
81775 309990517
91612 436613791
44468 22278055
88515 41396916
67116 52929846
90773 293851369
52025 148813234
68567 140189947
92514 3451017
37239 55878576
91936 377535832
95020 96252439
98932 101440315
42315 49984560
38914 79076473
72604 76839574
85674 126824769
82085 186304477
46106 84429145
54893 45458182
70351 215290228
83651 402362398
75737 164175853
74978 171374506
68164 174532567
17710 621676
25871 24373801
90778 39170434
63034 52560751
69527 297595183
84027 66666990
45659 110975530
77313 80792817
59322 78385776
90032 388801513
75241 101079130
95920 486176770
86320 35100661
59687 188557642
85294 427601299
67248 188035764
59077 14345725
56118 32810343
69865 154668814
75114 194956437
92834 408026494
34134 14651130
94703 305059483
69490 295265395
98605 519522676
44684 81596518
97389 409211514
65925 40042422
68847 11599749
87507 439135836
46672 9805051
99151 70115824
67322 111614689
70387 70581082
86818 23051215
98267 32761666
83229 283706586
60137 17565640
61296 59264916
99749 61292038
78689 222384493
76193 116627149
71654 114391129
90348 489243759
71923 192114370
87376 367975948
64680 75511758
75311 7004935
65154 37276851
64784 243648775
93104 73140436
95748 33984438
51979 69615052
37407 51096114
88518 53099523
95523 344006436
48851 73321315
84238 412484260
80387 149374855
80883 373631235
87118 260921017
84800 45477766
45643 8830975
64052 50787943
58053 162274554
98073 368200476
85511 194839012
70437 187106112
70832 191341474
64584 237460515
72947 28248187
96202 210727762
94176 209290455
55270 146242129
96895 197658424
55750 42017635
86978 343185013
94300 93276538
98163 187615449
87125 110435590
77575 45426667
40391 28071910
98096 151276960
83768 425258767
26481 35047977
87041 64766365
71809 52386010
62462 211081441
88262 236372023
79530 302452455
67312 82124557
87716 81435709
72470 209071339
19475 18556255
54423 122793087
81198 148923918
70736 173393011
39503 36708526
53867 104323081
90766 8467885
88733 97789420
98524 572567242
98182 502356265
69298 159285079
80264 174296521
95315 185683087
26480 22585456
88731 455828793
95607 180156570
55444 163129960
77624 166939342
94880 429355828
49502 41417296
83848 329693845
60411 38582883
79138 334488196
61945 217126768
98142 128071500
83013 229531590
85210 441975805
70564 142168624
61571 177131896
41971 56638816
92842 393278758
42807 89528397
43294 47460691
44486 75891739
98174 198997180
98920 598107274
99233 545242402
91610 273145141
94304 518031046
95228 211072138
55548 180695262
75816 100693329
96028 102102247
87808 126644134
78320 332255383
51880 13740910
64343 82711927
37256 86521762
88605 1789938
98968 476390179
86314 299721529
98274 248981028
64759 85057606
55725 152267577
87257 212041789
76938 63490056
80528 184771234
81227 115658551
61529 133097632
70308 84347820
73070 58921522
60010 94907611
14614 3418855
87495 249096723
98570 606523273
33605 67515085
94531 327511468
74420 263105803
74352 336734625
74155 33886174
97367 360600220
78855 296098329
23283 9313356
93783 241424340
70342 43992448
68973 231184650
64515 221812212
46587 71933637
82032 1662483
87880 14059927
81614 31950691
48239 28985776
77796 21292968
73743 90911616
77855 366178747
44419 85730953
69842 264375463
60230 189699154
42536 99020956
53665 33132721
81657 235596789
94276 467012476
97598 213286735
71991 294720909
46744 62778943
82667 133328875
70808 78707851
30050 15881530
81769 334081789
84875 225607036
94687 62959648
64610 218608318
82481 112349284
71347 114846427
97067 237468319
78940 326812396
94124 161668561
86369 218893345
25082 28037824
77850 20970702
77365 69711913
34435 71148004
61407 107797260
75282 90606537
98428 586441639
95682 276002058
95290 476602447
87685 119080501
94522 52860778
71632 292692667
88554 253015947
79413 90987369
42228 84282207
48998 24688390
36570 76022109
78306 190368357
37903 56478775
84807 100366452
74138 3316273
71100 33226833
64168 216391240
68665 241122037
60600 92926341
92411 257068756
68599 276043849
44745 26145609
8960 4613350
99577 178234645
68755 283116283
23198 10414873
37596 8664387
95132 543107959
80450 192708889
92324 221800849
99203 32482297
86817 354652593
91015 252471937
74826 111790761
80674 403514158
95761 131150677
59652 108636357
37926 33863781
82930 216252679
26150 16109986
67898 252038005
20180 19630555
62074 199041292
64762 62202325
69735 110225823
84871 204418975
74610 315314952
85465 129668170
97547 59870113
92786 371386780
99822 319356648
84048 102159660
96504 458615508
64093 217812625
96371 175527313
53991 101959968
56479 150238663
72451 80728648
88279 137593276
87693 268041984
61036 163999618
74206 113455225
69204 253114608
55767 18324324
73438 135376330
67956 207204249
82344 400225575
98365 373871092
91344 224174406
69783 51772374
75676 261034648
95439 178342542
76433 261614137
99578 431009203
27357 23005956
97589 90452992
34008 22538991
91486 202212415
66630 196590960
60545 63927238
53138 78868852
84612 44317401
62579 146941543
92514 191200773
64462 167683333
75579 53540268
91816 199633027
88343 20353720
66922 142104367
87663 4166838
58822 35289583
77470 7487362
91027 104980387
99446 409366666
37103 17593678
92995 59183026
88930 350780593
63231 59637783
84140 214679815
65078 48510244
59813 190155220
91904 192676921
63255 76878732
55474 670795
49452 73156560
72906 40498872
60205 201649993
91695 170343132
85145 217389265
71752 31635940
66562 26771821
54736 49110673
87325 418138402
70125 221140341
98647 258700345
76066 312436708
94276 152354914
94657 530346085
58591 18537391
84935 235683175
96169 16832740
98307 179036862
89932 248174809
82007 308118298
75790 214136839
68676 165014541
71866 247428208
79502 283693864
87557 297332524
97271 90986209
94008 321380553
63099 226402392
95235 496702980
70697 44991898
59759 189871267
52811 128271457
61557 183532653
85661 48468013
32225 9263314
97484 383688559
96126 237401247
90488 123701203
90355 392902288
75558 96759369
94478 175374421
81285 376517400
99653 127795537
77810 198236164
72758 322187509
89134 469190839
64029 29758305
97834 353256076
76693 130708582
74110 140136373
71330 71095708
63561 166728273
88508 386334424
86312 445763518
51459 95432955
86875 85748884
88258 423965044
50804 71092732
66618 94410852
50759 45285928
81662 258359818
73171 264857317
95272 76950334
98669 455947486
93271 287588899
53664 125203545
72881 321611029
84466 92565262
67850 154789369
71544 150868194
80013 384361782
54826 156579775
99455 185577844
93203 6323578
52603 13200772
68151 11796966
23634 33380310
86898 226016226
99541 221844496
95794 397337425
81061 34637953
95336 149439451
66683 272932006
80326 91198714
89483 49559899
51877 109965988
33813 11728524
38572 68194066
96436 61615393
81850 50016979
44039 11743042
34003 52477921
82977 21847764
86155 278969482
96259 469813768
90909 388496013
99159 135232404
93661 133912576
97822 87288871
95669 501735598
73581 159263064
93101 310114114
92135 25456045
90546 407609349
75112 147962029
95386 335405575
29568 11453559
57758 167750110
94292 404301781
99926 458832970
87795 140519064
95482 137865739
76387 337072849
87021 271050408
99207 359120697
95832 164529426
93875 93267589
75696 179202708
69167 296315059
27685 2776096
99030 244859826
98313 599284836
92708 401416141
79574 230398309
66092 180468871
91060 250336990
96067 258185620
40511 71826763
92705 263751481
86330 34381183
84602 12685207
85570 281506213
58080 57771102
93186 217833774
32595 42930387
69690 254404005
83568 262017546
83741 268107745
83511 396773442
64717 165556477
61856 68217241
33938 50646064
75889 233532820
95302 343425748
54492 77736849
71680 97000237
38087 69961513
90422 4608466
86179 172806913
87686 10941394
61723 105868192
39519 921666
97771 450021811
95889 372609597
95731 155905216
85295 187761313
28925 11449018
49107 77363052
50346 78044154
80699 385778410
62303 35492200
72116 254382181
78811 260458549
36264 61069101
23288 8104558
75898 321387160
98400 176736675
92983 383677405
69159 249042837
96042 36650124
72662 85121593
14673 11033640
56330 110710780
60732 164928720
90459 188305626
69543 174155460
85542 86455911
29517 9206661
91767 172373619
91587 61123008
90116 344511757
89814 292515894
81547 291654823
36192 42190458
94362 125985465
71147 104406268
86097 141490809
73417 19576954
56879 122833372
99467 237963922
65563 26241151
90005 133360888
82628 59623438
83057 106159420
87371 148575688
75056 83565559
60022 90496201
99464 598257196
23106 2358306
96916 332965045
90569 382385521
24136 32306038
97704 256453206
37087 25798774
31104 30039351
95451 50625990
91465 397175746
75645 298923018
71591 284528404
85613 353536822
56827 20682478
58046 152634481
78323 84108451
87636 365080680
91446 240472962
63418 221856703
56046 194554689
78047 284619853
94854 89341590
64758 255153267
44212 37021879
27783 41608083
75568 334916647
88344 422250408
36837 16501446
41643 69189144
90517 435939952
75081 263295369
87145 370011754
90616 232924087
63476 151487527
76553 338678782
98084 368154628
50873 136313386
83989 341214640
36087 29911893
18795 9899442
72727 89804899
99728 52728709
71031 225858099
95741 493956682
76706 189929950
86451 190247562
66909 174318912
90044 104186272
75044 153343132
76627 341564572
39984 25150458
8769 3484992
87070 56525515
43633 42581986
98028 513055242
70209 214301250
48692 32116216
73651 236753200
42173 107177977
97120 274982185
65932 109780402
97725 493339641
78678 291766497
57490 109262602
45106 82773385
65162 163215910
31905 7601361
67678 12624991
69221 81689365
90975 191967636
99130 294017404
44279 51977995
51436 33666667
45604 113568454
93244 528338140
88050 230934333
71633 60687730
40539 62007159
93203 16825222
92008 8184997
79894 382615858
68474 64140184
96195 92227650
94664 436121266
79493 376201129
80496 67046856
85304 327274216
85636 425403376
85982 69644206
28140 27705375
80568 300819276
76137 44485233
62371 94271404
76191 46864392
93492 28136766
37718 72540112
41429 54119302
51310 56885128
91376 257077351
58282 101620174
34368 44248092
94729 87448777
71630 100726021
88387 323692258
92956 431560027
85336 181877128
96628 116963401
98668 605395831
74846 232914433
53930 136694983
71564 227531326
78383 248264401
70702 28793101
73145 312099373
89737 472457665
93154 383509639
62379 170745162
84711 33156450
99954 387533178
82020 347778498
95856 520633113
81980 283194811
42187 31783834
71331 11110176
76734 174665706
85068 289437102
98913 243238566
83532 317290185
82183 194404054
93131 204570520
69139 51404629
69606 158254314
99975 256901526
73703 146706358
84443 295828045
75715 107637430
56056 89829766
83919 233922351
67602 6437319
55613 18975142
79712 6197905
70124 146379007
42710 94331635
47847 57607686
79788 315240666
67428 123151935
73227 311156223
87373 449339020
71602 214193359
42494 71913925
75766 93002674
46093 7355452
52962 132601533
34355 68546353
46835 109034812
90248 59588887
94970 355359469
82628 23436127
79964 25828468
80078 129087571
87772 370378837
91059 356684319
33444 31042485
66516 150813948
89707 83039140
95142 335865243
92395 213810817
73322 194005468
90337 283453354
91423 500710300
79350 355170771
13853 11678362
55547 6988786
68459 259263232
97669 440833960
85885 341098558
68044 13580803
93433 449581093
66355 232132777
61995 161356737
71148 273380088
75798 91052481
66955 75268582
75281 96049846
70864 234384805
97452 369801945
60782 57209461
76699 65049247
73267 2009584
61778 114340168
90538 510082405
64683 74331354
68219 191221450
94816 515545087
49122 72951237
98749 314988289
91865 189522058
66480 272700087
63335 31526005
97893 557360202
46271 19389733
85994 168663982
69469 61385689
83566 155874058
86276 92222926
82086 202736514
89016 287274924
82358 144183808
95479 469014022
87643 443672962
69437 83286721
89212 480816943
63803 147220420
89116 88941100
99039 389133303
62357 192337324
89798 316157674
51227 99982732
82175 58977301
60056 203130763
80588 179351704
90162 487974615
86730 36055038
51615 22070277
73367 250485778
91147 78100939
96032 215775655
67926 66071634
63738 226619046
95345 234001141
83576 370137781
51738 16701606
52947 121795425
99355 224023309
62268 65723040
53470 161293354
80186 185113897
46991 49619065
62095 184058743
61043 213781108
88314 434332200
94690 430786996
80391 365674572
83740 396488065
53994 174439524
87352 51355408
65510 35517868
83774 359812030
85003 418872388
47167 133309915
52169 18078976
90041 108082612
78034 55325572
99084 607536075
93662 377748457
68266 202908124
61675 109151983
84506 5668840
86073 227639772
38551 21975922
79487 236729920
97258 309167773
91075 170219611
96299 342325435
75907 143579164
70625 197506936
87168 460939944
87256 5361328
98538 93189831
26127 20900289
35142 11581461
89630 205529812
98821 52789846
94844 387515131
22344 30771981
61533 129997293
93198 524164365
83970 41323995
90490 56187433
81594 180294642
89703 417806565
96954 523050693
90983 73096195
55728 123794658
85658 111225928
53582 57783568
78920 358832242
45506 36525256
52484 115932916
87793 333914848
78040 219068371
95060 338531878
95025 147770196
83819 214392526
59018 84363571
99526 25517734
74119 26483515
70521 183352974
89835 116626512
49249 79631584
48870 127286088
