60455 247823149
58153 329384805
87601 187972963
89287 139305393
80197 724923609
82617 8386685
50063 187047295
65813 256423139
65475 367241435
90723 24169527
66371 470522915
74641 461745621
63697 237340283
94961 610468573
40397 147320259
36709 7917967
70007 376084551
75757 253832817
92213 441697379
93453 1083965407
47611 252513513
70079 17487119
57373 2100087
79333 409620341
93403 897260343
62433 312835073
49421 97999983
91049 68611655
93447 400840611
96441 512032723
65291 296852777
86413 809891215
97253 281706925
58649 141230027
55191 247446135
93435 536630011
79833 371459231
51481 74902045
80479 421743871
44383 78669215
75357 422170331
93715 201541927
62335 378254789
77597 110795323
98875 67305043
76695 668009635
70691 49886361
96743 569106379
13925 21106357
30103 91102927
14119 16936515
83939 227015159
81455 787681065
64791 374935403
43935 199884053
21667 31634929
91337 522253931
55113 63160465
89943 562384673
69155 533145579
59545 318396699
62445 55826807
71365 58039929
83941 660379443
57859 370258615
94761 180456515
47209 25501031
60641 108347469
36703 53468631
96043 1007520741
81303 743565933
93783 640093895
78111 741314209
91747 561635593
51439 127811273
92481 792364203
71631 135834937
76085 488169955
93835 673559659
77391 211914261
82739 121350877
93251 48095381
88133 716147887
82485 343664895
96205 676342945
56185 267028857
77321 260199039
96693 1020406021
71277 505109017
64609 192974597
69889 51684699
78267 311188847
82333 242998479
41237 199685323
48759 146643295
97339 300504133
97321 507776819
70521 309914765
92537 496766091
92941 218496205
65815 439149
92631 800071841
75331 571955797
59701 340155459
67657 324031601
50165 157155731
99059 846481495
86377 224484949
77615 47232199
81425 246228451
98279 163039459
90953 736526387
92081 600520039
56639 360384047
98615 779449585
90673 6338545
92431 251496029
97393 28560923
71141 493137177
96441 684216233
48947 115653591
62351 316375145
88641 424931897
81539 374886431
63981 455358043
86939 113394133
58911 100091013
93597 1068692125
49949 180580733
91335 1002638555
91861 420204107
91325 258891053
66871 376706675
92721 487675639
93317 186441807
73787 310983443
70509 3731683
60043 264532629
70285 4440191
27323 14936865
74095 577794467
29377 36292921
98565 830116205
86465 788785109
92653 71341897
93767 123236539
82569 117075383
91353 157700143
77531 231228773
92087 841932551
88651 8528969
89005 797984735
73541 357645263
46747 171117081
66007 210319187
88167 284826647
83547 609046975
62825 444764609
88311 618193003
32165 14140807
80733 425690463
88049 507932419
45569 213103413
82075 151324527
61595 431636703
45041 17335943
90311 738771003
88059 152798975
83609 247910075
94243 61763747
82665 41162927
66533 319310789
59711 28611355
37351 41908243
83867 29733629
61925 253106253
41179 146722275
92801 273970409
52945 93945647
84623 870222349
87837 592627829
60497 355146437
86053 303337301
85775 6175163
87449 39933325
97297 827310979
60671 257852721
67943 423200561
89605 627492375
85023 834670911
53853 110319439
77829 22564835
76217 701939643
59763 22917231
65861 449178049
94369 526110355
74533 693634093
92119 770409111
98849 705946213
59429 348783967
69339 547501897
84995 891538297
78883 734361619
92801 424715769
90567 767714591
71629 45636223
70575 248703779
81943 350762107
74875 644515635
82237 113867837
71071 70911819
33159 116325001
90915 679264571
87541 617135099
97615 418710411
91847 922385047
91301 850760223
77721 586715439
62983 442570849
59555 212660469
82839 466738187
80275 533136263
60845 38130387
81393 140973899
82027 314488619
80595 691926149
71585 305131463
65867 326915107
81203 493090113
94583 279091993
94893 170984379
74717 153668041
80993 607391673
95555 799813171
95645 83178689
31745 64645705
84485 702585795
94191 1100640647
90085 730003807
45453 214555257
87983 867601771
68943 217503673
65561 81840977
93611 507517359
78943 151764449
46255 42829857
77061 582668109
97271 805045655
85965 589471303
97305 473947687
94419 999880187
56455 193547207
57809 327411099
98345 205186165
62761 488949703
79099 725476739
96517 75304603
65175 323042603
60845 58143407
58553 180038343
97345 1103922219
79175 527284647
95955 385558629
97021 891503947
86019 99110149
99303 161980043
95249 146504375
32091 58733703
79715 205647595
81773 315019409
78459 118147695
71683 277066083
72537 456577185
75143 699187321
91283 870653287
45551 144172335
43569 105504663
70525 494206547
84837 15911609
90225 4913693
99239 803514039
94829 515859057
60687 50381749
94857 530617549
98215 432937827
92817 390443781
95429 158754197
47999 12718681
79691 82920535
54387 177449787
40527 151015383
90649 441343629
62337 265140245
95007 326664893
74755 316601171
94551 457049725
39479 159388403
78265 453894735
71687 13351777
97273 60602131
76865 168984713
94483 48466537
47325 102808987
50359 213396711
78163 572815773
95631 609625169
78183 343166769
99753 319106857
86097 740398369
88797 163031749
61087 188278981
46839 258601883
94359 459607235
83869 633020557
88653 941750823
16869 24072645
79007 764570739
84905 281623675
72707 444459705
67729 208996391
77151 657152897
77917 166489325
39193 24775617
64117 455777631
27571 81379261
97625 208920883
55369 42024461
99099 379173387
60579 250733229
85791 119040389
40129 178148381
99629 101082833
94973 727323069
82535 301645149
81653 481415215
43971 37038257
79839 333386433
99987 562647153
69931 517044403
67107 528001851
84671 210749597
39937 91828445
93803 572785335
98997 1049838835
80253 618553523
93509 948082077
49043 191710149
86379 775348753
94677 592256175
98865 101455715
71229 562020907
96631 40584669
35157 123314893
49359 300916507
53317 205162649
87337 616065169
92955 249484235
75073 663652809
83569 476719523
60247 450467779
86085 498012145
70899 286183375
72503 69905991
43871 77802587
87961 1285413
46899 143013573
64335 444226721
57363 228271637
63467 236759891
75749 501407775
94545 842788275
45697 69255051
47031 138046849
77457 68968945
90117 440231893
82879 3275663
74081 214155267
91363 89438479
59333 260757005
50023 10789113
92493 745641745
83169 851339901
75357 456060863
79025 755806803
92053 783198855
76605 26709991
92685 953481059
81193 295710493
75709 450797213
76511 495948551
79335 422416715
80423 485894975
35571 27486321
78479 713007227
73805 337594133
48729 99511801
36699 124250947
67111 396197983
68013 492036645
51379 33425673
42289 15697903
86463 824923911
75915 153995265
70989 22639215
63401 119147671
89677 595283647
84289 380695595
87803 429497211
99015 705467305
23495 22345489
70333 63738749
58563 253373521
96583 352743045
56813 175569005
77203 507464635
96601 175497495
95383 480762851
25531 73072035
40125 181123565
39047 179173143
33183 109185163
60473 382680979
67285 422490211
92029 568657485
74597 346162443
25973 17711977
88573 112211795
80607 25107247
97815 323799253
99487 1236277545
47367 154205215
55069 258226201
35885 63639131
78651 702198779
50485 124087071
72091 546159415
43255 127623603
45987 10994951
90839 1008096671
59655 147172421
68487 210952587
75669 254819297
96739 76679111
99511 383181113
98255 426627325
34273 101322971
69207 12672093
61661 233805395
80399 353227797
69783 553168125
67267 266200073
81679 538211421
93225 882875089
84043 315619577
98947 293625669
86983 99548491
67787 336520041
99421 1039448557
97237 396096841
83297 128464183
90881 129547317
93029 366034709
77601 585548773
73725 221710341
98909 1098300365
71087 42980913
91339 85876685
83261 542893519
98275 642425533
82711 620879343
82611 557058679
97047 666779781
93265 222157445
64323 267065279
93879 662371727
52237 144161087
38689 156464455
96715 97670455
92551 1028813145
90099 689948601
89369 468880911
41431 17359557
74503 361396341
81233 611595525
92961 584835271
51529 203866829
96915 157359023
95903 512712015
74723 644295531
63093 167896123
38539 26783643
96623 850475481
96207 1107477949
16263 21937407
86333 75687255
53351 329293823
84569 532873217
54805 366820223
86347 526288525
71739 612402071
95549 894836595
75357 643936167
68015 3348251
97733 116132693
63881 266277455
50373 172051871
85737 387426589
23931 14477637
98361 177142839
89435 302681425
57453 319246991
61377 296657837
50509 229280023
98515 1203310615
66305 269103495
73067 18754883
30623 50886613
55407 27193093
87955 590006855
92135 328892257
94827 665191063
92289 168488979
63893 109661243
69505 146928487
42305 102371845
98981 1130784225
78007 477567261
54557 41193625
96981 121044489
99251 1090811969
15249 20472685
75561 611430793
55621 360366749
61737 200081045
85055 94678553
35745 23931065
99905 987724505
98103 337998343
54351 183919431
97649 186845875
95271 124314381
92579 60359889
76029 703467617
26743 65714961
60975 112872843
96529 921667845
80583 718450503
99833 600048871
56267 126904897
95583 95581285
98847 201348613
91611 308307251
73831 92742247
99145 1197946447
90127 7055151
68673 414713165
81215 220752967
72317 644222221
79817 556827095
29215 44434493
52939 112457789
82675 428040539
77953 242044593
90823 878502979
81233 203547185
82193 777039063
90243 566158403
23725 45912457
46557 258763363
70905 556548839
79191 617068943
41135 126193425
78783 536045715
96941 466082139
69907 457040001
49133 29914773
73001 24534999
97033 671656477
69137 290301581
60931 241433967
83785 240741471
57293 81224693
94933 163139989
98767 213647689
37961 177928109
45061 102511545
59237 318899495
58815 114532065
89365 290548629
68675 309413117
95941 489454411
66077 322521433
83391 192379663
94887 114947009
78791 174955659
76359 358598921
96193 117277833
89567 506962971
93959 277032099
43887 179196767
79625 555159957
47035 265169773
62745 297506805
80081 720653773
59769 105425381
76239 398674431
89041 305852183
82183 732512037
71329 106354067
15853 5249053
82893 273059953
94191 27408929
78785 631322873
39051 71351583
80089 70291193
89135 148074561
77113 520031631
97713 876378843
94331 427301329
79095 366011961
95459 294626075
76849 66753229
67477 256196739
78597 460167805
61197 136821049
62895 347792025
50803 123172981
13687 16616571
68735 229334129
85037 51292019
29777 80485783
87535 456053495
64873 503850643
93961 510338031
71123 56626783
75349 224833149
85129 115344537
62619 387270731
12815 9850317
51035 81333181
79551 629489653
91147 134262625
91619 262996979
64391 238240903
96249 1044730549
82431 374420941
82507 334132129
72963 209462073
47991 181920685
88505 6467937
69413 558996395
97751 1185831145
96673 181944981
44313 238716821
91051 905698169
98447 399158737
88987 214196083
59193 301167769
94937 1015883391
45767 85147111
80371 492203383
86471 3940237
95709 225839493
67363 530395453
61007 112305563
97113 610097153
83037 778706763
18953 13131489
71051 340349535
98287 957443747
74915 516706077
99051 1118377019
72981 72477001
92011 960518483
84701 572043189
58389 305758147
89809 307905693
97661 1121831609
96727 481969021
93317 499669373
72367 323824663
87017 14234759
88727 523355945
95229 10675257
52035 104900159
84211 838717269
48405 50825475
66149 225367971
52297 293153449
97763 1024894341
89919 799420027
44755 237227367
85565 439781719
88361 586829371
78951 144490925
95705 930697123
73155 403443527
93013 1015921785
78781 390223473
81753 427613945
89897 83964257
71427 417876825
79359 291470611
96973 1160971147
99683 352833029
71969 536988327
97645 61943221
67047 454532835
76315 115934111
91133 87544561
87407 198459941
88473 599706967
78509 455338777
58457 438143
91327 849833025
98713 458431841
61365 452421097
86299 193628883
57883 62379663
97893 927352405
81935 818881595
55043 319685697
89843 744033409
66143 283118675
67679 265227835
43623 35249601
96865 738456655
83723 750429903
63583 148042113
58609 192282115
40033 131041015
94067 330693455
47663 246264619
75939 595093223
98345 10508853
59071 56087709
98063 691673657
95815 559271285
67459 377344997
90201 247455697
91919 62190137
74097 61054073
90125 1012398469
82637 80454645
68069 388520415
98093 281054271
45973 52696329
97271 1176068557
94845 617913225
75815 414730013
62297 288855897
95785 785915881
92775 1040507997
55991 90678039
67867 310512977
93867 439579785
70345 453671621
92397 729295565
55291 178148297
97293 9937961
33687 132100093
90975 726417377
43593 224253405
88895 532199327
90223 294936447
91017 287197391
97413 728944451
81159 315009267
53551 23149629
40809 130437561
98569 898943355
94209 696267753
73655 468877835
66797 282900577
93063 15431633
92487 843742301
72369 357527627
47921 55237913
95061 807204597
28127 31485243
98829 1105826747
48545 41400979
61417 65181935
69859 215386457
81403 143165397
32247 96751415
91019 976612175
99301 114692879
76453 3655255
41725 198297395
85805 655545275
56717 116512547
91701 923232195
96991 82556231
94727 782329065
45149 41252091
58639 280936577
88447 447780551
99869 727317313
56595 250855795
42839 130448411
62457 445242735
79085 174149181
30965 58193001
96089 73998149
68813 505053649
99841 495913695
96449 148848141
36427 134577339
98507 305816943
98057 158524523
33459 32974813
52389 22395879
81995 427490057
97693 12733805
57295 132528585
97409 773588253
91549 665119595
99861 110262565
86795 169489311
91493 342769639
31715 55590351
87903 631591117
80907 384642681
79045 684707171
46325 88317603
99969 982968555
39405 153116551
86067 702116563
79237 772970101
67711 187542009
85337 641481555
91007 694111633
72679 387151059
77669 225269505
71329 423147805
99233 122840675
60495 139277911
91089 968803341
61855 351992725
68791 9294041
47881 47876687
59547 261915713
85945 379946325
45827 118118655
84189 692622083
54291 92765349
28379 38431511
95363 525197535
82971 329919463
42529 59100525
74415 179119049
58085 198634825
99789 1214536211
99935 1082932079
93729 267183709
97459 96425979
92387 373254277
94279 732844431
92057 522128045
25725 21142643
96585 531096919
84461 318060641
93005 1017889581
76167 349434781
58111 245782241
93437 131686709
74793 445908967
82311 19652917
85067 102334841
83549 199754869
59335 249513479
94553 67581829
72841 106246657
99323 593643907
99181 36239543
57207 331219795
93117 518375503
59569 97797163
96113 609720795
59155 149764979
94369 296644577
74133 597562947
38067 83635205
74795 660481171
95509 247709947
92725 190227851
57923 235065273
97045 678319149
66583 34581987
89865 784918051
64229 364235355
60839 255680683
67065 545959311
38013 145232843
79339 733170319
98845 98306251
73577 417824183
96443 393489871
72059 69054025
83211 382412525
74359 326022785
99039 217083887
85663 314748541
62231 339667087
85389 235918635
66967 390475441
75911 289442661
91479 467054459
93783 968705747
63465 338726575
57949 367427947
82921 820255295
96969 776365303
79359 683018563
87861 481783819
94537 232455781
93249 990183837
92395 468311439
46017 158039847
86855 711538819
85079 315623835
56391 48893031
94049 704126135
67867 131143915
93689 286360551
49537 38828441
51097 249789839
59579 222613859
83979 665225957
59797 316470625
85113 416367325
54459 203994107
57935 350347733
95115 940155013
72891 310530953
50493 88411453
24151 58941233
82365 354575305
86159 445971309
67569 28729233
37941 144998447
90091 787094419
71507 528581825
52349 268243591
96821 777059305
93577 245516077
97973 104594423
79159 523076065
62915 171198757
63795 99508783
88545 633019297
83875 779004279
97183 1089940751
70725 363137297
71421 55197699
92315 23535011
26529 6058131
98197 243042517
85201 799541763
84721 138630169
98953 436046661
44345 108772197
60831 244820887
65191 432088113
80277 138945355
91677 636851659
68507 210691965
75703 277493717
40117 195986659
91935 44005227
72013 285154605
97957 642175659
81391 398557417
89983 929578309
86911 742531053
96367 794448183
38317 128324285
93177 443798915
85333 842598147
97245 427229665
77687 378357347
66863 492470127
32549 63331251
80703 678563409
91423 510375735
87775 58961753
95341 435107247
81609 244282841
51483 72515153
96513 1064951883
87215 265852323
57237 105792319
98157 267650785
77013 408913947
75025 337306289
69963 328159551
78115 338732873
42333 129746551
97467 762469911
50461 227768773
97259 967146643
85953 355202777
81779 269516193
28275 29026231
63887 190891433
94147 911267047
98725 107961115
91575 813651067
9337 761121
77383 415498267
80217 470920665
78097 627588749
94629 964656353
84649 424394585
54719 249998459
88703 652517459
95425 477912965
37137 2461521
33711 87744693
59219 331526565
98273 1000468623
80377 454842105
69855 276508489
93881 1001906425
78381 534766791
71815 232061629
80185 110217639
64285 156597085
71541 456450743
26239 39342463
35625 30413721
68437 472957365
79865 616798091
67465 227162447
87677 280746127
77895 179554051
87267 361575151
48889 37603319
34939 131271951
87231 420876127
36461 134008393
99789 680902697
75189 423582543
34507 90782191
55521 361929435
71019 149164397
25243 76791923
88179 398515403
74321 424667369
22341 22513299
97051 154529175
34247 111079467
96047 905614977
93729 51754751
59795 299297235
63725 385209277
90023 320782165
57845 230710321
58561 314923601
54075 141183287
93293 930813369
90533 395318063
65127 397733683
99919 233471457
95645 769366751
53041 179626457
51107 113921555
20561 11733555
67397 191471793
10289 13128119
53537 273854231
44187 147964493
38305 159794513
94175 105764461
56943 41816639
83349 380976579
48749 106574967
98577 231806115
92605 856422673
71687 633692277
57397 14762541
81385 560803069
78991 53055629
97247 1037166569
92643 20434323
79187 549906251
51345 240462421
49065 255412301
87545 954564457
84107 805003817
78119 562344497
58473 224874289
72653 316287391
73829 670388353
93229 426088251
86029 756946683
87577 350956307
57511 72923091
96737 16964991
93113 983803745
91903 314909479
90449 80851399
78677 288306313
88953 538113857
91089 691697909
57945 23270009
38207 85433565
90651 648382305
30103 108998069
71563 299664037
54987 234626955
95013 296471815
87913 925929471
93091 989318483
67623 48480305
47473 213976927
58285 321292291
94133 514929601
89099 273561855
70303 482859639
81279 99707799
97453 682521305
92237 476192185
65335 352555141
84231 127638077
61735 396164641
78259 14729835
95961 979261111
11665 9285041
94919 695240495
82293 493145967
86395 496443007
64793 9163679
77243 561534193
49747 97587859
32475 81435075
64313 489999665
80583 701257733
70659 325750887
99621 501600829
61933 47597927
85969 871305945
41805 185219851
92361 634350165
70555 428305611
67565 183634289
68403 581599541
77209 11556115
56203 221301627
86665 81748319
96125 133615425
99643 238281199
90527 619141821
93357 306688183
81745 110644197
96487 959252403
52003 199271249
77365 484018765
14169 23330545
15213 19487097
48075 161346849
94767 74098703
65125 13705133
35593 4533783
75915 27428055
55507 255328189
96915 844026769
47347 3670087
73553 133181491
43547 230985877
88761 769621717
78953 639849821
42289 44627261
78881 169697293
87189 169799797
65393 528514773
86273 808155739
70549 338444979
56221 32547843
71889 340362849
81349 391919395
26027 16161023
46699 203381303
74693 334418527
95911 1036162917
58875 292132291
78839 50769375
11987 8724001
73833 358340169
78427 79139275
15825 336033
91535 244792185
65143 125257865
82663 173900903
80587 186506331
85711 476348905
53447 153065005
92957 912438729
49067 108097139
59861 58561917
86367 704721469
74235 24332071
71263 584322719
46597 148425207
93083 562824217
97217 166551493
92213 58684701
67135 132851215
97839 80578195
42885 152420065
82711 167246475
99311 294515201
95321 1075950649
80245 549934981
93751 315793707
57709 283569209
97001 1035402991
83711 271506089
78005 60169309
92307 612425715
95409 959753861
56711 295517003
62885 311158683
84063 85072577
84547 435114607
55069 332083447
28913 90393559
91111 250197815
59205 233400299
74539 593290871
99569 252555559
48315 107895613
86429 412288081
91939 995922151
84583 666088611
91389 702908509
97345 709131207
52239 14384159
69647 33254663
89269 399821763
88887 26369947
87719 166674271
72277 435100903
78887 678240655
89051 18782541
39505 30632749
86819 735674609
38259 27968935
48465 23335143
69217 474919441
69701 128705793
19083 15028183
78839 708071783
56731 138057467
31265 43969425
95121 713528635
92525 863554995
26143 73860025
90173 558072951
78527 373174745
78979 296840411
72675 438768297
29837 93645699
98361 286070219
58503 156980341
91971 512281413
77507 723463721
74033 683019545
96713 119839191
83799 798555309
51679 139533765
95611 455271607
44919 118283579
54923 117212305
66475 171071267
86701 263705283
98537 537278623
61601 378587165
73601 338439937
81811 511140857
29233 44282843
90873 661079005
72143 485114905
45507 205582205
71707 636750333
90315 864669493
93229 1075080913
49745 284946743
73383 429194121
99047 807726557
92667 261411939
53409 281331605
64401 348275271
74463 622714921
73483 11812611
78295 479960203
89025 799102151
59221 103257371
69267 23843089
78007 294000205
84505 61098539
96007 115454711
94291 379686147
60865 367890179
94875 449502635
85203 99673853
80593 535741617
38743 173822131
86783 923155729
87821 108178823
94625 1013594045
87337 357159011
83867 489121487
23991 30781025
67475 164859263
20181 17959917
82791 335685137
33333 112075113
99297 1082496409
94931 442825117
40877 45728885
68097 454497907
84515 388473311
90651 883850665
73657 602353543
94059 193112575
81391 798781899
99045 497700021
47939 249773191
69217 516731469
21161 15092911
99797 1022707009
98745 393383277
89185 669617719
91961 469951417
83691 391251353
90489 535731093
65279 433555779
97103 162188175
54267 114169217
94315 264372843
92349 227191081
90743 417781091
32447 100727069
96497 532053917
89617 839674249
52483 162803385
99605 484819745
94261 658984145
38187 147049711
84571 388182151
91315 979703169
90685 997892003
70283 569364159
98019 1009508737
88655 788045961
84353 597972707
99523 362456571
90607 715376981
80777 136044539
72897 507324155
99827 950129809
88023 346004029
67685 180961369
71045 178707247
58459 30169973
92077 259269711
61845 334748409
65825 111287393
97569 661996067
42001 172751013
88511 45900307
92097 513768107
61947 200501997
76395 685583239
60721 33581417
91455 334545281
92845 563063685
60659 99670601
51699 197348853
94197 674957417
89855 475032155
73329 595535171
75569 560372913
91901 913134343
86199 468012041
64857 364159357
72831 324391705
82041 409291287
82445 844550655
85431 463043551
93905 634463049
55615 19211397
73241 236002857
51495 194943127
92505 887629637
46449 11311933
75541 84638413
83555 162087273
65777 534390245
87719 769955463
72633 116583251
33013 92751829
90153 756853885
68767 451045935
96837 780178569
88203 345806043
83783 319495737
49553 76907721
22401 37740537
59975 114768791
33117 46849627
83659 755275475
88955 360493181
78435 709357485
47575 55177547
79513 639706541
78161 297164979
95637 960691005
89355 865230875
84611 307312571
92999 272619923
51267 114251531
46373 5175667
62363 142864959
61345 70670561
48017 247736599
82819 9798349
68073 32583649
89547 411082917
90809 452179581
96695 333234085
85569 871716787
99919 654207631
72841 365382061
49481 261098293
85647 373959677
22193 756607
66879 518664183
95805 305637721
56977 106673393
85497 689899093
38931 25237375
80233 46070487
88779 804002537
50769 5603523
79445 521778381
84429 766788077
78485 402108885
84183 174592543
58123 127055839
92855 495629561
76407 27543809
48797 35045317
97537 91514781
59125 403213491
26639 15106657
71589 61439877
58303 420927929
70141 548261669
69797 47490109
72935 14003461
74883 294683847
98463 808420055
97277 1111586251
85337 189225207
93877 299404263
84941 331969787
89015 970674487
83113 269048815
60615 379509945
93541 506413573
82821 556733037
85627 162599065
30493 16346611
68787 401457881
87301 1437769
93119 6328789
52781 247965309
95469 956930609
59737 403105205
96541 848827729
81823 315239049
97879 767292559
88227 725638169
78849 363995575
79073 228510503
98697 664379659
63431 371493379
97627 695050751
68833 183144679
92913 337209497
63137 310584151
75263 368384079
66997 538506903
58103 223856335
72925 179707181
78447 362875853
92077 629611573
81955 605753247
85933 348498245
64315 291137653
85667 344712287
83349 385564559
89867 16789713
83295 391527127
49109 145383653
50295 102084401
81877 499940509
81543 794418453
82849 625362353
78753 385797775
72393 604508147
78781 263143297
68747 278604137
59509 54713383
69971 204600723
78175 268095547
97421 519143613
87171 864808273
98389 722085089
67811 471358257
73847 119184487
55153 360430137
92545 72228017
32359 33359883
41397 187153305
83547 131882749
68971 277356957
55497 361999813
71373 306170261
66083 445414163
89399 833604605
69713 364651389
77649 288445735
70165 400458215
62457 477593623
55685 357575083
91279 704814651
86205 93808665
91937 101571479
73563 550729177
77453 289247699
20765 15799517
79297 556466873
73843 290429107
98847 731202697
59703 294942183
72525 464307081
37887 125653089
92789 560865395
73055 270029523
31269 63363101
65407 527875083
88049 936912005
70917 93158311
95167 813012745
38645 59991737
66515 293770811
72783 319965339
92387 951724687
63887 265712149
59839 118872827
53243 288759531
50349 149517037
97315 1124131879
95047 269789129
60763 105105489
53681 335818937
82105 599612357
67541 8237783
67275 95020321
98355 284564153
52319 127324211
66985 51643741
96551 125517623
51397 126413081
53865 219193033
99775 788886421
63869 162322927
64969 500049499
78135 169100879
97741 459365137
84309 651428567
98703 166230687
76405 509421317
79541 33412665
42089 206920399
84777 832837811
38669 6060899
60905 5603019
98449 795993047
84277 452210479
91733 501072349
84237 741928015
74873 671128361
98369 1001050303
51213 142470819
78597 324453609
98755 1217477347
65547 461802725
94485 506623535
51779 174221555
85173 812086053
99935 58581151
99307 1013118739
84805 440294761
98249 971765349
98259 1038803183
87523 413493013
77315 192185361
79565 604973495
92969 438586787
58103 53577147
90439 372167421
90003 529639779
91895 903076271
94659 1009029131
88813 413544529
76553 62216547
87631 776062959
84591 442075107
81761 804585127
77173 350894991
72125 341371233
56329 77270429
92141 417116143
67351 334659551
54769 89083125
68917 403302111
50351 194053985
44293 175277685
76789 275634471
66107 246874557
43975 134401777
84439 361737827
47345 262481191
59927 346930501
69885 426883087
40015 42317857
82111 203768545
57039 54918943
61297 219219787
66335 475572963
58581 213378643
94199 492147813
87329 235572213
96059 826521511
59375 164068891
98745 1108879107
93299 189136529
90931 659039219
97975 1036228671
82713 105609873
52337 196723339
74129 450227551
62259 387043407
47797 252600795
62057 432450289
81427 112477697
70645 283777055
98245 138739135
74973 444451715
79927 431377439
83807 60698949
86271 160546447
58213 368720661
86133 886926697
90039 426264983
63981 446524745
73303 602549261
77447 453451731
96091 269849909
71187 405182363
98669 1066602179
56463 341938637
63983 139291355
81015 296281627
68717 492780507
83179 42642565
26617 67531995
82141 304474307
71713 358220069
83465 681523035
87243 948983125
94661 312034609
80031 745444505
64201 422277153
39713 47148331
90245 484464431
98049 695068485
97755 778004075
97821 1185613601
98795 1141158685
88981 268231057
95013 366455401
69037 50987567
48479 57194227
65245 252480905
67283 306777823
28855 11884643
41947 117539861
62347 188712083
84241 557606849
71105 244894003
61189 96923753
89353 375035489
98763 1011092379
96061 353517371
98745 763577597
86135 772645869
69519 479518773
86901 578852115
49845 109012221
67981 142418633
69901 129069559
81729 519741555
43395 156028681
70359 559117331
83713 109910053
96715 901786857
73277 515498455
94827 371424765
74053 529352993
65061 182687959
49669 92163745
92665 439943385
78709 529178919
99245 1128199383
94751 31835593
91447 383275593
92841 126130199
87759 195139785
78345 179733907
75759 124344437
36493 36260145
34447 74058589
91105 945247361
88081 236441645
91569 70451599
49675 107051235
58733 11456507
85921 405010883
80903 241578869
87779 85848061
44327 237094051
76565 208454303
56307 55650225
63091 365480265
61839 50079393
53193 192078399
43949 144572065
84621 89613551
91487 380154807
68465 423987613
25237 26314747
87821 535123615
69183 533630069
97065 64703393
95165 733807635
96519 855183755
80995 399767167
88531 152492875
37633 53316853
45647 256532861
91903 619029135
77963 716722877
54947 82657183
50095 258197605
70771 537503763
91835 37143193
92761 362435307
97609 10082971
93527 808187155
82945 293926907
91001 138843133
72311 308078519
87795 454818405
83019 737651809
87459 360985025
69357 494805449
57369 124421701
68025 437421477
71183 560373871
81805 8449283
96441 286213417
82021 178720361
18243 9413893
82595 826544861
45353 53025723
51859 323261065
98381 818918207
57601 267894141
63593 24821673
63651 190597601
94535 345134765
50197 168310337
98429 429821135
47163 202680933
73055 259059325
78873 233755177
73509 531598065
97123 141103429
51323 134969691
88285 36645839
88717 257553997
99107 686775155
68945 500210501
44115 132268139
96747 482413997
82797 620337125
92409 291028983
68703 533232613
58133 65004023
90845 458369999
86013 559993511
72947 352288053
24477 9507023
95479 185101657
99127 890324365
43367 234183511
78639 62743567
84059 705259559
52685 11293701
69751 205419513
89953 804671021
59535 130386451
72593 365959805
42603 69363489
67645 305938589
95793 782376673
93189 429906715
67023 355928109
66639 19000949
90707 490955785
99913 1205318435
96687 812359845
83127 82287249
87081 694748169
87341 59763831
51503 166315347
84619 468897231
86259 34398043
77517 496507069
96493 48507175
99061 92238837
72059 578424319
84785 399488875
46295 158443957
99371 349729453
82239 581443465
93851 403215763
98347 1128657709
79791 764909213
92505 687207867
86845 761434943
97665 881264187
91207 524243009
71245 85032151
69285 355355873
75061 67909095
85133 101465373
79953 598487775
51929 5215099
69295 91818871
97175 851554413
82231 67279653
84977 801416269
85933 908668875
85735 245717587
64447 144108181
61635 411502849
79881 222044187
91293 837969603
52289 248948393
83359 575962445
49265 284692339
82619 63548293
94909 57810575
75517 226181221
82113 84341101
62189 413851611
93957 413774087
84787 517081339
91039 978577245
78941 289778273
76525 598511109
70511 231984579
61499 156586351
92429 640671625
88365 600229375
91715 388517411
47271 210667653
90423 104122903
95083 1054562523
64263 130749253
34667 95283719
80865 457818087
99875 982824461
94739 257198249
88293 426826497
55587 18995763
86341 801415457
96801 1063293381
79765 385016915
86127 359374695
76371 248473663
33493 99512921
94169 221755777
84427 839960131
97025 1036250215
80797 636134611
65493 186409057
90221 889101713
4661 657919
33553 70137407
72251 211497037
91127 165039075
87197 562457229
32825 94705281
63691 449135637
82557 663046383
96733 12142723
71121 533430693
95635 1073208785
99567 977183643
78703 290918341
77897 475822073
69739 61488243
60933 13900557
76873 442723501
60451 367668501
75861 495383345
59137 433525501
97357 60635041
70457 289626791
43375 172597501
67025 526685561
80453 76041069
69593 582130229
98453 550548401
51825 132682469
80293 557545453
98625 232016847
92817 473338667
99183 496973603
81705 655873795
74387 491821113
79439 340616631
89895 193302281
66883 309276791
94655 1016674985
89085 320663583
84431 376877613
97753 1150516449
53873 245562207
92701 424172279
90353 59280243
71527 536756347
62405 284919379
44671 221928155
94457 674068493
65167 65848167
73787 316505081
58903 343327259
95633 220967741
84107 874663539
91187 540712167
86761 85151937
80491 404339003
48779 84650507
80645 211962327
79495 255153787
95739 757790489
96129 1112175537
88773 135265111
86845 345059843
45679 76851809
89659 72776919
53597 299370563
96879 1069672737
45173 246158391
54943 299531615
41335 151651381
97159 332659111
97603 54446521
66577 177758245
84261 283013469
66533 144206043
65705 69210167
91613 732609411
91293 773621551
93069 679416381
78409 623104275
77831 203713835
6283 4274083
68551 156662731
50875 108744541
88187 159577127
45543 123711687
