18674 365627284
37630 8297714018
4293 370272596
64933 3732305166
-33809 5235311546
74656 7002688776
11013 9862023454
2812 4919586516
-57511 7097460258
89600 4416802840
-51612 2936880144
-23796 5036397590
-56768 8873370828
-98676 5264172168
62708 2646487020
77140 6482972424
-5360 9606696644
24141 8714247802
35609 7337188460
-68010 7908052626
-61174 1970225104
28524 8794052998
-35941 363318154
24541 9481517514
57517 3927152082
-92921 1570082128
-74145 8379021654
73131 8558540464
39981 4748777234
24562 269527700
31250 973657468
22206 2205031842
-12865 4268705848
57040 5508744152
-57746 6792759516
83351 907561058
69799 7386579350
40530 7804475392
66164 9017175826
88906 9030020904
-656 7522068112
-84172 6046657524
24521 2897182162
-55650 7833405752
-46302 1800626176
56650 5978427730
-29895 2668987766
71366 4954754840
34084 5070977608
-85856 4567152454
-31005 8073469338
-5985 5548356430
12682 3838338116
-48032 7120634968
-40774 215940006
42680 8539121384
-87765 3856652782
62017 6797653796
-49526 996968786
36736 8223103844
-6644 5281895674
-64949 7861912978
5657 1560966868
7422 1365287778
-50670 1483208080
81670 9755624440
86618 5264268834
70576 3548153968
-10345 7584013282
-44387 7512147884
-35595 5363112924
64858 8474040306
-86384 2932137070
-74418 744852966
52982 2923664070
37357 3948537650
60475 8269539204
-86954 4213146754
-34170 6031458064
-4585 2732478746
-57152 7636039050
92140 6416162564
-1960 1336169552
41171 9583990058
50085 7736649554
-27843 7797387726
-35597 8132059896
14594 7860817272
-87358 6686043716
98970 9977442462
9328 3192209280
26484 2434441732
7274 70326446
-39790 8714583076
-74141 6007977486
98562 9898707548
46411 6142466014
99349 7389283216
51102 9347256362
-64414 5113127692
62100 7860451142
62167 7866042188
95866 1313364350
-57629 9666944536
-6096 2063475594
64570 9128979222
-48448 470188544
33590 6849958802
-89178 4122929648
67588 2166012378
23857 7961491328
-88697 7427760032
-8802 7355259592
39901 8392023998
84315 2282132714
43427 2088526672
-32087 8105772804
-49273 333812052
-297 6086038016
93418 4247871436
-94876 6339794882
-81103 7547240654
9804 5710696746
-5394 2701322238
-18206 4657815696
70449 4952426268
-69247 6364414168
-36426 3268062142
39095 8173995866
-78436 3338467888
92034 9078300996
-58655 8555392108
-75586 4504337152
10390 6308537780
68291 6662166344
-76644 8835640386
23884 6843022592
46109 1415906616
3074 9434600376
-42810 5783923304
61689 4119371192
-65069 2128966056
-58249 4754988122
-52816 7681858914
75734 9786138608
42665 1033630324
-52860 602668688
58828 7084114068
-69800 4658860164
53235 878603934
53312 510025638
84602 1770758628
27214 7302046666
-8603 3155176474
33464 6819213356
14305 4429150994
87297 8112193088
-58487 3819851520
-30748 7203380944
-62483 4269121870
-65209 6570436414
-28731 1862396058
20078 172887572
73078 4625041036
-93438 7168014070
80957 2287725980
53448 6538476910
-90431 9746081386
-81853 6664440220
-48788 2924521590
-31709 4644536944
-46 1479359994
28239 7308848530
15072 9422192764
83870 7228922850
78924 6759533696
-31150 5166256972
-35935 2705460516
13488 4901984954
15986 2202155630
19780 5297013704
6354 378208788
-65850 5582343030
62568 1124349512
43124 6496291384
-7763 6583968846
-59636 2037162616
-35936 6562603412
40884 3044814174
-81141 4288117134
-32856 7179880544
-60684 2568673630
-26318 4991119322
-82618 7420503912
80318 6745686524
3364 409505980
-99262 9065002326
-39822 1799708178
-57943 3756963502
-62164 1039242586
-1796 1739047412
38985 3147807822
59091 9201278714
-45926 716975134
-49328 6066174088
21963 8675663058
-25688 7164737004
-42 8950152130
78071 8617881834
-14709 2610965158
85080 2286365880
63939 3323989190
-82049 8215365484
42573 8124069898
-59534 6993208038
-58054 451065222
-12678 6799198366
40964 7263209070
-56999 5088437270
748 3283162542
-18414 9231122258
85798 1691255210
34733 4894251726
39362 6283558356
79393 9412199022
-69412 9271039016
-86744 9238647052
-66730 6925064818
51259 5845967370
-59762 5559721942
-46184 1021924438
61205 4755507146
-6809 7217448150
73003 2938825288
-29546 4102641166
-2547 8315855838
70217 6494031744
585 6441526044
5766 6484605636
86450 2968100082
44561 9464754846
49541 5088149632
32050 147480318
-74315 1062075520
67510 9494962824
85940 1515011006
-77320 9659731818
-41354 1295591164
-75334 7302516052
-76593 6560998558
61899 6184184814
51343 8946215304
-48600 2388243944
-67730 4834900086
-12993 5284864362
-46086 6032827802
37795 2787862550
-39401 1561738558
-25192 7405504474
-64611 6429483244
37706 9229149460
-25331 4918569290
43817 9018232324
-29451 6602929334
-231 373967740
1766 5259900702
30940 4094854472
69890 2939124792
2299 4611742514
-28730 7427990622
-5213 5505415460
-7748 8626320548
-25445 2017761646
69696 2258157628
57330 2442001980
18207 8835692644
1458 96832936
81496 3306541800
1527 9174151464
-19453 7529629878
-44463 7635011704
-2728 7799858516
-87473 8122128514
-7737 8244345286
-69794 4352174598
98203 2931756032
51499 5129229818
-67429 4854470610
46029 4200374358
42983 1617493690
-76713 2802030846
7287 9915621424
-39883 1288784914
-19162 8124190008
-6667 7938082914
-80521 7442726476
-3555 4448946382
-72490 5156900300
231 7692690970
-1106 7236074838
-38302 5499819322
91174 9654559134
60969 2968080470
-53081 2076252562
-83140 1530991000
-45481 3764492618
16427 1230090486
-12577 544156670
25288 5432276072
46611 2465090190
-88099 4982390302
77512 2887190884
18236 8509066328
-62998 3749383596
78611 4902234112
70843 4367024898
77927 4675063528
26100 7277444760
-24232 6648330658
-64029 4635129524
-52620 7046636316
-12935 1041590826
82228 1675284142
-2205 8294453640
5300 1030380276
16870 5074238872
-32329 1539888090
11761 4068249362
-13411 915320316
-29789 8217720940
38483 5853090730
-69860 6004451976
-82642 2848139490
-60373 7345645760
92455 9545629406
-55216 5949725598
40417 5987328406
18614 3773090100
-68762 4138336304
85339 5933736208
-62788 715441508
-73294 1011236906
-64687 4932056334
58100 8000966986
2710 8734960898
-2983 7374256206
48339 3102317350
28858 2796671288
17789 8289838404
-79891 7700232586
58830 9410256532
60875 3032552736
-73242 2627645024
-7096 7813299518
-92596 5826269152
-84097 1170448574
-56674 7470747632
89971 8544364776
55305 5511855190
-2308 9987762744
-54128 4294186324
-71032 6134342994
70849 2748301204
-19340 905384530
1414 9637382960
83044 4157177214
52735 9752268988
-68138 4879605172
80721 9573340248
-20742 6901027698
10778 5867865554
-57129 3978897526
-77078 7766552942
-68685 5515441310
-75728 4106813686
-5465 1000273690
37206 4397952022
90216 1442336050
32894 5492893512
-98952 6612852090
77767 2242734198
84168 4740254798
38660 6511708454
-55036 6109453756
97289 2046786180
-54335 518231010
-45796 3826247532
41190 7449496584
73275 8052128272
-91439 4842706836
5370 161129802
66516 6904588546
-41136 3851142126
-84978 8615100724
59317 3693283298
-40365 510141556
3013 3960794100
25896 2696598186
-66964 5209086478
-78329 5506752398
-34657 4572976720
95267 8739469866
-39120 897746420
65923 8669131518
98077 7344693196
92354 9074064264
-2442 4226731738
42156 7658881880
34065 604623008
77819 4099870034
69816 1116753504
-19829 1572189788
-65787 4943305842
-82320 1795678312
43511 6660537512
-7574 6321029910
-40125 869894234
82986 9064934422
-70270 2517951004
77339 7948038322
-26463 4197028152
2198 6310324904
-52812 5936836482
15848 8563874456
-57921 8958476448
-26267 3624330022
-69437 6691289840
-80805 2609371078
22109 5297203682
-53285 5749885360
13132 7003590114
-1826 3799389748
24323 8696614634
69775 7520467212
50895 5028636154
-98367 7601569466
62019 7304109310
-69324 6096817054
89793 3537192534
-1933 5433469652
-249 4194222448
18288 4330149320
-42831 8944401604
-52737 7837511430
39764 3809116564
93699 1991711130
59896 821434410
23784 2402706720
18722 5826118706
29777 2584872132
-52400 7411101844
-64578 2096408704
-77359 5587204666
95124 5434184874
86453 7674911364
-14232 3910932962
-36900 1192461178
-97222 5269243634
12135 830792776
55657 3167103896
-65934 2113653990
-81058 5961151218
-56569 746173750
-29849 5052234882
-23432 9191221614
-84383 5325956624
10786 3919050142
985 7484337220
-65080 7836741886
-72127 2760140388
35153 9309291852
-45561 571743676
31796 9294855150
-55252 7077109556
36935 2367719758
23377 3373440030
45230 8207283220
-44457 5591444942
-56087 2279355206
60432 667983260
13396 6185729182
96448 7089250166
12285 6009837712
65152 3683928794
-92061 2628537414
-26981 6413580032
-3983 1817373066
78454 1468315412
38322 3054847336
-92484 2027821324
6467 5829274948
-12849 58676666
76931 9000119230
-90282 8045218258
-64598 3676057916
-62621 2836699376
54737 2322715770
-84288 3895946014
25101 7458066416
34154 5770264770
-63975 9358651238
10525 1537231822
51738 4029277770
-13986 9911301832
98891 4181238422
-94417 2539172204
-9066 3089070578
76532 2794680550
64961 7608388722
10501 291710584
-30339 186674714
-27240 9983869014
-9405 1374094782
-88586 9230831910
-85894 2948711636
13808 7756824602
35509 5971011776
42055 4505441908
-23250 5309308866
24515 7974378550
90766 9432538578
65712 1526912754
81975 9085156008
-25512 6879752040
28831 6820584206
41883 3429316218
58922 7376033350
37118 5902802864
71121 1257167948
8919 8129868942
-37926 5324714082
-89958 5310574026
-66514 7325723220
31356 2275223792
-62930 959241676
89305 6118173342
97846 5652693758
75675 3582752356
77784 8404653442
69819 9772449552
-60403 9502486098
21194 1608151966
38500 1485227000
-76759 2629559028
-30502 1049948866
75966 9238513712
-21876 4670528868
91136 7443758256
50013 2885076748
-3929 3753353318
66814 6600521344
-99579 4417110054
-30022 1360136362
-52973 6646481194
77498 2151581784
8297 3383222072
-97781 3896480914
-17810 1899266876
-59779 4350956924
-74250 9311021480
97891 9630232176
47334 1030733892
7365 1464078258
-42814 4022626394
-29335 4482140876
-90450 8401842522
44917 4090722258
-29256 2758931604
-2975 7965805318
567 1363542368
-64687 5055465310
74135 4741396072
85396 2499379372
-58199 9902907544
31120 8498464446
52328 8422538636
-54633 9085064502
-66972 9355636902
-54779 5612759292
-46624 9659295760
-49772 9498939372
55548 645955282
27386 8551492598
-67521 8964119780
-53896 1973721270
88389 6132161296
-96144 7549037552
93444 9581464210
-27470 1938152350
-71691 9350514632
-53954 9025344970
-66415 2409137270
70598 1319500042
-61976 5463336620
-74619 7194767154
43034 2826634436
22324 4629377674
-70220 4656597364
-58682 3785578388
-85751 1066087424
-32216 7107515534
28072 7883076208
40133 1017504968
-60205 3120986372
-21413 9415241154
19836 8024743984
-80807 2738584016
74438 9319298876
-52553 7814908474
75096 8362084194
-39384 9268250950
-48953 3404252012
53573 8730131138
99219 1410410724
-77597 6152140718
24846 3998230320
-87766 4631924008
1174 2872736296
-90613 1815040172
30919 5668134550
68019 8125428786
92956 3094910522
-18820 7264557620
-87395 2315167502
-12529 1510290794
58901 4448572452
77817 2363093780
-12646 2154589584
16302 6113582614
-9311 8189027084
-95871 2992612302
55971 7228441110
-98241 9407484788
74219 3787306668
76336 2624890588
43055 5972245292
-9026 6819406188
-29001 4290162706
57957 6236489914
-38399 217148430
-17142 6937327610
13580 3285863766
73754 7327238124
-96577 2639146544
-51515 6657555108
-60270 1748488178
-91182 7735502428
96405 5289544036
68562 3668619736
-37391 4544571660
96528 7262185202
84270 3244818108
55342 9235923746
3943 7107955254
76234 3431029396
-8501 468706276
-66416 4432997084
23328 7961977004
73875 4220303376
39366 8006711132
-21711 8607368356
-24767 5541931194
98733 9715312054
16780 5086785248
-26028 3413332936
-52713 4728511142
-90705 5688095934
33657 7219061772
11711 6481810344
14314 9878685726
-34068 6250820262
-74015 3437562226
67397 581605448
-25246 4586982738
-46722 9483155776
89643 2050725400
99630 2457159442
97978 6326894054
-19564 1386032910
-82086 7244004922
-65041 5037138534
85364 2750622730
-16929 1305713026
37730 3049448318
-51217 4433245558
45596 3556239042
45403 8443393116
-75020 1124667416
-21542 8594028690
-30829 2463572732
16180 8265668870
-66284 8532899480
42653 9049407302
76142 8923920626
34348 5430436234
78644 5538575908
65971 8091493608
-64410 6964265050
-28879 1410258528
15211 8798108624
-71778 7081253668
29507 7187886374
-66852 3248610670
6180 2048763930
-22683 5474605146
20188 6116108258
47374 5135092782
18597 6583389936
-47677 8935955766
-34224 9915060822
-76278 8433683098
-45015 1963191274
7094 7114391370
92823 7982902286
66081 7778815248
77299 8334478212
16463 5766535338
51938 8992504412
5461 9892936880
-15273 5516797384
6756 3409561108
-524 711075136
-68582 4795095048
92398 2567733778
2519 528014056
91573 7953906436
52799 7373714166
57937 9706639814
91491 9775480670
56511 4373604820
82486 7337431346
34435 1724373392
88810 2895557732
44073 2752676450
-83760 2587418518
-98114 3241374360
52468 4921241178
-40062 2801676082
8948 7668719704
-68229 4770571360
-41270 8520614742
-98552 1963733010
-29737 1548257408
-21467 8173116466
83056 7047451922
-8431 7549222278
-96852 3085269954
-19243 4481894546
-78338 4731273242
-75968 9764410906
23165 3198652670
-64360 3806616660
-30686 9365964692
97201 4548148864
-85906 5864696002
22574 4173865376
71038 6106434098
52731 5295210592
88896 7986719646
50552 8106378344
-85562 2193554746
42846 647966456
-3326 1737699436
-19103 9017664610
44216 7334889028
-54772 6937462964
43382 5787803844
-50294 7709199984
-55542 2472460318
-37671 6378334574
43884 6595478182
-14804 9557731554
54301 4904732006
53750 8275266708
64790 7075509836
84214 4161034676
38281 7609805586
44692 4648044934
59790 1920459650
35437 2390832526
68379 8823431752
83291 2525718256
-51086 3646073996
90609 7378614510
28801 6078072302
75652 4867344798
-87796 7806105740
-81106 3003368628
-31799 8010298262
33284 2222932738
44260 7387155040
-14576 888960304
-93711 9740067744
-71193 2317704404
95320 6733597866
69830 6149462456
65296 8367067974
97928 1961851536
93819 4788651710
78259 6535267344
-61767 3382951958
-4576 3655626574
92124 4760040190
-20124 1649743848
73240 8260166734
-61536 9372468744
37253 3272987652
-65112 668188548
66420 8004182352
-69629 645538012
12731 5826661932
-11999 6322297566
70822 6123337452
40998 9040439836
-60370 5945573918
-23976 882627462
-80260 9119210304
-93993 4382462998
-49495 6141373226
-39434 8711691484
49122 5093052174
-15945 3022652810
24862 8189357436
18194 9057290978
-9367 7546644146
-81008 3735766082
-82361 1436688804
-63172 5745765850
-89986 2760922236
-32260 6982570212
-56371 4939513656
48819 4772004190
95182 2000740098
-70407 7633036090
54909 7983899760
29767 6795489740
-24940 2985816696
88274 1616455862
52355 3550751228
-38424 9857092830
30765 6050616110
50545 9043542204
-67229 6725420610
8992 9326331784
-64208 4977706388
20301 9194857664
-65257 2183759786
78969 3252428566
57707 5381858234
-63058 5134806564
-56510 1384984904
-51633 5970386190
8672 3979056022
-83137 5855976036
-51954 7005363038
-6303 9483159128
-56193 9696869472
69893 9368107738
99243 3567025312
72661 5879169360
19783 6876414802
-45322 2888900300
42525 708441236
23450 2150328426
-9501 4352771592
18813 8566692542
6770 9617387130
-41325 8965799442
58927 3237590330
-37447 3037457888
65758 6222922288
86024 1693237866
-15533 140226686
-31988 3330163380
-38229 9438351854
-87249 6425325000
11062 8473505484
-9761 5734830352
28164 4413490884
-11462 5800327664
-49809 3092558982
-49950 4691839722
-43135 9509375974
54575 4255011438
86701 9315406136
43059 9278085810
-50309 7498783476
-7722 146924778
69875 9476813864
57547 8564723182
14764 2190506320
-86713 3945722162
36213 8319327010
50780 8531607344
46453 4726039770
49998 5619698442
98607 5689288514
-53148 9498065916
2986 7267719568
-23702 5437825784
29892 4465789162
68261 3665344344
79323 4391815296
42058 777493084
1237 4803254756
22352 7655722364
-81755 899316278
81622 6195800780
30445 7128684614
60526 9678659462
-33470 4639359544
-40384 440782178
8769 6968166554
33110 8374183656
-80117 6815976402
-48687 6537438576
-36163 5322939360
62765 1209335210
87634 6435595266
69680 3948687088
-53831 5109188028
-14400 9355297262
-27889 3052169332
-29420 4727999582
-96741 1873548214
69905 3625624664
-94399 5094671628
29842 685533602
53259 3514266670
14132 9370752818
93689 1212145488
2008 1686025948
-86406 5008602248
-32019 3596569972
36363 8470367800
-21648 7225459852
-93069 2442714304
-53368 3477528532
45152 1178780642
75650 3090324124
17762 4556372256
-70108 8345569790
87773 1004036562
34481 3270749712
38893 5838489766
-45309 5354854566
92204 1810837166
32241 6713370794
-23321 9203495176
-6037 5775243386
88352 9538099328
-85736 5344223952
-25306 1308359928
-3053 703091832
62953 4862527630
81863 7998739404
13361 1510338718
90702 5396348782
81608 2937692982
62046 6183915586
34447 2890918590
-88303 7903684142
15582 9362345834
-2851 7372627526
-77518 4188920776
-35082 7454160460
-71879 7552187060
-75879 3774187604
-67959 2897040202
-81766 1042119906
-7124 348913062
21911 9055227434
-91455 5514632646
-18150 179717984
53226 4904476038
93653 3333029828
-70851 1058383864
-72983 9762868552
-73664 3194864368
84233 1110188392
-80119 4826655094
12233 429698406
91369 6952511318
-22020 2531213556
99556 7783822854
-85410 1171869298
-54265 9783370646
36744 9958689450
5606 6933445458
-6631 9719085294
43845 9046646824
-27746 4415495954
91007 3074828704
74377 9180137720
96028 3325111688
43309 1333399406
21036 1456143426
72719 1320163908
45623 9616116802
46 6970471442
-93239 5506904474
-24065 256874132
73775 8510523150
-72274 8342455180
-81943 5372384500
73217 6932366716
97370 5561134402
5796 1141704750
16894 5265339188
-25661 4323049388
98790 1514355036
82845 4744429594
70914 9556694458
-83716 5666410560
20964 92906826
-27026 3041620170
-4988 6909410190
8491 2032374054
51952 5912148886
85001 2587196382
-69620 4324211650
-42624 8423994366
54242 2484357370
36778 9407336166
8902 4548841316
60417 2531471164
-54703 5460039556
76866 2528762998
-36615 2832725690
78899 9990072986
9870 3979472076
23332 9497356092
14201 2591877540
-32581 2248979744
86811 2868106152
-31724 651053162
-18553 4820885908
-88375 3560733706
48741 8360315306
8451 5999337932
27226 8647934492
41968 9375241150
97871 3282171308
34507 1148236654
-28547 4058420584
-74883 2132713774
-34368 2672596114
-55859 2871737230
-13129 6731138706
-94599 3500574164
-63038 8441766498
-52897 2111160646
-98562 1968357058
-43854 453131012
-70269 7458809694
-35504 6668463586
-98774 1961786856
-80634 4357177420
-82902 8051674206
-29240 5161399220
98699 8507295004
-93662 8064406826
-83077 4674916542
2870 565993370
22315 9722407488
95141 1562361384
48620 6017035590
-31359 2698987572
-40850 6552313868
-11188 8008973018
85236 4334742748
-86389 8841208816
-61956 2066181128
70845 5278658272
20581 3747687518
-80046 6443180628
-81407 1882618160
-15696 6240589496
9915 8281074128
-36811 9602730556
83638 9343951686
-41271 1378271578
-56248 8530131008
48227 7964829108
75831 8372644130
-76162 6008031300
62346 2090864210
51618 6572653682
22775 7366671700
-63404 7215289190
-27774 1054909832
26740 1675666488
-19554 9580043950
46904 7556988334
-84349 5487477186
97901 2343084426
-82487 899210524
-76015 6342100810
41628 7246952600
-83384 7994790666
3842 8648477294
24186 185210692
-77999 2540388266
-82706 3092641478
91995 6538419308
28084 3245313184
92296 1589773586
-3023 6257871978
80911 5046033058
-5846 5586417430
9798 2398506498
8907 6389158492
29774 7911321600
8420 9585787126
41746 5333787016
-4270 4945892150
96151 5962483486
34454 4373855084
39703 1232271504
-53028 4195104622
-8775 2359487168
72044 1861799170
-50751 4152464426
-48558 5784258530
-51646 4535912986
50473 7020691014
15448 320870752
-54131 4708241762
-1996 9558868436
-47130 1867371868
-65145 3922901794
-3012 5705827114
64393 9231515576
90032 2636878548
-46898 3417845648
-60861 6076168278
-82468 9120572024
57018 2845981362
-37686 298841390
89522 3946884804
-75543 5774621742
-31340 2708404362
62583 5646141626
11587 9384090846
-90983 6114920056
-38819 4853232564
-79104 6055597798
59432 4061143648
-97404 2047234862
27390 6077372928
90704 7432928356
80605 6508567542
-47174 6845274762
1770 3133841736
59040 6606171152
81083 5993972116
-95271 1261717094
-58157 728550848
78086 5576183132
-4258 449454154
-92356 2766258360
86595 7740762774
86686 6505101106
-86291 4314779126
-6209 6206818102
-60779 5026142028
-54323 1488605454
52055 7175041576
-30208 1356076130
75252 2226595138
46159 494531898
-80216 4681338884
-86592 7382268378
-28063 3636062086
-7293 2297599906
19886 9261938318
57094 3653760538
18230 6524511050
-94709 9705323000
68018 4470602526
-84867 2952672888
62159 4798880554
92080 3210541654
52757 8659404180
-38451 3816063004
-45034 2178806526
-50536 7760800866
-40810 9725666398
-61488 3762448044
-1094 9343756828
-96712 6951044680
-31392 4248953032
8168 4676187860
-49724 6148542872
20234 6670712688
5219 4722235184
-89966 8685043862
11858 1622188976
69341 2987095686
-73940 6888994472
-30766 255364660
63317 6894284664
-34399 8531288316
42939 7868802610
78137 3515293038
28608 5166774260
51059 947689890
81233 6227147954
-41870 9823835914
43571 8033364348
-67070 8747683508
-38124 5047655376
89685 6236839822
-4865 6713458970
-80915 4376852366
69154 6649869150
-88790 8852830258
-64207 2433545462
-79970 4068479270
-62685 7284611806
-24359 3130936228
44181 4699088996
12104 4669331220
-28846 2802972056
22695 8954560688
39934 1812468116
-26074 296676820
57609 1574026724
-42859 9371212742
58472 8324982220
-31063 9474563564
-29671 266898264
4234 1418088058
86265 2866638884
95777 7853867564
78381 6299347342
15105 4640256656
3283 8744957776
-65859 3842724192
11596 9770842782
83436 1293113384
55776 7764775708
7543 6629049386
-22376 5047017956
75894 3449090386
-94434 2898335238
-27517 4778341008
-76553 4474023380
-52686 955480568
-43297 9002374828
61177 5737079536
-32758 6030173192
51896 3354743892
-31589 3652878544
40673 8753211388
-55596 8259462602
61961 5353887426
3070 6368652418
1681 6057580276
-55257 658003454
-13112 4716580994
25216 5408261552
87258 9355666796
61854 8022853568
55381 6546837822
-22197 7037418928
-84028 9936285606
15189 7349544418
83933 6491188610
74729 7890912322
16296 1932222194
-27829 3018785548
47449 7055520170
-40686 8131162508
2395 1349293536
65771 3974590540
-98318 1319159302
22660 3660409932
90017 9997567566
-35226 339462162
76461 6363982290
-98301 9465398016
-96563 6748384160
-16181 1675597616
-35061 8918729190
-35388 5288584090
59903 462289820
-44465 7883251242
45673 8506023666
-38007 3680084712
99859 4626608892
80068 8673910560
-34910 7724693874
74183 705990784
70314 8005913286
-98292 7707971968
23786 7179558416
75278 4087837652
-57119 9634848986
10236 6545046350
30834 3970863342
-49400 4349564924
5920 2737759930
88994 4939193862
27886 1046820206
4702 863621916
94098 3155396468
-53815 2910374250
-33488 9054360760
74058 8859305080
-75022 2564689756
57040 6219762786
83791 1801228860
30422 5813246176
-94120 7817178712
60301 4940849928
-64526 4938946928
-24883 4814457308
46839 8236321192
66117 2827764210
45351 7304189250
-58408 4053056160
-50727 4959249328
-25200 953128622
-75979 8644235670
-12962 3714779628
53824 1357418098
-14693 9222335424
65258 4309407886
-94738 1631537222
31589 6454390596
84425 2514207220
27493 8378084750
-77075 9230083036
-10949 1971106068
3312 4617226564
64170 1168675310
51615 4202729090
-6431 565487780
14288 5797854910
-24406 4413335526
-88569 1630193412
13396 597151214
-85413 1164552660
-40703 4304747392
-27877 2413210162
-51145 6425350868
13480 2401138430
79932 4007796880
47158 6150663932
-55552 5048903662
-23894 531581780
-65498 9666846688
9859 4379522538
59189 4370157096
6978 6479383336
-75443 2306419888
-31900 685789050
-16552 5814336558
61970 8301276916
87764 8816579168
122 4914237728
-85570 6456552850
-49217 2030757314
-52402 3207119876
42369 2415181810
80514 3225916236
-55808 1173731158
-25188 314554646
-7227 7459399728
16768 6727336564
-46793 2451008078
-54803 7537109686
-57691 6426553810
18804 8371329680
48684 8757690796
87553 6150537288
56727 4983636804
26680 9110834600
-72404 7957386166
84109 6719811476
83976 1867402472
-4471 8070659996
-82657 7767894720
-49347 3868348494
95975 8412180716
-11816 5433365212
37817 3931480074
26330 8857200530
75385 9224317376
32093 2463606056
-37563 8353486676
-90757 3493958220
-39299 9271090504
-95829 6164966360
-81507 7594127984
53976 4877059674
49940 5152380792
-57733 5642879546
50340 9528824452
34779 1181309546
24175 1952189468
-38672 8893199938
-24552 8755544086
86208 3776007510
-98754 8884770722
-35320 621652640
81431 5399088404
59633 9291637860
45539 8564557192
49286 5463336696
74403 6458047302
-55074 3619668952
25284 9284702538
90582 2445849546
-31086 8160128488
-26291 4736701182
-66095 1923570032
-30091 5438994418
-85958 1944845814
-89919 1491653544
-69632 4301132506
-4899 7499285756
-40599 6624426226
4323 2795020682
25378 9128518766
-92264 1425748486
91942 6361935098
-76358 7401028828
95089 7103254128
-47724 6680320602
-79120 8569019216
-80841 5528073218
-31191 6209835994
-55067 3689029048
17233 6487705100
2440 4795966200
-62766 2257383358
-37865 7583966910
-822 6555620540
-82476 3144309184
-34638 5405732954
-88865 3950333778
-90207 7589839606
-22342 9007386602
55225 9327181454
-31709 6475585050
-22350 5671457128
21731 9505010476
13944 2664277824
-44688 3991705936
10712 9591101818
22792 4448009502
-1169 6397741192
22812 3699298890
-31609 2085577800
-8566 9946859330
38261 2198686766
9673 5351682712
-90183 2599855822
72886 6102763506
-31114 4019647262
-90841 4075351702
-93618 5333965440
20624 1043789142
91872 7115893694
5755 8969598426
-13226 3682379352
-88732 1002385008
80050 9330168120
5919 1930187464
-19312 1931141938
58839 7952305448
-66912 6107547760
59321 4190454846
-32613 3560093554
-8856 1538671670
-86936 2966776284
-96509 3174560554
11811 1787139938
-52429 759024158
-35004 4338937360
24096 141036306
-65155 7068490716
37144 5188961602
-24065 195089870
49059 9172045306
-40043 9348524012
-41626 6525053092
76231 8595628056
92587 3204367230
-59603 6587743452
59260 4428557402
-79078 8210601696
-25391 465856090
-6825 2743464942
52354 9538074868
-26834 9219239796
53837 2905252126
-51980 2216524278
95447 7741940114
40146 2497302932
60894 8453884636
23780 9263804558
-5463 7914099626
69053 9788281314
8736 2823709880
-90340 5809222166
55052 6069454406
-65196 5016707160
59082 8053402890
22981 9866287958
77141 7312048348
16758 7852385370
6365 3525002912
15094 7632733132
-390 5707043578
-14381 2474051344
-18274 297595082
-9414 8810727978
9515 3939180116
82775 3916118682
-79555 4215089266
31468 1570659186
-20299 6649142286
-34236 4189118860
-64688 8210300310
86107 7111532568
43519 982371768
-15157 273909790
839 4949989300
-36997 8278965094
60171 5167496154
-84372 9327504770
-20052 6474058994
87224 6218523150
17270 396866364
-51202 8464223420
85265 3349038122
94354 8947763110
96458 9777861786
70749 9960244100
53332 5786138852
-93144 6613286950
-13677 4260728914
-5714 9140394764
-35827 1992990134
20983 2497978106
-8403 284155768
-19860 5555741346
-87000 2957455906
2254 2596135212
27187 4966513232
67396 815731746
13936 8668228474
-36039 9534266278
49785 6639256310
78455 2252102486
6618 8190386520
31631 6239576010
-60182 5687002454
78150 1555522512
-29241 2621226952
47334 2048544196
51520 5262267746
-58725 1682956170
73275 5034980922
68439 4282698832
90634 7714753448
-42811 4561471896
89294 4452749152
-44148 9572082166
-86103 9720692456
10316 5260051604
15942 213172072
44983 5867140116
-80903 9161397278
-3706 7875426728
23014 2940841398
-24127 9093867380
-74447 6180938340
22922 6834014958
-46391 7896816532
39001 9102642202
-91174 7145673238
42460 9864351002
47192 6283049626
-5538 1351022118
-40578 1626568682
-27724 9762515402
-82749 7184715978
95199 6466313980
-21615 3377210254
-29049 3495099588
91396 8751459618
-49555 9396601508
-47085 8161318066
-79339 6360314210
5847 2973847806
19363 857584604
47919 1234313926
95228 1442349162
-69743 3563159642
97166 2195607802
-22990 2417414740
59041 8060605544
20117 9809648190
84986 3540360332
72082 2220107532
42270 3685797196
2750 2116042478
71975 4216989848
8550 111938214
-20520 1046984882
79460 1369393284
29200 9798907912
87238 4905427038
-31813 8310445578
97360 1957078944
16029 9314237248
-37423 2109543036
-40637 6457532052
22982 3372395744
40656 2471392842
-84610 2449280744
-62694 7249065816
38631 1798868698
-36699 2528178364
94324 1518780072
-28708 4221149116
-89127 2738690226
-11087 2111321976
-93527 2129870064
28456 6132599620
-78631 3438862222
29689 4808609830
59449 2864238498
26146 6848807550
-96796 6913739132
-66147 3264755894
98338 1489807808
4928 616010122
-96656 9362103806
-27855 5511808358
-46502 1205109556
92448 5629218222
96780 6712829868
-43094 7721108008
-50851 6098455448
40153 5945402890
-50228 5715154660
-91358 9576338580
48431 8003032182
2248 3971512256
24869 4758914732
32443 1353130064
39170 7600014924
88435 6245059220
-39768 4062122296
-74080 4576677764
-83800 1223150222
-31841 6500632534
48111 8308770884
-32989 172399226
-75873 5049228372
-27356 6984808340
-40163 7008714550
-40649 8959330916
-41492 8513675680
-38089 2702046362
91654 5171579416
-62660 7006246100
76086 9616896480
-45760 7790123706
-50572 3333349646
-62632 8790752234
-36116 4658198134
71968 4373394742
39130 2865105982
27207 3845363686
50874 7788455678
77592 5917397346
27702 106194250
78184 3952478434
-77190 9700867092
-1812 1524308704
-4885 8228278100
-80101 1133659622
-1146 803267686
82092 6615713416
61745 8644359696
-27224 8124922470
13552 6440831306
-43184 2715643912
-67238 2924991506
-26111 3468175280
9884 6504405858
-61911 6676555750
-72360 1896227092
-39089 3362601834
27632 6029028598
-35992 4368225006
-80405 7203706434
3461 9529567322
-14539 6142265746
286 1277464322
43543 337545072
46913 9663831240
-74736 4541592518
-4420 1097659098
90239 5982009378
-30683 2007102614
18602 994370664
-45787 7237349724
69181 7980034974
-69532 1550745950
-39793 8974738384
7590 4617018390
9953 3373229198
95487 9384117516
41242 3614898304
-66040 1712278330
81834 1083959238
59086 589702686
66264 2699708544
53619 1854675766
16882 9019702674
49758 3901567722
87968 3373009770
53180 3529189920
-63136 4817163920
-7197 402265104
54824 3203451438
93198 5161309184
-22320 5080396274
71975 3150591116
-14070 7666435786
-59087 4720539940
39324 675397218
48362 6846469992
82514 8821852664
6308 1305558642
-43604 844804008
18530 8736741622
29151 2387017658
86465 5393277418
84095 1230247332
-8857 2395687606
-68841 2056786968
90727 4662282874
-87466 5727774546
2270 9456957258
-41391 9962596488
-15879 5349713856
36248 8562531132
60965 8906402246
-47242 9533785122
86695 9989636926
-44426 7966453088
-31190 9603396188
-23090 5866415816
56078 4404318350
58795 9020487150
73582 7294723422
-82027 8175351476
77181 2747567176
73570 6103984338
-52553 475131534
34817 1749172834
-91307 2065721680
-86937 4240054634
49253 9274627526
-65423 5202152562
-24203 5383969276
22741 9265522536
59976 3469194018
90912 2361284538
-18386 4674175790
14784 3354264110
38682 5514472240
24955 6083144252
48996 4631324010
15625 9700105698
38376 1552494480
-70723 3024750984
-35987 3387093182
-55119 6765841822
-32957 2439607138
-6718 9055090770
18538 7619236148
-25349 2574641434
7074 3565140728
-24890 7114088514
-13087 1905438814
46937 6762209068
26103 7662499642
9195 3364189218
-71223 2920964446
-46110 8912672266
-43954 8075891744
63703 4762705734
12955 6290820992
-46182 2137382112
-3181 375068204
-57918 1325475108
90110 5541635794
56922 3162814904
41734 7732824238
26872 7861339234
63341 8714501104
-4758 7013046770
-44046 7103167500
-97622 2701391874
-7943 8096097002
-47704 5863421938
70333 9659843872
1258 8929088912
-22364 3348152658
71404 6481519264
69808 842612774
-96606 3190895450
-64777 5746561446
-40447 7736622942
39089 3710065940
49364 9213596836
-89611 9628882270
-986 9702494900
-61309 7985197892
15942 6805224516
-51030 1028495818
10364 2887312236
-7048 659250736
32519 1128306368
-73551 5322563600
48390 955552918
-26588 9306237988
77755 4665956006
-47559 6846663934
-17644 7718904678
63552 5391201038
-35238 7512957010
59818 1400920290
-3313 8442716166
90090 6363944350
57955 1701643202
-72310 3761752572
16742 7426433374
94952 9769065958
-25451 4060417984
71697 5708053694
-56511 1657066836
46607 2569798586
-68021 5752824744
50215 4177561354
-70114 8492914396
32222 1604685738
82265 7180020380
96598 8638172326
2638 5537042288
-14847 4992799062
579 4780127216
6607 7568006534
66310 6333980530
12145 6782382792
-2648 2410641700
43542 1617803284
-99644 5362967654
-62892 9399953816
62965 1427178326
38213 9672889994
62942 4185755728
69458 1145275100
-29907 7617779636
33516 3213350446
-86167 2067292820
-1931 6761151808
27770 2760670888
-16889 4801698436
83681 9607537544
-86527 5032786202
72491 2235076126
74517 8054660542
-87216 6957473358
55209 6172462340
32952 6180210222
35477 4209024178
-30255 6108122728
-52618 7675106434
-94594 6012375336
-75722 1909865662
-35530 8939981878
-16724 2218385042
272 5556853452
-17799 6795279440
22004 8941098526
76612 1674171108
-14228 5930815196
-76009 1769076026
13623 3239012724
-37207 3026070894
74034 8352350338
19713 8354957600
-81976 4529441794
-24362 3435297720
-53137 9467412112
-98046 5587393166
-57231 9387375480
38697 3733585620
-20735 3506994262
97563 2609278322
77123 8671514860
92154 9522722672
-62706 9673344624
51316 1280198246
-16184 9382373138
-8292 8297575896
94165 1172972398
90929 3571010944
-41580 1202921220
-17846 5028879550
29660 5077634758
-77945 3898657596
97130 8959797606
40958 773157258
83840 3578807870
-11932 9783488660
97004 4932059136
35076 5020415608
97459 4320872228
19106 4485042280
56010 514433514
-19701 3499223966
50832 6783688588
-33155 940908228
40673 8300227800
-14131 6939883524
-96721 8411388914
13534 2515786828
-25669 3318517072
52648 986702302
-26133 8663846384
-83312 6188709466
-5735 6989452228
-17712 8805687520
44171 9011595804
-77111 5124996060
-91996 5320438814
34000 2795108278
44952 2556476620
-86102 3482233048
22035 7888514276
-10965 4219423534
79973 2872610280
2416 9862846666
-2893 3636889242
61769 9800751970
-48547 2057211682
94575 6654984888
-33944 4262505606
-11828 7019977406
-64448 4542551160
52517 1859836028
-23082 165225416
95998 8319465638
70304 7307061904
-92644 9405291548
-2150 7601442454
-18299 5121677556
92598 1915206104
85151 8312375246
90371 3306994200
-73960 5270649552
24282 4382855612
9425 5964072936
-22426 3483330706
-92180 7446237532
78788 4114872968
-67094 1981665048
74136 1165215454
-60588 7782950604
69353 5152082008
-5738 2269685484
38931 6237477690
-99203 9459418896
-72190 3030939820
-68918 5081459388
90095 4831116160
98250 7440214554
-24812 1474695328
37975 9809171820
-72084 9042266790
32550 9691358774
-39250 6568296402
-61682 8747794272
27413 8963457936
-35774 4023343464
-88140 4979656770
-46048 6660271632
46047 1043766296
1619 2246777528
-60347 6770324142
