-2042 -1680396936
-35633 -1478933832
60004 -6854536042
266 -317598736
21669 -7855472184
-26036 -9917110314
19772 -33945538
90758 -885297658
8488 -1240266504
-11164 -8409582690
-26902 -9852953106
-31194 -7200549252
83777 -2248014978
7571 -4189315848
-32462 -635937198
-64293 -6049130784
54152 -795476196
-49975 -4160105138
-83568 -2679251374
18426 -6242002294
-72219 -8592711776
-21340 -5975633598
-91167 -6833780554
83350 -3346547222
-71677 -8582725756
-62961 -9276811844
4348 -6751340282
-1583 -1545605714
-1829 -9290230546
30624 -5451264252
-49521 -5565514874
34034 -4617775076
18237 -5239981216
27719 -1862923830
96144 -3395493104
-44004 -149536764
-58957 -3450794100
-55900 -5752423560
-51917 -478400084
49829 -2224453606
2048 -8454143196
9532 -7860518886
61780 -8995847574
10546 -2181613442
22164 -4157345682
80694 -1801445738
-96178 1047780420
-46598 -8465108060
-11293 -6454710202
-76144 -6379417388
-7917 -9581128472
51428 -3892708942
71740 -8798179286
99267 -9911586970
-70173 -4405784664
-18789 -7584611466
32918 -1629876286
35649 -5076213164
-97920 -2072578754
70875 -5734419290
94202 -9079697364
45063 -6692626390
-61281 -4964123214
6816 -1538648032
-74373 -5067214388
-16888 -4770161572
37175 -290272146
-97283 -823368074
-50989 -3031801552
96539 -7383305454
-45366 -3563939628
81445 -7376292828
99557 -3244000336
-31010 -802945602
82366 -1075967730
94280 -1038769552
-60276 -3516259290
-2517 -3797699354
-63471 -158970312
66280 -6105008978
21737 -4694338634
67212 -9352426808
10543 -6634044122
85959 -1292542356
-31649 -1534926052
21395 -7357714360
-89004 -4659255700
77676 -6368683984
29402 -3277186994
-11067 -2440511864
-35233 -8911596316
-88073 -1838866852
-47571 -5286469110
22589 -2010276888
67302 -2056571048
-66592 -7980911408
-45916 -6892774304
36717 -2772426788
34649 -1308026140
-57499 -5557781988
-64923 -2112747462
59663 -465383038
-98949 -674202006
4460 -3888315490
91260 -5249225038
2792 -899968374
8587 -6579073816
-31373 -9468192122
-47976 -3152326566
-4521 -3047645752
-77556 -3031568024
-81299 -1522540000
64186 -2654239042
64958 -8094365974
10523 -9639785534
46958 -6169148114
8563 -3479272338
-70009 -7346032994
-47781 -9540141144
38073 -6540305050
-61090 -1647821806
26403 -3417710394
-57222 -8528655936
53266 -6871109084
11693 -2441606706
33675 -4843415968
-30429 -4366123076
43829 -1240669510
4965 -3035371718
-14409 -1442242524
-91334 -6375799834
-80313 -602230808
-74765 -8412130090
98159 -2558065972
-52176 -4164430668
-28784 -5397118756
-2823 -812471198
-66740 -8595018188
95806 -4780577878
-2066 -6508684288
-4812 -1663489886
-66233 504741606
67385 -1676913218
14173 -5954253632
68263 -3920211606
-56159 -71146682
81504 -3052155638
-32430 -9911039756
-76772 -4869601636
-36248 -9606905746
93531 -9733443594
-280 -6195082376
-54889 -1386112740
10963 -277198794
71803 -3492135082
19115 -2530140002
-72874 -1242221810
86069 -7590103628
28801 -6691701624
27911 -1519345892
-52174 -1375992526
-96756 1136086284
-75450 -2506238018
28519 -5123708016
9446 -5368574044
79233 -9478144050
40019 -5702849126
-58635 -6629171876
-12820 -8987989030
10318 -5471397550
76522 -4814982084
-84475 -6437254032
-91381 -9147263962
33063 -2841469154
63056 -5422643870
-10071 -3639845850
-3720 -6032694244
-45854 -9456972658
-87544 -485979492
57829 -4163995810
73451 -2217849132
92323 -548186310
-44820 -9396773812
65986 -8177459014
22355 -9830778316
19918 -2636851662
55463 -5537947540
78388 -9160066986
-74416 -9230532972
-14905 -9705773390
-46841 -6918996682
29759 -3962693048
33097 -134994810
-90343 -3219504374
65796 -8466196004
-93323 707757144
-14787 -8150725912
29448 -9156242690
32411 -8304637866
-81213 -692506954
76178 -2164877674
94931 -3006271046
52888 -5829153780
23493 -6628914484
-17657 -7759467552
40481 -720271222
78553 -8797680460
8242 -9554705334
93290 -4039800994
43106 -1733050494
-59707 -5028235598
72306 -9483902742
-17650 -74646342
-99937 -4616860610
-47886 -4770488498
-94972 575979660
71067 -8360566402
-1273 -1915803374
-52394 -2133842228
30811 -2031912516
-65373 -2846542722
-14190 -1481969706
30166 -5417430730
-21156 -8034904082
-91061 1024106374
9652 -2886128682
-91430 832011744
-67687 -7220261106
-85310 -1144753908
94210 -5958366738
-47403 -5157597650
-55669 -4684682780
53219 -6047682626
-57722 -7595274794
-70473 -8022232368
33077 -5375007818
-25737 -3292412494
84952 -1920184626
28695 -6642999876
-20468 -3147318060
-75137 -9166893068
56698 -6388549150
16919 -1255434042
7552 -5732481260
48554 -7445127386
53092 -5734358810
-61891 -258541786
7445 -3601518596
60010 -8733076964
-79573 -1805681342
75339 -6489590844
-5107 -7948924876
-86064 -9380087276
-18294 -3090136520
-92481 -6756885162
-80066 -7175614760
10689 -715265576
38405 -2247948026
-28119 -7682234722
90363 -8427778428
-64465 -3424992430
43751 -380353688
96239 -7901187804
-99314 -928660418
-28471 -6926159306
-63430 -7061727198
44750 -9156683406
-8870 -5138114220
-5748 -8217134446
39885 -8262278824
27867 -3601118054
15809 -1796200504
88003 -9362035952
40504 -6357384112
-14029 -9459860406
-85563 -2173314706
-10802 -4574434876
31446 -8228028900
-26090 -2718888640
-987 -4482755090
-40129 -3487580738
91872 -4225516814
66654 -9178850742
-1068 -3197806556
59004 -712976070
-22122 -3194802806
55147 -3939391096
-7303 -9680920946
-26540 -7326091090
54894 -7826987552
8849 -9855189284
-85469 -4452646696
-95941 -3640665482
40300 -3207235814
6240 -1619796742
-47838 -4925506808
-88777 -9865839762
-22724 -1315853714
29878 -8762279308
12604 -7313477210
-31276 -1294661320
26233 -3829123230
87085 -8352075508
-9998 -6096394222
-35107 -9693770794
-91256 -7241454030
-13452 -3426265886
69739 -6506060038
21910 -1886070378
-91138 -5485167626
84362 -2405061370
96263 -7314914644
54083 -5251712006
30972 -5696172398
28253 -229442430
-23080 -7586041620
10322 -7950521434
53649 -6868690280
21163 -4133460186
-80917 -2216846000
-10178 -8629622366
-76719 -4696466110
-58764 -6037848376
49619 -4335945656
7112 -6248061242
13054 -9449079086
27944 -3850543966
63238 -465486836
47814 -3198115358
-73423 -9777696168
-86702 27681118
35207 -3821129550
-82004 -8234507124
-49624 -6767075190
78546 -6503356488
-77628 -8842479162
-34458 -6417990524
-33078 -1556523062
-93572 -7402166586
23672 -818304078
-84884 -2669679254
8697 -5110779294
-12169 -3315921102
-96722 -1636611622
9356 -8131932628
26979 -2833912100
20766 -4954766202
-10228 -8419015696
-16633 -1756855128
-96428 1035455812
-80726 -9931166044
-10113 -6222313426
-64138 -1698614930
5459 -4396128280
31614 -7688668002
-13299 -6815446930
-14711 -419929240
-99805 -5912968818
-18089 -1052115724
27241 -987137002
12954 -3632304572
-99577 1077468198
-83622 -9823515564
37140 -8695880822
99800 -1669391566
5508 -3926165610
83461 -5092814508
40518 -5811823224
82955 -4727298472
-85899 -5861852512
-5863 -5764621334
57200 -4692356676
-47715 -3969052856
-67968 -6864691340
-24536 -6141752760
45851 -376586656
-47368 -3294776526
87845 -4503358938
-1771 -4854206892
44339 -4818959438
12939 -3243379250
-94998 -5579118790
-50655 -2098636960
-39808 -7819512906
52268 -7336321954
76094 -2859219498
26770 -7251056344
-45419 -2226006188
66288 -1089168884
81635 -5282022414
-40278 -892112556
-73691 -9163263030
80584 -6516736972
-95180 -7585354896
75788 -4300157420
52708 -8942218358
3988 -3000841020
-77509 -6924080002
73913 -1535707600
84558 -7577844654
44476 -7621846838
-39013 -8071668272
17297 -9354058428
75964 -1393292128
-80145 684073190
93658 -1795043000
23727 -4520883462
98954 -6446524016
-11313 -7611804308
-33784 -4639441884
-79437 730035636
22239 -1438539730
-19169 -5119387086
1546 -5863418430
92917 -1134896190
71251 -4619007282
-70795 -4236914406
-36611 -3218871866
-18221 -7807088128
25453 -9424564384
69690 -4747193208
13011 -4469221990
79851 -3253394394
81271 -8224707830
15977 -9602550950
-70551 -1990568916
-26889 -4021084262
25837 -3628744258
-11782 -1900870904
-60211 -1001602454
-47405 -2852761754
-14676 -5463578924
61054 -7209321672
-11606 -1130543236
11882 -5951192644
-69859 -1850748332
-12889 -6373330756
91884 -1116179834
57867 -1613459928
17366 -7632929468
-94120 -7188304036
91588 -3605762394
97786 -118768156
-87987 -320182732
-16387 -7127195442
-8223 -686485356
-50334 -2082948900
4142 -6448487044
-21972 -531177190
74522 -3176883470
-57445 -4528174508
-83724 -3714044376
57206 -7285620254
63089 -8917990382
98779 -7195697824
55525 -2397371392
-66732 -8515391578
44000 -9617333510
53798 -2228552172
-21384 -6306584914
-33039 -3715039448
-31276 -8074327330
-85569 -9369645860
93055 -1988422150
-14455 -1887857312
23021 -9446375720
87826 -9101372704
-50699 -6011612046
49574 -4172790480
-7492 -8453119556
65939 -1616222220
36539 -8550612838
-46 -7265128492
93192 -3014002126
29945 -8270926984
-7074 -9851976984
26180 -3673177034
86435 -9804052600
-99877 -6949112964
61677 -488407048
66010 -8137468310
-46548 -8926099676
1857 -8987292448
-91532 -7370290908
71693 -124334356
-23100 -2136151934
79805 -4900280960
-41510 -7627703128
-56003 -6294230820
-8028 -551512308
-58074 227682974
10010 -9249712622
-28754 -2695382914
-43139 -4207534608
-64082 -3344467050
73876 -1521997096
25016 -4829445516
-65519 -7129737456
-43809 -9142870880
81128 -9550859680
-7846 -906767802
31151 -2620982136
9094 -4935940412
-55885 -2895729680
48476 -7455588776
84217 -4200518842
-68879 -854022568
-19066 -5428402782
31488 -8459889308
37517 -5048678510
-72393 -2090397928
-54382 -8353174620
-20705 -2917367626
-15762 -5339775430
31924 -1349746738
-79066 -9982559836
44199 -4650044396
-10284 -4607460048
-31924 -9635295372
1082 -4121470688
-108 -681427962
67382 -4435777380
-92066 -1850079512
94906 -1693820152
-17811 -4141794800
-66391 -5656301926
14517 -7892906702
64176 -6676271398
47032 -6554105442
24024 -4633549874
53227 -2132569344
-24101 -800228376
67160 -1090239358
89556 -8307095716
53533 -3016577580
26217 -8474337552
16164 -3020663112
24626 -4059902958
-67980 -423621166
-47132 -4263378782
38888 -932580542
37344 -7118109920
-42816 -1596187000
-98844 -2579873008
94873 -4259500152
754 -5290490264
40752 -5286192516
-75127 -4001438704
70689 -8691246494
34943 -5786166152
-44380 -9586465238
71281 -584221896
-41861 -4475256636
-21014 -4889379574
18744 -3265301954
-25910 -7349272468
97471 -3203333242
-3024 -7263073262
18093 -7394508142
-73068 -4537270420
54315 -9681281894
-91266 -834450006
51776 -8568786356
-75794 -2196610066
-9219 -5644995608
-785 -8818714926
-4780 -2197027750
-92931 -3035706040
32772 -7775052472
-23188 -7723763314
-98666 -1916242804
-11634 -175912068
-22328 -3419512900
836 -9363734232
92375 -9929734270
-1252 -2296464094
3959 -773048708
-37111 -1573075098
-94320 -671168870
-4712 -7941596378
93045 -5464541966
-7282 -4202871406
-5098 -2405364146
44732 -3695257630
-96493 -1079361494
87096 -4958439966
-41363 -6214962132
-23692 -7433941424
-53447 -8476784352
-64066 -8617566562
54604 -8861094766
-24915 -1590053790
-41916 -8865039772
-70530 -880873352
8707 -5890621562
58602 -8171499212
-50973 -9584883132
-59427 -3382650026
-36153 -3162652938
-28791 -4410227262
77998 -8736226312
-3155 -6771793450
72612 -4284900144
-13779 -7184000990
37704 -7049872672
-28623 -9474901618
-3590 -2667032124
-94509 50254474
96448 -3780252332
-56184 -1018651300
-6068 -4141315518
51657 -7839024804
40124 -8765327038
2519 -7345874106
49325 -7083924146
88323 -4387417692
19614 -1198815046
-85974 -4445122568
-50290 -1607479366
-19667 -5497391220
8091 -482995736
-79181 -4167901412
49632 -5024656778
-36303 -1300424526
-76262 -7766328988
-54618 -3560883006
48565 -1971229226
-39217 -2117876376
81448 -2234838582
-10145 -1214117460
-81419 -7054129334
-59345 -8765359516
-74977 -1482138198
-54646 -2427678108
67343 -3586776710
98946 -1548990964
-93663 -5304153700
45307 -5547465924
19849 -6340128436
-70096 -2566244942
-383 -8993316158
-81126 -1701283178
-14636 -8724409936
-64179 -9952529790
-6153 -7479923850
96834 -3918811602
75784 -7661778002
26076 -7760540830
2849 -5366894560
24683 -291315952
70689 -5175514338
-40342 -5494431712
-90587 -4667622216
67100 -18802704
89979 -2876943398
-16031 -7766020312
80128 -6712794438
-14315 -9121407276
-54961 -7617774968
-83169 -3810905056
-7307 -7138326402
-52727 -4318764454
68724 -8009205908
29045 -6449296772
4780 -3217602494
81329 -4646528610
10414 -6093270750
17641 -3604333592
-9078 -3977431974
-93740 -3532145976
55229 -9192490788
43872 -4722871918
-26968 -4732693936
32947 -4113341520
-28863 -7526330202
-74743 -4218109146
-13864 -5965099110
30290 -4786474242
-21727 -2271692440
-67347 -6326836098
-42291 -8047369354
-15631 -910748516
-70916 -4890679574
36868 -379553344
-76293 -5351385672
-99324 -2878178278
-32957 -5346975490
-35373 101414938
-83331 -2567725820
-24632 -3314802980
41714 -7612806042
-2974 -3735006906
23707 -8237409238
-71678 -8202305978
-76386 -154706804
-27977 53219246
-51264 -7803653422
-45347 -1939711068
56859 -7309057098
11888 -2566728924
82859 -7718601288
-53768 -5094461696
38727 -9757260542
10489 -9642968986
35416 -7908174806
15091 -8556944384
59871 -5664209240
-5254 -1310741448
2127 -4171619120
26263 -1459996068
-34489 -7838973200
-25958 -6071718858
-89653 -5057167540
19227 -3188429994
34353 -4806202928
-32707 -7791863588
-4711 -9876691578
-5283 -4205392874
43621 -4364019106
-72537 -8813825526
39063 -8930271430
-29790 -5771022212
71599 -5733834934
-56300 -7450811416
77115 -4614623680
57682 -2179347446
-84101 -7023964460
-24974 -7382165090
43957 -9963966276
-66884 -8002571868
23132 -7684587512
-88659 -4788381150
66123 -3135523530
-4665 -1992738310
56324 -1389773578
-14306 -811561250
-40912 -8370574230
79143 -426766128
-87644 -3374482054
-73969 -4296309684
61990 -1746037750
-47832 -449149758
76300 -5756782206
44497 -433699062
-78746 -7548776064
-28778 -545748144
-47302 -9032896848
99393 -6422845542
-2664 -2798122394
-63620 -1306165572
-13364 -1996611374
93267 -9163406924
65953 -8041145838
23188 -7409825008
52271 -2227234012
-36505 -1869090084
17081 -2095529406
-65619 -8406971106
31165 -8996815876
97059 -2484077764
-89350 -7381475314
12 -6567931696
-58926 -3846591290
-69289 -8451502298
-43595 -1852023288
-20560 -2767724504
26642 -3686501076
77743 -2062316552
-55913 -2174420752
72242 -8440555638
50885 -3242481258
22532 -2296502902
92484 -5398229584
25913 -8311368754
34508 -947895540
-14452 -5464036050
-56655 -3794317864
-71263 -7432853974
96132 -1209869740
76501 -8711505828
-97978 -3498661458
35495 -5979478652
-71155 -1813224188
43241 -2244777406
80977 -4099610222
74467 -1273081460
-96495 -274102576
-90685 -3659111124
-746 -6289901218
71813 -1440481078
-96354 -9524154350
-49090 -5181014446
66355 -1966513144
70292 -6858571344
-21278 -4643412984
-345 -6825401470
-27330 -1389457588
-53289 -2698553992
-83200 -9850104456
24958 -5289115852
3577 -1587331606
-36135 -8278163228
71742 -8210134078
-75701 -3712703990
-49107 -1101582098
54866 -9260877758
-77557 -3655436868
-18797 -6268856008
31645 -9728068322
22795 -4860924404
-79930 -5491075346
-55557 -3376525670
-50969 -3336087078
-26901 -2515601946
-50776 -1610104114
-13825 -5106618278
74385 -3867963608
-1615 -1209874814
-40576 -7675611988
-60715 -3722415788
-99070 -7342118972
-87581 -2951236282
5635 -3770008354
-31164 -2735948512
-52818 -1611577950
-18129 -3405843746
-78775 -1475008120
-82561 -8887337368
-69705 -6746802612
-6988 -3813912294
-92236 -8889429976
-80672 -4033532172
-32101 -2137355854
-38868 -9062722352
-3417 -5273692042
-43438 -8567765574
-23939 -9576470802
-19492 -8833276630
-32427 -8857448950
-76187 -4976824442
-35982 -4363799916
-59442 -3206645054
6780 -2726378862
41637 -8123238368
-81100 59912836
23271 -4827437538
-25439 -2345054274
-89943 -9724847694
8556 -5881184408
-78341 -5317433016
57931 -6878961914
12395 -8367906516
80136 -3176500638
-21993 -2756043912
35899 -6475233750
-85446 -2868513806
98494 -8489008788
-25928 -8519015098
23114 -3611870332
51076 -783739608
19645 -2105270650
-47654 -355948490
22418 -8908366606
-54042 -9722349260
-33303 -2190012630
-17313 -6915112670
-94801 -777719198
-65298 -8454445298
9693 -989618170
56999 -7184827020
-20768 -1816979454
-61129 -3673451488
-59145 -8889082524
-24378 -949467298
50661 -8035034248
-31685 -612956974
-53737 -4866834134
-70053 -3094101642
-59556 -9838564274
3251 -8733359100
-95281 -8193564606
75005 -9909341810
-98963 -9127769154
77549 -5812386356
-57349 -1090410718
68035 -5746535192
-5231 -3264455176
58635 -8599520702
37040 -9203362964
70645 -3215325136
-75084 -7436767014
17587 -3127491390
-17024 -975077310
-84965 42916108
26136 -9659342164
-99606 532366756
-25129 -4703675122
3829 -3447223660
5195 -6948897692
59587 -2029942530
-25753 -8524677698
1556 -110091004
-83356 -9360189640
98671 -3663093834
-76598 -634891424
27974 -7952381214
50337 -5420008300
-62148 -6134787756
-87319 -541523146
82217 -2878616434
-99690 -8738285202
85281 -5314543858
11758 -242847466
-93677 31124850
-78149 -6593790816
79302 -736612304
82527 -6422539828
45590 -8595998964
-97773 -9018389396
-51877 -8673114868
8837 -7653320844
-95398 -2693966486
50101 -8194223694
95071 -4065457150
-70428 -1412752862
-64983 -9831284972
-37556 -7760507744
79814 -9449819836
94724 -4925781032
-3208 -7912349978
63707 -2255661826
85160 -3203273916
-1762 -4173903706
-36495 -4752000100
61881 -804877102
58840 -7349116036
94222 -3609949788
12130 -4848302510
-81500 -2673608662
83391 -927006902
87558 -158996072
-49692 -5226279648
-9024 -8006761890
-88210 -3340617002
-864 -3103412968
-18174 -8397866680
20198 -8203402642
78238 -5393418000
-71880 -2582732636
68458 -252848456
-5524 -9150593982
71596 -546839346
58627 -6584069186
29826 -2604332948
1146 -3992642242
-73778 -1761045560
-37239 -6554704406
57216 -3188059540
-3673 -4946844912
52752 -1306103380
98634 -7954658982
71588 -4291184730
-53709 -9181401672
-21531 -1134662610
-87904 -6485702868
47444 -3107859798
-44462 -7663300688
-51470 -7153056434
75290 -7230204162
20664 -1413150616
23171 -1548180338
-63760 -431357456
-64577 -7716034162
-71339 -9973318286
4821 -8335229508
44553 -6964450570
-7528 -7218059408
2789 -6178406856
-7916 -4285632226
-79604 -8199821328
7243 -5054788680
81001 -9793087218
-44717 -7645623618
-86662 -9106518604
44235 -2255484842
-72292 -2203599036
27715 -1235771536
-6967 -3012599426
-81702 -8302290956
69559 -589075002
-25296 -2902762408
25443 -1130519306
-65304 -4025121468
-45630 -4727847684
-4100 -4561535228
-23728 -8673192368
-10978 -2149345064
-57710 -5625258102
-90562 -5909137304
-15781 -9232404874
74423 -1948316302
-85665 -9087819148
-87576 -1937403814
55372 -9343238646
-52572 -2965560978
-50899 -5625910376
43999 -870882310
40716 -9108836254
-63255 -6355226424
28319 -4166438438
-85024 -4828045598
-50372 -116054158
-65105 -1820960646
72450 -2269023604
74 -5322220596
85261 -4423545110
-25473 -3130092302
7002 -4879984972
72856 -7133768230
66991 -9272591646
-53892 -8705736490
-67109 -2782206672
48404 -6057382264
59718 -7398955246
57048 -7364599788
-23435 -195761748
5825 -9867313932
-62351 -8825569054
-62149 -2465437304
-69561 -3916746936
72663 -6152005144
-4983 -1690025712
-58281 -8254427102
-48652 -1558850216
-32344 -4801661066
-40519 -1565197938
-33868 -3633007024
12456 -1201865038
-59302 -4328516196
-47700 -3729360556
-82895 -1524943086
-24901 -6996516670
62813 -8800377604
14447 -8512438606
18105 -7393386448
-51546 -9182876456
8623 -2772739352
78626 -9919605790
-4898 -599222074
18410 -8744208536
-69406 -8977412090
93698 -7951563252
-18843 -5968664304
15718 -7062806494
-2825 -3033639110
-67233 -4454332012
71620 -3948492772
63072 -7165024058
-68201 -5629974928
36296 -7829839446
-92632 -1374341568
-77212 -7764081694
35825 -6675539928
57913 -7997192268
59068 -2811752170
85601 -7474891620
40826 -4358478202
59084 -4958225054
64050 -6122900856
-10773 -3665226580
-18161 -2987907496
-25371 -4848844658
-96924 -2573945688
-3690 -6782021412
24438 -9277019100
-99242 -6865795896
-14543 -9378311268
-46228 -2475166918
-99998 -1124798942
28327 -2997436926
65800 -6919128962
24516 -8371617412
-56915 -1207628682
31076 -7402696324
56712 -520863000
41919 -6736303960
43220 -7368795838
29175 -5586654420
13061 -635823332
-76006 -5104484538
27479 -4071006970
-82989 -9329985192
25109 -1748056592
-56079 -5744969238
-61315 -5605030976
70030 -275044746
-22176 -6362184750
79 -4193384312
30261 -9745197760
8598 -4333649882
-83922 -5177367132
-90964 -3250586716
-76530 -8314429346
-47653 -753449242
-96765 -9986756080
-1175 -8489877960
76176 -8464772616
-67537 -6368414180
69695 -1543315312
97143 -7573789988
91962 -3165683246
-69342 -2150991300
-54541 -5884637208
34018 -9263261280
-32508 -9704204720
67911 -3058456946
50927 -2957101130
75707 -4182307116
95885 -8710017340
99323 -703394140
-35756 -6859895048
-73609 -5658154624
79663 -8364266002
68912 -3241579364
33904 -4859803790
99261 -5754532498
-405 -163744280
91700 -5253585844
-10938 -2577078108
85268 -7912154712
95463 -3948586902
-31173 -7321244240
-18952 -6255757724
82416 -3208668952
37647 -2839488640
-99425 -9619452610
-76636 -798408766
-85770 -4136913276
-13636 -1695359688
36736 -577320078
45251 -596756536
-27729 -8845027332
-92960 -8860629854
68195 -2260571796
-27789 -1136225976
65506 -5208035758
90578 -4927651448
78932 -2828572434
-34826 -8088689638
12018 -6353386128
-84305 -1333346140
96188 -9687444758
-43025 -7065428262
303 -6830338610
-14955 -8632149200
-72700 -5230851236
14152 -6725930062
-45038 -1888785432
-40413 -9923274538
57130 -7290095770
-75318 -2483712104
-24276 -4927087124
52954 -5050213574
-23601 -6839150542
27437 -6820417010
45345 -3764123286
12640 -3939730230
-78574 -9813886256
32310 -974255534
69596 -3782257104
48050 -734038076
-25956 -3462797938
18419 -1624430442
15838 -6954749398
25737 -2869951818
-54902 -7788519858
62063 -2480918186
66724 -7307438584
94457 -3602961150
-73948 -1730902390
-39874 -4134731352
78706 -2103729466
69241 -7661506872
16429 -2683168666
61909 -1962137774
-13461 -6706603336
60581 -9729272806
-85876 -1801768498
-24213 -5073604186
-40817 -1537066470
-60670 -7090610838
-32084 -2990314998
31247 -4868072318
-51730 -4320982526
72701 -2699866246
48603 -2389052420
-43181 -7095020924
42942 -9368076370
56408 -1627517702
90148 -11502338
-55701 -2576084190
38307 -2146376192
-22080 -1315188128
67594 -1049305020
67507 -4986679970
3864 -6954615690
15343 -4665594852
64360 -5936669322
-13944 -5863538498
51755 -7403749556
90964 -2856684252
-43919 -3121679354
75098 -1381097988
-18113 -7690222274
75959 -5684551590
-48271 -7120592510
98503 -9348119696
74286 -8330437156
87041 -9512756920
-51792 -8978045026
-92030 -6817578596
-2708 -8413158184
-39298 -3443044768
-77667 -6226708710
-55336 -3954326378
-74667 -7369143362
-47332 -4198915328
-85001 -1890900794
-56248 -1399083130
81664 -517174910
-59214 -7199729694
73222 -725105578
68666 -4361053048
-44375 -8066369324
77084 -7462216468
-1840 -568150376
89414 -8340982492
47557 -9040842040
73450 -1055859866
57006 -1738941978
92373 -449941130
72980 -5647241546
92992 -6363392262
68605 -6200605418
-44152 -3209079652
-72487 -6933197018
-58651 -1671862928
-93584 -6217627252
-3917 -742155184
-81078 -3768695446
36687 -3680657694
-46259 -6190057084
-16019 -5193312788
47374 -8323872830
-43800 -1018563314
-24425 -8916508406
51209 -5063363480
-84893 -9080848478
-5356 -2524933856
15967 -1430692612
34458 -3642751318
-45458 -9766720854
1656 -6252330910
-28240 -9653674674
-54734 -6569087344
-18827 -6809370722
70319 -3361246078
-69765 -5384794010
-41183 -6078507020
-67302 -4914169754
-29303 -7793230478
-5583 -1480841064
94807 -4514879898
70026 -9473879586
69860 -9974184068
-42155 -1321921110
43600 -3634939914
-45189 -9784348274
-76152 -6699306442
-10917 -8991056928
23800 -5126980326
-14510 -2473189058
-43641 -6790307500
20302 -5433241752
44055 -3727719636
77596 -7917086222
31975 -7367146280
5014 -4246535682
-14412 -5524376974
99575 -3880966770
47962 -1239956338
-3493 -2460504104
925 -907262316
-50036 -466198554
-68252 -6647596866
-5421 -6422080522
-94972 -6488695202
-31404 -4483674690
88151 -7828896272
68166 -7120915156
-96647 -1959258794
-40240 -3988011034
-74438 -7117336254
-85446 -1356879152
-94992 -3452599042
-98929 -1641227120
48058 -2806655490
-4729 -9176412018
-3313 -7965653780
72132 -6759658588
-73644 -3035437632
-7189 -8955319684
-37216 -5584478026
-23995 -6323710764
-21758 -9670096952
784 -2107039250
-46661 -6998537090
68561 -2093959828
-97779 -8246397258
80137 -6896109908
17501 -7924446768
-96620 -7509105624
-67977 -8500729218
-65545 -5204245942
-66829 -2076905708
-15430 -1433230442
12446 -8541272644
7524 -818844536
-79132 -984297378
94245 -9411566130
-85007 139921168
-92891 -2547223150
-558 -5683603026
-30094 -1291653908
-22366 -3470953142
75481 -3114949924
56779 -3924023026
-4421 -9529925820
-28406 -587138202
-74604 -5053968300
5767 -3895849074
113 -5658962224
86089 -6667869148
33936 -7306669520
61235 -4956773540
87615 -4835092272
6618 -2666621676
41252 -1020702530
-28076 -5995347606
-75746 -8145262290
-82154 -8735508038
85802 -1005812398
12913 -1900114328
57149 -1387741692
20154 -6659600756
35792 -8972433516
10004 -1536559050
17433 -5241612522
-99977 -7483309066
-82350 -4288089004
21885 -6631929666
92457 -7757206518
31303 -7251790914
96858 -8651915232
86121 -9770428248
-46502 -3585220596
92867 -3906140626
-92834 -1885569082
-51085 -3260197164
-34104 -356121616
25716 -912386284
84744 -5270435910
-79951 -5871707782
-98981 -8260438200
11350 -8907568726
-34353 -6067679896
-81338 -6997270104
23062 -9410633784
-78446 -4198664824
89276 -1512688646
-13699 -4318647146
80179 -857826098
-68758 -8116367384
100 -1944908948
67748 -8789381234
14839 -7500386464
8325 -935444066
86877 -9063262862
-61332 -7553349978
66144 -8671047726
81142 -950777464
-22059 -6478477798
-44558 -444368094
-73334 -5931704734
-69421 187570424
66069 -5778396706
-68991 -1787293114
-77834 -5670402496
25694 -3324075758
62481 -2831614942
8007 -4782815904
-85700 -948434716
-89618 -4273647020
-34735 -7241637820
-13895 -8229097670
-96567 -5030862602
73930 -4248395012
-78647 -1358141808
57081 -6985966360
-89125 -3560583600
-89072 -2788323384
-99087 -4603803138
-17137 -3757158082
84508 -1023991156
-49711 -7634030474
-71380 -4460427674
93769 -34345086
88890 -9797005960
-33715 -2187456160
90472 -7909359946
-72114 -8474275550
-77559 -3353991952
72743 -814363560
88555 -4803285378
53795 -8908543434
-48108 -7872620298
-96777 -3581485154
-70254 -1148933928
-29416 -209262858
17919 -9477299878
-29874 -100401774
38367 -6921350284
81105 -4812289948
-18355 -7278195090
-94285 -6790290720
-97417 -1236477412
-69963 -5808130072
73069 -9262952386
73894 -6970178696
91198 -2327206100
-72098 -5165697652
82447 -1246394564
41673 -7421470720
-39374 -6907214864
13165 -3260297020
-49559 -9107410910
-86077 -5326455330
22949 -8326681410
-99616 -3233156970
45325 -1112242246
-48202 -5396884578
34074 -9731049596
97428 -5165935252
19768 -9229431820
8411 -6345229876
-5593 -451771100
-55422 -9097386466
-67431 -2640484966
49165 -9747915300
-42016 -1390056890
62084 -4655597558
13153 -7498917402
85673 -9577653736
10804 -7079822596
-24661 -2965471858
-20173 -3507347918
71109 -6668462868
70268 -9338501456
-14116 -222731546
-17769 -3203835460
88858 -6845150980
74331 -5508210114
-65862 -819245398
-83956 -4686823780
-50071 -948489660
-71353 -2023891290
-25267 -5011797134
-74708 -2465976086
30022 -2801949722
-22735 -9271887968
92167 -4164540132
43008 -611857246
-17943 -8930159130
6126 -4157129386
55352 -648826588
-63090 -9186275788
-13762 -7187791380
-76036 -5017149606
-85450 -6288123856
-68374 -1765989146
33604 -9103033474
-86476 -9083516612
-10293 -3155404194
62085 -5031851696
30061 -2281629848
-47521 -7276580892
-88859 -6583370750
-29337 -9893315342
79226 -5452345678
94766 -6696188418
-95078 -6057841310
26342 -8429635354
25222 -879466442
-35915 -4162814246
-46690 -377402798
-39902 -8273889606
-50232 -9499857444
2923 -1687238982
25190 -2490013254
-52910 -5917319486
63463 -4164508972
2533 -8451265292
63114 -3460205944
18138 -1714929988
-26580 -2218948538
79904 -9184663206
57874 -183997104
-47370 -5314918428
98196 -616603404
13587 -4054584366
-21229 -7848741602
-89299 -8111724426
-15404 -4194395674
71207 -5455186946
-85283 -7762935336
59872 -9131837290
-10744 -6922445624
-17406 -927581370
-18575 -6492675880
-99059 -5187649350
-5875 -7546087814
-4957 -1784513022
80604 -6884722450
38536 -9678550958
-29610 -1853942830
29035 -3989563050
-34978 -9171712700
36894 -6070964318
-58871 -7199085070
64038 -844611606
3745 -3706974324
99502 -4288231100
78531 -1741220150
49396 -8683884378
98614 -4176552106
-41619 -2852258846
-8948 -2569837484
-94136 275198658
21878 -9056123322
-179 -6436934618
-64939 -1813102558
6610 -2306921882
81251 -5111842092
-59024 -2036193142
-12106 -4062402696
15640 -4265451366
-64583 -1955673928
42552 -4248281546
92802 -5471287376
-40952 -5589356932
42937 -1472924560
30796 -3311517942
57547 -9541709492
12967 -2395507606
-23289 -3603371602
89519 -2414822438
-87662 -2486001164
67279 -6743724656
-54286 -3378686130
-86980 32060442
90211 -1834691612
-84494 -3906503480
-63803 -7816540134
20139 -1615627098
58076 -1183879306
40234 -5236392824
99 -6361878514
-74717 -1470387056
25452 -3640542642
87013 -5231458830
23564 -4812058288
23875 -347566094
-38250 -8380759266
971 -1697132226
-15361 -4382853336
-24994 -4671030396
97321 -4926475304
-88047 -7548290868
69509 -1919386470
89403 -5595288010
36551 -1778861328
-82689 802171566
7290 -6052970090
72533 -6750737302
-23392 -731737038
-52164 -9751770950
3791 -9497047100
-86337 -6010629064
86276 -1149618976
-38459 -1804715914
67209 -9980073020
-42848 -4122545640
42829 -3198876748
55214 -7736338466
-72260 -2904223368
70498 -5046412788
-93176 -4788216276
50832 -9175266584
11480 -9888957804
-89748 -2383424956
77165 -8862047802
62980 -5075491156
88624 -2256510164
-82380 -4155276782
-81267 -8277233394
-19526 -9178327098
-61416 13161594
65395 -8790854990
59743 -8432834182
99775 -2322425556
-89365 -8105903944
-98020 -3289552968
-33606 -9234159844
-20482 -800839728
-16575 -3699465206
55926 -198877782
-4637 -5838263346
-90639 -1457752048
-27031 -3362044490
-1583 -7118218672
41310 -2861778440
-90129 -519465780
54784 -4933913598
33022 -5744054748
92128 -5289739508
-42697 -6962945036
-18130 -7014137842
-75767 -342401798
-94075 -9413723526
36311 -7387949372
61718 -625869622
58075 -828425936
16017 -7479801332
-74986 -2854526284
95501 -8220481698
1093 -3154132944
57629 -2646075796
-17589 -98092206
-63021 -5891095830
23458 -6889689992
24547 -7083591522
87757 -8451058014
47262 -822527356
10512 -1084788036
-21082 -7782959006
-62439 -4022329040
-98585 -1912316314
93591 -2733601076
15216 -5012843778
64952 -2673703886
69166 -3911193100
63810 -3783318168
-55433 -5260279510
85577 -8742142364
64566 -4928955200
76000 -2775447268
53504 -9023742694
-53643 -1650094604
96357 -7788925344
-58206 -4706904912
87579 -1115622574
-40075 -5409543984
2601 -7110318970
-30558 -9617415610
45372 -3339890546
-58241 -744681958
-2417 -927457422
30912 -2193333802
-10379 -9148720964
18378 -7048200018
94753 -8819607890
-67135 -3259815768
-74817 621340020
86275 -8649373688
-15169 -8335954206
-67111 -6131893998
98702 -3538314696
-22419 -7684907664
40554 -6938452124
-98378 -6214739734
-43502 -965152264
60719 -1298145030
58934 -8522998524
71176 -403367872
-36878 -6186790426
-86425 -2057748022
-39151 75048030
-49180 -2420468880
-46356 -2498468346
-73017 -991639472
-36365 -5957530518
28856 -7366263238
5684 -6605177064
45822 -5558059610
-21725 -9364564050
-33640 -4556885780
30532 -4803740414
13619 -7613776148
-18547 -2564912838
14006 -1108470198
17130 -5497263130
82854 -2845903900
-36547 -839015142
73045 -4236407026
-28858 -7494018704
-76574 -3736237036
-81431 -8528956622
60973 -4054245684
-26540 -5806996328
-10031 -4816051220
-65321 -390103724
55378 -921521156
-57942 -7303848550
99831 -8420198146
16076 -7416839538
-49788 -9226850662
91417 -6151603614
66038 -5416159516
42679 -1586593988
-68705 -6374718144
63205 -344641498
87235 -4932585344
77562 -2350879210
11851 -6890925410
58388 -5077762138
16305 -1096499188
-23924 -5200302540
15368 -6152754230
17405 -5742505496
36578 -227269900
31853 -2627266066
51987 -7558144288
-63425 -2372322858
13661 -9089840324
-13174 -4986767848
19098 -2375674580
-82702 -8487159640
89930 -6058800890
-72927 -8406633332
24898 -6453876324
-50426 -9242280690
-96529 -6499652894
95570 -9247033454
-14324 -7749250632
41360 -4559165288
21045 -171241026
-59646 -4406999158
-19844 -9741113464
23542 -9286608182
-32122 -3790413800
21318 -2863333978
-14604 -2581112902
-81460 -5463764660
95579 -4036202488
-85278 -6609914814
-5308 -2526664092
-84162 -8538678488
1639 -221264144
64265 -6132047678
-38759 -2117923470
31063 -6889652132
68040 -3810876826
-18969 -3419971180
64221 -3374401550
27085 -3130941134
65050 -4443887028
66868 -5044971648
5885 -3575995214
-84938 -469977690
-82775 -6145699160
-34072 -7504909922
80842 -6573797564
-95641 -2140814918
30552 -6200516268
7162 -950105486
83439 -7920589678
-39803 -9462914712
-1394 -7255314268
-36828 -8451211570
95112 -3369546036
-34110 -8328553056
95846 -6162037810
25165 -3927922118
72417 -1692101252
6843 -8589117644
-10848 -9457698426
-80342 323941398
51641 -6598450618
-11346 -8802010180
90099 -5720554934
94740 -2278469140
4437 -8437041770
-65399 -318386928
95641 -9856631528
63589 -5255073644
18179 -541926200
-48424 -313961038
-89773 -8624404860
21014 -3762419812
93336 -9696224474
-69940 -866692666
-14672 -3584904660
-71228 -8179962650
98759 -2227357442
47269 -4869938396
-56120 -7299816098
15405 -7290504600
-57365 -5919180946
-87743 -5515685152
57660 -6250563150
-79297 -3887747924
-15711 -9929655108
42365 -8249459750
48906 -2545727912
-77942 181286140
-78184 -9253374100
-15069 -1870146880
-54169 -8955512300
13777 -811087116
-62607 -447460100
86548 -254493096
-88029 571048666
97540 -2927956692
39011 -4095787120
32361 -2851580200
24012 -4747068732
-26625 -9131051404
-54688 -3371214936
-62193 -3894160672
49455 -8801581994
-53648 281523286
-3224 -3950114590
-99305 -1014707650
7491 -4910303500
-88365 -3066936498
62120 -7293355776
74740 -4459969432
72248 -4433075210
-36423 -5581396648
-43804 -5405342786
8714 -5943133134
5262 -4033592472
-79418 -7396677810
-41688 -3787874474
37392 -6119219680
-29746 -1385212456
-32737 -3919871738
91897 -9387881292
53493 -2891662322
1660 -7048912038
58467 -1036123976
51640 -4376805272
21339 -336441306
-41170 -9868500626
-21174 -8972676908
84459 -5862400098
96405 -1882549294
96513 -3727509270
19959 -9676142078
-31264 -9967857940
-97046 188284496
-61748 -4906580478
-41329 -4540374624
1968 -5547161904
-9661 -4559718380
-79191 -499232230
19323 -6127812858
376 -1144687382
-16306 -8729796306
-94810 -6513132042
-43902 -7078665764
40287 -7901936042
-82390 -2606632504
-62265 -831968698
16340 -8094601792
-44937 -8822831156
92349 -2145553150
-16984 -9107757160
-32994 -776773754
-10171 -7346662544
-11626 -5487861384
-25085 -3524723146
71792 -5359227738
-63726 -1536644816
-67418 -3615922610
-91032 721711764
58105 -6455258640
42786 -9794619762
88514 -3415325748
96692 -5286292778
24197 -9168223190
6703 -8997968382
-68674 -2997364178
34701 -7027121554
-44778 -6969115560
42856 -3286477492
1997 -6899519290
70608 -4080795720
37161 -1930833462
62092 -1042505774
-40974 -2794533360
56985 -4307720966
-19154 -7375235522
-12953 -3481619706
-26430 -6176212094
49532 -475120758
-91990 -4988247822
83586 -4288290464
-56650 -6311645368
46193 -5621427658
83312 -5537873212
-57691 -4426909592
-66630 -2964836344
5195 -8194910194
-34725 -5523534712
-29171 -4412539832
95256 -9736388840
-38465 -9325291206
-12997 -9609822966
76807 -3541411910
-26384 -218299396
81347 -7717026870
62912 -8764574340
-436 -3873290794
-67356 -2352752374
-3060 -3243494680
48801 -4287698254
-18148 -1402581986
71519 -6481541854
50361 -4027349990
-86047 -4288303182
-58522 -5021459944
9010 -1717122812
-17247 -6387136800
-16550 -1981279452
-31332 -5371452916
74513 -4571445974
11959 -6104493832
65074 -7138750172
32111 -3236231530
-13982 -4662535642
-87043 -8230377536
23897 -8665916312
-92033 -3789259286
72378 -1600517712
5379 -3623697650
-12324 -2668833822
71325 -7561955114
80278 -6157963782
-91117 -3782245150
-8180 -1861717254
74001 -160764252
68078 -8619698624
-80154 -2394337244
53719 -7473491620
39775 -5415371478
59257 -3469660592
-42815 -6332075552
-20025 -4415577784
-72763 -6789414646
65640 -8167454074
80665 -916828828
-77101 -1289193864
-2266 -257624352
-67061 -6901474556
-15605 -9815192176
67949 -4727672828
17958 -3998478082
52408 -2236842290
41585 -5917969812
-6011 -9053075424
44516 -5201953574
-45847 182885648
-3125 -1737671584
94396 -9792678454
11752 -7967889592
-88493 -8286751172
7380 -7320718850
-89324 -636037290
21345 -4415923552
-89350 -7439779374
-6559 -3717653666
-35641 36247686
31249 -7675579164
-28533 -9317092300
-55330 -1705798748
-2363 -3980822698
-13992 -9163635578
-21464 -201699402
19404 -49353452
4283 -4951549332
