-67186 -4337327506
83909 -3296436622
-40615 -1272786175
-69316 -4860134834
-84137 -7976086273
92818 -165297784
61045 -4741664140
-37838 -1801901740
-69313 -9666181793
-44881 -5050030789
-20032 -7633626725
-13349 -3997900063
58354 -7473071398
73772 -7847677211
-39772 -3228572918
-8746 -989345633
67921 -1489474756
50537 -3856342613
97154 -6003482737
-7328 -2691032650
22654 -421507924
-6413 -8076558149
-70610 -738484409
-17947 -7318190462
-46805 -2716231294
35056 -3544850707
80986 -3944446673
-11243 -6013165001
-56258 -7491942406
79297 -7518507407
78016 -916524935
-34579 -7274278871
-72778 -9813166214
2431 -66025336
-57491 -3294936608
-57862 -7173733501
74432 -9813190384
45415 -7797366347
-25129 -3611517193
4943 -5133923024
-55889 -5129529823
-88273 -741660101
-56789 -9427870793
20539 -488546516
-62564 -8907653953
82631 -9994626023
11861 -1406619059
-80020 -3875539024
-32600 -5120074117
-85237 523926883
-19462 -9038752061
-54229 -7316902088
2051 -2655831410
-59618 -424585669
29771 -1258264180
11977 -592923211
-14174 -4986623690
-82856 -4891972669
-56321 -4040924051
-11573 -5971666448
-1825 -7747798336
-53618 -8786577013
36707 -2014838048
-56416 -4808312947
-77681 -1438422049
63514 -7649356580
96805 -2163147539
6941 -4006968703
-77203 -6169430681
-7523 -6892674548
-5902 -4844131928
-44636 -980239246
-21445 -8546802389
-78395 -1149788732
-31511 -4698004982
-12901 -3720237194
-18505 -7736735330
-34672 -102520309
-51958 -1281412280
53126 -8046085360
-96499 -6820884019
63178 -1486671763
63809 -1565424391
35840 -194957480
-41017 -5958563081
-29729 -32910164
97801 -2345292430
-31829 -9096844393
-13048 -7174974878
-73057 -389816839
-65327 -1048390475
-30890 -3355835117
-71369 -33987505
-14717 -998481496
-85696 166436018
7787 -1369667185
76978 -9592595866
-26819 -5345856943
66685 -9993786908
-94469 -8463511714
-15899 -7556747642
-42181 -6615914228
-38519 99597569
-85397 -1680007330
44339 -9287823911
83714 -2285162023
-5203 -4795722025
-96643 -3431887949
-4159 -1837259906
-33638 -4503790783
82549 -4785310544
21947 -9620325301
-61361 -2177202760
6295 -2135851580
-67220 -1986541751
92324 -5061941422
-62480 -1235769553
-92201 -1029469159
59410 -6577018333
8653 -51357080
-17531 -704493776
-13231 -8091802046
-83651 -1909703338
-69463 -5726269849
-12796 -3189250069
68843 -4438112771
66184 -9675402026
-10013 -1784475307
53944 -6012334130
-64535 -128245486
-68983 -8597621752
-50161 -1368946346
43684 -7646179922
21436 -8049259639
98542 -8406442007
-13160 -7324278788
48236 -1254632945
42023 -2629186787
-18437 -8733390841
-78517 -6681508192
-98597 -9006720955
-36205 -131811188
-51089 -2438164001
28495 -6341050043
3485 -4205271926
-80846 -5656453462
-2090 -1016961077
-70894 -3971589136
94358 -2470101719
-86650 -7878652594
-93943 -5692752185
39577 -468292022
-4231 -7613238422
46048 -4994523368
-84770 -9449543294
36403 -3395810302
9101 -5831978926
7259 -5454793262
-88574 -5762064215
-4832 -1143405061
-46145 -7651313482
-16165 -1079104949
-85858 -1066180817
14936 -6822164332
6008 -8601557080
34873 -1326591110
52898 -1941081893
63857 -3513613267
-5497 -898014560
89494 -5342381951
62404 -3548800487
-84637 -7731021394
33779 -4900653968
46786 -2580679345
-38674 -4020428312
6548 -7589303969
-51146 -9697716731
-14560 -3946726964
-18806 -1065225295
-69031 -3663421681
37940 -6300155989
-90689 -1455880981
-75754 -6063782989
15659 -9557180471
-94442 -9758197675
20318 -4818421799
-55925 -5549978558
-68881 -9607202297
-21349 -9854269595
76346 -4979820338
1391 -248388071
36206 -3411643231
-10649 -3961998151
54760 -6899924009
43576 -5803753805
-95632 -7112738564
-14504 -5271652703
76519 -4165738073
20125 -4396569104
-88333 -2997895312
-20404 -963921323
34829 -6516909443
31520 -1591252109
38243 -6109050034
5926 -3725852098
61751 -3813810787
96316 -8763750314
-64469 -8687458646
9278 -987037343
-1003 -5063542883
20057 -5861292401
57158 -8844557890
-23036 -5076860333
77911 -1755382088
-61417 -9154817132
29758 -7520282449
55313 -4942697198
-96922 -8077327235
-56897 -1403223476
62447 -571054256
12179 -3618272732
49897 -1808241218
-73216 -5209537057
27974 -4464497837
21067 -9049721557
-59071 -6868454818
-17749 -6205950046
-17533 -1457918582
88600 -6680046943
-51244 -3909287519
-24523 -1609755277
-97799 -2723056982
87262 -8555787784
2338 -4183427653
23545 -2025707551
40724 -2569237385
17614 -8799587177
-9406 -4896704663
-78524 -2746804357
-40708 -1469287357
-12476 -8569968479
-89045 -1550005306
72580 -6089217242
95266 -9867327578
56173 -6155013545
-48400 -3320746187
56149 -215510123
-41716 -9104835094
-54653 -6944862481
52495 -6066996263
-17662 -7836054458
-1054 -1349025217
-45292 -2901957175
66266 -9448124527
-20455 -7726707146
-59570 -4498350326
-79444 -7719547736
-99017 -7392233638
5683 -1286282803
-85240 -8816491310
73873 -2051403694
-65393 -7424650163
-42571 -4476277159
-72646 -1451060929
28708 -5026868935
-86240 -3720209002
84691 -4250636651
25111 -9218795201
-38030 -3578041997
-38377 -6957314123
-68398 -5999170966
-1651 -1298155121
55231 -6219619939
60583 -4792820585
-89090 -7817948014
-33518 -4464826862
73031 -9847471541
70786 -2774461888
82903 -8200503343
37214 -4652312314
36091 -932027557
-93788 -3538485509
-18187 -7412913110
63658 -7514500115
17582 -3659901398
62650 -7544080988
26512 -2583076892
-72856 -3531017786
-66986 -4907126749
-42254 -5250402065
-33196 -4828033456
89642 -3841851517
70754 -7646738743
-11491 -3954386216
-35363 -8668094119
-47392 -1156114891
15881 -5453988125
-87064 -6630561907
-66236 -9799358665
-69944 -1982350651
-52187 -3573436061
6065 -1346937821
21974 -4494495847
65546 -3793399846
-36932 -1921541284
-40532 -519013564
-73174 -5073779807
-10669 -4611881546
-78190 -3032129578
-61022 -4387533734
-64712 27565079
-11621 -5577170489
54443 -5265321602
-37934 -1751972990
-96697 -2010754199
4924 -322208552
88304 -9665891387
77686 -6586722794
85591 -7257493024
-61753 -7370137589
-20368 -6625258616
66101 -960161509
-59129 -2939962378
39043 -746521447
-1525 -6427347460
16238 -7320889906
-71932 -8426344087
-64501 -3589014155
-23030 -5146443722
19286 -4771088467
89860 -6834769552
29561 -3521681815
61085 -241095071
33682 -5246348773
61322 -1999242350
5854 -1722019804
9172 -4938044714
-72488 -3355584077
62323 -297110099
70360 -3171682676
-15614 -8305219993
-84767 -766501772
98093 -1382413138
16040 -3134290738
-12226 -1861948060
54452 -6018435700
39248 -2636009198
31885 -2642381939
-62063 -7351067651
45067 -4682002382
-85000 -5416027577
2078 -1540902517
-84541 -3432467105
63986 -2502941990
84770 -5850972625
-77882 -8654858930
-65324 -9867745612
9305 -3999171937
-48839 -3898311274
11824 -3721813957
-86318 -9706170685
-80642 -1137983716
30421 -6005250740
-45317 -4742931575
61994 -3701310805
35447 -1322086423
36649 -4047140321
69715 -8319685564
2084 -3381391612
70960 -3286186435
92711 -430601749
-53269 -5950399540
74888 -8583595888
-92309 -6442481009
83764 -4209077740
-4202 -5690871721
-18637 -6585079340
92191 -5652966736
82177 -1251134
62207 -3829887016
-3128 -9787856086
35239 -933966073
24251 -550455503
43844 -2200905121
-96638 -6471173645
-60886 -7661757851
-84868 535676108
87088 -6800782765
-62066 -6882343879
-36568 -5909183969
-45244 -138692072
94852 -1419070966
-62678 -531640178
46055 -3291808016
15079 -287865379
-54152 -7308030166
-42530 -9323479985
-77245 -8283442418
-11842 -5586066691
30059 -6908197178
85100 -3140331811
-62008 -2244758908
-24928 -9941910983
-73147 -8120391901
-62498 -3050320778
-99866 -4051561298
65918 -7632064688
-64901 -215152907
12211 -3512129369
20330 -6512230867
88541 -5030056538
-90821 -1273544668
63305 -9770186567
-27791 -5608087429
86341 -9595376381
-69148 -1853626852
-66343 -8678040004
55780 -6659531641
-96305 -5904834877
-72970 -7160574350
32782 -5558984146
61421 -6603364462
70282 -1511698480
90890 -6427120861
-45637 -7263940613
-4069 -3604741099
-72247 -4105162313
-42679 -6633186239
88802 -5719636805
70099 -3056688566
-28012 -6151164055
-66796 -4907497523
97958 -5532118708
22235 -8921494313
12247 -1513970230
26675 -5410541881
-41834 -5507597153
59606 -7050096775
53195 -6608407472
74761 -1717990412
-38846 -7528303442
38129 -6732823099
-16679 -8871922334
74060 -8981800039
-29473 -3399262318
-719 -7082259892
-77975 -2093006923
-33758 -7240606234
73769 -2456808325
21874 -79515778
52958 -7704902231
6857 -2652409129
17404 -9998028986
-63907 -3046686640
-96712 -6126657070
-24887 -3773053894
47237 -2954741968
-18469 -9543055052
-35959 -8434961308
-48841 -9432840149
87154 -2439529652
12061 -4513682822
-47642 -71947016
-13954 13216247
56896 -9618779026
83591 -2093786647
2153 -8318668219
57604 -1334218408
-71083 -1783722352
84317 -789557905
4784 -4561036006
-23063 -4554681857
-88894 547249613
-84989 -351580033
-98209 -1151519749
21761 -6285894271
31304 -5732781883
-81376 -4392591121
-23735 -4220725634
-70691 -303446027
97133 -4517869027
-7705 -7216916423
-7622 -5876397829
23299 -8569441516
-89249 -6670660946
-30199 -2356907390
-78385 -4638771686
88916 -295140944
-30602 -3293308090
36692 -1474490740
-68597 -123378955
-37123 -4081208249
-36779 -8761592210
-81145 -363651391
83798 -5657716573
-55156 -6346742744
94775 -9046722680
-18044 -7611936875
85577 -543723472
33824 -9822044111
89899 -735150485
-55186 -7421328179
84034 -5577997937
35219 -1199769362
46558 -4943928469
63089 -7374225176
-20176 -4341321731
42133 -8582948717
66082 -2218368370
-64594 -155937596
-33914 -6931397107
-94619 -7544991376
-70423 -6491935132
95774 -2126050039
-62519 159841783
25876 -1638083840
60985 -8047270142
64232 -9811827433
-8405 -7499136056
26873 -4111747624
-77639 -3207605743
73058 -6803641012
16948 -6502232402
98396 -2304916109
36671 -2624755591
-34904 -2215268398
-40354 -3031377127
15349 -6220578124
65957 -9182992988
83654 -9074402819
13442 -2823310243
88846 -8878900516
-9881 -5877501800
-4753 -7653989306
93622 -3539156791
93766 -5194914980
25250 -5911872788
42779 -4086482323
-65135 317170846
63368 -6662732720
-8458 -3576400973
58697 -8473415813
56447 -3526525933
41230 -2962825096
-75527 -4013222773
-32180 -2524046726
-61399 -9399155212
860 -6797262034
-70021 -9033177413
98219 -8231860288
66539 -1030866221
90173 -992193598
2017 -6063721631
-18734 -8503053158
30128 -1066890929
-51173 -6818121968
-82072 330976111
38584 -8247638605
31775 -516761354
-72557 -4080102619
27368 -7808929726
-67117 -6408021782
-91508 -9886428638
-80869 -269897414
23201 -8017225690
97735 -4074039671
-65575 -8178600794
43724 -5933223220
13753 -2612420078
-57982 -3071408074
11258 -3160214752
51644 -3559077607
-83740 -1328727658
-92612 -1180025977
81253 -725695075
-96902 -4596640124
-85234 -8371347217
-45469 -3170585542
-93022 -5589578789
-94028 -3516550670
-1793 -6080148862
-51415 -6922064468
45854 -6157206548
88394 -2960038015
99616 -4893403291
-3235 -3997111337
-30659 -203615383
-21910 -3164670539
89947 -6517470490
-2348 -1547397185
96500 -5913377257
-42220 -2374341586
-79525 -7819763564
3010 -5535861382
-51931 -3807923897
-85984 -5281915648
61501 -6342349
-93887 -1054365248
60584 -7881825659
-39533 -2717746591
-44797 -1114039445
-54491 -515570519
63184 -8908364378
-48214 -9793407440
5023 -7841440312
-33412 -6823488448
-16406 -2181019600
-58405 -1047347984
-89803 -1273783633
-82541 -4859248576
-45325 -3962878534
-11858 -8984303401
54275 -8509089104
79504 -1166104808
25411 -4950336427
-59725 -7302209156
-32104 -6122979368
31921 -5389728517
2072 -6331083797
71929 -1222059092
49100 -7925685650
-56567 -1920152563
93131 -8243917250
-79924 -4262729051
59032 -9232274108
-33758 -6463096541
7459 -4686647188
-26881 -6755154472
82024 -7122990727
48565 -7753916018
29582 -42116741
21080 -9386626681
-8090 -3265756667
-36986 -6494472118
43970 -8400733571
65683 -5209881956
-19094 -1674763571
-46189 -2257053773
85111 -3157126706
8992 -5446304962
53380 -1507702666
-39883 -7894191722
75911 -5438526598
-37199 -2887896076
90463 -7292764739
13652 -3222563671
22201 -6377883088
-27488 -3312029768
-8468 -8819939488
90442 -3402834845
-86095 -3605598815
-11843 -5106103217
-27809 -473910434
49043 -9634008301
81707 -6094407362
67120 -2953990516
-12328 -4473504523
52298 -8700484652
79912 -6720220253
-46942 -5980095935
21944 -5865830207
-72125 -9237980663
-34193 -202568107
22564 -6343052947
68023 -1013968277
-35047 -7055583130
-72368 -7917953594
57370 -4163693155
11776 -2997715750
10991 -8529632474
30563 -936157249
6742 -6334132600
5911 -5306611640
5683 -165020461
-97640 -5849268061
-30533 -6002247268
-93397 -616682870
18868 -2017510438
-88154 -2027944711
-62749 -4326528692
-59239 -3019655336
-37255 -7810281524
-16252 -5868468392
34042 -3698663942
-56896 -4959702838
-63461 -3520168147
54904 -8928056666
29186 -2585775421
-74366 -5551654297
-90398 -3932555693
76730 -1825295603
-33335 -758675536
-54845 -5227863457
58418 -8286177353
-73162 -8023570639
-51263 -8966887081
-4952 -2862504421
18107 -1908846577
54028 -9764801377
-86669 -247567168
-38906 -1820367593
-16064 -5769305894
-86069 -4584387329
-78842 -490226774
61939 -5085763834
-6203 -2539333880
7676 -4130038306
-35357 -9126537913
-85351 -1325208632
-16360 -5766166336
48058 -2750351336
48385 -1371073729
70933 -1722588466
-33700 -3901681340
10066 -6031771307
-41527 -6350436830
-77873 -7287553439
33785 -237555350
39233 -187629875
78424 -6357588428
65575 -2161431385
75107 -597913090
99868 -7365222055
40823 -1352754728
-14588 -3680157019
41069 -2106297155
77740 -5821810408
-29054 -261423752
-17365 -3484387637
-91165 -4915216714
-31037 -32624363
82028 -4264965667
-66043 -5603647195
19540 -2653579441
56539 -8717301868
-4609 -6755600999
-44597 -5015557451
10654 -3622265534
-13804 -9294166535
-88856 266544709
-81875 -8548800605
19220 -1650465587
69878 -5963398322
50546 -8340261547
81047 -3198220646
-79447 -2688759398
-87700 171132211
43123 -2844724859
35681 -5069650063
92663 -2898651259
-32183 -5804350663
46631 -3697361014
29374 -8587042232
-25760 -8891617040
-75974 -8618210209
-28129 -210459289
-30644 -8479842019
-32276 -3013565546
-9680 -7451198984
87782 -309648917
-93442 156433564
83038 -4424863936
94738 -1306900192
63094 -2769708701
77584 -4177052384
56777 -9988539835
1216 -9675258500
-25697 -8805940805
-90145 -3165825464
13885 -1510505368
-73363 -8701648606
96943 -9428955254
-58741 -2939145469
94366 -1910157025
4475 -4521344005
-39217 -3269249006
-16745 -7257286802
-51961 -912336107
-2230 -7359608060
-20878 -9953001442
-79055 -6267879475
-11726 -3868214830
50375 -1772154113
81517 -8435769295
38348 -9587552467
-14417 -2731770955
-64930 -4545817906
-50678 -7276272679
-24764 -7743560204
-33898 -1827086852
10928 -623868592
50065 -8724465226
-97673 -3207516877
37337 -1148802452
24386 -4903584553
60047 -7968808184
30065 -4337213326
61711 -9529814954
56612 -5197308923
-73409 -8632179475
3083 -7003793093
45946 -3028051397
92089 -4942877395
44126 -5281876210
77092 -5759907926
-34708 -5767456933
56410 -678027785
63104 -1805655752
82478 -3680888417
56747 -4778317270
33616 -3842778824
45332 -6105489389
-17540 -1469984102
46433 -7540459100
50329 -4582787636
44998 -6563974039
45944 -722556911
57713 -279950822
-95446 -6678564848
-86879 -9933741623
-28201 -9785334418
49189 -5901847943
75926 -235439767
65462 -9414870761
110 -2537725033
7715 -1136888504
68446 -8974812215
-83113 -3328896031
27563 -8558857697
-7949 -379786423
76535 -8066107010
11468 -6203067277
42205 -8969853194
81521 -9491673410
35245 -3584468987
-97076 -5060493209
-8032 -1133153311
-45043 -8619448726
89132 -331388710
-90980 -8771153318
20107 -3478590740
-44773 -2547912098
74182 -6877753897
48803 -4226783617
-18533 -2499687287
-66686 -534124238
-74426 -5583718930
62236 -730034287
-54380 -449141851
-9292 -80615795
-48670 188189044
-79201 -2539593788
-97991 -4905886397
25643 -1188330376
58550 -6281745536
-97502 -456514297
-2177 -6230677589
-11719 -4096187728
49409 -7408911331
-6571 -4455652220
90395 -3424006436
-89173 -6381724996
-413 -2823667694
50420 -9997220438
56761 -3750540530
-24775 -2542378762
-26270 -7113755666
-79136 -909141487
42316 -9993171863
-72940 -7897353409
-63037 -854819413
-84919 403417246
37520 -734240219
90469 -8441765221
90163 -3991874192
-12565 -2388951329
-45566 -7279557286
-41276 -4621836409
-98957 -6127622029
-28153 -6533663695
-24578 -9583445798
-8371 -2348174113
66686 -9950029103
49048 -2420942482
40493 -6326786755
51089 -3305750504
-30086 -2143879151
-961 -8775347807
-20471 -4425769507
-45641 -9900043823
-51226 -854889995
62206 -1513773845
68954 -9073675100
-37514 -1475329909
16714 -4421199488
34199 -7757033909
-16471 -6446877014
-99260 -6201593956
-66734 -7754258875
-41051 -7440274235
62921 -991544449
34756 -156518108
-19393 -6891031682
-6337 -538595444
-73324 -1779871589
-76547 -1920889934
-28717 -4763435393
-93628 -3223817699
-45403 -7378563526
20441 -9710764436
4229 -1438386239
-62623 80128217
-67730 -1690268270
92410 -6869249368
54397 -128936795
15550 -5726976856
12943 -1640718541
-18367 -8858637925
-87020 -1028367560
36905 -6699088976
-95473 -8951236646
-77228 -5052629
91811 -9384030317
95681 -2819770348
-4796 -7207109741
-9590 -6923146571
-1885 -2273572886
68740 -7713468788
-8866 -1412685743
-55246 -8270486810
5549 -5733963461
68138 -4151606909
-67606 -1653195634
-68701 -4252867187
-2887 -9641489804
-96080 510493891
-18233 -3726603980
-30721 -5163015638
-59122 225630895
24890 -8112971407
17165 -2408068355
-82510 -1311919765
-46307 -1345695436
38657 -1445363893
-18523 -4641847810
-69652 -4021589464
-86435 -5044661330
53644 -7283065190
61364 -8313208226
19769 -1277575990
-58090 -8545304684
72901 -783475303
74900 -9050920480
-22270 -3489718289
73006 -5576758532
83164 -8895104806
-76084 -7410841850
50807 -3941509883
21416 -7504887185
16580 -2880760696
94310 -4107259571
62260 -6066086920
-45866 -4884340864
-95584 -3423969095
-51295 -1088928535
-57985 185226274
-65122 -9825788497
-46129 -2200714807
-57280 -4852849067
34951 -9945615139
-86873 -5829562150
93035 -4814373061
-73075 -8401850096
87134 -3176198917
47543 -3142279508
-26389 -487978340
28325 -5177540599
30923 -8570584510
73018 -6942679544
-84707 -3500995490
13058 -5155285478
-96466 -8900679274
-72029 -3677679637
11222 -2381301596
65699 -6734508370
-81998 -5529471329
38125 -4219582258
67100 -6939567521
-45397 -2594471768
78788 -9049699817
-51457 -5756251388
90491 -7848552269
-17914 -1273071472
81533 -5336300675
47258 -4279764394
27367 -9507323119
9038 -1809956426
52004 -8425355732
13771 -3407046451
-82474 -7202107084
18052 -1957124396
70586 -9765323767
-17033 -220590773
-3487 -9669911399
-12824 -7973672020
57722 -8856036392
26392 -8595794219
-50267 -5881428142
-353 -4332953726
29806 -5056354745
-12850 -4000198957
93275 -8119077023
-89017 289391992
-836 -2770102499
-46586 -2930308504
-2038 -3641409382
-72863 -4552314959
-20734 -6126075203
70417 -7711073378
66332 -5113201409
6266 -891403285
-76138 -883424107
-6406 -6817254074
28652 -4964910674
-51026 -5882757472
-13207 -5207445332
92477 -9081014663
-22760 -5146982531
-80762 -915131183
99127 -28948457
-9856 -7113991850
79351 -1243402388
-43930 -7139868629
46555 -3567379543
28786 -3343145377
15679 -7324125871
3226 -563614727
27814 -4179157921
44651 -1427202406
-42061 -7240648993
-83750 -5427930340
-11126 -876142709
-49934 -9876718231
71047 -443777443
49996 -125894134
-26734 -169199128
-97231 -1509920210
-79940 -7587651613
-11336 -7594772284
76264 -7300887808
-90586 -5659921511
-78946 -7918093009
-41782 -3078340681
72607 -9012655228
25798 -3860622713
48110 -9609870271
-36769 -4140975361
36460 -1283575988
14455 -2391742405
-94907 30719461
-72419 -8923013120
2800 -8101028042
48964 -488898419
30854 -3338905985
-21170 -6955388489
-3335 -72484915
-30842 -7188054787
49261 -7773149693
28771 -4564480999
-69662 -7841294387
42067 -1282166407
-31711 -4484589373
-64363 -1917416219
22214 -445225079
-71816 -1515178553
-65243 -5932680128
82577 -7632141568
95644 -7411435271
1888 -5111864852
-70868 -5698419037
7283 -4501597271
14030 -5683269568
-59495 -164582201
40459 -3797066945
92657 -9305453167
92671 -8845234288
-93358 283347701
78775 -2278401332
-52196 -5547347050
-5026 -171296980
81589 -3083079086
56711 -4997380312
32453 -6944871916
-90202 -2275166069
81056 -6182597225
-13951 -6159474968
32960 -4132494821
60955 -4135463717
-18893 -3716102884
45358 -3009380516
87235 -3257300669
29351 -1516769212
32902 -995609770
87611 -4379764549
-35858 -2351851490
-43681 -3677627863
-77890 -9137479970
13073 -147288506
-5398 -5845419022
38354 -7139016863
-20459 -7749140576
48601 -3934487911
83926 -6448400173
-34489 -8845545452
72874 -1381124306
-49478 -2143705184
-44504 -4352784922
-19091 -2027105102
-82135 -6543443057
99175 -4747994090
-68978 -5489573684
42844 -2762207917
18398 -2827220465
-49610 -2723303231
-88877 -308076022
-6220 -8070938030
53920 -4568536454
-73726 -1633686652
-95066 -2559949454
-86903 -5527664710
17225 -7967463226
-46568 -3057270223
10832 -8368594849
94790 -7426285531
81250 -3031509629
32242 -3952493468
-64438 -8152809658
83990 -131458987
50305 -8925929581
76954 -5201874148
-41743 -288017150
45461 -2923600897
-46286 -99908821
-55753 -6383471293
8734 -4432885898
-65581 -7541313442
-25 -4341801853
13300 -3562523950
-49198 -2299979188
89047 -846712192
-91759 -5098167433
-16973 -257521196
45802 -2945891779
54856 -7074408701
40967 -4446936193
52720 -680424589
967 -7797955085
90523 -1152724912
-92269 -3194223656
-87070 -8452342907
-850 -5053084495
-65773 -4378410817
47485 -1534197427
-47680 -5756518754
-37399 -3646811996
11174 -4306334285
-92944 -7621090408
20111 -5058397507
63980 -1977488195
-18626 -5820553537
86335 -3423683101
56695 -85356718
-78961 -320147747
-62312 -8577749933
-20974 -7282836335
30347 -2726288705
80639 -689751247
76112 -8633707487
82165 -6035374246
-7793 -8792578630
-78919 -8188939741
52445 -6973762852
8789 -4674976705
70465 -2062067002
3616 -6902747428
64525 -7459918495
26891 -1657452868
-70270 -8113598273
51644 -5940425822
-16369 -4014918445
55922 -1753133677
2440 -7217771135
-31666 -1276093690
88435 -7491356371
89452 -6836933021
87926 -921128944
-16211 -6626663746
-64352 -7089172796
-34100 -1700637692
-12241 -3429624919
-96097 -3849143989
9259 -3624833591
62123 -172099577
53786 -503888534
4690 -4277523128
85751 -5112358712
-85159 -3126182092
10495 -2216243656
-92761 -8666109194
74557 -7239573892
-83131 369105625
45869 -1901955398
-50354 -2600646448
-86422 -8780949316
-14053 -7614774469
-52399 -9598380154
46829 -1718422126
-61063 -5405891413
-16594 -1276931311
6988 -5252155160
-84829 -7685885540
63503 -3034527680
-73508 -2698528978
48382 -6167543210
-67598 -2753514517
17876 -5826319661
99325 -5323181341
92608 -2771467135
13802 -2924067604
70930 -5386495301
77473 -7913826266
22604 -5266776379
21442 -8970289667
39073 -719457574
50726 -1683864686
-99424 511087616
56497 -6191641406
36530 -9105310136
-38602 -1279146130
-319 -7385204222
-46756 -8527735945
75115 -9599261120
74356 -862658017
77048 -2072143207
-75382 -3686080966
-64309 -6504972832
-95087 -8388607076
-16186 -552621263
84778 -9241665907
28033 -7834321438
-78877 -241965382
51527 -3801108487
38734 -4684067080
-21815 -2584720615
94480 -9695553143
-30023 -7122874238
6311 -8287205066
12217 -3602969309
-96703 392143516
65741 -7643482111
37157 -6778118456
-3394 -9753842936
-38734 -2563040560
89914 -7200704332
-25396 -462143266
-83249 -8501389831
-42956 -2441820415
97988 -7287086725
11347 -5556604505
-58427 -332496818
69040 -4809569300
-22685 -6267033059
-5566 -3680715886
-1105 -3173011612
-47959 -5114037757
86287 -9296766235
-78352 -1197669736
80215 -135925438
78068 -2122921079
-63871 -2220940106
-72950 -8996684450
37924 -6208859750
62632 -4056797386
97049 -2718359179
17881 -7521333847
14068 -3762001783
-56437 -7770103565
8693 -1066008863
-40693 -79548542
63925 -1761138428
-4490 -6580433678
-84502 -3153913492
-70627 -8857703950
63868 -684882091
29450 -966385934
31666 -5897449832
-27986 -7001610491
81020 -1570948688
24002 -6342943318
-4877 -2136103264
64367 -2243568151
-80206 -7118118070
-1064 -6497720648
35279 -1018886860
-3673 -1886273147
72316 -4270526351
-65830 -2070298052
4664 -1103798654
79732 -5979833020
-11503 -6143611514
76555 -8061471137
45763 -7587439756
-32048 -8584275776
62609 -4051275623
77767 -8304761668
29722 -3763002062
-45991 -2795927825
1864 -4112257540
-76289 -5432621860
26587 -3811202384
-72409 -9895909070
-3694 -5631375875
-1022 -6312096248
-75239 -4862114327
-55736 -6619711951
29878 -3324106672
-84934 -535935104
81502 -9416466683
-7958 -5043507518
-45496 -4043271271
-66617 -3166149706
-98951 -5387796215
-4532 -2255158661
-46250 -6371190202
-52499 -3207019196
53858 -9720113894
-18169 -379881184
-55715 -7289232380
-33484 -5232164107
-54473 -5924777780
50081 -7128692359
-96869 -9389000933
-94586 -2508390146
-52151 -4643186722
49502 -3456852448
68953 -8864788081
39202 -6222543112
58463 -5611234310
-46724 -7553203235
69431 -1746336481
-5924 -3697679752
-81598 324814033
22663 -4858315850
51679 -2346431110
23893 -384132296
-46682 -682406258
-37111 -5695779719
-44363 -4225737238
-49456 -4530320279
-87314 -7272452939
80069 -627132326
21788 -6988919774
80218 -720028967
-88987 -149009269
90704 -7789939778
25868 -7865835170
-9584 -1364659817
8914 -6259241626
-21277 -9470589757
-64508 -2454701215
93179 -8754397139
-20995 -6087032174
42326 -2895662654
-32318 -2717046395
-482 -3372316900
-96121 -4991074936
-19667 -623873332
-9778 -4853080573
37588 -8620582244
-30296 -7085281712
45802 -8539795375
-80704 -8592806837
-24427 -4032299129
31646 -3229571354
5777 -3202559716
32837 -9212440825
-73835 -4698456991
18089 -172545323
-18185 -7480282742
-62134 -2757094099
88705 -2189976226
4133 -6817516217
-36034 -4122329342
25297 -4039625665
38653 -9578206189
2999 -1914271036
-23383 -2891381696
81991 -1902616718
-96220 193948048
82855 -3930815909
45769 -1058286424
31406 -1497508549
-13567 -4755941744
-95758 -3723858268
72496 -4063449482
70502 -6148256873
68759 -6480267497
-55856 -6051972517
-23519 -6972120425
-48625 -9719891048
42358 -5069879218
85610 -6355067089
46913 -8027493200
-10384 -4002958562
-80258 -2736793595
-20443 -3967431986
59636 -2620334053
13253 -7911133888
-98770 98883683
83989 -2599337479
12676 -6648345599
85798 -613311746
75746 -1958982484
-54254 -2093620879
-71417 -528510560
25016 -7240907419
83047 -9586975954
-83813 -436934960
-60055 -2738110135
-14339 -135043909
73418 -2045692148
44813 -1168698823
23539 -203279995
-88772 -6480157354
-4888 -6807934544
-47614 -3388151545
43973 -3232782271
71516 -2311024693
37927 -3397815598
-20524 -5695017131
-47446 -8255374738
-49943 -8760357073
-47849 -4823080247
42362 -7967562745
-5216 -5480653292
7750 -3871473851
53939 -3099014171
18964 -9767527220
-24464 -201323987
30673 -9872724761
32657 -2566481282
34817 -9030243853
-65288 -3194324827
-34823 -7863666608
-57061 -2679843317
-75286 -1959507472
76505 -4682374366
-52873 -2347273204
98027 -7248139613
-19265 -7989250424
14699 -950772770
-68845 -5009984201
6506 -5109280624
16942 -1898770090
-87316 -5304556708
34859 -9233096909
68179 -1601481857
-75269 -5478153536
42274 -9146893853
50726 -2471590789
-33838 -2493057400
-13189 -3823634858
50564 -5905600550
52631 -8459427254
99602 -3198307927
-17794 -4074369409
14966 -5817712963
74692 -3523333124
9544 -1632228578
-97765 -213599528
-48326 -2381424878
42950 -1284484504
-94111 -9889177822
1715 -1621590718
-5002 -9003103550
-28868 -1179641146
-33049 -7666647934
-54781 -5390013233
-58001 -7634745625
12935 -7642792658
-11998 -1597549853
78557 -9840474523
66449 -5456876315
25948 -6984271409
90343 -5380593283
-87505 -6905708149
75331 -2309019644
-58775 -5097872168
43082 -8434353413
-9932 -9989313296
8695 -3398460680
-39335 -2166183431
9691 -2941226509
-78781 -3287817886
-10052 -8026916689
-7561 -169222258
47309 -5028839815
14959 -3496961615
62068 -128871881
-27388 -7731448342
-44276 -8215011739
-58579 -2305626961
-24997 -4883495527
-21773 -5190546182
25694 -9621334268
-42187 -3458194625
-13108 -2654698700
-60214 -894512965
-37075 -5715687620
-46292 -4103919877
56072 -8259903952
-62870 -6454333979
-6395 -239885854
4141 -3603366478
20507 -3791834728
-4985 -6585918338
-9518 -9232633474
47596 -2608166224
-35536 -6897344005
49600 -122037301
-2350 -8906224964
55922 -2007454291
-33967 -7041426205
84073 -5849052881
69917 -5868606694
-5221 -4701585352
6745 -4577187197
-15119 -2553690275
35684 -1673088016
95774 -8009580874
67462 -3866347388
-97466 -4191527666
-79529 -387289555
53090 -7587331531
-46553 -5723248856
88708 -2416156288
46373 -1526933666
-53756 -5071415648
51488 -2083638533
57860 -6306271102
60955 -6293557630
64274 -1279365368
-24404 -722216806
-63935 -5116125778
95977 -6963031846
-88249 -1666630721
-14231 -6406857289
11536 -7544994616
9541 -6803996938
-69578 -1259715347
-67232 -6355628539
71642 -6576728962
-94355 683210389
8554 -699359282
-83629 -8808281752
57311 -235969288
-23528 -1594351096
17107 -6660134855
-52786 -9849085915
-95789 -268450964
80443 -9187748623
-79360 -3651858596
-4105 -5500756334
16856 -7588273201
29894 -3672762907
-88529 -2430649226
34817 -2236250914
65887 -5540586880
57730 -9558403504
51251 -468279107
-94361 -9532515374
-56462 -788713220
95656 -2517233909
-18779 -3480200345
-82951 -8369086690
4615 -5629199008
-68228 -984008492
-29360 -1996044827
-42164 -311620636
53693 -4842385145
91384 -6022034507
30392 -401550317
78691 -8598047953
5815 -8142152713
-51085 -3573858428
43999 -7697864569
44588 -4132295507
-21094 -8568759133
-25240 -7253918827
-93086 -2608861145
37214 -365700227
94969 -374263141
-84323 -9239318912
99301 -8619007406
-98495 -1602719239
85384 -5241088778
12760 -1307110784
68825 -177504859
71471 -7568273569
-75140 -9692372852
-13637 -3553261352
-34283 -5156438299
93893 -6463744829
74635 -6244902160
-89794 -7413014425
58744 -9319955942
-60181 -303221207
-16705 -1284523270
46909 -9547966930
-24602 -2642745065
-97988 -4477995445
-317 -322905340
69985 -231535790
-77356 -4085398322
78973 -9970393846
95410 -2115641506
-42077 -9429848255
-49102 -1625936998
37232 -6080436100
78677 -9639163834
60005 -9551947673
-19897 -9846180931
-87868 -4757441038
-43114 -9259541161
-32243 -9270897863
-10958 -687190325
-49835 -3214470907
-69515 -1286237365
84482 -2843105354
77587 -7780545205
40256 -1312504384
-72359 -115622623
-15014 -2928552224
77726 -1706791328
-80576 -4594385113
-25906 -6188182238
2155 -7494504467
24514 -4041427060
-48394 -1493938544
-70238 -2641401088
-73787 -2866204613
32465 -8348651426
-18443 -3180706162
-9968 -3588479401
3578 -9698129708
50446 -6748797589
-21668 -7019134465
-35750 -630727886
-46259 -6084111367
53708 -9462946160
-69440 -3657225047
-92434 -845107331
-61178 -4160177429
57437 -6642370649
19519 -2082130265
83632 -3674727013
-84323 -8935567105
8426 -4711679170
-59284 -3100379855
-57866 -7535148143
6322 -1823884666
87628 -4126033499
17842 -8710713491
1582 -8521515568
65288 -1532085244
-87767 -206754713
-36907 -2596329071
68074 -712854989
-2777 -5517127387
2666 -7201896851
39095 -7799264405
-82615 -8908822070
66893 -6407117588
-26228 -7196758201
16934 -113628707
-10063 -3533075524
-81752 -7004436551
69634 -4276627292
-54464 -9370585826
-44011 -7058221408
-6533 -1267030025
90779 -7633916662
85394 -7377052412
9764 -1872636755
90989 -7858257704
69841 -6161258545
36361 -585853838
-68834 -8651335594
-39632 -8548975075
78982 -1105737388
-13202 -187506400
-46966 -836552390
58399 -9199501018
-38365 -5909082628
67237 -1975918225
-34685 -6466166458
-16592 -8023949756
-84332 -8153348681
-59915 -4738883701
76696 -8866930004
89410 -224756582
-90215 -2142161882
-25420 -3617555377
-21910 -5792641300
86023 -2404688237
92336 -7340286367
-40642 -3208747510
96884 -4752938863
-48583 -605072462
61936 -8943132964
-77585 -691680583
-90619 -6097858678
-94570 -4560220001
70399 -7614726332
86605 -2081761604
-5221 -4511937466
57718 -1097922560
-1114 -2554166050
80258 -7553232503
-44596 -108154130
17849 -852552452
-26546 -5499769840
7162 -9366832331
37199 -2793764135
-48545 -808829728
14426 -700267493
-39982 -7261050809
34082 -1656390487
-24709 -3522350021
-56006 -5924239268
802 -1830006392
66103 -7788968761
-42811 -3780002582
-27782 -9750252625
-30137 -4250385659
-24343 -6552545942
-10486 -4859759734
82253 -6093395641
-3323 -4918292533
-91699 -7907001419
58097 -255394387
-44696 -9827851229
63382 -2263820450
92752 -9260675485
84425 -8721316181
62902 -4756614452
70847 -730827362
-17276 -6152848531
29851 -7286403674
41908 -8878966037
64501 -800337364
95714 -298587517
-90319 -9707638555
-68584 -9912311090
-5887 -9960521842
-51841 -7900788560
23749 -741061057
-71321 -4744994902
57178 -5841281768
63544 -8433799501
-55547 -8286859897
85273 -8131195304
-27431 -4692102656
-5941 -382440862
-24433 -6800578868
16934 -6872329544
-86522 -8714410138
-82828 -784793042
-45278 -7009732196
43346 -3378798764
-68794 -8586011854
-76774 -538598305
25706 -6909932506
63572 -8989715296
-99910 -490607323
-18682 -59663621
53795 -3311145365
-14033 -856232801
69356 -7638510923
21023 -1975824233
76474 -5349749315
-54647 -5214828293
-61775 -2276258675
30395 -9873956855
92456 -6851548750
28093 -9939795952
-7693 -8981631065
-64786 -3127789702
5110 -8986495663
-2312 -6117051317
-33512 -9592079890
84763 -7656460165
-52213 -3020174449
-71893 -1823435792
-1858 -7424610872
-55303 -8504981993
-12962 -4629987329
4946 -4274864074
15254 -2521907077
-62620 -7352770261
28006 -3267528623
79063 -8944909903
-80771 -3937245865
-52567 -7286712421
10673 -7264269862
-48266 -4127729116
-14432 -3672925972
-57736 -9052354201
-75838 198867995
-85691 -5496535505
-79397 -5167863583
-50675 -1107299386
50648 -8725906618
-94114 -3554852281
38039 -9262921063
23059 -8853487990
53902 -7270608758
55382 -9182779643
-85568 -9811863368
-45368 -9827278727
-42602 -4282800010
37193 -3341164022
-98318 -9544973848
89242 -4090838024
-48863 -4749986858
-2992 -7402639456
-69784 -2023102691
-77096 -4072689635
-96490 -9986772989
-18386 -2672929855
22409 -75057182
-25825 -733195703
-78164 -7200668824
19408 -8424821521
-60898 -1633749304
-94289 -322847579
-61460 -1944146230
-89815 -4400555290
31823 -8717420722
-76777 -4881687149
21727 -5591240083
3388 -5366089819
-12355 -3592693516
-37409 -2499448025
5995 -2885267858
-17932 -1749464510
-71222 -7554995377
81446 -521641120
-4313 -8871733990
-14687 -9419910817
-99388 -9939820280
74800 -4572187609
84305 -8046209243
-85307 -465308554
26566 -2076651526
77483 -3350353139
7460 -7151337263
-91418 -6252683609
12718 -8513236312
-96317 -3537497942
6124 -2682332488
-14519 -1491219719
-72476 -5385189190
8785 -2541260255
-56183 -5661588316
91856 -6492791059
62954 -4543790128
75923 -5420917597
60677 -1056001981
-94978 -1134655187
27235 -4878616649
-49747 -3130725545
-64094 -5824876925
58229 -3865953983
88240 -2606773742
-97046 442506475
21302 -9539345669
-3569 -3622623085
9793 -1392059339
-63287 -5576878219
-47029 -9316029251
-64237 -4198359800
-95968 -7957471604
10126 -1950234107
-77063 -6570880331
76909 -3161081641
-81205 -573893536
-3560 -2574867376
40619 -8806540642
6260 -6200345300
70429 -7288801043
80518 -7811339473
98318 -8763939184
73288 -3280201243
-12998 -409770617
-20890 -6191152744
47054 -5770805800
52751 -5013020597
12781 -2342364671
9166 -167898971
61621 -3470491304
36394 -5584554529
69157 -8005572469
-3505 -9557360738
67138 -5628185756
-95587 -3835810997
-90091 -4559413205
-66293 -7832590133
-65140 -6496367392
94060 -5211874252
15974 -5376489638
-46808 -3260297156
-94076 -932736425
40447 -7283634451
-1414 -2301715942
68341 -5543792909
-41678 -446972525
-22627 -2126939587
73399 -8051262166
-34318 -8737181564
48632 -8845829555
90019 -2330472778
-19649 -8214069307
-21436 -7824371407
-85132 177248047
38425 -3180918674
88144 -9718112839
-11099 -7037513401
16490 -2340587558
-49711 -4112177630
-36268 -5160177059
-74617 -3968829455
14618 -5305040779
45341 -5307645698
-75895 -8192658368
81809 -5506723003
-23192 -3466642457
-42238 -6990552062
-36944 -8700436013
-53740 -1634328959
-59171 -6417385007
58609 -4130390663
52526 -9543973345
-82468 -2744988358
-46721 -3957252937
965 -1588068224
-38530 -1102746338
25897 -8952408697
45940 -596153632
-7510 -4159155196
-37448 -3896298328
-78610 -7706347099
26978 -1198570171
-23156 -2810716507
28291 -5531081978
73556 -1917772363
-29975 -705247282
-17735 -4475936189
61813 -1715822320
28939 -3369196694
53132 -1228651334
52708 -9103940287
88120 -4251609202
64052 -6307170083
18886 -549806005
47377 -9930788573
14393 -6570859984
-87298 -7891475342
-55066 -4963959067
54442 -4764890902
-9421 -9656199163
82679 -9058355851
-82669 -8155832293
-28648 -5598809348
-74189 -6816427843
33671 -5275537231
89080 -5459117974
-22150 -5617088939
75149 -3292164260
-94094 -1104713824
-25478 -8559795502
-7570 -8313151627
51344 -8115777017
5803 -5080322462
-75658 -5023034137
-26036 -1760769944
9251 -6236730799
38011 -8774784133
2822 -7354707202
33848 -5707873934
81658 -7676911658
