-85989 2885452375
56071 5491957967
6815 2463096836
2753 8302290882
-31345 2096246123
80233 3954701681
3551 2113484471
-73153 3933458988
-817 6257681811
95941 9225366201
-34193 7043642012
82387 1279927523
-7449 2952604333
-4069 8065256264
-77267 1307400390
52349 408593075
-9699 7445112409
-70201 9624680336
54809 8192131791
-52271 6616312113
-90295 5178607166
-47901 2394993023
32227 6181827539
79677 840937679
-37675 3912631761
12445 5898565335
-92443 7903241999
77311 2611877792
-80353 8677924053
-79507 9210727862
50435 5283544635
41385 3727553846
-2145 645380743
27517 2492904794
-41393 8407066049
87495 7283398189
-63821 7076159597
45245 4534966970
90967 5242120449
63213 3829221286
-82367 2422646279
60243 5123601376
46651 2499387377
41783 2574296169
62547 8967748372
44517 1635847571
-98223 2665614005
-77027 2007495734
-28515 6458182627
8357 6069721143
-44633 6196790796
36699 8652397433
-67179 1424720138
-41121 4563498619
99663 6246590545
-8077 696182979
62281 1311395697
-14653 4263071523
66531 4725047915
-16553 271245665
-7091 8912267574
21951 8468198113
96485 4089340499
20197 5701948115
-52605 6834869329
-32669 1845734985
28475 3702639521
-74069 9416220965
-26091 108961375
-92163 1858882985
-19643 3304378317
-1323 7656297107
-73413 9020197721
5279 1556174679
54417 7348732502
80967 9885182477
-70957 7743682791
-39669 6943203964
2625 9130895651
68621 6304370462
37053 3110282974
14861 3893544101
-32161 3735307625
-49777 684255080
-3809 3193326903
-90261 6775004377
-23651 4432849418
59527 8889440276
5903 3267671897
82613 8637227981
-91175 2190584249
-6011 155985077
-18321 6315897011
10943 3077699195
-20875 2770337385
40907 8814786699
25613 2864152095
-94419 2101040218
-84063 3678880567
-17837 2875289804
86963 9701686772
-56935 899824859
-34495 2410741667
92559 9513955543
-84825 5466053555
-11613 138048697
-88567 9599463371
-64053 2671440263
-51449 9366791580
61119 1376076979
-14807 5870740950
50755 8491218128
-50001 7635774736
5129 7059239238
-61139 7889930858
-75133 706202139
57055 7990907400
-46323 8125205818
-21595 9570531858
95295 7317214867
6353 9964907171
47621 6651503883
35363 9540720975
98539 5003047011
-40485 6334228499
-97311 5466770515
-21337 3703136369
65795 6578638295
30081 8328455957
-8827 1601098154
-87879 3292353925
-60253 276646599
-53759 3687668046
-80969 5096678949
-46481 2102393669
7647 9014175247
56443 7369040688
29393 4921264335
87489 3054007126
-90419 7472914245
13241 8008594637
-7335 7527783902
-63769 3939459639
26711 7945792193
-8973 263397793
-56329 4422803139
66695 7540838595
73301 3354633074
19651 3028838292
28405 9747947783
-58219 4147656653
66595 8336907731
21467 3993696489
-27281 4682712252
40421 5694141483
-91441 7474583927
-97283 958714734
8497 4255530413
83337 5751771334
30081 9479255017
12945 4318037759
-36423 4525684715
-59367 8898737251
-7859 816547979
81359 3174607251
67277 9953543318
94567 6816472091
59841 7893573707
26943 6381506903
-97251 1602604811
34273 5462801690
74527 5995434200
-94925 4221644885
-85655 4670536970
-42259 9336052982
14363 4726545891
-99269 5739540740
61603 3949330943
-67705 7067542308
7035 5466774257
-57339 6227537317
-33255 7876546519
-89385 5929569487
-60915 360544631
-48107 1438184642
-54009 9938863627
5487 7147271452
41677 7260968957
-12737 9390648467
-19167 9706031434
4209 8268244177
52907 6182194373
-41429 4920239993
56043 9102533117
88077 545617298
-55363 3503878094
-90243 9580200499
53633 7364472827
-55379 2274531131
48869 7099852266
78213 7203541291
24923 7906828757
-13597 3908962869
6577 2510219250
-68535 2365468061
-39399 8643976673
2799 8326105453
12105 8926932311
10585 2333884079
-78637 6421343109
19041 4423936937
82103 7185296985
-56419 2166096497
-76611 2665018091
-18793 8605356611
9653 9355874442
-32607 1538417654
-90365 4987793939
25 5951888619
31237 8432048165
23899 153264609
-27669 5882711285
-91889 6324681251
-65937 9274735672
-86113 6660652563
-18009 1286862589
28973 3051066675
48795 294049084
56945 6821645346
46071 494536159
80659 8766456296
-2857 3178792793
77873 9677808882
56409 7043427349
67931 1421465225
-98533 9377699993
-59167 5162656766
30737 4927191150
-3687 3179629510
23795 6025179260
-47295 3702998606
-75189 362050700
34071 4843635796
16797 5038678126
-85731 4654595566
27215 7898762717
32861 3343897415
5189 5705796150
99943 4929610268
-17041 100028909
-14847 2471330698
-83447 3080460527
-84177 8032600715
92939 554575193
-15079 6157509143
10977 4635096406
-67843 5532279431
-76833 6563506643
-48959 8542117835
-53513 2539161509
51277 3015448953
-29315 1427395086
6987 7899969443
84787 4640871471
-38921 1683637097
65203 6931034111
-43727 9653344457
55523 5131233488
-91387 3608862737
9711 2355488389
43599 9155940797
53211 9544575521
39801 5522228183
46457 8567290445
20191 1063987911
-10559 1167438641
43161 8617869074
6917 8509764633
-85521 5955765061
9861 2023691482
77491 5382442401
-78429 6165726011
73439 4681223892
-31005 9155337508
-34469 3636258069
2771 7655781747
-80185 9566720021
-1937 6091167320
-93071 6396824342
-38083 9399881243
27195 4856115457
42761 1662249915
30573 5225470583
7595 9439106340
46109 5725852767
30671 2898318752
72423 1729226621
-48705 9411785939
41187 5297534171
39605 8944871021
-49337 9606200856
87161 3071095161
20393 5042223342
-2697 7118322808
34431 1555764377
-2529 9703224188
44883 6370165952
36857 7832114286
-97201 3902256507
-88575 7027961722
-73757 5817644117
32309 8055832577
95845 1149268986
60131 9618131235
-10225 7094492445
19071 515946565
90395 9838210209
48945 3696760355
-36155 7224590825
16141 678249218
-42691 6514609239
-97171 2761545579
44631 3410627512
88207 5990630493
-11345 9324510611
78737 2125603854
-48099 881129971
23997 1631814034
62543 3393448425
-98579 6071768439
-73987 2941665746
-79961 5793243449
-69713 9122063787
36341 4093666883
-3553 1145996043
-24165 4497689521
-49895 1047608367
52839 4193036041
69489 9973570195
6113 2201996726
-1141 9861762369
-24025 1961049315
-2781 4117379653
76967 1236222884
48801 8295199670
42453 1952391215
-42135 868494526
76685 7231925313
53143 211243871
-16807 775334874
-53439 2186061751
-98147 2905497239
79157 3510654365
-88799 3389785061
-71229 9363647435
63853 5561716191
-34431 1282422677
86017 9468095358
90011 1737439157
29639 1960393917
22333 4467204251
-92323 7603480622
47067 8563462315
47115 1383018127
65989 3169074419
-91299 1182472129
13481 7854197757
21663 2897493344
42795 636934735
42347 8853807620
11749 9314134241
-44423 3197644709
9917 7866599735
47115 7965789500
-86081 2034451683
78685 603753441
-32485 5912031245
59679 1597609517
26809 7107696027
93711 3722273884
7827 9208631353
-33593 1574719020
72947 2590954164
30003 722556844
-43359 1078006111
-96931 8034492579
18871 4042898067
-68213 5505754455
887 6018783452
38873 8784993455
-60077 4292194893
-55995 9843270809
-41187 8293935857
-22257 5467403311
10669 5419063779
82449 3018081311
64023 3136295896
-68585 5345566836
24235 8931374069
17355 2386881881
-73927 7081636842
21163 9064988601
-14553 4398426389
9507 3275883761
22317 1315465547
76899 6567472477
54741 8193126310
-61849 8553120371
-55911 6129845285
39723 872218180
35959 7138223804
-98815 1474352111
9465 8825682089
-5005 3982441029
-90261 4307189717
-66053 8422140767
45227 786736323
13811 453580599
39685 1626857750
6853 1766226987
3913 104842655
-49489 3811908491
989 9118302459
-87697 1956500775
10831 9427805331
-33479 5277285315
-45477 3819052651
18799 6776898543
56651 2060807952
-40363 7391211075
-92565 7122411715
70641 8212211629
-85285 9183420875
47163 6800221363
-78969 8767716272
-18523 9713842715
64715 4687287173
24519 4054990399
72273 6293831497
64915 4930242689
75757 6744119247
-64023 1317647338
45353 6417969365
-31937 8100299037
-61301 8502403461
-14879 3647445917
97187 9045927825
-79381 4245298617
2931 9135829384
-61445 1741925127
-63607 6910771583
78783 7510495661
32133 1739290943
16411 3766444095
-23441 9567928553
-36393 1845382577
48745 8807156291
-84921 4929890260
35789 3570883454
-81301 7777268244
-63251 8580291642
-19993 3692026595
12769 5169038657
16745 2868535374
-92433 6392089760
-94659 1652662195
19209 4880594699
32453 7869165701
42293 7647326474
71881 7063466946
-61931 5883682742
-46929 7966151468
-87763 9253294341
-12289 2031291992
-15559 9093081687
-5795 5336507355
-89847 2258675986
-34089 9073290079
52697 6153439301
-24965 7444557099
-11515 1056463626
31107 1571870825
-72977 8137579275
19335 7575774101
36053 9857440931
-6815 2312875946
-31043 2391509985
-4375 2529249999
87345 4491193886
79861 3304632690
-45975 490072333
-44457 6725486968
66541 6257005778
47431 6606388647
-50193 6641398603
36013 2380934462
12179 7111334736
72871 9990263451
98119 3692152872
93331 7228389716
-36385 4581571872
-45321 5593353641
-92843 1654457397
-52691 333065321
-14331 5150960138
69145 4339912353
-8737 5005985984
23719 7751646108
-33105 5632228135
89519 6523004555
55519 2082358416
-23251 5293580673
22603 4442479677
-20255 377398637
54841 9394952210
-84403 1760070387
-88893 4464355585
19623 2886725983
-54427 7990046661
48011 6615521459
88307 7790824947
60135 6464522036
-89631 5562102914
-19823 4064833913
51571 3428130060
8187 4757028385
1783 3219704508
-81841 7973376116
-77573 6725669384
48201 8564195402
55249 8047189946
59259 9228999211
-51393 9317140364
-24509 5011994901
75285 3024973777
-41165 1247002073
37653 6870561545
-96391 3019310297
-20869 8682966447
-51279 2870053543
-88101 8670693476
-3257 6153122904
82953 1942896619
73279 4264803009
-9587 4611545531
66473 3543987006
56731 292699811
78909 8925996941
23061 4424934697
-34297 3648791685
13409 557311587
53351 1317197097
-19337 4756993689
74199 6212405983
95267 5982007508
-66411 3051662698
22499 8705384076
-57723 7472290843
52325 9608912730
73897 1548714243
-125 802670319
-33517 1161278541
86049 8019945538
59089 5498501003
-47803 3578689910
77643 7122331052
-79105 8442654587
-69587 1642854161
-89105 6908543175
62589 6225604649
-29717 3867034317
-51811 4012558077
-4937 4394817201
57773 3018687005
-54613 5869659059
86705 5158034303
19981 6567920165
-46451 2427498659
23149 6228298425
25825 8696935922
-35923 1115581767
-75227 7405404029
-81381 6260148683
58741 7373290137
61071 3263005811
-38107 1844711154
-76759 3345506721
-88869 4128110704
-57183 2481753263
-56603 1474575938
95627 1638878312
-43375 1473285821
-23057 1815700649
12159 8392418153
-33529 440154629
1833 4200783169
8499 8308163809
-18217 7962368556
42115 9779185773
35259 2057451160
90465 2296474630
-97721 8801007467
-2155 4158234713
42199 8869111037
-71671 3403027566
11363 4747418252
-13555 6919168211
-66837 772042492
53317 8058645966
79421 1746969771
23989 9128567570
98285 6130064430
-38711 4823550993
-22079 9166654214
-10741 4746956369
55269 5718950710
29015 541642844
-56051 5107838043
-81835 5787806519
41987 498333440
29469 5185960009
13269 7111300781
86579 9749320317
-5501 8260208021
45653 6698822694
-66443 3298421507
-69679 5733928725
74515 9101696460
-15941 3689790735
-911 605633546
-86161 1949223033
-15541 7015731087
3483 1731782936
-53295 6038333833
-74247 1832349710
-30283 4258888353
14127 6404010455
-82925 6174409119
-50193 7244634968
-69769 843612116
25949 5199521838
78147 5496643684
-21859 2524784574
7211 1063628096
99145 2409327605
95745 1452554863
-46027 6291433383
90139 8544143240
-23771 2799066743
-75799 8621859695
-90745 1905666924
-41809 1878133703
6985 8168122682
-11977 8211921621
-3471 3094830149
48839 835494909
58957 1166693762
47003 5680210739
41771 8413567868
-74211 1432148951
-94947 8165782085
-42283 2376044817
-98029 8896292549
26481 2443555051
58655 6041432349
83373 1691144533
75571 5143991412
49181 4004891849
-72021 4013314375
21329 7332335753
74985 4805576977
54063 5896332520
-5465 3136610087
94321 5677543065
52203 2421321724
-22409 6422834600
87675 1059248788
76651 2061946509
-24627 3595834810
31557 4964154431
-47463 4131587479
60755 9445867767
64271 9868609787
-14267 5513961881
-66327 5859952783
-5951 6316683569
8309 1608987174
-61867 4286611841
85497 6129783635
39423 7620268861
39317 3030317258
-49447 3135671055
16359 579761333
29569 5865492990
69231 9978697273
22887 5991074425
43497 5087272042
-56711 1108527059
-1937 954852591
10471 9690845225
46109 3611945657
-46307 7734143531
-52781 617733123
-69683 5148101634
3695 9004836021
-32767 2646587462
-14745 561546265
-78023 1370930061
-66993 962778280
-90257 5717778389
-59609 799778843
-46783 7369948098
-14381 7747844729
35571 8748294217
29451 6855724561
-97715 9497248049
15959 8169694200
56197 6389193081
-41561 5825850665
-91785 9012384695
89431 8100184884
-43027 2440344686
93531 3625832131
-78007 7428175041
43025 6649305681
2437 9496499490
-26601 994358951
37009 8024646554
-22977 9594489335
-94567 3221917751
-81595 1340692317
-55849 6015693239
-10545 6216619432
19549 8746221371
-8957 9499155261
32711 6890041655
33661 4128663050
88097 8960253639
-41211 1666916918
22291 3343219428
52763 7176151316
74555 8006166975
28787 3195810303
-84543 8074463353
68369 5434142493
-22753 2222909300
2383 872071859
60211 7757670453
-99695 2868715722
79495 9290315747
-57827 4984557303
-9451 4428744561
-89797 8313213621
71329 1675958589
-34715 7053555875
-56881 9929200091
-35281 9557317748
43979 8996392904
64589 1418105639
37849 3963789474
-93071 9369968397
15603 8979409465
-58951 4913120453
-41263 7870085198
88675 2183330124
-7987 1167902186
90153 9207324917
-90095 9281224274
68091 1519925683
2031 4555280384
41007 5812122784
19357 1736412515
99619 9238723937
17273 2940753806
30719 9337411541
68279 2523315981
25551 2416386163
57255 7052153951
68055 5296769236
89525 1249057001
33949 4125965691
6055 1597306505
16437 1026125989
48277 3273060083
-69137 9860635179
-24533 2684539245
-28585 4044308943
43199 789170963
-84759 5273305055
57709 3568581387
-6739 9956274819
6777 7464670645
-68441 3646141020
-52527 9662130743
-49931 3933925886
-72903 1573683733
-41451 6411117053
-58673 1084675464
30541 7845277467
-62625 4896317491
-28121 5197428212
15987 7891618783
-7393 7407273237
59179 2060009685
-76693 4732173669
47117 7761234734
69711 9441792227
46663 2344673519
27215 7184440719
15859 997276175
38473 7825499921
17137 6787099626
68625 4042810397
-67455 881143603
-39985 5867103776
-54291 8384647358
31803 2765988895
-55749 8567848685
-74917 6956057067
-31933 8324688212
13169 7416418742
-79191 4539215435
-56233 8209894812
-95279 2854676207
-53299 6444009585
94231 8805062207
-72033 2667818228
-38577 4196632241
-31163 9887071505
85297 7472697762
-47857 2433865875
-44123 6863513871
-78745 2344873656
81339 899247316
87301 4098199358
76029 7106369005
15149 956229369
99037 3140859810
-63595 593471519
-83743 2063558094
-40763 4567398221
-71837 5042609363
-50191 9447320123
-41653 2866188719
-82567 6445002575
-91811 7314508554
-41167 3164058885
-73111 6294147047
-56981 5434359885
21709 2426779982
-24241 811624248
-61911 3624009458
-5963 7348586906
24085 2770749218
-84063 7111098935
-41477 3137049081
59887 9174454065
-41265 3038112029
51621 3634664674
74903 6536640665
11467 4057110807
81629 3796435563
18769 7429390938
52199 4095162059
-80455 6537208257
-11461 3459097452
95835 9644467955
-42023 270696719
36421 7263688994
34691 3193308752
-28137 5491303720
86735 2556429489
-27083 256057754
-66633 6746292452
-82203 7365279721
-92087 5546202659
22709 3977336693
-22523 7328650851
-68811 2894783843
-68045 7337665584
37517 7834218723
-49407 8191090789
18413 2626479881
44199 8936038501
94151 8081764083
11693 3755487477
-13043 4242735402
-12687 5126541421
55899 5829322396
81697 5178983741
-89901 8161918207
-23529 3010246468
-68595 346460353
60825 2013533290
-31535 3383605871
-6925 2832216839
-45117 7859836885
28575 5550669799
38713 4242059810
70737 8723903525
-65135 9495186293
83725 2448253497
34391 8266481889
-51261 5450047807
63809 1355408031
-79625 8756292872
10485 372500647
-55589 1096617753
-51245 1060683533
-37065 8312642741
6633 5604244709
30483 4924782088
-8809 456311949
-7303 7322004221
-6699 5836742411
84797 747091853
-88677 5038302437
3495 2043683201
70287 4404310691
-6073 1362691487
143 3532063647
-98735 5778079662
-13265 708341393
89641 8860360533
-11609 9779973228
93005 4464795009
11097 7355439553
84491 3322955847
-58983 6090289097
12379 604852773
56695 7783783491
92921 6574795113
-46559 6421877351
-88565 5431016141
-19693 3630598275
-12573 6722714999
-46627 1690583901
-39443 477652782
19071 2843909989
51161 6364039014
-65743 393883194
-19917 9028859416
-7029 4768679959
50709 1231960690
11175 7249627615
22127 1805384627
68049 4735610902
24483 4437973928
42223 9571496988
-25553 3715960028
78983 6262649307
65289 2989181953
87247 3592351097
-22595 4671488043
36047 8356148904
-40491 9458317327
96843 2619392497
33809 4413084522
7869 9434583419
17703 3632480452
24137 7770338429
79977 686975302
27839 5101193127
28347 1797739303
61711 3893657331
39017 5996240757
-65095 536102967
12387 3053600048
96351 1166891180
-75305 1951282536
-96651 9600054311
-56121 3770756900
18679 5425694613
-34273 1252498872
-49581 8848739495
-20421 5006113009
85859 5441377860
-99235 1058379266
-12397 3901289697
-84125 8073438273
33005 9607533365
7327 3953331908
-32883 4890834047
35471 7804049325
99711 3897279781
-61343 1530458231
53665 1990290579
-82309 5186721080
-66545 2245378955
-60655 1919828390
84083 6741712145
-84379 5105496035
77029 668722250
-15613 5376138399
-74503 8574748646
87407 4239142580
-51103 9301221839
58595 7412225631
-60125 5062010957
-72511 2653137593
28745 509954069
-71925 4212055667
-1169 6392980044
-2339 2624089571
75809 3742793745
391 3177889692
-11489 8794984571
-78931 6450674898
11363 9363624276
-36055 2177438501
-61583 8495916822
44137 3764012727
94835 9883214531
-19761 9607555645
-79543 3008886377
17189 4482130026
-28991 9215253359
-81281 5900999172
69517 2030402697
87343 542359779
78937 6765951125
2223 5275363289
8193 4741367791
-50691 8468637913
78835 6651310053
-72619 7192652087
46337 2269128359
22353 6059232166
37711 6540239159
3285 5414510891
-66993 7183662299
97211 5568648581
-72667 8953061897
76361 5065218287
93715 8950894269
-83903 8887949289
-79735 7226588595
99807 9148393247
73279 7797881175
-20981 9892469813
-5581 785385480
-28915 2044597089
-93863 1122927750
30149 2802044649
22935 9861913153
29815 6357678396
-68355 2907463462
68379 9709573960
-58731 234092857
38543 479608560
-27751 602404013
-55105 361712003
72239 2395252221
21579 137953919
-46395 8332346446
62301 8404551154
36773 7920317993
15565 3727884246
36289 4978994630
82809 6983132126
-84295 1340682303
65359 9826759121
-87247 6099417353
185 5118323981
-95907 2415142438
51385 6904147457
-15151 2590843211
-4655 8428801062
26449 4317858462
-44573 5034518084
-46569 9562714324
-96209 2586752052
78467 4301875025
49117 872615279
79997 6977312721
70811 2797849265
11063 3192360009
22099 4541691627
-87355 7770163421
-67931 3677875215
-38469 7887221569
-48013 4339642260
-54649 4493038440
-43107 5071406771
77645 967490181
47269 8689050225
-87369 9715094113
80577 8752998290
35061 7470855815
22917 9098944009
-9799 7577280747
60711 8109118324
-25603 747889625
54969 1964269426
3443 707510525
-59507 1614827127
-4891 8355133230
52537 3993798074
98877 3856697423
94389 6995911943
-78559 8745292299
83437 451386173
50419 3369551055
-36215 4685093906
34323 5788391668
-15295 8290256915
5265 6067881934
-38437 9198345759
-18013 1208047632
56491 3405760523
14689 981875943
30957 1575086071
-80323 8430264813
-3125 215346639
-35233 2805967809
36829 7844501033
-82743 7053277771
54989 2409607578
-68539 2009669171
-6569 6285756831
-34401 1466488372
37493 6051477789
-14925 5015091011
48883 241703649
39711 4550012956
14217 1120516925
-68295 9155314174
-95931 1921764059
55733 8218968567
49825 9241015557
-60711 1699518391
-49367 1003936770
49883 2958009515
-64431 7654934089
22667 6284256729
10683 7034673929
27859 8127918695
37493 4627390842
-71163 4703951345
18577 2646497066
-91395 7760101970
-6251 1880121474
59023 2251990949
-39753 5143210204
-23131 8985994434
-7129 6502318037
-76777 4055868879
48593 783089397
19249 275336559
30911 6782441649
87821 4795186587
-90715 2324599482
-77837 6528451613
-60661 9084231620
-94953 3795613420
-19639 1049898963
-38811 7007572226
12067 5302847405
-72285 7476230123
6959 7703026011
20547 834010973
-19049 5377055832
-69161 7955034540
34329 3639544619
27813 4653202246
-40199 8585590767
92029 2938067837
16945 1965631191
-73443 2427995135
29457 1333893238
39475 9097053072
-65541 1553924747
-24939 8342417681
-48027 7586793401
-10209 1800999725
26985 5888531962
28821 7319164217
27247 62589044
20415 2093163719
-34143 5951276705
-80129 4744807356
-30709 1377233784
29461 7094718194
44977 6711328649
-67303 2218860518
-60107 2486060274
-30521 1474520105
75231 3644224565
11259 8446634999
-873 1258168972
-88915 7150237638
-95673 2807057905
59153 7398195477
-10267 216899817
85007 8683246436
34547 6695622627
-37847 8904997035
-41045 9699746832
-10343 8943284643
-23171 2532700673
22841 3974098275
41115 9778942745
17063 3558932585
28361 6711998039
-60613 4340129147
-70255 1041083259
56769 3689657689
53915 8862888845
-4965 8149702063
17063 6070996643
-50481 8128743749
95617 9476953119
-823 9495205011
17073 3522566609
-19835 4397547650
93033 4980933119
62865 2605506773
89569 8490874335
34959 1361487016
51799 4241407977
1909 894669921
46895 2231090087
-42557 7091233524
-95515 9914605179
37469 2358587859
-24983 6649136778
82285 2286097539
-16993 7159491296
66407 6712530536
-71095 3214831958
-23817 5226710644
-6441 9249761239
94625 1876389059
-30821 3641256857
60071 5548217676
38241 745059887
-54811 1485389262
-51067 6432416967
14155 5727427245
97163 5198315195
31597 5596018425
-3865 4549174712
-82843 9128750873
-96675 8608400857
-80163 3307038118
-98177 8543857739
37111 4641426084
-61683 7310558698
13613 8534721795
-88393 9199709301
-74863 3817009791
-78241 4947813108
53479 8493160433
-58819 9086204870
36971 4288630508
58341 5537551526
-38887 786619202
-26737 1441920965
-6709 7802787069
-27759 2713632910
-58503 1217502497
7009 2798072555
53941 9378903470
26887 8784597516
-35813 5547382380
-2877 9406113212
53675 7004944325
58619 5498073056
-47203 231673857
-83661 9930539044
6331 2049531896
-48033 5430265373
23771 8053515267
-78133 6619954593
14135 4178282403
41141 3771142703
-97281 6403207037
61499 5599880633
-4779 6574056505
78997 5968969061
-39811 4786953134
96475 9274963115
97179 706651319
-57707 6051207771
45639 8294633936
41621 8699582847
70429 5389732683
-20293 6183021063
-64125 3674399192
-24373 5832572187
-1475 2602422410
94621 7154769165
56659 5434188936
15431 5107725213
58019 3234327596
95257 5552585261
-16737 6101563508
-50015 2691566091
23943 8850895073
-68301 2981018492
-73867 3094597878
-31323 7002453034
75067 9405960999
48373 667536557
81947 8732132675
97449 4430221085
-2911 5920398162
33699 8961562972
-43163 5814206066
-50843 6323808174
-24515 4288635221
39097 2477555349
-8935 1891922637
-86185 4282461380
-94267 6736106990
65441 6319237571
-62525 2877923684
-25701 7107154991
-80479 8580958583
75087 629111705
89863 3378931563
-33677 9562448315
27411 1715227555
-3297 4709673335
63183 2756725307
54493 3457024737
-37597 7438270197
82289 1687570158
-83449 9831411929
-77777 7274171421
-73011 8329528069
32127 771289499
-77525 7385415792
-18851 6145979133
-11713 1827301983
-52393 4291812600
-7429 6879739896
-3105 1532413684
19923 8721412916
65649 6017561851
-92609 4061584835
-47847 3197292581
-32809 3059797593
-58995 1361080175
-14719 4232940474
-76063 5856644393
-63745 7042977828
-6229 7234138211
-18321 449369741
-55409 3820365320
16375 1342432935
71551 9138523623
-10931 9329796962
36681 8639578739
58701 2694912622
24005 7016795883
52397 6239116497
36279 1921098437
-5335 4972112918
-44227 9793985499
-94659 8657996030
74251 5056627592
-82927 1168004883
83769 9734419033
-72909 7891093631
20147 2314465628
67941 3826319506
46977 9396417479
88335 9763699441
-86917 5458287173
-19165 8881928663
-32301 3116234671
42997 8625577173
50457 3063836267
64623 8382474295
5293 1129251531
89253 7626847187
-88259 4824890414
-86517 7830569969
32699 208246857
87453 7292519815
45581 2477969409
59213 2613159053
-16499 5265003155
31885 6290747325
-11085 9160677181
-38001 3693712187
51899 2572632747
-96673 1800818807
-12955 860833814
6617 7999961946
38189 7006950573
85027 8658755643
81499 2855533268
59319 4592485220
-55089 3646124513
-22691 2422604375
90641 525656202
6347 4050018104
3507 8655603335
29165 2374982483
-71877 5976598952
-31999 8970131241
75977 4606228319
-26189 7683659579
-97643 1017432065
29689 4820879201
-80203 1278572355
17095 342124775
73191 4474193369
19965 5773404155
-88057 5928752883
-25667 6081383058
24537 5637114109
93673 5827380297
-89487 8123509754
94013 4329107910
69495 2732416829
-49913 3715334180
-85809 6647301941
-71167 358580826
-47331 4410780887
-74067 7816886399
-61245 8718454265
69067 2436785085
-34253 7120724217
54249 9103537949
23153 7906302041
76393 3181132979
77749 1064615331
-90753 4984892893
-38745 3080512717
-90615 6187507973
-32749 1404347759
-96691 2275899818
51105 5005370578
-90851 3872287142
-57007 2327527995
83305 2991915977
-75169 8231464728
26977 2386431654
6569 834810351
21145 4751236617
-13269 2435242795
-77139 1330670914
45981 7484838118
-49373 6511922088
-65815 7485631829
-82417 1446280155
-98711 9925201403
86165 4164123135
-56909 7829133008
-60531 4617118729
-64751 5622655827
77479 5894578848
6621 2803262929
3317 7600917270
84633 9012314155
-29777 4401469593
-51305 3289590017
11459 1683324317
55949 4311715107
-36733 3164065844
25977 2821291637
65249 9160445714
93227 6533990603
-81577 6766545972
65283 6048661919
-45369 3387571231
-5441 5448445721
98741 2856374639
98091 934228747
3597 9677418413
-21009 2855068447
-36963 6114169426
-47231 6003908982
-59969 5993619896
66101 9120063357
81131 8583172421
-88011 6152173567
-43141 355546428
77433 1548445981
70889 2849068767
-11563 9657248826
-53373 4856244223
94929 6218145578
93079 3232071036
91853 618047999
-75 8441658815
67573 445383149
1949 3729225899
39321 8217600310
67871 2598808004
-26303 6890427182
-97013 2220643916
-63013 2328778947
6585 743179631
28611 9373758487
81465 5330117027
28555 7101822407
-58481 5965447929
85575 1925912309
69467 3604971357
88475 5863854176
38783 9057935636
-2463 2218623805
-32619 191345819
32965 8898612263
87749 3004475381
13961 9495763506
60843 4938890047
4119 494413177
6455 952716408
-73267 7017284907
20999 5737404852
12503 1261815536
-10279 2133358497
87167 2193840192
-9907 6777797837
-36561 5381031220
-68151 3204818941
-25557 3074409625
-39155 4208373843
-3853 2587420440
-68759 6930526994
-23977 8069208264
-48989 7490069429
-35321 1583807124
99927 5074265491
2111 172636143
66699 6823118288
-49197 559950425
-2343 5767075654
-37101 6552723740
-31295 1808051741
-97971 9584870417
31809 2614357321
6997 16783643
-95907 8746146661
-88257 5822068400
-66335 6373345002
-14817 6395732443
39455 8213265555
-68359 8515437546
-3195 1494837583
24357 8244674398
42253 6531848033
56045 9619047165
37927 1013443701
59093 9237161453
33203 9216916061
-34789 7540730556
70839 6360910229
-66293 5309374295
-86403 8870604133
51631 5946946811
86037 1033357609
-15183 9398251889
-56351 5220025881
75435 3736440043
94913 4535205582
66781 9413808059
-82427 2378115125
95535 4388462449
-42823 2501915682
20807 1408151988
-93257 8747166576
82303 1888042439
42425 575430477
-24395 5707032962
-5123 3291100677
-31315 974958555
49549 1799545562
17037 9770953231
83501 7522080282
39631 1641402351
-77425 5424710309
92351 2407572971
23063 5422712601
24779 5669200299
-27757 9915843279
52921 7719242259
-17409 4663212908
-60285 9490103785
77617 9511311021
-39739 4259345777
30303 5566566619
-75121 8998836231
-98213 4131311465
-38479 6517281677
-70673 6908296176
-20301 5109371335
16055 4787986272
94961 2502250514
80253 1618965991
3777 7299777337
52987 7525548129
12921 4492042250
6153 579252113
-74581 2958126711
-64583 4339309922
-54053 1645162197
-35845 5979890928
-28453 2864603645
-17959 4089529707
-57699 932517409
48917 9839000087
36101 5125530255
-49485 7588201997
-64241 4969546851
-15557 1676905755
15431 683049339
-32165 8263489977
-16565 7050508901
-42955 9711933566
69055 2053378839
35367 1401310657
86619 9750020725
-24531 4250803342
-11659 1420714182
32343 6511890665
6187 2869988327
56727 6014923592
67171 7388213969
6167 4293223065
-36721 3624466913
-31281 1736836835
-51481 6121660991
-20827 6921727749
-91659 819029959
36065 7063237422
16387 6934910325
19013 9796272071
53379 2926459979
44439 3767047883
21145 2087404443
-36339 1486188611
-83037 9927170665
-18899 4059206487
55459 8889809537
91507 5013160653
-99871 4803599169
-34107 4004364197
-23289 7661056792
-65213 5009799432
-70415 6189475925
-84811 8006047490
-52227 8037662923
58251 5326497685
-11991 873147526
-23493 6140769409
88723 8465871513
-83729 4837279811
-84781 4824155687
71691 1310904389
90623 2443460588
-99017 5199746741
-79331 3014917926
-64123 6988818735
-10981 6152095511
73597 7204216410
62429 2685179754
-78579 4114907225
37265 8959517382
-78585 4936523177
73423 1799692656
-24893 7711965132
70867 8166159632
94661 4659132629
-95921 6601184748
-46109 7659063533
-91001 9437671608
-14703 5852939398
7525 6387675467
-9653 413427957
-80153 6652900631
-39859 3257529099
-99847 4706948009
-25175 338757389
-51783 5619227143
70291 5833862661
-94807 8999256113
-67337 7690079879
-12123 7878637627
76913 4236276231
10003 622638548
1569 2685633739
-89513 7908257481
49057 4593052589
-42335 5999076294
98429 3995553959
49311 5817353164
82715 6026829720
46869 5003973337
27725 7709195847
-89125 4689580985
29397 5864654074
9401 1306624233
48887 6231382977
-56719 4259797853
63105 8158026491
-16231 5807203614
-20985 2471756705
-80791 4902526214
32317 722962290
-42803 6713869197
-79981 4418615427
-88745 1579056969
63269 4448064045
-34973 6416828036
59049 4386124013
84069 4360614349
-63751 948970811
34287 4824541027
92979 8682626632
59787 5924631352
-19819 1425323649
-18229 8164495832
36057 5120349482
-4411 5013763661
-16413 2159125181
30007 7095982787
63509 7467057498
-17667 5308881050
89513 5054832353
-7235 6329064731
45339 1053172075
53489 9068426283
-27037 554120741
52501 3087178173
-89359 2865837917
-51361 784885019
7109 9429714210
-68159 9681533085
3053 1650565514
673 2640075989
71265 2694043687
-31359 5756414507
40539 6246932927
45183 4650077156
-34291 4978016022
40805 461868593
-25957 3257500769
-94961 6816777780
-29059 3926648345
-48899 634115703
35473 8719508514
12417 9597898025
63937 6271973193
7243 6436671191
57549 6796431893
-37569 793919189
-11403 1958902490
70923 7484453153
-13595 8518373546
80003 4307440601
64497 6418002233
36761 8376022226
24489 2592426587
-57885 3283161608
36991 8918298407
79439 425608583
-86313 939788084
5109 5918703997
13619 5106340260
-8275 642273551
-85061 6217417361
14209 888860499
-42219 9537165421
-25061 9232395999
-18941 8100919929
-8747 7793960046
-55639 9713156133
62615 4217279124
44305 7501842389
-33065 1032807845
49543 9247481348
53477 2232344142
-62561 7557776811
-26475 2667704203
-7757 2176653143
15237 7978729199
-95435 1819327893
-9247 5186133333
-33231 276440042
67953 3375945533
-9917 8577088157
-62613 2413872601
2561 2037827643
-95385 993977909
69495 5589589909
-6487 127324502
-95861 6844918635
72731 2407052769
55341 3303723182
-57239 5459289203
92773 1100620950
-97097 4155741417
25313 8625038205
-31233 6973948360
-41827 8307934131
86005 7116597891
-36491 1527295589
48459 9401927212
74533 3775636826
-83423 8908071962
99557 4065745938
-28377 2035857683
-4281 4261516781
-60733 1267732217
37467 2380730719
88209 8399347819
-61395 6264943399
-53299 8072432241
24871 1149843125
10805 8432192162
61141 8545285866
89045 3435724803
-76083 2230270223
96485 2801016873
59741 4901822682
-63597 7889231531
38147 2946081383
18163 5233735277
35241 2303801182
-6567 7418741510
-68801 7407597551
92559 9323734316
48243 6788209576
-14923 450123893
12261 5056022009
-76997 1211340972
-86495 2692014435
62871 6358600076
17399 5138835896
28217 4656063399
-27585 2210720240
-70883 7953880907
-40683 2303692123
-93231 5637251977
-17455 7199541671
-12607 2277836535
12043 7540846899
-12077 8078008512
96697 3162145478
-35473 5100219671
1809 8854783139
59315 8064288591
-51517 9307439355
61751 9778868520
4179 7365668447
14515 6479105439
-67943 8616411387
80229 6368280346
-6985 1449199913
93877 8272795638
63401 608302713
89097 7276902469
-3821 1566107859
-82607 9391956615
78847 3014227580
75807 9881517959
68597 3597590589
4903 1415049581
-82583 6892421405
-25691 5311271366
9715 7397132240
-77033 1403032623
-65491 1681986425
-84623 1111203878
-71317 6751342088
47589 803051081
77419 7002408807
-11481 7617669532
-13659 2631441359
-66475 2126647895
66045 3921528325
58737 4221926191
-69783 4131810031
1155 1183095329
-8861 1447776639
53887 1439428535
97013 9887498445
44709 9693218689
-3641 8774724969
52221 1336992259
-94155 3000964565
-70901 4673348303
89435 3532200512
-30199 564301298
21169 7225840173
17773 7571164475
-81727 8115958182
-45965 9854032380
8169 2507073673
-71703 4545284525
-73719 1555433278
-41037 990200780
8317 4969355030
29105 5731131587
53537 6691714118
69727 7408816656
68243 7738991708
24927 3453924796
32021 5999458826
-54429 6593303860
86089 2453265851
-87059 8614805625
-85019 7100422350
68051 9939849392
-90457 4395867929
-82247 1848667457
2049 1576864921
18743 4926146352
71315 6846567335
-26147 1730336325
89249 661932321
-6023 3297147594
82225 1981248581
-17395 135761897
-18755 2754485355
73457 6909609506
80259 8358426376
-57207 6851166667
66127 4935838395
37939 8004056319
38409 9048717118
93735 6825073957
67725 6501607787
-19209 7166975333
-11759 2666565801
40295 644194721
9187 5923106099
-68441 2836511115
5937 7591097435
98261 5745305594
-87695 7828349186
-6101 4005816908
10235 7247432787
2939 7150792893
7747 1493113620
69135 4969898171
-24511 9083547647
-60203 308945382
97679 6833682560
-96235 8845774086
-8885 173479964
-19675 878796477
67875 2132592281
-37217 4913969087
-3155 5322796989
-61137 9333199712
-51771 3233893007
-4905 5153519872
97263 3072824389
22667 3820049813
-93537 6254539871
-44871 3014393045
-62183 3817277825
64497 282096134
13907 3787679145
19151 9083466861
-3133 9953821391
-5245 7421994528
61977 3438977261
82729 823513289
56545 8720169897
12747 39724444
94833 1726533053
-6073 4661212013
-66541 3308972051
-47319 3259304071
86651 6540327851
-88337 9620925147
-64677 2548660133
-4093 7312753740
33465 5447771405
95641 3996102851
-14269 9101814843
-31043 3509157651
-77437 3877387683
-14061 1699844069
9427 8324321177
-90079 9099446085
-76763 1032447518
-89077 2163701333
-42605 5886014705
-62233 8882645235
-8325 7733267777
77569 6746753895
36577 3697888962
18791 6087302543
98403 6277974935
96587 5925018332
-62895 3187534730
-32717 6050686799
-47347 3373783082
16549 1627700787
73503 9958818821
-35353 5079543540
48209 3674723889
77551 8324421197
-37165 822736325
-77351 8483571105
33609 8520916771
-47647 4404058407
-99903 973076453
77433 6946332755
31671 7787613965
69749 1946409249
-31227 8694739375
-57815 3722409762
-61747 8686753877
5743 8116631963
39721 3104868765
-13011 4805918293
-491 8973825074
-42919 211972391
35479 906677789
40661 5595246705
9075 483844727
-48039 4480640651
2541 2794521298
-36865 8629942980
-23911 5896912841
-81095 7483634847
-77707 6440285387
779 3716650836
-24053 94745921
-81645 6331260980
-92049 7516277696
-73061 4940775975
-54713 6211222401
-34235 9756292970
-62907 2702049385
-20897 9988328763
-43289 5461850771
67365 4385515273
-33803 4144345142
90903 6384263003
92801 1674794219
62643 1257037652
54685 9535557221
-6823 3401058263
-55107 5913037699
9939 5068813937
-82505 6830607843
94473 5998755235
62357 9901515111
3363 8106397360
-48575 6882759575
-32889 5251918687
16907 9382800407
78459 8349882697
-93685 8305275263
92135 6303780728
20607 6834123232
-97947 6535878217
-23081 9903443775
31381 6375921926
-5231 9805827581
-25619 4738202370
-81421 5737159433
-72579 7831977115
28279 9504954656
2903 2465759763
51577 2240329839
-77661 9228873032
-10747 8203617933
39577 2064560022
51861 6597936397
48085 4140170459
5005 8013643266
45 7135509293
-38501 2088950267
-48183 8502650354
35341 9242780829
-43797 9451578503
6591 9701694121
-30493 4695033185
-15781 1417088109
53595 7469454800
-33895 875400881
-81275 2141560430
96143 8297179389
44737 2989231521
-95527 8931641787
-69745 4209938297
-66101 3113259624
61771 4749994481
15431 4632486711
-16561 9944474529
-45967 1060430267
-82721 2850527403
46567 8100635669
90967 7956317931
-79991 8287906658
47377 3791438627
-87457 7747854207
-55211 801489674
-89139 9190890686
-9091 1077809091
-651 9503806963
43303 2935020923
16957 3906465131
-71643 3040396207
-26719 3530015846
-94579 5406844935
34739 7438424153
-17885 8781238584
-65275 9900098106
-42979 8277331374
37415 5048928119
81123 5723450315
-76591 8479532033
-44613 9350044093
-16999 140859153
76495 3570573168
5029 8691931391
-67051 5677841846
66909 6806033527
82419 4058553451
15833 6222091359
75275 2713459965
-99999 8868181979
62443 1043133296
40033 5380098903
-14525 9824354369
24097 5733776213
-44961 5261483837
-61173 1134816088
-7813 718982756
32411 1740529481
-99669 4982756953
1565 1464031146
-96345 3223304435
78677 2060453519
-78255 3542667695
5651 8324638844
71169 7834283326
30655 4243257375
24417 3276637742
51161 9876079886
-12165 9659179696
75537 4706554063
69665 876096162
-31759 1133718053
19725 9228010234
-17341 3048532680
-44331 5460135862
53969 9094795211
30637 6900242742
71325 5113086581
-9481 6529058997
30469 6816794487
-91263 3956460914
22841 2323466198
73187 1562781612
-95759 2387814693
76011 8188034101
-2831 9411895614
-89131 6230208557
90645 6474447665
-60279 5253970013
20375 3500791833
35837 6574268471
35663 8331021657
51041 8611176062
-6787 943947777
95381 2120594361
-9311 8296502186
23271 9289077971
15957 2131205645
-53951 7825934399
12409 1637825625
-19345 2175049301
55457 9084960945
-23935 117912930
615 361840384
47095 2039237208
53941 9973283381
-90297 8787334597
-23763 1776183817
92563 3924485933
89467 2023516757
28843 963371133
-51087 970772545
-71171 4942888179
31807 282881559
-57213 6953267257
96187 6353743989
-13587 9416603890
6421 7439875454
-21379 7246370690
14985 1334400949
41345 3166260629
16409 528666137
26851 7331189153
11107 5265993444
5789 9298202814
-47335 5200687173
-63837 6737323879
-69399 9303777130
-49927 6413362997
71363 7614341163
69425 7695877527
23837 1710309033
-16613 3323318985
-69609 5623075645
-61069 880312703
-97507 4156932335
-90787 4474808025
-40403 7727123171
26817 4718249009
-43647 280858087
-31517 8921162475
-3495 3845301473
-1957 175030143
27143 9658628279
-43977 4694865236
22555 6993462936
33649 1199209577
9103 6499718667
-58613 7167728421
17211 1279021471
-20901 9821660309
29145 1430647475
92475 5760207283
17305 8542340175
-83343 3539783846
-22137 9951057364
-12075 3677951254
-28585 8177985161
43909 5591902946
-89521 6943502520
-39699 8395748179
-4993 4526011320
-65251 5822904261
-37571 3267580685
44607 6441706231
-71295 2098487629
80059 8909008808
87697 1190924561
-48359 7059959153
-57765 9869180747
37821 6264868709
-36845 6433554716
90589 3321417065
65719 7834295123
36637 9040322958
48065 1859835782
-98645 7590687579
-9997 7148173556
55777 4218719241
-49221 6918879184
-63965 4888201796
51237 2355344401
-67869 5932111540
-4381 2821513731
-90033 3286336343
89193 9700527218
-33153 3801166679
-29417 5233711415
-60639 4014754925
76777 9445224978
1937 6877984451
-36243 5127508898
-68221 3292320449
4565 2693602983
-34995 420772373
-79223 1684786005
-33859 3073240814
-2763 8527797958
41551 8836899036
26697 6048406813
-63727 2847836747
21757 3834465053
95073 7295488922
60115 2934101300
-48017 7291722563
93347 3064407452
-66441 903191752
91531 685037027
-21037 5267685972
53437 3992498358
-16537 7310997537
37317 2048492561
21865 9117309410
42625 8247858686
-44761 455373653
-50031 4554512483
-80941 6131599236
-15885 5520261377
43283 2281602531
-57845 9555195800
-19291 4390951305
90785 8597269010
-29955 4017667321
-88211 8850557021
2699 1083710061
60155 6439879992
36811 4147513895
-62547 2484137882
-26019 1250887193
13133 7335120855
20247 7446110164
31159 7686103788
43055 3086040923
17011 1603385157
84977 7140545205
43593 4703667190
-2075 41192334
28003 2002135440
-56371 2172084699
-43625 6737729861
-54695 7135018302
-68219 6745394445
97683 2198417384
-10275 3135840859
14375 2425341144
24455 6024423876
-29803 4331306681
-37733 5857873760
2223 9460049315
-23077 5627882415
9781 6801624977
10315 8245133892
-46335 2073263159
98115 2500186673
70713 8817825811
-50033 1335263045
65351 4631745608
51275 9291445763
49611 9015200665
-56675 7510894635
-76497 9467483732
86011 4169288681
-96249 1009769455
-78121 4735323473
36907 5511763253
38779 3033181032
79643 8662285857
-62063 1427655890
86595 6123343655
78501 5105267395
-56049 2650393009
-89957 5075345285
-2399 2645863203
65937 442640795
-78171 1186367941
-53607 1384295582
44293 2590381842
-67905 2087407079
-16365 8449930132
95835 9158193923
80143 8606591781
75289 7554519629
-35529 4009440365
13223 2487213896
7405 4092614405
-21107 5940577707
28157 5695737273
839 3351749360
-91757 2148930239
46893 3238556599
-21343 7023739794
-55535 3991734486
40763 2227249055
57633 3562517419
-27533 9059676633
-85791 7652613049
95795 4111463855
-53459 7625165087
-11393 5994875145
83943 5958427805
96915 4700656792
94423 9836772701
2679 8498392501
43489 5002577958
49951 1626131337
3039 8120783584
-15393 4790815919
-35637 153859645
-86835 1792895435
5739 3194985671
-233 8098237304
-86889 1167126563
89379 810962629
78703 3292822289
-49551 9797691514
4711 8226446004
-2293 2605339956
-14571 4065417262
23979 1126846147
-22057 9921668804
75807 1851787919
-26237 3063222183
-57695 6840939419
10107 2681123204
34029 1558098958
13409 793408083
-86857 9675365112
-86133 2539739101
-62195 9731822073
-1351 3159411759
85425 5894372417
-94891 6706102098
38773 5268676281
-34761 682956835
82757 1898240622
-97903 5249088474
-34477 8402386176
56069 1681007577
-15659 3691472034
-5217 6775711955
81623 6276924020
-99065 6105408467
-35893 5626830023
-20589 7692453709
63623 1994235377
65473 3813682818
8001 951968530
63797 4473786335
25711 9494047811
3753 1549952723
33933 6481283185
20661 1413005650
78259 6413468136
28537 8972588742
-87841 5760408533
47093 9358317579
95177 1549408554
-90225 1745894116
68063 1453311737
22627 4405088780
47847 5494478768
-94557 8944110136
-32095 2051371586
71169 8706620017
-61301 7168382069
99215 2662491276
-86241 6751347365
88771 5097494240
96209 7771406774
-84569 4464507332
-85233 6171338839
-21995 2847294567
-8883 8945572133
-61741 468589877
-87835 3349524798
-41493 2655478805
-92025 6918568628
-49065 4684045796
94699 6413912757
-1869 7026786679
2573 5882959058
-81817 1024583595
15893 2497784450
-63775 6560885139
-53265 7996031156
-37351 6243718215
-57937 9902304207
-72691 6188803001
8555 3762094232
-1725 2629029484
17185 3980762697
64239 1771270241
-90915 8649457138
59449 8972003138
-20699 4074114366
18785 9499463414
73851 3538185533
59309 6722467605
-83655 6165733247
2955 4383953981
-37633 2754148908
-76901 3405682181
-22299 210309458
-45421 8040999299
-67361 307006841
55129 2666474057
2677 4649690147
-83813 1044361035
11699 440601855
16867 249078537
-41771 7842751607
-43373 8481511445
-57785 2571086472
-67467 7204296515
21465 9551949817
27061 656882117
-16877 2673674540
87497 9658279217
32603 5544829019
-72225 6778033235
-58489 596325657
-76737 1820078915
-78759 1592570429
-29021 2672536017
563 5266002144
-53527 7688884250
97353 3787201843
3649 1896108305
89723 3402769613
30351 8235875219
20611 6849245216
35451 1325283599
-62719 379869659
5933 2799850701
95335 3960197855
-28183 5243425529
-50061 4346245852
46797 4214354455
52669 2656648706
-46621 1088783844
-91581 5259518564
-86295 6925865498
3597 8236609186
-93021 4025244484
-86507 6556103351
45159 9007123415
84203 5257287636
-23049 6753638891
23719 3671063915
89959 7499814645
-19347 7834670714
-33955 7626631826
83359 4233249453
-51401 1112231136
-71795 1901207271
-32319 8532405535
-63239 532336803
92387 8677612461
25359 6263686912
54211 7483637601
-50461 9700873157
-38313 4701073420
44501 8955265010
-50803 7336113671
1393 9319086602
-9321 3740791129
-73807 4670973099
-9213 9057284657
70147 1566355485
-16077 6507020224
98663 6276171476
-92991 4356287645
-59547 5539623158
-9699 4199861329
-91393 9229047603
-56605 4626008541
-38549 3555039456
-27157 5850347535
4283 3714707420
-31287 7097128663
61899 2710485959
8873 8233134789
-83963 2150508435
-60181 5210950637
84005 3655834239
-69089 4350486299
-22965 9621392197
-18659 6811967837
6069 3371917543
46271 5973636272
51083 3542434035
-15577 443594217
-37353 5746274237
70391 5970927981
76781 5916165765
-94007 6804420015
-80131 2173037363
4767 5013830947
-42207 6930796445
-68993 7876094064
19759 9388786844
-31407 8077141846
2843 1675043585
-70013 8603566625
46699 6896541260
-2433 3639049399
51349 2066604939
60039 6470558105
-94621 6609287343
37919 1364827644
-63705 9778250719
18987 7992914357
-71509 4906092879
-97283 3177231165
-46083 1179511913
-24679 8369377871
38485 7749515457
-70217 5858979300
-56545 4999457120
24873 1490938510
-35881 9045421088
79591 7958607353
-35813 8618685768
8257 3097122975
33325 2857692314
-53205 8345290753
-74627 1798157645
-14177 4405770599
-52929 745333796
62133 9231026329
-3055 3934903521
-60265 4850831253
78449 3531162495
-70049 5572133199
-17469 6957131264
-38985 4840522201
47665 936424382
96083 7097094611
28765 609854475
-7295 5537409678
18241 1607694710
-36311 6809546811
-66051 502388570
73535 8842061076
-88421 6850585605
-49401 3076046269
-22353 6946428973
72381 6163702121
-93943 3474639315
-87327 6488665982
19347 9254096212
965 1120637673
89867 7396199903
-37609 4472230539
-72589 9013317947
-9245 2619850311
3601 5515025127
70733 3750195341
-71229 1563299648
31441 8550433673
-64789 5319421607
13147 5879430768
-19135 8281718715
-6199 3159289751
-30555 242135381
-55147 5518665434
-50521 2914400355
-73239 5778859834
-5641 7122420411
12893 2938756541
-22421 3644621076
-93155 2890472987
-5093 2169034175
-87337 9480040319
-85767 608807885
-3053 8678944752
-19621 4095575223
53725 2905129586
58035 9300016468
-25509 3440703020
-76171 1819590879
61203 2460031249
6659 9033186899
-5921 3960804465
-59697 4316426248
-40893 5421363263
-4295 4891553490
-53041 2521830633
92775 7788614423
-89039 3658208255
-77887 3370546551
-5353 2207947232
68765 6571925325
-23097 6558657787
40313 9237520857
-94629 9636721211
-67873 653418233
22743 546223612
70525 8383596437
575 1289612661
29451 1984464244
74447 8911330473
97257 4189059154
71969 1563536223
-6687 7766723
-60681 8280218132
81943 2119314560
-31531 2243695334
58201 3790858217
-23953 8292120177
92493 1903685038
43383 7549969133
-67315 8995519911
54925 4179741917
-84011 2247735842
40403 5376483972
-80193 8119500352
25507 5879684216
-60479 7381122609
-35147 9701027513
-87181 1843545800
-11103 2955003475
84641 669609434
43495 1678328204
95263 4521223857
-81493 4154684433
21765 1696104245
7837 7799895954
-50881 6624875745
-9383 9875545767
-31193 6127006361
8389 2445589851
22727 4974777944
48737 4705203278
-84441 7175009972
-85097 9349459967
-60181 5152509000
-92881 8044432911
87857 8961696830
-34335 4671142445
43003 5997042609
3287 2386605425
-20793 610683871
45739 3781436556
-25361 3545601152
92217 8349697682
89899 3181838651
-3411 5418104761
19345 6812572875
19803 7826824393
68637 1083102725
-62379 584822027
58521 7401714263
30583 2984395491
-94617 3303864481
-97803 4918975069
-50501 9718834056
-68433 5955126199
-80827 5574837990
-48367 4267386915
-4701 8707734541
41117 565287921
-439 5673240299
-83889 8834076968
53179 2465672291
68881 536713593
6075 9092072335
74643 767457160
-34557 7687094027
-34395 679612591
19425 2373631823
85691 3668998955
47789 1191894333
-51761 8544929363
-67419 1074706642
-92909 5567571404
52575 9208784489
32881 4317987474
25063 8934209208
39391 6091207203
19349 4013023410
12797 444796254
91535 9820699116
15397 3276858435
46207 6161970485
-65249 8223439688
62767 3202418549
-29849 9345308355
11835 2174831771
-8583 6893430361
55233 3282097153
-22717 1724362185
-41171 4281220062
37595 8229195804
81951 5525315033
47711 4829087376
-5001 9505618439
47579 1666907069
32565 8375977343
-61819 1705375754
38547 3885015743
83311 7784277299
65363 6864043568
169 179487435
1223 7548454505
70835 2755143239
-53023 9854655635
-11861 1167453413
26883 4181255260
73125 8852994817
11133 7220839387
-45455 6635480745
-49385 8450243301
805 2750923058
-44941 2860627367
36163 3966251807
89049 8623064482
-39549 6365140439
61875 2371592251
-14143 4180533882
37823 2175907361
-72453 1342667129
87907 2973374333
33011 7449105101
-22617 7098094345
31907 790592924
30251 1794981057
46457 6984104457
-40491 1677442330
56407 6412807289
28613 2337073977
60095 2472489795
63391 1224908571
54871 2572102605
78879 5551581128
9363 8045147132
56795 2966926089
94363 2015152068
-16679 5727849257
15093 5874509135
-29241 2361987277
-3847 6323827839
17191 3916869623
69883 8129783615
87865 7740556046
21715 5700874185
-16067 1138862891
-76177 3695654261
31879 529338696
90291 8438555956
20005 4128203511
9385 9534784502
-38201 8834904860
92167 4963518528
-93261 9057404245
-82471 3508985718
-83571 963561994
-71951 2073679398
-6685 7371575583
57435 737395355
9183 8400259229
49395 271241629
77679 9865590416
-12743 6403615533
20757 3156544121
-90401 4770350679
21473 5721862110
-77691 1593227897
-9619 5224741413
-69163 3395650530
45787 3993291152
-1999 2525597465
84431 6388635219
81703 9066997839
70409 1506465957
557 6169279074
-25651 2294416245
-82035 8473938566
-94665 3740428480
-52813 1419699539
-6241 8774295756
-54453 1427846491
-81519 8222301947
-37103 8749063499
-82745 4377346653
-14653 3159970035
64041 6315999191
8313 4078529795
40979 3983210207
26569 6210002982
-43235 4762832705
58797 9125773033
-15519 5564584753
-40333 467725652
73091 2088910268
7597 4958861802
94981 8122509971
98471 7767891597
-23641 7887154617
-13713 7581240176
81913 8950868298
-16009 981388247
94747 739608311
-81389 6479873288
-75577 2677894349
30703 1980237555
-20677 3859427316
25907 8219491889
-61363 5031967131
-77335 1994253473
42169 8644779539
70933 989685278
-81503 6492888143
-71673 2479906673
-81771 6567621953
68367 1472064175
92615 2355892947
-51171 3363733181
96789 4551290174
-16555 7194711575
34839 4086140831
5745 594857122
-25835 8869231035
-76715 371956251
14085 5817305590
-76845 9063702860
64771 3928226981
-9941 6224668325
-24227 6054355683
21969 8558707838
3705 4711300634
-55877 4972478523
28231 7235113937
-8811 9294157285
-75399 4832892871
57319 1546476077
-15231 667903163
94835 2113784696
85025 7347127329
-19769 6669712773
18897 804549307
-78225 7220510255
74279 1494055709
-68203 5109866705
66631 3877563252
-30213 4105649501
77399 4074441479
32225 662724473
-28359 3733614877
-31729 6874268687
86861 6761666117
96005 5836338959
36733 8058134702
-40291 4091355074
-4133 3182648400
5055 27904628
36417 8718815861
10751 8349137705
98519 9801604281
69281 5269707290
-31183 9965306415
77111 3141194405
-77071 5676496014
26971 4608016967
33681 4793466529
85971 9153157237
16209 3752479114
-29657 9679065479
65031 8866545049
42691 9556968035
57369 3466390799
91287 5728162775
-21205 7547594819
-53757 9990598001
11667 8490963763
4859 7808891636
74097 4919816705
-62581 2960380179
49225 6223072355
76637 2468091297
-70193 8675709233
97415 5589384563
13601 8957308614
-6605 1683627671
44307 857668561
6143 4713292496
80871 3137465825
-94071 4674389219
71595 4129843288
81559 7333605063
85183 7006066265
-98229 9561895087
-14577 9304393823
-26897 9858889149
-92003 6023024489
-8165 6684139845
-19247 5121660534
-83443 9136540370
50165 7986894279
-18717 7156779028
-5417 7066799451
-87203 3678158049
70463 3011683221
20617 6633609659
68687 9827740421
76353 3032838421
-32983 3605397354
-6837 1967905057
64473 1681775695
41499 1291606541
-31861 790471152
-15199 6219337247
-5457 7833053452
-63343 7255573001
-25085 2135507741
24759 7161119375
41747 5050959147
18027 3374598451
46273 6720803490
-25059 7258774733
43357 648875729
-44067 7005663379
54277 9810772823
-81363 4198895954
13365 3281485459
54921 8915948087
82003 4691779037
917 7582065866
-95183 1287418923
-87621 1054034872
-59729 3484334657
54777 8513417878
-7781 4865414207
81257 5625310841
-69185 1899747656
-76703 9226252997
-91249 6323229909
30025 9936608451
10413 4006412623
-59249 1823256332
-36047 9430149563
-29467 1740188054
66385 4374004217
26429 7456981902
-48413 445921139
43689 7580955487
99499 8727539741
-51705 2237395120
79243 8257266351
1677 7318841749
-99997 8549465381
80307 9007059436
-10697 2955928181
1047 9287570872
-7881 4150417565
8721 7887660475
-39327 2592465286
-8597 4044878876
-54835 7827588999
-97683 9337015021
15291 334009357
36291 3602180705
-15457 1713217887
61583 9642015887
76333 7236553211
-77113 5844135260
32391 9137549801
66975 7279914656
97329 5873223719
-95329 1796081244
-86869 9438988775
-69847 9924047265
10715 7557758751
-75415 5904747290
66187 6520473635
60257 2742342134
8709 5428621582
-58795 7133953691
-28923 6133322213
62233 5809105523
-32467 8997649431
61007 1374775071
-82203 8732618335
-7513 3213056103
99445 2447797439
-28047 1947530495
86545 7488162147
74269 1053039806
-4505 1549460637
68775 3245400655
-46591 3319451849
49737 6353614655
-8281 11708976
59623 5607070107
74461 9894360297
-50489 6650814195
-52407 7795193485
90541 8340043386
48285 3247666571
-82649 7837476237
-16933 3742532408
62789 2887637379
-19031 1401352989
-44715 3100214267
-90607 7387956798
-70019 2991684423
82745 8145997706
-79647 570976462
91543 6843504816
94153 6495252726
-81103 9507990302
-60729 2660675401
31703 5743770192
20575 4969702052
28369 6140790986
59673 6939700634
6845 3294104775
73777 1285321449
92655 7588077800
-72103 2262314930
67153 521849459
-97129 8612417973
-5457 4168851364
2851 8066559639
49557 4089616979
-64925 9717673077
44197 7814366810
-53229 9254954873
-70269 3844350811
44117 5096634542
-94319 5080530027
14541 7946822737
26089 5692513967
-71049 2151378377
-1083 2963724206
7583 7750666905
-6361 8035115177
-50507 6576372107
-45709 608343197
85035 8190116003
20365 2936291805
83279 5642600556
-9997 6567885255
38411 2787570507
64313 7266566943
-15691 4437119382
21615 2534289289
56429 6953818763
-35727 3031578529
76847 8869419201
-10461 5608798627
-38151 1814488426
-39821 6308181408
-33863 7940329838
55147 1777782236
19369 1766226674
32533 726496005
61443 1024006288
15697 4346350974
-65471 9853361091
-47969 9586787337
-54983 8452257917
89267 5222305883
36837 1786258093
97147 3545417336
19947 9457535989
-44133 6225294592
-94055 6715259070
-15879 7752230986
-46093 7382564688
76879 8821104572
46931 6932771603
37845 7533527245
7893 6722652847
41099 5802399812
78523 483467547
-69121 9536001399
-82865 4815026475
98761 9300344826
-81799 5382178551
7965 5333312563
-50477 6578577845
-84811 7968656115
-67173 3193318556
61139 9305642604
-23109 5924516548
67557 1265617333
95911 1960491104
-57587 5951523278
92981 9408490974
-85401 1239167281
-2785 223593207
25563 9749368439
-64501 3220641915
-42505 283311800
-65459 8712594318
16155 4659883327
15023 7953600636
58873 8115848447
-99369 1232539048
-55907 7783679493
-65245 3630681911
-12849 7686828287
12131 416797815
80085 1024860641
32341 3084607533
-27915 9274037363
98541 7249703330
17419 396880211
-92085 9535665344
-89073 592382284
-85031 9909026646
55515 9478159831
10141 1775478599
-5311 8604070259
-4177 6968533425
-54771 5706460669
-58099 4173142671
-66477 1528893659
50165 4725669671
4331 6366508451
-41765 8883651605
-17849 9730364313
-38353 3673594185
-48141 2235862541
98533 7395352797
-17509 7319016824
-48623 6384690518
21077 1051966353
66311 5742808019
79317 4049632015
-51065 5781055413
-30847 500410635
-39611 5413314482
15357 1341686714
45261 4180666129
-79031 7369219649
-48045 7844994605
1289 7100026139
-96785 4357170087
-79057 6268257587
-5527 6896981721
-42985 2258852483
-96061 4749808355
-15831 1586996582
1077 4090154749
56129 7215053793
-78047 4100728290
-28127 8738659949
821 3188943431
96739 6675411068
57577 9364062297
38379 7294672621
33901 6890485709
-21407 3496297091
77791 6925507920
-41275 3588559787
94845 2273581487
16891 6196434668
-38111 9874990947
-24455 8587085361
60645 7999710722
48661 4482888507
-60373 1991005688
-18121 5772110532
96651 8867472847
24125 7899564734
-58857 7807537348
-48303 9122333965
-85951 5788329750
-79635 7755148622
-67587 9929884538
-95491 8343300633
80307 1277627393
-42713 5387941281
42189 271217801
3689 2417125070
-74943 6072723617
93175 7698401420
637 887518494
92273 7916700759
27655 6245603007
-75261 1732188940
-82055 3257445347
-72713 598746440
-8665 6276362144
-5669 1226713371
-49423 1756301691
34647 9122608003
70327 5607071831
-46547 5003350133
-5655 3753399467
-43339 6807108399
6463 9956379912
-7857 8953684387
13697 5352978110
10849 4554261377
-19405 6241877592
-17285 8620725825
-86985 9246860804
-37345 4979494577
31585 421595753
19715 7876964541
38393 5525764097
73091 5423630552
-68653 5599318380
-68671 3433401885
82735 7680736169
-74767 6246597383
36309 5850952997
-1707 6953113949
-78951 3825568889
74309 6728864135
-63705 4970335721
83961 3199879118
96849 7410634499
3955 4256276928
61495 5257281276
94925 9554684085
-46487 1282660686
-2489 5638459916
-87039 794555990
13159 9818479980
-60249 8011177165
70735 3436186967
91183 3992861487
41761 8317250234
59675 6651274497
34379 1691308155
-34001 667369560
77235 4262110141
-65755 3165014378
78803 2323999628
-10455 8536568701
-97773 2070405880
-11325 1152669859
78545 8519184770
83573 4249393782
-47715 535501387
-37785 2998097173
85529 6261940178
-57929 7468947083
-96101 1485866796
-34357 297279699
-13823 9804703866
43265 2888581809
87241 5916716285
42219 8182497856
-2569 8311394039
57367 385673867
24539 4009940843
-78191 2441263857
-87009 9404242673
-3495 8870713277
-69389 8078016761
-4939 4153787274
-21653 5156708027
39553 9294225693
61295 3523515236
74199 676424263
4503 8695004059
75539 3846331013
33711 3595225469
13929 6428278433
49287 1478090159
49925 362960990
-29659 5291095091
30195 5291050804
23331 5931387679
-20911 2197280261
81429 1061200583
-31431 9659803295
-2865 1683295289
39927 7599663439
13527 6516715268
89987 7239822756
45337 5032199049
70027 6825480252
-69537 7460256763
-57119 2572797974
-81273 9736817771
23385 2921126890
-73631 1113372341
99343 1797613964
-847 4723113023
45175 6782495163
-6623 46253177
85557 9196741127
-89391 8984980793
72369 9980864069
43465 8564791131
-47103 6173216822
89549 8711899845
23797 430123143
-57101 2514731415
78257 5180209419
26677 3927437141
17311 1197117008
54045 6693312442
51177 3608000758
-38971 698802749
-3007 1292471151
-10307 6500374050
-95279 1428514233
-79217 5668711904
17607 6344470787
-67625 2608639991
-68641 3840474891
35723 7065062429
75601 8582332827
40191 3733564801
1595 5520048324
31521 553682122
30001 421529345
-25717 9133945991
-25981 5706079745
-3923 7264702623
33159 4138590157
-3393 6861029243
-11653 5610121863
-23347 8774207847
-40085 318172488
70971 819236780
37797 8978070946
-64383 9989953927
-53677 8513606796
15361 1468279194
32523 5769355189
-62863 4550553422
-27047 6698995475
50963 9971950520
-70183 5365833474
-21103 7967435147
-7561 5748309659
-45 508353997
-45765 2416358000
-81237 9587595451
-47443 8720834535
24507 1080723280
-19621 4649380451
-55497 6986886487
-65805 2775327560
-63119 1757980686
86837 7351847349
-51819 8026383190
-69353 4981217781
-80347 1354934789
12149 719027913
21951 497819897
68653 1544387603
40523 246716132
-17325 6705978131
-14591 5981459451
-3265 903706596
-4709 6616989731
7861 4525029587
-73287 7202626306
89185 1162153289
37335 9987062617
18187 972671712
-23435 1844809797
-3439 2253741309
-99335 704127926
98983 7889638659
-25217 3077633405
-75803 6505333935
7307 6256256672
26859 2665692479
82681 9251059331
-10795 6406016298
-73517 6625149404
-27423 3747018725
1383 9108992009
-52085 7778049308
54325 5644180401
-20411 6664254387
83205 6956465818
-50411 4813885170
91421 629729646
-89901 7034210729
-75153 5011870909
13841 6056310806
19659 8495243591
83477 9559293822
-77925 9195787285
57143 2305871979
-68809 6657964911
-29279 3013139933
-79565 4943976807
68247 3361827839
88995 2939432411
53913 4290469186
-33553 2519532864
15959 3646531560
41883 3716843728
-79365 8252229335
-45537 8420876953
-44551 3191884209
-89195 4126909533
76885 9449834238
-44557 4343741777
-20011 8868882599
93863 8926464884
-33301 1523902608
-47729 5921317356
-9073 5909579295
84093 8978715167
-16707 435188494
-85597 3657152261
44525 8776849211
36387 4268937737
-65909 5831414132
-43333 6261972296
-15917 7933679487
-15261 4142115004
47281 4336180553
28625 9460162475
-7441 3463685636
90523 2914458203
54181 3694424969
-92943 8959100158
25839 5852358989
85249 8122434647
-30315 6559041895
77179 3529189917
-2217 5368255565
-45323 7986915233
-80461 6897926187
45057 3145430285
83545 8564878322
7809 3328277507
61703 3367517093
97027 5223389045
-16951 2723459913
37935 9617486677
-88017 6517710491
-74539 3699031221
-43251 7516812223
60397 618358746
-72783 6572106839
75763 7720221411
-30053 5352935165
-78051 543934535
64805 1571040923
-55147 9919947231
20755 3186177569
-59417 5652201417
90537 7960350914
-53959 8102739098
41369 9118536663
79321 9025680558
5489 9290194845
-11883 7076271871
64459 9088009947
91041 6560884643
10905 1716165473
-24657 1744331344
80623 3733944507
-66089 3039821279
71745 3016627270
61781 1241663085
-38419 9693816426
-12503 205801139
61367 3435238512
45819 7872969695
10051 6500747621
24945 916636097
1849 4831473374
-89003 8561258637
8055 6029379719
10169 8595973458
-14189 4045904213
-92043 721687313
15881 2693820026
-72991 5675288415
-13517 8755639640
-63863 8314567311
-28445 7996493909
-12297 1126387288
37807 1374506711
27497 7871338205
87169 6795509087
69273 5673964222
60487 7502276732
-67103 5849855538
-20627 4169184903
87019 7250201795
11933 3191472249
-34113 4657231364
17823 8864112223
-34613 7085548509
26279 1640918873
-42521 2222228636
62547 4575251671
-48569 3480306576
93925 7371995405
-98425 8030473572
-65799 9024000779
-92563 5358868283
-31743 2355025889
72517 6564915258
-87941 4221929607
-72055 4295241390
2187 4742000860
-36749 8510530023
40189 8202356661
-86455 2231441457
74791 4535736936
-57369 1384720811
-51651 9718972175
-70483 2415981413
-22667 6921592002
-61887 8326577122
18385 2384494427
50969 1700290107
-2045 7220002760
-2831 457460298
-62393 6988680147
-36553 8860282092
-95891 9443952705
36965 1891451069
-59447 3302264967
62377 1856911094
34189 7505146481
-10321 1964057060
13087 5425531149
-6345 3805352837
43505 7578740870
-70179 9542603677
-92309 9992184293
-45593 3653467373
-9747 6751548274
-71515 6310740617
17651 8519003729
90701 8686650306
52415 6690609845
42047 9080611613
-44879 3746914319
-5407 2105498918
73937 1272809363
-2399 2676990605
46883 2043657195
-54425 5314486896
35631 9487304399
94465 5088228857
-92179 5734540241
55939 6993686045
51607 7706473076
-37371 6758858518
-69785 7176483861
13059 9708946537
-81979 4006317294
-82041 5128192015
30609 6036759223
3115 4314770613
86547 6151653320
-5195 3764204507
5301 3749087881
7609 5580527577
19731 3175048453
-22703 776496365
13271 2023199217
-94469 6079244159
337 2785282049
63341 2380893539
-94063 3060669266
-5747 4233026313
48113 1841416341
-48569 1033408013
-6643 8319342279
72183 4719499657
-14739 1978750678
7463 7010158628
11923 3200757032
-40885 4480887449
-89641 5943986625
-58861 1872853125
-76989 1712136776
86151 517168787
-61167 9361368578
52659 1750619021
-65161 8536281683
-9221 7935487428
-50331 1733122022
52727 8141451953
-81491 5605902594
-50509 9507166679
5563 2621098335
64089 9909123118
46795 674453760
83845 7571387490
-50615 6111517317
-67873 7030550948
7349 2468139878
25243 9051491948
-64255 4501161150
50283 3624434263
34343 9446121513
-96497 4804376085
53505 1186295351
8923 3813237489
5379 2187152087
50577 4507369678
8027 5237700131
53447 6965308985
89519 9219955097
2751 6209035579
58059 2642687323
-18755 8564319317
-17439 8476750466
-84297 2587845148
-59759 8780013518
59293 6283649226
-26477 5922915885
70943 7347788429
9231 7008668132
-15213 1905551648
3169 6252281478
-80121 6083862815
-24287 8777902317
15217 8647923969
-98643 8889872474
33729 7447046597
-65729 524033216
-8811 2443864375
-59207 5737923203
-86407 4558600295
-5151 678692194
-21253 2945072555
60957 9335179766
-44231 5513088035
-26359 5243125205
58129 6550752383
-40415 6155388671
-29961 8056704551
-36417 1351832285
-63287 6202620047
-46407 1906884994
-1691 9672510089
55221 5497785838
74521 4202696354
50561 2634758745
-40979 5336818083
29967 4698072697
81165 9827695771
-76823 9143824541
-67363 5752950771
41263 8073088581
-85579 1420111589
-85929 9510845188
17769 8922256810
-52841 304097531
58875 6171681815
-62031 5268531455
-32095 4718354907
34789 4608472149
-22665 1552670627
72077 4682841731
-48409 9675141020
-1811 661081853
-66343 7219466517
-61505 2877392109
-24987 3166783850
-11521 3507404061
76471 4626867477
-60687 2682419110
-34999 9458902245
71291 6884818595
8907 6125478593
-65153 7694242584
-25905 4128403451
38315 6321134664
16103 5335726824
-30431 8809828322
-55885 9480499548
60187 1251553961
75583 4283165532
55983 2596619963
24659 3269854497
47621 6197442647
46271 4173852257
26883 9113911544
-94221 9168443357
99473 1642202259
29493 2417484787
86453 2601392319
-49033 198781556
58873 6757625921
63479 6485337089
-81693 1257664979
-2939 2359436807
433 5498598833
56057 4730970923
-94233 6246719969
33209 6093488471
77329 2692768613
-40107 7419487474
97011 4046313041
99961 6194543730
-555 7384373879
-99173 1190034435
-70867 9100121241
-65843 1636219035
35269 4951523454
42865 7125967965
80771 614233263
-34551 2828545118
-21897 4975265984
48173 4883216363
-77239 6377291567
38193 2398820345
-57991 8094425387
14473 1411610942
-42783 5862315389
35627 1693449665
-58863 9279910741
-46945 3750632459
-22341 3855854468
-28465 9213313724
36357 3644248606
15575 3189983237
-71759 3919123622
-92435 5981205333
-38965 6697484355
-49033 9929660067
45073 8680017678
82373 4256639406
41091 2441508821
25877 6950258070
19753 938642406
85413 9745487057
14193 6689867893
44543 1017373424
2901 61705666
-68145 3111206716
-43475 3183670323
711 7069095577
-28513 7437858936
97079 5434149093
67241 2548465793
-19111 1154996277
-2661 8859930799
3179 637540821
-64311 8476433407
16551 1048439105
50911 1691110965
-77051 579027534
-69227 477647990
7335 9933984163
-41665 1965373848
-76545 5186856071
-66605 8703631220
3623 5747178455
-15529 2496113181
-82985 492842061
-56435 6806142402
-81971 2593550222
21069 9382426679
-31729 5193074492
-18419 3100356815
77721 9534139741
-76079 5976971865
-55601 7496766777
-34123 5353401018
-98827 8405097750
72141 5344977203
23621 3879442851
90721 4117182857
66149 3690468287
-72141 3255336715
46535 4675182989
33835 5203361700
-23731 3349679099
-65911 8043281214
84781 4771446542
-75549 8831558423
52577 4951139009
98031 1463332507
-40005 5093838667
49295 4728342545
-12413 409909041
-477 4453448233
38937 7710646475
-38773 6587419763
-59371 1439543871
84587 8082003875
-75863 5143774631
-95215 3527216255
-96461 8488725063
88829 4733497947
49491 4327376459
-32925 2857154737
-38607 5176397866
60059 2964916073
20399 1185352187
-81611 3960159702
70343 2830120757
82863 2566013045
-60579 6454700207
-82901 7074740921
-40505 5292368019
24073 1390034667
59827 3169310003
19763 5584532673
62505 5603905855
-68829 6186490891
45457 2389869087
-21933 2079642004
-17741 6086482248
-27611 6618897242
20405 6201737265
-24437 4827898719
-17983 8616641706
27239 5317502852
-29065 3570296112
99137 7990245375
-29129 5995258236
91763 9996556919
96619 6244292693
57187 8703381423
-21697 2091817803
-34251 4897330825
-11023 3586212794
1293 3032440058
44745 4153311206
-59769 8858489740
-72961 7196219541
-61811 3956409717
-50683 2222650113
-4897 6195681149
243 8879495755
-43817 2903361465
83949 465248389
67967 9277874073
44059 9629078045
54637 3771976323
87795 1931281340
69103 800555147
12959 6918891744
12211 4516318083
-44593 1431758493
-43591 9210289650
63533 6531918806
-90427 8132309625
-7397 6187098657
4647 9145711105
82547 6254874960
3053 5621094827
72289 9305070077
85619 6869942733
231 550407899
68417 9861738126
-26585 1561564700
42127 6267820623
-3743 6043796961
76731 2235109436
-74361 7910534468
70357 5877158918
55737 1245600577
28153 9831793857
-24183 8897557639
-28877 2379798477
94241 6601131239
89717 6806931999
13253 6505958501
-27719 7846701842
-68427 9413608190
35881 398411249
55055 1639150208
-26217 9566080441
97233 8187025882
54693 1824864874
-65353 3926014488
-80275 8230379034
19687 4423745159
-40797 4260779209
64419 7369862737
77001 5949360355
-561 8285571784
72915 7693067759
76781 4656654543
-98481 4114138537
29047 3833794179
-39505 1010453492
-74079 4223038022
-41893 7849215209
48405 3628258834
-20361 8065426877
-20279 6737966898
-56815 6721601898
-94931 5178939915
-55921 7867259672
-76645 1356643775
22839 817270700
-78745 2692529700
78079 8266912955
-44157 5339968249
-69031 511156410
-32983 913582685
-50625 9171059603
-66637 7035762671
65393 9694050267
-25481 1791813008
50505 7033335194
17013 1452896951
-21105 1354634080
44507 9045866669
-48773 9662366441
-71085 8345421784
55923 9493272347
65203 4431067908
18649 3387835842
-28933 2577084993
7999 1468888580
-85515 4988833534
18025 4666585754
91923 9116217904
62927 8670149084
87767 5465539956
-21957 374892743
85807 3141205145
44473 5346000963
28029 4142641726
-30241 2201335481
28659 7888329112
79879 6151071195
42283 8905261313
48135 6630422995
-78345 848982680
62939 7827329888
-30537 981681151
76333 9473407515
-42157 5680370424
66719 4684931096
4775 1066303601
85371 5207913565
-81467 2760563334
-22375 5460330389
-3211 1327558502
29421 6954021034
-28923 3195102095
-36329 7841641040
20105 9843692666
-57719 9913970003
45395 3872211920
-92659 540695687
53089 3587612279
32105 4286160602
38749 9149728029
-87791 886463919
73635 7908590887
-71393 3600844109
-92677 3116889327
12779 8800577361
-90263 5619514610
96479 8629442045
-71899 8070869663
92245 2851893117
-10725 124160812
42681 6777661810
-3845 8942170416
67507 3332102480
71717 9156958955
5621 9320424326
20933 9698227733
78141 9973591325
96977 7417076913
29887 7784735271
-21705 6974842145
-99829 2127662496
-89527 2088610485
17497 8974799915
-24655 9179109497
14633 6430080453
69173 8811994238
75823 8580406148
-95239 1290806549
-19383 7824500713
-10119 5231035402
-99279 8213007877
83589 9390945649
-29009 6237297645
-43959 7732045345
22855 4366063952
-45523 8896797225
23217 3051468346
91283 1535237016
-51855 6213863846
-11315 2734739370
72005 4719327750
80229 9769482934
43443 8755475797
87815 8992798032
37727 9100218800
-62863 9434415201
-89023 1691437977
81793 623636301
6107 4112459195
-41563 3244747002
-44595 960890569
-97707 9350180731
-35577 9353946229
-5301 6439178347
49607 7127397315
-70999 4508708027
-13095 497730487
93003 3116649791
75867 4766318360
-20343 7426981873
16121 971590739
-87915 9441317702
-15317 9418384451
8961 3914008531
-23943 1263329323
-25493 8225311421
49399 9293898044
17107 6054825200
-12855 2244487519
60143 6394004963
-53565 9510301832
9727 8471662251
16891 8677510128
-93701 9503905340
-81171 7055881579
17283 875647891
-25561 8903219481
65005 9249870797
54133 6537397041
-89579 6928902147
-24445 3903004889
-75607 1501227650
76067 8243800721
-66937 2738644269
11663 6157415801
-52047 3756572866
65527 7832873576
-66887 1304721554
55201 2086210938
-65671 1341602363
56001 6520100537
-55647 337260278
-27995 9682418114
-74107 9887817002
-67953 3484334489
-77643 9483336034
45275 3258390581
-41731 206451153
-41333 9216902633
86179 3579355427
53753 5871516734
70209 4306245655
-40829 4903336497
-38695 6990587501
-19569 226532548
-6979 2356172066
-67483 8819724566
-11763 4639349009
-80335 2670078402
87049 6305040990
66903 1005244741
-75473 5819647457
-1921 8197480784
85485 8496345943
-66267 7728841979
99409 9284340966
-62307 5750398726
81771 6362645957
89649 621104035
96091 7840109753
-28777 3559621251
9707 127411305
97541 8229407955
-20727 2606476105
24931 7428665804
-66267 7061989618
-62795 1010463365
77043 8273954131
44599 4352631908
31019 7645995813
-2975 3533248626
-37729 9111674636
44315 9475699172
35115 567672061
-36159 2328456391
11231 6046924400
-20681 8274131780
677 9073923386
90073 652449071
14003 7611901832
39975 2260358233
-20005 119249763
40977 3648630358
-10485 7966036208
45563 1776158519
21789 6209047919
92299 4522249475
19237 1982668671
-23895 7341528143
-98515 6062694155
59213 3816728054
-87413 753103059
-21945 467445107
-54457 3767653113
31139 4867445840
-67251 4935664493
9689 2012637381
93199 8320979976
91323 2870959601
11319 1618286800
-96491 1347947865
-23671 8819927147
-355 3247922447
-49479 1384795886
13873 4568513886
-98671 5794510631
-29997 6780911480
-25235 7085826707
77255 7451820383
-95433 6597188120
-82713 5945687459
-11683 18097517
-45005 1176689276
45697 3755521317
80615 2684770311
691 8310342617
-41889 5698067179
-31103 3507710166
71081 2370276917
-35743 1709054237
19193 733379103
-27563 4896509579
33795 4236320536
-47459 387133011
67063 8152356831
-4017 4477677344
-14941 4072048500
62677 3895122027
12007 566641733
-74537 853899743
34899 5598513161
-13409 3713150271
66763 4987708943
58747 4094017673
-36125 5698331288
-3059 7758860022
-33667 3360076281
-58563 1287515702
79655 5427681576
42917 1331741066
-36565 3434033019
61323 6732157063
88709 2143492751
-90091 2888534034
9187 26450349
14163 1994459617
83259 1560352997
93743 2267198999
94613 1903873254
-11469 5801358889
-10609 3795717399
-55647 1375871707
-50417 2286773319
48873 1779523954
96239 2278961775
-52893 9046703860
-141 2058021613
-28135 5660995086
46161 459658129
-58715 2776928991
-74345 8002846272
-38961 897089821
61659 2894537504
90879 2820189943
79215 2384791643
-94243 4827943469
-53297 7257499041
1739 9225494489
-56345 3908760512
-26995 1287054449
53947 1015649531
-62413 5737068077
-2105 423217388
-86389 3919535984
86499 6100919387
-37901 7302679160
-98535 3272076023
-38905 9595731735
-67097 6353350755
43029 4819447618
-50301 9171070489
-25565 7679195580
-40049 3912219659
-65913 8698058899
49535 324176744
2137 1884714626
1065 7969067419
32033 919357154
49245 4635083810
65329 4392009542
49289 5736518490
-37519 7857731550
37585 3662331405
-18953 5359662707
50737 1850610279
80079 3071028311
-55083 5050750433
32141 9454911011
24717 7694693095
69279 8453823449
-20057 9741694781
50463 1156399969
67129 993331013
-82533 2279354764
-33731 438339254
-9539 2819092217
-13119 4619726737
45341 1552393326
-68267 7915315509
-98333 4485106019
39571 8243854199
14977 5774485901
55619 6847098864
-33855 5109994831
-84943 7700695058
26827 6972861168
-27355 4412616222
261 8858106719
90119 8091296975
29185 7147263207
-13325 2090864805
45813 3541611121
29763 557360120
-87017 2364692408
6429 4391154914
99033 3712117345
-2839 2959627155
-40993 4759883157
68145 2301416462
-28545 9221104931
45169 992603822
98743 1779252644
76699 4594274208
99027 2837658853
39253 6330203733
-98681 1385524241
89973 9105606290
25839 1799429452
3619 671474951
14593 5519279265
2947 8556201321
90433 5583005285
-86965 6564411999
-21345 6793991720
-17123 7553070897
29133 7455269903
-32725 9269942013
-1139 2408543031
-54073 5975085909
-10243 3725905646
85181 7928608941
74851 1288615505
-61161 4061001761
89983 3216124992
44925 9177897259
-73083 6721342054
-88723 8791917711
-49621 3957029823
54117 1925536639
28565 3023962398
3789 8797598293
92625 1883151763
1971 3130678925
-12419 4179859757
-65503 9498326703
-82029 9169794848
-11633 2000044451
49293 5477441822
57983 9464215692
-62663 1119437226
-27399 3122240849
-61755 4996516163
62581 661994801
-32109 6695840996
-6099 9317741869
-12667 4643834961
-40655 4664421702
-98145 9241128536
77261 8976347934
-65517 3156928981
-54743 466976315
-73769 2942247836
70913 4140982769
84325 1414819235
-42299 3589068759
-66943 9554045087
18119 9914476701
-88027 9998501562
-33353 9894051231
-25795 3248326046
68145 846827449
9795 1618603261
-22015 3968142153
-60611 3192179549
51453 5827127426
3691 5823147537
96141 8257474555
-319 1825304027
-83865 2438683747
-65129 9930970107
22717 8709182037
-68533 7568503964
-93181 1035442208
-50269 910351356
38831 6604177419
60855 3811930169
20313 2346489682
-53619 7663243063
-98513 8136200763
13543 4512891705
-62335 4465555271
-7419 2360647729
-94817 8848242732
30369 9908592178
-76863 5225022070
-37961 4301575160
48435 2133787129
-84591 7212087623
-38401 2397436397
87793 1398103419
-29599 6003698607
2519 1767647223
21307 9778132787
56961 9815513749
40217 7969417731
-82265 5705748917
-9965 6071297892
15783 2779626059
45919 7690129013
56159 4328368545
-44481 2462295860
37123 624583199
-15679 3585006897
-66771 8475698678
-56573 8538785304
-61309 7061704929
69329 8625975347
-1335 9220069789
77189 8652155817
-79265 6814056239
59879 9078202100
71009 7393472342
4673 7656208827
-4051 8883707826
25065 4545543887
20493 8983006285
26311 5636883045
50087 5007061581
-19577 8634100497
-37937 7845577128
-73841 3141763751
49571 3382821908
14189 6187706690
4635 6144524867
20943 4005089537
58885 6372157859
-25991 8555612859
77519 736364784
38213 4059054815
75515 3117507599
-39535 277555341
-21177 543827408
-74423 7690484346
-38127 8320934479
86287 5221602621
-61223 522420083
-6051 3592146766
-93095 4731088953
49627 1152705219
19913 6505711937
-44919 6056919863
-69587 8302295913
80665 9864871659
58263 7070205085
-13321 9412507287
-96953 7222631363
62107 3341391837
42805 3058586691
4143 8106477904
5427 478101275
53857 1828325699
-97681 4240077437
12965 4451418975
96271 6844304381
41761 4835449619
56539 2322905664
75475 4965120153
-73399 4157615510
-13731 3211384115
19807 3323151192
-56345 3722442221
1899 9006327727
-95585 5708005109
-94297 3020594420
36055 1025869667
95695 3613307627
-58099 2098833735
53047 9493222556
81057 9042917270
1965 6162623771
75591 9383114917
-63725 8930213219
30259 357563007
331 4919866847
-55673 7678460865
-50201 691710555
99343 2399531876
24301 3766603419
-96539 5968314509
-24857 8955980520
-96265 2543450231
68585 3897530163
8089 723070647
44123 9661740564
12059 8567611295
-1335 1704101038
-3947 4301970237
-96239 3019887027
51697 3578734670
61335 3393932611
-78727 9862916145
-48601 3717758217
80347 8748930047
-82887 2007825217
99671 2646153276
68457 9605567585
-40629 5249079836
18113 8481827273
-78323 6062988182
64489 2192648619
19941 9344653418
-76667 838591179
65015 8829829808
20997 1860536434
43893 8951093471
22009 7164654798
-59653 7814273607
57405 3331317482
-32115 4786683625
-72255 8595243230
-27591 5046643081
85151 7393962056
82441 9801388037
-36757 6459084855
26203 1690726763
94953 6458626849
-90203 1363405181
-57003 8829071630
69815 8388837936
-29471 7050853934
-24193 6598265603
96445 8056228013
-83663 7852014938
-65889 4350176039
-16505 284095197
47841 6310570427
-15817 1366411244
-92553 1050750649
63631 6545997381
-14019 3756611998
56169 3772702369
-50017 2455440761
17013 2663733226
-82097 8792848193
-83995 3706827735
43881 7659147418
-21527 1165552203
-56161 4207760436
40543 9266275139
-85655 6985753830
31687 1670523939
-42157 5572742285
43255 3361876931
-16503 4888326617
-76559 4909796318
-80861 3703117229
-27881 238401540
81879 1008636355
45887 652316928
52007 5686855905
-73509 6558130139
52291 7137337052
86903 4891076517
-50035 3782488433
-5839 8039155674
-97723 6812716965
76807 8566064693
-46117 8063739003
47441 3366156710
34889 1417065066
47875 9813613815
3749 5330609439
82267 5587639491
37201 8816083170
33417 4536256799
-41375 5142003345
-59215 4487542946
-18165 2521363544
41945 9637894775
-43181 5596342136
53949 6289779646
-47105 4413741236
15589 1223325926
84869 1618681178
-49125 236979191
-16681 8761076117
-50023 2204261606
-11957 5938002360
-39133 4998101028
-98023 2596879917
84747 5639688013
-77409 2529029533
82271 5383227399
70443 4419952085
29697 1972679230
40357 8049569885
-12839 4651524237
24201 1099822115
28205 8367518673
-97065 2217229181
-10577 5616050387
80275 6059593248
-295 7049433843
70681 4185957174
47279 2173663428
18283 8076958799
11825 2176625490
80453 7977061719
-67597 6683796351
-82909 8900947709
-71709 366010004
-15103 3364901270
39309 2587432342
-31907 1654209423
22941 7477010185
-48173 5017045751
84565 3730580534
-27303 174683207
-45361 1156111347
4967 7826651289
-67677 4370692748
51473 6309250731
-19069 2060435529
9663 5813948009
94711 7886989877
46243 9318136569
-61969 3697838309
55657 1993032755
-17451 1326733742
-93739 4266379929
79821 5235968467
85141 5216202062
-91915 5763629795
53357 3177156839
50441 2258183561
45197 7802699099
76059 8328826223
-69085 5085880313
3369 8805442801
37941 7436870702
31525 5210266689
17365 930754341
-56817 5236785143
4995 2530474387
-45435 2714352899
35871 590358137
52197 7812627809
88529 2605752599
89105 7316666177
10689 5051601997
-10109 7934632371
-89893 4027056977
-22379 1054231329
-97933 964917957
-26041 9006102221
-43575 7913909695
69953 8685212190
98189 9267012833
-35247 4905030497
91309 5646644967
-68889 9890782319
-16953 3450151009
46833 1237827701
-36037 1995044495
21155 4805791019
99283 9441422159
-80195 9037669193
76533 3654591265
43381 7867177902
87967 6993815804
-98319 6249018818
70795 1953836400
43617 8686146658
-9991 5099667461
-20143 374757978
-49207 8477652366
-27187 6547076459
75709 2429236745
34311 7548584039
-24815 2772273663
52321 7363047567
-18193 2167808108
54009 2954377771
32075 333276239
-42467 8833399127
-25993 4597122852
-50281 3364645871
-61627 9063762606
63555 5759826556
-37133 212153184
36897 9218319146
97305 8208472555
78701 2623566329
-63963 8857936510
75861 3938765926
43333 1212376166
33935 6192828377
-47717 7300514529
-49105 3009433800
45269 2428191417
55303 9507386549
71095 1703780429
67885 2876162378
2791 774434880
52583 6564288395
-44223 9754399049
23825 1993391471
80895 8191453984
-44907 3055815671
-46287 7579055089
-55133 2171409927
-32887 4321538025
13013 1802870837
-87111 7039602515
77337 4432336375
15731 8555364281
3323 2302629437
26185 3926435687
-31211 9022993485
34805 4962126186
80269 5053650669
-74307 9832471931
21745 7735482447
52093 4045398417
-86155 7975166433
42837 6242203657
86711 9421966680
-97309 7146101445
-93219 8849461165
-45585 4688688395
-2221 1302567791
56047 1449807249
-36559 8639268267
-97887 9975663587
-1463 4160831349
61253 1087794761
25877 5948282247
897 5698658977
-25861 2713722179
-91751 767775635
-73441 420771341
78481 1449094463
96597 4408682573
-28797 5812449913
-50797 2951618312
61377 1194011825
-75675 6366337519
89445 507144967
59773 8140629009
-663 5553147953
1505 3332558127
-98697 3219513581
68749 4754220239
-81797 6228758999
-14351 9113028053
-88043 6591707070
-24239 2878496793
57439 5082127455
-66673 8365236813
44397 8795459642
-58675 9035956497
-84981 4301529185
-26487 4018717382
-26915 9387086966
97971 4380939259
-91845 9006395368
-56943 2765617451
-96119 7917594741
-92303 1727690094
3681 7167039865
-41555 9021030765
-89403 8018132587
62809 6881467199
-41041 5119492487
29109 4855562179
69681 6382567109
65119 3777241424
-42987 1349963669
52197 6863113283
89431 1627896464
-93205 9647901477
75435 3663968747
-51599 2776254246
66741 9340451381
38811 3136880459
8607 45922928
-15675 7161709226
-77977 9050915801
-90761 3985318907
-69099 9162533779
-57939 5137813177
-65229 6981076493
58263 7103126552
-91219 721974257
29367 9798135832
34365 1220559229
-16323 7795236802
-11389 8590450604
-19831 8053589267
-36919 8593911422
26775 689904655
27675 7796487725
-4797 3954816809
93331 3647091459
57705 2380528165
-99723 5684559115
94579 1442066948
-15323 3723425207
70207 7343753067
-48817 6559738803
-51831 2749634174
-41029 9590184968
-24249 3240789632
97279 5767148939
-235 7279516418
21975 9116228939
52991 4309290107
-80521 2510720639
10819 9972833213
-70699 3701174207
73135 4495302645
-6153 9581928979
28483 4116782448
-85277 9561520340
95125 8492025255
37197 3969089261
-57275 7142729373
44519 1038515555
53925 8707658057
61769 5091805686
65819 3870579731
73247 9330055889
-4877 5031828677
73385 2494661406
2053 253139055
64507 8200929003
50451 5732480140
77529 6789838790
83995 1986450867
7959 9399506675
40761 8394183211
34413 3116037721
-34727 8255554445
48849 6243497215
97403 4367362709
60773 9909083375
53315 7748308772
-17505 764199451
98437 4767408947
-77847 3356585309
53571 4264231801
-90355 773277630
49001 1305345342
36901 5485454637
12935 5430776471
84201 1435502165
-8549 7536036027
66067 4804496564
-53725 1655806512
-70365 9263567575
31349 9662850849
52565 1021693715
66201 2041771379
-49819 2597305613
3579 7833130277
79629 9475684702
-30873 7354338100
95365 5908860522
-45797 3935559273
59157 3222729710
-73351 2401572186
-37489 1180898007
73193 641281229
-70337 1908813495
-8563 4165343954
84485 902078646
17023 9051800057
34057 4208213193
-87535 1701142370
37417 4723636185
-55091 6914103882
-36587 7448060586
-68853 4919909156
-40861 4257301953
37175 517326467
16665 8817260918
-49127 3161705285
98557 6688357493
47075 1394658437
45009 2813192902
-17885 3262857363
-93241 2747108981
-12459 1581493262
-95631 9311944226
-85571 4751780090
-21675 6443094979
-59641 5873818947
41671 6480563111
92201 4857467622
-39949 5556156216
58195 1173587976
65655 603255004
3411 9703273064
99469 1191421986
90231 4401102059
4711 1569110408
-4775 9708143861
69747 1940237329
93353 6915480993
97329 6879264239
-25475 9719820770
-679 1514585547
-17417 8624439291
12005 381339497
-87487 3579593481
-6431 9100354482
-60731 4297984787
78137 2433663365
-82341 1698669140
-44365 3870570891
-6669 2400640757
-84841 8781753356
44971 5178931881
11881 2360835099
57401 5394844754
-98089 777599913
-54705 1502850464
95205 5808106787
-6557 5114807829
7163 3586649312
19939 321684644
54963 8177295512
61665 2854591166
7825 1107486273
30677 1309777334
41319 9559741148
47211 6788015279
-67607 6562999623
-28021 4302013775
24349 6182935257
-92757 9551613875
-15919 9033971427
80125 1830954345
-35163 8213390903
-11501 3348396536
39269 9083394567
-71987 2162192121
-1129 2509496580
30291 8947086907
-83797 1169709165
58449 6203385070
5085 4057089811
-19139 1145356983
57843 4939026191
67363 7887657075
79419 1495600084
-89459 4333849107
-16583 4263972861
49721 1936110591
-2951 6872493579
99129 7265089826
-82699 7966515897
-89003 5088507683
-82423 4483591830
97229 3774026594
67525 389713001
32479 1509391715
-64205 922281981
78503 4938748149
793 2852840826
-18965 3873383115
-44257 4137345963
30705 1311000077
-43639 1884898853
12267 864117395
-63333 6593183888
-43403 4902879059
56655 3710136031
24243 3969694583
-38855 6515588847
-13517 6614935635
-52393 4170862088
-8503 7326582221
29673 7593101167
59331 4839780949
53763 2754231865
-79775 2197902734
-93531 1154284759
-30949 7458357467
97559 7271389203
-92301 6864074063
26731 7253116560
28075 1070764356
78335 3170571273
-31419 2617432778
-7731 1455297791
62385 5218308311
