-32593 -5124028097
-87621 -4904194905
-3181 -195656921
11163 -5157656433
49583 -6181938641
-92949 -6448222461
-80081 -8570955629
355 -8173547501
98867 -1278356477
10643 -3867481205
-77413 -4836980069
51735 -2729299977
-49997 -7957606661
42051 -5040479973
55363 -1024878461
-82749 -4033065921
-63897 -6058725189
27879 -977489145
-94093 -4202433605
-75509 -7872866345
-7629 -2852256057
5523 -5277441045
14903 -5107932113
-79337 -2210966129
30767 -9561359405
-43045 -3597673673
-62849 -1639820033
42859 -8732140193
92787 -2218638717
52771 -3495165785
-93297 -2607726597
-40717 -636597185
58219 -5638198157
20531 -6729244493
-71505 -3961742409
-80721 -1919537025
-3833 -1091637653
68835 -9250956309
66059 -1604374397
33159 -8856654501
30859 -3421138373
-38989 -4499367821
37943 -3642718109
22615 -4492800821
34563 -8163831405
-14981 -115322693
-44213 -3284308097
53279 -331426229
91467 -7838615073
-73733 -7403687837
575 -4844729609
3659 -4802971157
-43969 -8344756109
-29017 -1784919245
93931 -9309429569
-2697 -4062885453
56983 -2698758725
52675 -911130713
-87861 -2425573017
-33985 -8798230493
8627 -9888440249
-65965 -6139733741
-22289 -4140644945
-68141 -9084612809
-45357 -1915134393
-73797 -4699843041
-20993 -9682119113
85987 -5773673633
-16493 -5515109729
61923 -8355920841
-42821 -9965878241
-86313 -7991085681
-81825 -6886672701
-99109 -196474121
62263 -126472493
-84669 -4155213501
-9533 -926361533
52507 -1600190921
111 -7413446025
50559 -2921197197
50779 -662852597
-58905 -1612108173
86543 -5894729801
3259 -2515346561
91723 -6923913245
30607 -6890366069
-53273 -8740151441
35615 -3626615873
-94357 -3169096097
71603 -527700941
-35205 -6033207801
10507 -1906510037
-84901 -8915462477
1707 -2714323293
-15237 -1596341205
-43245 -6909713721
-79145 -1444934189
-74481 -4327337277
-2137 -7935459113
-59517 -6476523981
-92393 -9538042289
27487 -2512700597
-85945 368052175
52771 -6857623013
-20113 -1199693981
-41509 -5974871981
-47261 -9847184465
-23001 -853768185
70295 -5835428921
25475 -2656396961
-75681 -6806603577
88175 -6178843073
-40349 -4770339389
-19557 -2218000233
-47253 -7691459385
59839 -3834340829
-72765 -7829316129
77087 -238359821
62039 -5030688929
61007 -5375715329
89227 -2566343489
-52389 -452978205
-32405 -7177560173
-37017 -3040382421
32979 -6228953409
-55949 -10240433
43831 -9419986973
94339 -975043517
-90721 -3772601045
-43677 -2655300393
-76057 -8365947449
95767 -5344945553
-66749 -4438227761
1907 -8329409177
-81285 -401311593
28611 -2181074817
-8149 -3963248669
-24833 -7910773517
56055 -9212922141
-33125 -2518256933
97435 -6962899529
66747 -6722090109
66091 -3185415413
63027 -9457826853
-78957 -6837715149
26003 -2741123093
-78365 -1248068441
-18389 -7075153889
-92585 -5327763725
31867 -6412324781
-68853 -6612274449
18959 -6744683405
58927 -3988665989
90007 -7351253957
59543 -3554622365
-2677 -9562643657
33995 -4038374453
70915 -4537187393
18247 -9261808649
-42809 -3590995469
18595 -8836396049
27711 -8555855721
42651 -4615492641
-5081 -2150029805
-66861 -5468063061
32607 -7829274345
-85001 -2236092089
90619 -951907013
24847 -4005110609
-4973 -3834689705
89319 -4456877709
44479 -1500034181
-2637 -3712738785
-72401 -8544346745
-42241 -4391375777
-80401 -5552310545
-72993 -8332506009
92039 -4656144257
-59885 -7619190053
69495 -7956032997
-35817 -508575573
-11009 -3381728573
15083 -9293046425
-17965 -2813780105
-60461 -4151344073
17615 -7250959181
27999 -9689303589
91527 -147372525
-54061 -9428099501
-94597 -714191693
-95349 -6294431301
12915 -9874814973
-8817 -3066902601
87807 -3104503449
-92453 -9177723077
-45229 -1297729685
-26337 -7372220457
97903 -5693699813
24535 -6090134081
90579 -8048754177
-14157 -1568223885
35943 -1546423953
5151 -8861879289
56651 -4339399889
27747 -406720953
48483 -2216827509
72915 -9883925421
95835 -8135423289
-76677 -9155805333
-73989 -4843237905
1067 -4946856401
42603 -8411303301
-19925 -1689101933
-32277 -4048828773
-64573 -6885399641
43987 -9988403693
-55209 -2730423741
-31261 -7281785153
59391 -8978712549
80927 -6299826017
96083 -4250536349
20391 -6048966417
5003 -7036804673
-74973 -1088703537
-68605 -4321410053
-72505 -7845105329
-84789 -9552807225
6615 -1715931849
14283 -3133410273
-11693 -1990976345
-50737 -3913671125
27083 -317032481
84267 -9948270225
-85393 -6998424713
-29905 -5238925349
-38601 -7456850877
-86421 -9665608557
-46385 -8507369993
-85813 -4682089577
-35921 -4765018961
-91033 -4650948029
-97817 -2969512277
65619 -974865201
-45693 -1527376293
33811 -6377470373
48427 -8878038509
20479 -1622486165
-893 -3419252093
-70765 -7414001273
-89805 -2055698241
-44965 -5908809185
-4393 -9334190417
-41897 -9984700457
97863 -3722435529
84155 -7366965209
-52089 -3669307221
47747 -2972246753
-52705 -7154866169
24183 -1025246205
62999 -7467153917
24975 -7644974733
-55869 -311354469
-76265 -5320231697
-51561 -1932585213
2731 -700624493
69891 -4605367353
-86169 -4202558133
-3465 -7144152537
86311 -2083400897
41047 -8768794949
79595 -5283357233
-99725 -6475826141
-7701 -9563884977
1251 -415967229
6907 -6816854561
-24997 -2610272369
-72605 -8416636181
-10965 -235335897
-32437 -4105472981
-91029 -11738685
14047 -4061920601
-18521 -1565012585
-81093 -3409777329
52223 -7823761073
24915 -7749455481
-92933 -1299149789
51527 -5723359013
-91865 -6891355133
61863 -3812902005
10895 -6534251873
-20745 -1402045977
-88409 -3110908493
3783 -5840822865
427 -2948940257
-56833 -3317863889
62531 -5391277169
-66149 -1868387297
66819 -5012158113
7455 -1335561885
13767 -7096193901
26739 -7204821225
-70881 -9147420585
-46209 -4317591777
38051 -7851598097
-47913 -8955720153
-41121 -7364384493
52707 -8187634605
39003 -9657167097
88363 -4793725193
-9185 -4987681349
14263 -5562756053
-4201 -4575596369
-98457 -759396813
96123 -9492046077
66171 -1332239601
41443 -9873110873
-97713 555162951
-58893 -1603662561
16499 -2450838341
-28149 -6240451677
30683 -8112115253
-67033 -8110901633
28515 -6386728821
-36633 -5777287857
-54529 -9582430973
50967 -3419791725
64507 -3585713225
-87801 -6698539209
-37725 -9790117605
30443 -8773798061
87 -3561441441
-67909 -6767753249
92183 -3775586885
-21065 -2814408581
64271 -4361255501
-66333 -7313611929
34299 -5712687501
53391 -2420891613
36727 -4112635481
94359 -363200157
-84321 -4318181397
95843 -6966253829
13667 -6698912813
-29549 -8139558293
56471 -6677025173
7631 -3543649181
57179 -5540277881
-49417 -5300957057
-88169 429442867
84943 -7327439753
-82645 -4006091297
42095 -5445558725
-46225 -3356341133
-61265 -6060199877
-88213 -4481262605
43 -4632040565
-71485 -2526143765
12143 -2512633133
14539 -1598594657
-90641 -9999887273
37859 -9055205513
-84709 427939087
56415 -7375690569
-26325 -620327061
13971 -9258197877
-54769 -7455043901
-37081 -5685093305
8583 -1599858213
24119 -5073109133
42471 -7822853337
-15809 -9563796701
18423 -6216185673
-97029 -9808013433
-28785 -270375513
86195 -2320542905
-33405 -1463586729
32851 -7668799565
97771 -7602114317
33391 -8509728089
65179 -6583868633
32555 -7453245665
-95337 -3799486497
55335 -8787938721
-60549 -1257195153
-44457 -5508985161
-31905 -4589948637
-12517 -5932244885
-78465 -3273413013
-18237 -7633802757
-10321 -5644511681
-24637 -1583203409
-52809 -4259933925
-48341 -5122944713
-17193 -7241285385
48587 -2828513225
-90481 -4907601737
47239 -9134249669
-64729 -6808369649
70383 -5122182885
-38101 -8264805029
-76581 366278259
72923 -3872777885
56911 -2999400713
62251 -4431146753
52103 -2052649841
69307 -3075694805
20307 -6599395341
-53561 -1375348553
8103 -6709798329
25727 -7656233669
-84789 -2314170285
-25881 -5909170857
42775 -1357117193
23299 -3229015601
-6545 -5123534609
23315 -3530154665
-86013 -675362217
-4865 -3394123901
-48013 -478911485
90667 -2283768569
-38793 -1810539765
93395 -4565321561
36827 -1903507709
89483 -9138209465
-52797 -402916041
39483 -1862073345
20163 -1710128589
6419 -1448264525
85959 -2835075381
-12661 -2666151545
-48705 -372354333
79371 -4190332821
-14325 -4220264037
-67321 -6634960829
44475 -4101052173
89367 -6609914097
-2697 -6329410281
61191 -9557593857
-86097 -1313824437
-19153 -7725553061
69411 -3014215425
99391 -559099889
59199 -3207514533
-73197 -9356067009
-14481 -6177635913
62367 -2250461013
12891 -7521437613
-39657 -2554391025
51231 -5682186213
84867 -4252262061
6547 -4140765377
3667 -3202039697
29423 -9525257141
44035 -3208225625
54975 -3917944521
53247 -5459619573
29139 -9870609681
-33229 -7646679377
-70913 -326724101
-9601 -9524970509
-69233 -7773534509
60547 -4758922301
-36505 -5241103613
-10841 -8561071601
16331 -6852037457
-13293 -4614360561
33227 -6589914413
-30009 -3256198581
74359 -6349697561
87599 -5181390257
-53165 -9600156713
-92433 352097331
52683 -8612625729
40167 -414119793
81427 -2575579157
-94725 -158911953
85059 -4558165881
-54721 -2647284197
20927 -6561583193
-24317 -8682701909
-39661 -7152502709
-78549 -8585749065
-61221 -357723597
81475 -8722967213
7263 -3756784293
-32669 -5579477213
33095 -1674651737
-89625 -1330652889
-57029 -7392151985
-10909 -2810246225
8211 -6972432945
98263 -5835955577
-51053 -6070029677
-9825 -1012190637
28671 -2971135989
43659 -2505095229
-80597 -9387440489
-75185 -4672308845
63851 -9377089001
-65121 -3883637925
-32673 -2609601357
-83225 -5781084329
-55013 -5332960385
74071 -3029801285
90115 -2982305681
66179 -7558382381
43243 -4938386813
-66977 -7730738525
93751 -1989938477
91095 -4029831033
30263 -1357849973
97155 -3889417197
90667 -4120687829
-18857 -3668723909
-13885 -9509928665
81711 -579846945
-82209 -3793713369
-39653 -4632049049
73851 -6295744113
88167 -173431989
-57725 -5038581089
-42825 -6702995049
46775 -1977935081
23351 -2536925309
-10589 -901308149
71387 -6111514349
46339 -1629269345
34675 -653673509
-51453 -2277629049
-61701 -2908973901
-93449 -7828399673
-64349 -3549714797
-31273 -3049183325
12551 -7510175093
72219 -7421011917
-87189 -6882763797
6579 -7206944757
40227 -7555159029
66543 -9936998217
36751 -5353860497
85743 -9319140717
-39377 -859905953
81435 -771100257
54427 -1676396897
-42049 -5626020473
84463 -3798553637
55559 -5604906341
-62529 -5837171661
50395 -1522843133
-60393 -8523539229
-48353 -3987658961
25707 -9882327741
-33249 -8094640281
51275 -4674912077
93367 -6132166445
-26025 -4705521213
97215 -1219129605
-8345 -8905277033
-11649 -2826659829
-33969 -1241714289
84679 -3034803725
-81097 -4241934569
29007 -2203771761
-80357 -5047679201
-95833 -931254785
-68985 -5711964213
86019 -9744929985
-1973 -7917872705
43143 -6880614393
-66113 -2439452009
-35185 -2290221737
20471 -780897233
-13497 -6143900529
-11741 -5062811333
-80153 -5155978241
-17005 -93461969
14355 -1325240997
75787 -3428429345
-40005 -5087661657
-99737 -2104290221
-87969 -1044951633
45975 -3950304009
-91217 -3467375117
-49505 -8835041105
-1581 -4752872757
-82137 -608563473
19327 -4657467749
82159 -1123972193
-29913 30650703
33859 -2253677261
-32093 -1047500381
94603 -4223447189
-15893 -4831781537
39775 -9803523149
48471 -7816184961
-35137 -6660109457
36659 -1704680609
58891 -3785248697
62159 -6410971721
57987 -3566375853
-32409 -6868396053
-94345 -1159067741
10695 -7222354989
-1933 -2046483113
98787 -8808332577
-13221 -3330038565
-35069 -5106483521
-30729 -9407779785
-96189 -8933768961
-72713 -9384616973
-69569 -3958985981
46791 -5512378389
-89825 -4283861117
30251 -2260056737
-23073 -5965857081
-39749 -5131181465
-47873 -9814873745
-48309 -3884172561
-66557 -328652669
-54701 -8096372825
-88761 -3325679445
-19065 -104240901
-32825 -3809434517
98067 -8240818629
-73841 -1079337149
71967 -6499697445
-25441 -8441483261
-29309 -5473784069
-57041 -6464441273
78463 -8315387213
-42021 -6956013237
-9241 -6991063277
-62005 -9439962749
71607 -4625473101
-98249 -9498720713
93403 -8530820813
-32365 -7450620413
16619 -9340211765
76083 -9445276413
-88169 -4955539409
-75749 -8106947837
-84065 -3841822925
-50653 -6509095181
-47101 -8240446505
96615 -2870688321
15123 -729806865
86367 -1864735257
57079 -8196947057
-67429 -3833537273
46047 -4185750933
34631 -2868428321
-58701 -8193529173
-24853 -5332102265
-70845 -5481626589
-25541 -852511937
-35149 -3935652473
-48493 -4280530325
43803 -6973020249
-35109 -9841707105
-81989 -8194240037
71947 -5409317369
86583 -2315320029
-26429 -8237854313
62611 -6342726269
-74057 -648902429
31651 -1680853877
-4721 -9443614145
-24657 -956175153
-89313 -9226010229
50999 -8049223253
-63733 -7817865929
55259 -79974377
19563 -7244289045
37891 -9245149733
91775 -3713528849
-31521 -6420031965
17191 -6665941325
-47361 -6115519533
-43761 -9819415173
-96057 -83342685
51927 -9156384489
-1129 -3730372541
-62285 -4389666785
40531 -8374777925
-65193 -471504573
-3837 -3496761969
-81813 -333176637
-24913 -5251935461
11443 -9624935861
84151 -996900341
-27805 -3672850673
28891 -3253526789
-50461 -1400422673
-26241 -6275902353
-49965 -819979653
-76741 -2479180385
49999 -3510945581
29099 -4901596337
21123 -7703133741
1431 -890670405
48287 -5211982877
44519 -1181109557
73599 -5591317725
-58089 -5961835893
85447 -649270589
40379 -8015471621
-98241 -2975724117
57603 -267047145
50227 -8550405749
89891 -6933877601
-6377 -8395542305
12843 -6498396153
11323 -1652059265
-82625 -701178389
-8897 -795248141
58831 -8718011093
85807 -5608106849
54579 -6795265677
-69501 -3692125197
-35701 -4989248213
48903 -556058961
54723 -8626438401
60899 -7787946293
-42481 -7686207773
67647 -2173492569
-26153 -6563259257
-193 -5917888529
-64273 -5214747557
-95745 275991123
-87929 -5664927053
-65481 -9637487565
-96761 -7070977829
-10257 -5063639325
22515 -278855889
43263 -8945618721
-96725 -4771265609
-21405 11013855
70807 -1833927629
-33597 -1199036817
45519 -3005633637
-64077 -1758259653
-47233 -2534164709
75543 -408339645
14515 -1275677165
-81309 -4881592233
79275 -1059401085
44431 -6565348073
3955 -6581157425
10463 -4511866781
43523 -9597116597
87243 -4265944893
6559 -7268810057
36347 -3020465189
80047 -4198939157
53303 -9147176297
-39585 -9418093113
98715 -4639489545
8503 -3942074009
50859 -3837193413
70635 -4497464001
88223 -4455158525
60623 -3495702689
-66685 -5871315989
-669 -4764282081
-36921 -8136455397
-91257 -1045140129
18503 -5892045029
89239 -1675604465
-64329 -3743885373
27263 -8196644189
77523 -3305698689
-33181 -7789943777
-17065 -9512266445
-7457 -3113020673
5919 -4557185481
-40289 -9021659369
-54637 -7298243741
72867 -5585647689
90627 -8372989521
-63749 -2092411829
78819 -8658748353
-53121 -949464825
-11689 -2885628893
67827 -7402503681
26315 -7421234117
20167 -6717897965
-92269 -7744660073
-92721 -1941742641
-62265 -1445626293
68267 -8095742069
-65145 -5874647757
-2905 -3713569781
18471 -2552407161
7431 -4306170909
-23445 -5365288329
-82709 104469475
-7549 -7240466369
-75673 -2203007957
-28393 -1139196317
24907 -8531111393
-825 -412491513
65175 -8502973797
-60533 -5225871389
64251 -5726919897
57335 -4906465757
-34785 -2968678041
9571 -4042732013
-85617 -6213096453
-26325 -2969959893
-53433 -4779521481
85491 -5247082077
24055 -4396459889
-21673 -1279887485
45483 -7587541773
19831 -3204060521
30047 -5462906753
99115 -7500166469
39659 -3608920421
59607 -2214014637
-42433 -3216609401
46479 -1864238445
-57513 -5785002117
-2197 -6635814053
-28493 -3579228581
-60029 -4881436625
-75237 -5546159493
24923 -8413205861
-82593 -9736975905
52767 -1798097757
-12297 -2604021453
-95217 -8790039993
-75113 -8914139357
57807 -6941780253
73939 -5423995049
-2265 -9018560781
71267 -847786565
-47649 -9800213901
16299 -5201025333
-86461 -5044406393
-80809 -8225056373
-83365 -864163553
-48473 -1806408893
-85377 -549627177
88203 -6068086881
-64521 -3525269637
-81717 -7157934381
-75397 -2459439917
-71881 -1131425453
-32713 -8530494161
-19169 -155836697
-98673 -1682256909
-4097 -3442964429
38631 -7828573473
-54017 -2817617969
-21837 -7002417609
-2541 -3334681521
-60477 -2120319957
-98809 -610616945
-13581 -4379398989
-86385 -7321114737
-47345 -5623017353
69619 -6106894901
26383 -4279836365
-14625 -4535494149
11143 -8771693369
-8229 -2214995217
-62853 -2991124461
34871 -5815414781
-73613 -6979253429
91983 -7755708129
96227 -8730584045
-60965 -2317797077
-98165 -7785972953
-86237 -9612531389
40323 -5828748477
92627 -3712397
-58581 -9792111741
-36589 -8012168813
94307 -3824223545
9683 -3383502989
-17453 -1246986029
-81117 -4224110481
-78861 -2035990149
5071 -3221061053
72055 -9507401669
59295 -920267289
-29961 45287511
10555 -4665307625
5279 -992360573
-80133 -7897497537
-72613 -4457630753
-81605 -2911227893
5335 -5508390437
-64145 -8131525661
-68801 -6233892125
51947 -1920841457
-89453 -5684270093
49887 -4514407485
-81449 -3954251381
-80021 -5488600817
6831 -5601785193
70407 -2288751993
58107 -3266494161
-27377 -8506397405
-4717 -9151992845
35975 -8722645229
98315 -1836005477
46791 -4814007993
2103 -9456547209
24795 -1685752593
-7577 -3908861429
8775 -7886595405
-72417 -5925547017
18563 -6518336453
46971 -9400626741
-73317 -613696173
-80321 -9053704925
-27177 -3159383901
-309 -8487405465
24371 -8341341281
39459 -5046794961
85467 -1259074665
33015 -1696019013
92307 -3173372685
1219 -3123990041
55755 -1241340741
72183 -9488553621
-67425 -3781744581
-6237 -9784866897
-94965 -6833498937
-30465 -7346556645
-28549 -9231644393
-90021 -3127678701
33495 -9697308765
16199 -3013795925
23463 -7929927609
-91385 -8777511929
16203 -4618366053
45495 -1082260605
22503 -5530651329
75327 -8204167557
60911 -3946601249
-62149 -4725784253
29211 -5857478817
-42181 -8078748125
1183 -7847583533
16575 -6158492613
5923 -9368003261
-52633 -6724221353
26487 -5729277081
35967 -4953663249
7851 -9162799281
-8045 -7756148693
23223 -6707778477
-48277 -1627065149
63091 -8101325081
-87117 -8275211457
-66801 -7032885993
-64413 -2730373473
50595 -5970182613
-97677 -785413497
-23273 -5079566441
-16965 -8983956441
-31801 -1614864809
-83997 -1734372477
31935 -5524762113
54539 -2222525849
-25525 -4317132389
-60817 -6034997969
44163 -6019040205
6211 -1838936081
-18781 -709607117
85239 -9928976841
47427 -9202836585
22895 -6141586649
-12629 -9807730733
73963 -1844190473
52263 -3932916549
-4021 -7209469625
65967 -2970577173
11411 -2143186097
-47433 -2663500953
53287 -3348670025
65711 -2148356693
1875 -173139009
14355 -263869461
-57465 -9139208997
45135 -7423085073
-15837 -9682381653
57223 -7673983913
53883 -1454621097
-74033 -7018645325
82875 -828138789
-99217 500465659
5167 -9753507281
80903 -1530562961
-55269 -4292921877
-79593 -9625173729
9627 -6811143705
10395 -2434871865
-75189 -1726539009
1959 -5688176373
63279 -8081789205
99943 -4476296225
-37989 -2515823301
87891 -164099805
15063 -3345317421
55815 -6566328069
-94733 -7409720633
81227 -5182200533
77983 -7285486133
-14421 -517836453
99951 -6966948009
26543 -7923559649
-32005 -1489947197
77367 -9558518385
28403 -1558084013
66879 -9025740285
-69537 -8259495153
16375 -6745012109
-11601 -2204063397
36435 -8059719765
3303 -6213067689
-5589 -7441832169
-25085 -769424309
89159 -4270231577
-36561 -9253737897
-68585 -1732330229
23991 -7838354961
92831 -423357653
84515 -2498651021
683 -579281765
-61489 -1374955973
30523 -1693330721
-40953 -6371302701
30499 -9955595393
94559 -9035392157
34715 -4025980157
99939 -4105330221
-26785 -7530709373
-38549 -9778838393
-69837 -2666598693
-32325 -7557253161
-70677 -7658507085
-85469 -3911668793
60723 -8927420529
6747 -6544460409
519 -6072234381
73207 -9717482153
93627 -3358490853
-14493 -9473234037
91299 -8065942221
-17205 -160563261
81967 -7155142853
-10709 -1649107361
-93513 -2777703093
-83365 -3833104385
-56997 -4049442033
65351 -8069937197
-98625 -2986196241
63771 -9496097301
-47865 -3407867373
74339 -9764511965
-24757 -5783598245
-89577 366452127
-24609 -795960249
7315 -1904376413
90711 -3586681101
-389 -9429114761
36087 -1233531489
-33089 -7357728389
-68005 -5974909817
33291 -5369567853
-70617 -5286431109
40983 -5338138029
-15765 -8618864913
22203 -1934768589
60483 -1299653877
78759 -8902080993
-4413 -7200469305
68155 -6564791189
77567 -9215883245
-67241 -4658316173
39575 -5647062701
18431 -8808065765
-3181 -630702137
13635 -737130237
97115 -4413645701
90227 -6670995593
207 -240372885
48187 -158668061
-87917 -5037660881
35987 -8792031473
-17277 -2272413069
20271 -8606423433
-41761 -8659240673
2043 -3652093257
18687 -5575297341
89859 -6458128137
98951 -6621940205
38903 -6539765753
44699 -8073910637
-7977 -8300646321
-89021 -6358062197
27207 -1460570649
-56257 -5049453749
-8393 -9607415369
79563 -8117411049
-74421 -5837353593
-50809 -8547437081
95139 -5049192801
-2861 -2815907801
-45201 -25675053
-75781 -7701693125
3423 -9434789529
-25605 -3215914521
3287 -2445975509
-7341 -5004392109
-71969 -7762581581
73891 -2310712877
36591 -2559412065
47747 -1834432985
-83529 -61622373
54247 -9257939501
-57789 -2504061873
-93093 -615887997
4539 -486296817
-74005 -9044419493
-45657 -6449803401
83443 -7174373993
-70385 -4668468605
-94965 -7457769909
947 -6989309561
33903 -9739878237
33627 -3789561909
36763 -7167599333
99447 -624442665
-77073 -5002396005
28599 -4753864773
14923 -252264569
69979 -5913671597
-52093 -2672292821
22639 -8173645289
84547 -1405099553
-79021 -1005012917
-10953 -326143461
-54049 -432090449
57875 -3811411709
-95929 -3056195957
-52749 -4630360413
-66085 -8292765269
90143 -3725886569
98727 -3034656201
16639 -7020737369
96795 -94449885
35255 -7961000213
31179 -8522648037
-96193 -6592535441
-61789 -2201487461
68239 -5910365885
51003 -8016269829
-76485 -5286611937
-90193 -3118716713
-93705 -5299810173
2971 -9681172877
59863 -4188953645
-33993 -7759660329
94763 -1353847793
39867 -4125820545
16111 -2031617057
-53457 -8026793565
81607 -7243808309
-33393 -411810129
12071 -2414066465
-56973 -2956755513
12567 -2829662097
7979 -2524080305
-43569 -6277159857
-41 -4454497997
-14445 -4884603309
38747 -1704738353
-85569 -924700425
28839 -8175132705
-13581 -1479593421
35279 -6629742773
21207 -672857517
9963 -3105614169
-94697 -1625759741
-25413 -9062651661
-22645 -7882557449
-51201 -9962110845
88291 -1288982201
93495 -290816649
56151 -1290991593
15611 -3925808273
-11565 -5658904113
35503 -9015446141
-36269 -4086377537
-19453 -3165036293
89647 -7337512505
93675 -9238311825
37987 -6464473145
47251 -8850841949
38323 -2947866125
93467 -2853419909
71247 -6044266617
-95657 -5008784225
33991 -9887689505
76083 -7621391577
-25961 -4328904137
28803 -3937024461
-51273 -7662028101
-83349 -4098711441
90631 -1180761233
-86313 -2048231241
-1729 -9052380149
-35301 -7433281785
39163 -7736022989
-37713 -109919829
-99885 -4278040953
-7209 -4662215121
58767 -9249482433
60807 -2188479321
92299 -6270246149
-81529 -4826625437
76899 -6028684101
59147 -2360852981
-69069 -3984412641
-52457 -82413833
-48973 -5764397957
11967 -9436986081
-29181 -5406457245
-12481 -7808277281
29463 -70563921
-43005 106458459
-71973 -2592865557
-64669 -3206942957
86451 -4251600885
73615 -5658927053
5927 -4269596609
-21909 -1018351401
22035 -6628131093
32971 -6723028025
-63489 -2451685869
-95065 -9350784857
-5109 -487315389
2767 -9854403929
-42009 -6043158093
47867 -9420998237
-4837 -893361377
-87133 -3270059441
87947 -922732349
-55485 -111677517
51151 -9709774349
-80729 -5200533077
-84357 -1377543609
31695 -989797569
-10753 -7245333137
-89117 -6005526737
-45201 -8254016637
30575 -861714221
-31209 -5681442309
12255 -1634997561
-40937 -1540879577
-77025 -9776402109
19515 -3892340961
78815 -4804339613
13655 -259117481
-36993 -6240671997
48111 -8701301601
-3889 -3980640281
63075 -3561833325
-59945 -9397557233
36475 -5857654913
-76845 -8315931129
49507 -8144340869
7635 -1449739077
64755 -9709630089
-75217 -5701792769
-5729 -4303467149
56915 -7884603665
-9153 -1509141069
-46001 -9564499709
72723 -3352104657
-10953 -8351310993
-88161 -2227537101
93383 -2690315753
22927 -6144579473
-32837 -7947971753
-69601 -5094144857
47591 -2312480705
-15705 -8210890557
57551 -994249853
36175 -2861265005
-69389 -4089889361
-19933 -3548283737
-29485 -4909569737
34707 -8152820025
-22929 -3634531941
-72261 -8033897817
30279 -9437850981
71535 -1423481397
53471 -9736618577
-3353 -5764866773
58423 -2337522173
-1153 -6371509877
7659 -7072918557
-14745 -4881384225
27419 -8911466981
-81349 -4402696397
-8793 -7130708157
93987 -9017848257
-29221 -3755489873
52715 -2753573621
19383 -4679455413
-42349 -380091437
88755 -7440870009
10323 -6690380565
10087 -9302203961
78515 -581618165
47535 -2370005985
48231 -7227583425
-46785 -1562127981
62679 -125726001
89515 -6470766221
-98725 -8522952569
36263 -2654553809
-63093 -326362005
-68133 -2351306649
-72505 -1153679945
29463 -8773233993
-45333 41467371
-97149 -2203105341
-73657 -9783250529
73135 -1238612729
-95373 -8498909061
-5913 -4896167865
-94281 -6203884197
-59149 -8229344093
23543 -7389671297
78219 -4089227169
72835 -4137565601
19099 -3177569081
-63545 -8797923917
82319 -912549773
77847 -576508833
-16529 -6716802869
5147 -9010709477
54679 -3467183261
89391 -8106418917
7491 -6403204641
-78713 -2712680501
-99745 -6616939253
89791 -5274707249
11023 -4962532853
-35005 -7073849729
-58765 -3523873745
-7369 -1805596733
20511 -4339539933
32163 -4538928633
5715 -9358091985
-80997 -3522812301
23287 -7431624041
95931 -67719765
-489 -7495563621
-34125 -8883407025
35719 -3064816529
-40633 -169781393
-75213 -7406127717
-20277 -6661803069
-80717 -6244194941
99423 -7586621361
-68993 -6489556841
-65429 -1632490373
-18453 -8716293141
-27901 -7983284201
-55185 -3115074909
73195 -6355522961
55047 -7986163221
-86181 -929631261
-82617 -3860289513
-7733 -8238265541
-2093 -5588785133
-58557 -9924501909
93747 -1473633885
-79361 -7543839845
39627 -8479686189
16703 -2853295577
96219 -6093723069
-37341 -4175107293
-22641 -6449248797
92607 -5100977997
84863 -3032323985
93587 -4039385705
59955 -4645032621
79719 -5139667077
-33257 -3708507773
78799 -8240891345
-76365 -481574901
-80453 -6825373301
17259 -3423734781
17091 -1900613445
-16777 -1321407293
-27277 -985816589
29347 -3294632321
-9889 -3582706925
80703 -3431017329
38427 -2788751925
89907 -5517729765
53751 -7717009593
-88809 -1223347845
-87305 -4159760957
-43457 -2420066249
-37029 -7949224521
11407 -5062437917
77175 -3518587485
-95805 -1506385761
-60925 -4706035337
11499 -8064302457
94523 -663492413
-39613 15420895
39011 -2783799353
-5697 -4454970441
26423 -130952573
-76745 -951959609
-56037 -6572176017
6055 -9229277969
-74481 -8465887509
72739 -6411722321
85615 -3030796457
-91173 -9982859481
67071 -1982403093
-7681 -1635309809
12443 -3495905633
50019 -5483057745
-60833 -3026902625
-87157 -8391968105
68727 -75251457
-26789 -6531444413
-84821 -2639143661
-43113 -1109922921
-3869 -5559307805
-44381 100010203
27347 -4714410977
30867 -1315754109
63207 -1546612689
-97965 -6266895201
-38261 -5527803581
-88949 -2988295397
-22597 -9025870289
-27529 -6079070585
-45137 -6764560829
95051 -5426291705
48483 -8370035565
-71001 -5061303429
-94461 -4581529461
88223 -2443190141
12711 -3454063305
88407 -7494631305
50883 -3870388929
75183 -5830213281
72807 -6539700705
19763 -5425368749
30631 -6914277413
927 -5351461221
-20829 -9541038573
32683 -2077001429
92091 -1451722041
-33397 -6649890449
70719 -2560499577
20787 -1122747081
4235 -1358527229
-66173 -2134635449
-87521 -4056445949
-98905 -7601089169
-27973 -1718787857
51975 -9316836645
-41973 -5697579105
-86585 -3400700129
64467 -2389682889
-37253 -4400316641
-92457 -1538245065
-53381 -6595671881
-62481 -1638130341
68355 -4374183225
92179 -6087856997
-72389 -3826308401
-88837 -6359923361
47603 -8023789469
37099 -4142846093
-97161 -8517083601
-62209 -1977883961
54363 -338190597
-55753 -5018475593
80043 -7331148681
22739 -1798020017
30663 -2453962353
48435 -6327221889
31611 -221709897
16707 -2404619085
94791 -4420219281
-40485 -5672435865
-67501 -2483136233
39063 -4460167689
8411 -9108092537
-30069 -2754348825
72087 -7481211873
-86877 -598771041
-29049 -3200717037
-74425 -211552517
68663 -4540279565
-99065 -9889207361
49167 -1609043589
98903 -6258854273
37639 -4154445905
66039 -8067967797
-61281 -9089463321
63239 -8370126281
-34737 -2563899585
22191 -2402191713
52143 -6093932901
26207 -177769025
7587 -4443963969
84831 -8552429649
92655 -899113569
-68453 -7688022593
27211 -1926520613
-49901 -3436307033
-841 -4652492345
13091 -2032209377
-22965 -9739458057
43687 -5457651701
65255 -628195481
-44865 -3384845433
-69241 -8557769009
-9569 -8709571793
-70905 -8064808929
-945 -1893502689
-23505 -2667041637
-72981 -3898931181
74635 -2402883641
12179 -4279766621
-80529 -948622101
-87637 -5956668857
72855 -849660813
49531 -1732178165
-63005 -2900448941
20967 -2377720497
16023 -1594038033
-54589 -1518506057
35451 -9618404481
20107 -7131290009
-37293 -2869391073
77463 -7962309369
58671 -962008941
-40993 -5653838477
92295 -9984836337
15579 -9179898669
49379 -9399462941
-59485 -7705071749
-57789 -4845285501
41355 -9567977145
-77881 -1485186461
-26341 -7120385753
-15625 -9087433361
70295 -2435973221
37819 -3150364505
-28837 -4194154949
43767 -7729019121
-30417 -3080464833
26067 -1141037361
93115 -6908949461
76619 -7185412073
82051 -8651348201
10523 -840117893
59771 -7472350661
-64709 -8217277169
-86221 365882935
64695 -8499258237
-75625 -5652369653
-41389 -8722427333
20915 -3452367977
73459 -8484425861
14555 -8671329461
23783 -1520383493
65295 -2468005473
-93753 -1246044069
59467 -1035883205
7275 -2456551929
49347 -81478581
-8997 -2115100293
-17561 -3489207005
-76337 -6529971857
41935 -8238887729
-48141 -6610398681
11367 -7578765993
49395 -8542918341
71659 -180960413
-73017 -2466601905
-98449 -3851843549
15363 -409123905
28835 -6929853269
-25013 -1257564293
78367 -2539249565
55039 -6298708001
-81693 -8661239061
-61165 -9427915265
-88097 -5772677237
-98325 -1879121601
-76597 -2688234113
86655 -7320551217
7459 -524253221
71287 -9962168525
97795 -4887933737
-70741 -7884712013
-13641 -1129431369
50631 -3782457933
93423 -4577477241
78027 -6966627777
20723 -2348517113
-97549 -7129456841
-41541 -9578549565
82771 -5730754637
-39817 -2690988785
-44385 -1567332165
-48741 -8393146281
14907 -7722223629
68083 -7008283829
10487 -8947647065
47275 -2524388525
-5129 -7100173973
-42745 -1284198761
-27913 -6061503689
42279 -5463630813
-29181 -6802267881
41287 -3851944901
-9457 -6200445245
-22181 -1209923729
-41061 -9526497213
-94705 445633735
-57525 -3918590025
-46337 -2284308293
-56797 -2760656117
-83109 -5266536381
80203 -1337741609
76987 -6987376793
-20185 -3311855357
64107 -7113044469
-25153 -6648487457
-55005 -9614974617
-87461 -3669803177
-93933 -7528530849
19803 -1783346409
65035 -6288179429
96187 -4239074993
46519 -5965064693
-3989 -5546152313
28391 -704772413
-78857 -4889316533
-30289 -1639097021
-52113 -5644456317
27331 -2934030665
-47905 -303810341
-82873 -2589879977
80367 -5984195637
60307 -9791449001
-81329 -7095225581
-23573 -1359403121
10111 -4332480749
-45909 -4374938313
-67997 -490863797
-24577 -8250520325
-87069 -4153006353
5915 -7754962169
-98857 -399684905
70683 -6093937245
17151 -4385329017
-80997 -2155581033
-2737 -7296045245
-97893 -2034347553
10591 -7032546845
74347 -6940438121
-25589 -1129096061
-99413 -9739871237
98199 -4246388913
-68997 217810539
-16981 -1904134493
-70041 -8127638661
-10817 -9346239941
85331 -8247714377
-54633 -8247799665
88879 -1206227213
36031 -5201887001
80463 -3652706949
-77901 -5133483093
71175 -7377675441
-48209 -2181696425
-20769 -4729599873
88503 -198375789
2171 -1591679885
28779 -6201393753
-98389 -5430409025
-5693 -2376307877
71783 -2099723957
74199 -5069456937
-38889 -8805716421
-62981 -2672795957
-69117 -2357233713
-79161 -4821920877
-55677 -351608937
-4245 -8121509793
-18117 -350725497
49959 -5274897201
-67613 -3743899937
-20017 -9440918333
21219 -5457060369
87251 -2384735165
-90585 -8150962125
44899 -6701298581
-42929 -5468459861
56463 -6806760525
-81157 -4390057529
70939 -451597721
1147 -550506101
-15201 -5352674181
63583 -5905838825
31551 -4317268233
96851 -28603253
-77561 -2359015601
-80873 -2533743293
41739 -1976804625
-58901 -271958741
90403 -5715799661
59555 -4337483069
-64657 -3246176681
-36825 -4277804745
-79309 -2428618193
-82077 -7261212477
13011 -781235241
3843 -6248565357
-84725 -5112132005
42563 -5664213149
48363 -7010945937
-40333 -7731172217
2427 -1336488477
2895 -9225530049
43227 -6148809153
-69853 -3748648925
67511 -4867114469
-33265 -5279156429
-26433 -342272709
38423 -2274444641
15415 -9862217849
62735 -6463356797
-53489 -5665171133
-67517 -6913679645
71947 -3394867433
-84665 -800484821
89167 -415463561
-78805 -9868499621
-54541 -6186596201
25191 -56091669
95983 -7972023581
92107 -1781360321
-66901 -4065428105
91107 -3324893973
-48985 -2495574173
-26293 -8797874597
-3677 -7024424585
-68217 -5540556357
-44945 -2739002549
-16981 -3293960405
44859 -4438911297
-5105 -834649661
-80121 -3106770297
-53429 -3307161965
-74913 -8332463025
-55989 -4062157341
-97453 -3641541017
64843 -9656361125
3915 -7755252057
6999 -7856990613
-96681 -6935091141
66619 -4197261425
38927 -4663257617
27607 -6640733285
-2313 -6922686477
-81309 -8081388273
-71377 -8690589641
-64901 -7386991613
8467 -8968143725
87247 -5470850657
-62233 -1997830733
-96125 -5410113965
28919 -3431832953
58087 -219166949
3635 -618871697
-76869 -5023465305
7471 -4581893885
55327 -116921129
-71325 -181546701
15175 -2191874261
-90645 -3700654581
22775 -663903989
82359 -2267320113
-88557 -3601025001
-42329 -4752372341
89391 -3488153373
-48717 -1984831281
21695 -6775175909
90739 -3674072909
-64529 -649050449
-94621 -6918726305
-37593 -6653817873
-82773 -8848757397
-72677 -7291550441
-26933 -8264666141
98931 -4193518989
92255 -2947122785
-26525 -3349164629
49051 -8976784505
-93273 -8154632793
23779 -9867800597
-83445 -830565069
-89017 -9234159905
7939 -7440426689
16411 -6090130205
-34065 -1416989433
-47281 -1496344301
51183 -8256090525
40183 -84253517
-68233 -3985096553
35839 -6680322041
-5113 -8952222365
-12381 -7341519885
20907 -4141709625
6931 -2567465093
-72617 -4290995201
-43573 -8310878297
-50425 -8879786021
-46665 -3511731777
-3101 -9137073605
-57969 -8363522757
11815 -1222398857
-91897 -7621939697
97047 -3339170037
90747 -7696912101
-2129 -8622777353
-96073 -1688940101
87603 -4259817837
-34809 -9789411105
-81477 -8188105749
-36429 -311054133
84551 -294023693
-77381 -4408094081
-95673 -8979005085
15323 -8129323925
14499 -5161673037
50871 -7212465537
71815 -7528660145
-72037 -6624007025
63219 -9671298549
46095 -4884937629
-77977 -7719441989
-10857 -2337295485
-96893 162014047
-21029 -8147494925
-60761 -5655889109
80079 -8782048401
-39249 -9050398233
-43817 -6369927269
-32025 -4776701517
-2629 -234863609
-1545 -2343576585
79663 -8515567661
-13477 -8074612997
71059 -6779959433
25023 -7702935129
-62349 -5123461953
48199 -1618688897
7171 -5792506181
-98537 202904983
78643 -565240925
-26109 -1446765717
51763 -6856740617
45879 -2454482913
73587 -9034372437
68887 -4653737957
71819 -436104953
73883 -4414117709
64083 -2692699929
97523 -4570230473
-81205 -8438043641
83947 -7723544693
82255 -2146760261
50007 -5240934573
-79405 -4646267861
95883 -6680237697
-23001 -9448850877
-55765 -8843455025
-88145 -3133446113
-90109 -1327172561
-20325 -414339693
15891 -4607852949
-94817 456999055
-78145 -7308322853
-75229 -1513361273
-12073 -1443613745
87195 -8633511669
44687 -4095084029
-80485 -2039531321
85019 -9891174221
35247 -8228057049
-53781 -2015568861
15959 -3996496433
43903 -6462017453
26955 -7229398221
-60601 -823086017
22619 -9726365021
-34261 -5603735777
24503 -49651901
28967 -6670486961
54823 -9645235817
32371 -8737028777
-26225 -1031830697
647 -2380645601
-54733 -8342188445
22623 -2713425285
11079 -7312176705
-44313 -3026381601
-85613 -6787436837
-55181 -9392540849
15179 -8065761101
-74925 -9520039269
27355 -8098686689
-71969 -6661437857
29183 -8909662553
47627 -7425050585
47947 -7345265921
-46293 -9674452401
907 -3647116073
-48721 -2249389493
-75517 -6537855017
-7393 -8279592005
89731 -8896998053
-63009 -3224554473
-9745 -5525063381
76427 -9909755621
-46729 -6167827013
33831 -7951552713
72015 -864911553
-47625 -9573769497
-40009 -3416755265
93307 -1350759113
-34613 -363970721
-82537 -2616472157
90951 -6196962177
39747 -2522006421
81339 -9760295109
-39129 -2440727361
-57609 -4164457521
-64217 -1211791733
87783 -7939256565
47343 -4656737025
-61525 -5906881061
-82577 -9349578233
83595 -5703932505
-66825 -8871338673
44503 -1111591829
-99557 -1320931829
-71609 -1102535693
-88917 -4373575701
97539 -6375501009
3947 -3145127885
17251 -1942701329
-58789 -1085381909
48015 -4569424353
7911 -53928081
-91805 -265769897
14083 -6822092189
-70245 -1968242889
40775 -9785549069
81219 -1275683049
66295 -2030883329
-8649 -5295298689
61467 -8416700061
-20609 -8761339649
-55737 -620941641
38563 -489514673
-33709 -5501287745
69027 -7925568297
80387 -894930821
80147 -8189668289
-18541 -2708830781
20375 -1509159977
-99205 -4945984709
64859 -4747082429
-46581 -791974437
-82301 -405433733
14271 -7583407629
-95701 -1485147413
27771 -4163307909
-24621 -5516788977
12587 -9604698365
-33049 -7455478985
94863 -53969685
9779 -6846347009
53679 -8382178725
-23029 -838719101
-65149 -9414482753
-76337 -7091740793
79815 -9504351537
43387 -1354885589
58055 -6242654645
-89081 -2914335497
55091 -3749507093
76487 -2600696981
75483 -4874638521
-47537 -9411616757
-82101 -6878727009
-53685 -3287337717
40939 -8934053069
56035 -881726573
-68717 -3360665609
79399 -966998873
50527 -8943560165
-5541 -9237189573
-22585 -7382751101
99435 -4857254001
3455 -4340697773
95759 -3105703625
-66849 -81958197
-57045 -5140242141
-39061 -748489985
91563 -8179959309
-54501 -8589975741
791 -5566524245
-55885 -1329898985
52163 -9585936845
81971 -7957690937
48295 -9222646097
-70889 -2550323885
10855 -143158217
89435 -2894751605
72567 -1972264533
-29633 -573389609
89775 -2234621721
92291 -989876249
55527 -7227602541
-85949 -9906980333
-28081 -4182444401
56087 -1527967769
59727 -8568015585
-39193 -1766901353
88411 -5237372285
72367 -3560305481
-93941 -1596422021
27443 -6242868029
25107 -6778733493
3359 -5782240337
-64185 -6657067689
-47565 -2506405557
25111 -8986304081
20895 -623136093
47631 -1052946189
75815 -3491733605
65987 -7785728585
-99637 -3131727161
23843 -7962380969
-1209 -4613425125
63167 -1723251041
76455 -3060094413
32891 -494129045
57767 -5475385349
-92289 -973602057
54031 -5583459425
53399 -4126585073
-26665 -3844261109
-15337 -8507229953
85383 -4116340353
62315 -9462261617
-59913 -61397409
61359 -5548656549
-98229 -8844237225
21611 -8499149921
70519 -4647485957
75875 -971764721
19463 -5950060325
-19445 -3308305157
81059 -8009249717
93455 -3035863853
-197 -8651646113
60415 -6466359041
94679 -1355343821
98195 -703153385
-78001 -7657508489
20715 -1569875313
-1301 -836785889
91623 -5903853105
-57261 -6370349181
-48309 -7008355317
50679 -7575872877
3687 -9431110017
97591 -6374359133
-23841 -1263989313
13195 -3306050861
28091 -8413186529
-76869 -1131910689
9423 -5455568013
81207 -5132652441
-88745 -5325476801
-72329 -7393255829
-76329 -9442929837
97327 -4698161609
40251 -8350511805
-40765 -5042949581
-42593 -8912103569
-69573 -4068406257
59295 -6018078873
72387 -9914035785
-85565 -4715858141
-43457 -9840255353
27915 -876914709
42771 -1249163565
85863 -6710313177
-55625 -1123708865
-72665 -5636673821
-83557 -2975450801
82491 -627283449
-46313 -2476530857
91367 -6816876857
74039 -3299999249
19055 -5942258957
8839 -7964138945
64199 -9340369445
-95525 -9329065697
49751 -9424984433
28191 -9426299469
-82081 253624519
-21889 -9944629541
-94725 -2200642077
-8181 -6651188073
37555 -9916159913
-10261 -5949696929
89747 -9201201953
-10593 -9832993485
-49861 -1720639121
23187 -3372227061
-77493 -1373902977
-28265 -3912712541
-35997 -778631349
31223 -3859972121
85307 -401866073
-32917 -8424172433
-64477 -3071273021
84327 -8132571273
-309 -5567936121
68219 -873360977
-9885 -4184498769
-64349 -2953265897
-85373 -512581289
-37081 -9493564397
-71901 -5339607753
74687 -9704865149
79727 -1629369713
74851 -1664437529
-18249 -5635725393
45759 -2453266773
-76157 81583699
22683 -4795568913
-3193 -6733953869
-89033 -9145573073
72211 -2455840841
-43289 -3501900797
9771 -5405775141
57675 -6177810705
-44217 -7807825941
-46125 -8214379665
86871 -840831021
24451 -9219027185
-59357 -5986737137
-42321 -8429855133
-55889 -2394144641
54723 -693569025
-52677 -8680379301
-62145 -9590602413
-36901 -5381466713
-82377 43235763
2899 -7116706337
-41253 -6793029357
59111 -8452760885
-40053 -2533874793
56907 -1039752261
59067 -2351436297
28351 -3199010837
-26965 -7378100909
41827 -1023679889
-71889 -8639794173
-98073 -8206610673
-86125 -1058329421
-88493 -3290226989
-53517 -7463703045
-63445 -3580863101
78403 -9590477381
-18609 -6952972173
21103 -766255241
-31413 -3524346453
-35177 -9299195909
-93173 -753760637
46687 -6434166365
34303 -4130408141
-24125 -7625229929
64439 -2174291825
26179 -1984307321
93799 -827470217
-50269 -2900875661
-1205 -2507603045
-17573 -1120374797
-22149 -5076802497
57959 -440060945
84755 -1548495677
27159 -2570525733
47443 -5894629613
-58245 -5509267089
-65653 -9838168445
-85049 -6146472953
44731 -9701987153
32391 -8521145997
-33437 -4869171533
17003 -7343175641
87771 -2255304465
-98245 -653866349
25243 -5868802757
22143 -6621748605
-25125 -8822775693
-40597 -2531949089
-28125 -7754369409
46715 -7630511177
-60953 -8807817689
48515 -8434000745
60243 -5042825157
56391 -9986767989
95427 -4173198633
-13261 -4559269457
13551 -3773896833
48247 -4845754817
-71473 -2481527549
56775 -8402719077
-97761 -395392677
82323 -5496386049
-70581 -8843104533
-35133 -8740898325
-4537 -6840485513
-29633 -1339040249
-66677 -2822179577
68283 -3801317097
-38813 -7745875433
-92985 -1656869241
82815 -6478813641
-57917 -349844537
87559 -1683444413
-82401 -9639029325
-82185 -8939698365
-3045 -5522904849
-37289 -7333053605
-22165 -8770206269
84663 -4931691717
-39625 -3754140737
-89565 -3806412585
-76025 -2969832149
54259 -4359884177
52239 -7984000281
-41409 -1979975853
2563 -5449058525
18867 -6208185165
44375 -2303359649
-49853 -6658993781
91795 -7582966973
10455 -3806360409
18395 -8778494537
7055 -6262499705
31263 -3206830281
-80061 -2709111021
30379 -2895039629
44167 -7794893561
35415 -252749901
-97173 -4366451625
-60177 -7274955237
59923 -9529231745
99071 -1614851141
38867 -3936528521
-93513 -4646601225
-80177 -7358604809
-65289 -1088778957
-6821 -3985643561
-87305 -6682976513
43131 -2427467085
-86577 -233399217
94031 -9422330801
58631 -750914669
-53193 -6190673169
-58153 -3787169897
52191 -7280868297
-34357 -8038478801
62399 -5495934893
18983 -3454460825
-19041 -3926341533
-4861 -1221186869
80591 -6416458217
68003 -9485556245
23391 -2414309181
24351 -537918093
-93305 -6333407837
52423 -7156193885
7935 -382147845
-25109 -1142319029
13623 -5794626873
27439 -3749588873
-29305 -3182805701
28055 -3069971705
95551 -5735893013
75503 -7786542893
80947 -8786912693
-93405 -7582550553
82559 -3943258121
-59337 -4261491465
33543 -8493051969
-95097 -207711453
52955 -5285376269
-76217 138829447
-17245 -3215733101
63715 -2044652381
5131 -5638570565
-10521 -6869347185
-19797 -6241461981
54715 -7573048709
27499 -3527057489
51263 -8102068217
51375 -4355758533
28987 -4005959957
-51629 -1898247821
47499 -2187246225
53819 -3777100721
-29865 -8085953265
-44241 -8502215085
69839 -5200294901
82359 -1642511937
-75437 -9456240569
88959 -898322325
99343 -9617951165
84807 -1515547833
56363 -329909861
-59745 -6797020761
-15897 -8157737517
31467 -1247426805
82035 -8742945201
-49461 -3798839349
58191 -2374814997
26523 -1378769829
47271 -8279118729
-16229 -3782727377
90423 -2998691385
-29749 -1566049961
-68921 -1239229157
38187 -8189721009
-70645 184623823
-25733 -7161895961
47155 -8067024149
28419 -6777385185
-97693 -8243232845
54495 -6281911989
-28997 -9111416609
-7237 -2456294741
61435 -1787318309
61215 -1994837889
-2753 -766358201
-26421 -8772063477
-43137 -5720423649
51003 -1210334265
-38089 -4563728393
-33277 -5931178829
-14901 -3521960361
-17169 -6007332765
4299 -2494137969
-90837 -8198428341
42359 -1290071069
49499 -2078950517
39199 -6287306381
-42221 -9392630033
-58521 -4361664225
35571 -5875935609
-70713 -5582213793
-59945 -6296537033
-74829 -4107084645
-58577 -656060633
-33993 -8432429877
-12033 -6941042025
37739 -8973384833
-71685 -952050093
47063 -3632265857
25111 -11307893
1483 -3983855897
-95177 -83827025
-32513 -5914297337
-50357 -6690841913
-83121 -6736303557
92803 -300573905
-61413 -7839816141
-94189 -7593533261
-75009 -502225809
-1637 -3599557385
-99937 -5717975597
74035 -3943095185
44787 -6788015793
43323 -5494836801
64703 -6311596241
29335 -9747397733
23219 -7862133761
16567 -8861668121
32379 -268431237
53635 -9786049565
98235 -8244205629
27827 -9112209929
-56909 -5389784081
-73941 -5133336441
23967 -8941830225
90115 -6655598525
-82765 -2227573985
28435 -7176514589
81263 -1532584841
-50833 -9961731113
70911 -8442402153
83451 -3504505977
78195 -6659364381
-85121 -1551595277
50559 -472889073
50559 -7047042501
23579 -9495289997
-79257 -3252615825
23 -4964189633
-74845 -1036253897
36843 -5792559825
-73689 -2832595797
64607 -9295969301
-60345 -6538558953
82191 -4167961761
84811 -9315643949
42415 -4248592433
-28125 -5215906593
-36737 -8483788829
33179 -6749947421
1303 -1445381669
-60029 -4396886129
-25581 -8202371937
18095 -211174001
34499 -8906602433
74463 -4722574305
-49381 -961911869
41903 -5448380585
83307 -4950819321
41491 -14808593
51055 -1442093561
-25893 -892912725
-7433 -6904400105
-86005 -1912647365
32799 -9028645245
-4853 -7400150345
9551 -8110356653
93119 -8405215661
53331 -1668304641
3595 -5693571197
32439 -6621256725
-44281 -1295628233
91243 -9957080021
-18253 -5535612269
5403 -9595968441
-79221 359394459
82851 -6296291097
-44901 19503099
-89233 -6619628381
-45785 -8241001505
-96853 -7184345105
-28941 -6098236965
-86097 -4945006197
61843 -8932841153
3619 -5177982605
-91917 -9371590521
71291 -9260472065
-86393 -1046871605
59839 -2956205549
-83297 -1253197925
-61469 -885889373
-50473 -3869547557
-10633 -8869075481
90783 -4915084677
-86161 -807840377
64167 -1688261397
91443 -378630813
92055 -8383073409
-27873 -8786289177
62391 -3392010645
40531 -1131689897
29747 -1560547913
-39873 -4813797105
-68893 -1193336681
-59141 -8173087181
-11205 -6799668141
-54249 -3952391205
-83593 280658407
32987 -8754326345
-79773 -8602686417
53295 -7313486937
-67425 -6722345673
-73857 -2875739721
-75957 -4869815157
6459 -5308667853
61207 -6315344021
37987 -7213845185
-38449 -6545333537
40095 -7855109025
-3753 -6132895341
-2977 -2801289665
16335 -936606369
64847 -2490373361
77667 -1713400521
23963 -2025509429
-94585 -8516033009
-91421 -9470260649
68539 -4785757889
-54233 -2225190449
83011 -8285061005
-43585 -9623901701
16167 -3327515349
-66417 -3268887441
-45981 -5932975089
82299 -2409575085
53499 -1332788541
85939 -1728795809
-79293 -8754928281
-74317 -2781170669
-25089 -2142208497
76271 -3936104585
15531 -7652910549
-93273 -6012626157
41259 -7042036869
10919 -8996423501
73419 -5796946833
-32721 -6853175937
49539 -9327649449
-33097 -7972115933
2391 -6562231281
-69593 -5625243125
39835 -5358448325
14267 -6145559357
-47709 -4377240969
-99057 -7363393653
-69025 -8208828917
-5361 -4902689325
92695 -8500256441
27735 -7987784793
-85861 -1191189905
-7161 -8316389049
90027 -6495112077
27975 -5682489789
-15741 -9199121133
89111 -4240200029
41551 -5869563221
51735 -7427837637
13691 -1644684701
19935 -1078260453
-37853 -3082405529
7511 -4435551857
-78893 -4949452541
-44813 -3496613417
53591 -3819914993
-38361 -6464565597
-64849 -2327106905
58067 -6316995353
-70273 -7453554641
49303 -3179287181
52007 -3653199749
17679 -3998562669
-62433 -9029963037
34219 -1287277709
-93061 -3307284689
50983 -2238890753
-17641 -7632425789
86363 -6686327789
-56861 -6643656617
5571 -6071755917
10047 -9554115033
61639 -8378673401
-56913 -4124785425
-37161 -6053831541
33983 -6187032881
-96545 -6529349969
-98153 -6870964289
75415 -5152917425
-91633 -7116368321
67127 -6458422265
48099 -4439501925
-55649 -6252017453
-44433 -7399040889
-64853 -1204494509
-28469 -2727918965
56911 -3453975233
14071 -5480740553
60767 -5555284961
20947 -7799127749
97575 -833991873
-60469 -3412212509
-6229 -5601077393
-50613 -9966515661
-77437 -9275067473
-21061 -5771669657
70243 -8113968173
-12493 -9927246029
28983 -2698014273
81727 -4900594889
-42581 -7934285141
1107 -2405255325
7287 -6384419805
59591 -9766477805
-82789 -2535286817
20923 -3617669441
91615 -8103513353
3359 -6548215457
36991 -50297141
-97161 -3007570365
-42381 -8166688521
96915 -3446955213
-46281 -1774798245
-39069 -7556656701
72875 -3937029881
79811 -1603736393
66855 -5520568077
2067 -2134445265
46115 -2325915845
87715 -4810197017
-38833 -7027074257
-8617 -6382234397
23219 -7988570801
-56989 -3284217737
58735 -3794187065
-87453 -8207670009
18031 -2087188241
49887 -770409789
-38417 -8548658393
-22909 -5414198465
-87089 -685841993
38171 -2455871549
28599 -2588155965
52307 -7193861969
12675 -3206726277
47427 -5297849025
-33333 -7373473641
-64605 -3961996965
21483 -2437608417
-42193 -2369533361
80235 -3392908965
5143 -7052699597
-8021 -1408930037
-53965 -7882513397
23947 -8339266289
20351 -2864962121
28703 -3231431453
96087 -1665793329
-75437 -6544803449
-37145 -8661485909
9091 -3326722553
5439 -5324230137
10683 -5936944533
-96273 -411199821
86307 -4770013953
-78641 -466438721
13035 -5983116153
-73389 -2640218613
55707 -1518373317
-59069 -8574230909
-76053 -837569781
91283 -6588978977
20055 -2694617757
-37293 -8601110601
-82553 -7270989413
53887 -3539338205
19459 -4394748173
29343 -8637780261
80555 -2752967969
-62669 -3055017701
-42893 -1520153849
-84037 -8549435573
-7921 -7102475357
-98229 -5970194517
90067 -1114836953
10647 -141121269
68967 -3130670757
52243 -8143780745
99183 -3205396113
90359 -5714740961
70143 -2115442029
37163 -2193019097
-25561 -5267908205
19975 -4982611001
74107 -1254480437
-78253 -7384608209
72011 -6347502425
64943 -9122604161
-6425 -6052150469
-90633 -952783293
42203 -2412074633
81055 -2376056297
11407 -2492668529
-38373 -5858854065
-76417 -805620701
-50325 -6250073049
43035 -3170144289
-29581 -3220380101
61455 -258104721
-68917 -1011546953
69791 -1205546393
-29661 -6162366237
90559 -5627685917
7959 -7250295717
-50941 -739953437
-77433 -8757712209
91955 -4075300289
-11329 -5580578813
-82517 -9580805441
52519 -5689496609
-94201 -6561108857
81523 -3183171437
-11925 -7782733269
91939 -7287726749
-85785 -41747493
24263 -663853253
18099 -1334845413
-25973 -2584946981
51567 -7483469109
-71937 -9157664757
91931 -6230041397
49655 -8759478101
3139 -2520363437
64299 -9239444469
76127 -9406255673
-61101 -3775847913
35051 -9633022913
-54397 -9612330857
-1905 -5894313813
55031 -6777375893
-31129 -8570413217
38391 -178207269
50255 -9805219961
3735 -8157885453
39011 -1449344549
42475 -8133788249
-9429 -3613469181
4707 -4648102833
56215 -7090295765
-47997 -6096295329
43371 -5333626041
31579 -5342267297
97683 -8077561809
40395 -5685930489
-76409 -9813918065
24443 -3462528461
-21741 -7004948901
-25565 -6374177573
25743 -7568193309
47895 -5806345893
815 -6370685693
-41925 -7217686677
80979 -492839241
-16497 -5285790969
-11389 -7324006709
7047 -7919346225
-68697 -7233044997
-76725 -3099413961
64619 -8653311881
-27033 -4713508545
15999 -8169679545
95979 -5803884657
48499 -7957316981
-55017 -7398202329
-50065 -6213243989
-31845 -7807888821
-58617 -4353567945
3371 -6442454429
75851 -6834019553
-94805 -1068464525
5347 -6835977077
85483 -2201078549
-45845 -2673973217
89607 -8614531329
-24741 -3851155701
-86533 -4059597377
-19549 -8762134505
-2633 -2586428477
25451 -1793438837
-4541 -5354143025
-69881 -2061036233
70691 -1886890421
-81117 -3190599501
15371 -5630453789
71223 -9030184857
59907 -8282508489
-34789 -6265761905
73131 -7515849921
-53625 -7550221017
-98909 -9578124293
-36189 -2586297693
97095 -4979005665
51047 -9206257325
39807 -3674337717
-78777 -9026921601
72659 -1716943577
19555 -8602851845
-98625 -3053677989
-32101 -500803097
52347 -4732014501
-59737 -5104527365
-1877 -5284346561
-11445 -5397130581
64175 -2979322373
73427 -6632472761
67555 -5647156061
72567 -9045607737
-62789 -9406543517
3015 -9557678301
1899 -9148488297
18047 -6691133657
-58917 -6586668921
65311 -5399228681
5151 -4852632141
3003 -1783542441
98647 -5994566153
81283 -1967951777
70683 -7005971193
8339 -5913790217
67139 -7461593297
99539 -2900550437
-93421 -2297337029
-54141 -8086192233
39043 -7116219473
39707 -2034075329
72939 -1379911461
-55337 -9410583533
-51993 -5840969169
7831 -4030541573
-49205 -9483652817
-41825 -4321098017
-91017 -7290758445
-33409 -9924055433
65167 -8478836081
60887 -8224681709
31403 -2291447405
-52437 146818227
-85437 173799939
-58425 -2295610449
-51801 -2911811577
19615 -7057326617
84651 -8032937565
-53653 -9192476573
88295 -8187041909
-71901 -4298316969
-49917 -5128669701
40711 -4084641113
17475 -9587157885
-28069 -2672147981
-20401 -2120036033
67731 -9297379677
88251 -5025194409
-11337 -2843165781
-28677 -1390819341
1639 -3559405613
-77961 -5147628561
-92301 -5391978765
-51305 -4790028473
-38433 -784545945
66503 -2885962073
-50697 -2936230497
-61249 -4522247981
-84077 -177068453
88267 -4051369601
30171 -8964213537
17955 -7654125189
43095 -4611026385
-12693 -7499423229
-509 -9103707905
-34153 -9638403257
75083 -4778481629
-16425 -4737130281
25423 -7014084173
-27145 -236200697
15343 -8782486433
62283 -3488591757
96087 -8541113565
-23841 -7196536221
-48541 -521897969
60487 -2101338821
39003 -7272285177
23883 -866000133
97407 -8847368445
-39609 -3030423681
1091 -9282864701
26487 -6256037289
-87493 -826285877
-92437 -2995824809
-87141 -5059619565
-82689 -6386374953
-8089 -6810054149
24043 -9144953033
271 -3273825245
-50125 -174546269
69107 -4087282853
-93789 -196261533
-71097 -5614062957
-21701 -7073901245
99735 -2873704689
95859 -5452091577
-88245 -7648738305
12891 -2661170865
27259 -1423856225
66915 -5276660001
54419 -2231399837
73899 -6674310153
86715 -9521884977
58651 -3215949029
32823 -9552475869
-29373 -167781957
16843 -1191768677
69895 -2820303833
39175 -6558035777
-641 -6587455265
7511 -4754806397
68655 -7035545589
72555 -5831072973
20139 -1533000705
-67549 -9388506653
6347 -5785042757
19779 -9259530921
-66321 -5679997317
82211 -1703893913
98463 -1163949345
-94417 -2751713165
-31461 -4096572657
-98773 -3718395065
-42197 -6611955209
-9865 -7138751549
-23937 -3324911457
-72065 -5511387221
43827 -9266377281
51799 -3481967705
-48765 -2577277965
66139 -6830945741
7287 -3539888385
51215 -4015884725
25431 -2492496153
-88457 -2712764213
68539 -363494033
-69937 -4154502881
-88513 -738361265
-15533 -2636676869
78867 -1878795129
-36525 -5520121713
-57553 -3626908697
35055 -1004933253
-12913 -1709447321
-2881 -8944950497
13923 -1586134197
-41133 -2755602345
-88393 -4581138197
21315 -4967503521
10859 -2034602549
-37521 -2021678709
-65577 37367847
61499 -8251255517
47575 -9509342501
-40609 -704753549
-94773 -8267877693
-12501 -4086153
-66053 -4431243197
22675 -9948276797
-41161 -2353200545
44139 -8821202985
-79437 -5884868853
-16485 -1319798001
19431 -17029953
-10453 -5942553857
-41505 -3947248029
65403 -5421752361
57435 -8259786861
70271 -5224087709
-62089 -4968640181
-21785 -3349404557
-41293 -7474975889
-20069 -3443150441
38951 -2016675365
-81441 -5570661309
-61209 -643227021
87771 -2698453773
84087 -2565676425
-98809 -369799193
66555 -5658854157
-37077 -4937028225
-28761 -6599889849
15639 -7348467033
98735 -8874530021
-3901 -838947341
9423 -1396416933
-55233 -5076367761
99147 -9483732657
-71761 -5106809249
57739 -9519723689
-68973 -2623789305
5279 -5021716277
-49581 -816370785
20439 -4514278785
-20609 -4886471153
-83193 -1868301741
42907 -7423871525
-90897 -6685754865
15171 -1934549985
83343 -434861613
-5913 -3411640881
-48181 -3937545605
-44601 -2005016229
-36613 -813243353
-79365 -902891793
-33665 -4167422897
-82629 -7174840773
-92961 -4941936141
-91621 -7498281425
33083 -186520721
68943 -9833012217
20587 -2806963241
66627 -3643456665
-89937 -91484829
78247 -3578759417
-78113 -4755197297
-77537 -3224595593
93271 -6194117345
76095 -9871566981
-31857 -4614281121
-24129 -6891482325
28451 -1592119793
16867 -5262654317
-11693 -5355543521
91947 -9467591877
88971 -1788446961
57483 -3494214813
-6405 -2020920969
41919 -6319046745
-39325 -4381469189
-11721 -6272229057
-46237 -472717541
-74865 -9304314357
-25817 -819014705
-29857 -1617005909
-90905 -1190610233
-69901 -168314429
-95365 -9907637885
-52841 -2177976629
-92937 -8538408129
-82169 -7265103941
42995 -631691501
-95133 -4482243489
38007 -7836643125
-63325 -186216737
5175 -4548087345
46519 -9028990433
-3305 -776240765
-56961 -4303849545
35535 -6712629669
-25177 -2949948593
8947 -8596410977
-19329 -7202716857
-65621 -9451491545
99927 -355564881
-78721 -3268999433
-4885 -6483218465
96123 -3842565585
96143 -4383551069
28627 -2067111989
-18117 -5520039693
90107 -400937417
7891 -9504563825
-35049 -2350091793
-9917 -7311090533
61671 -9427506117
-43125 -1451411685
10703 -9586224797
81887 -1430564861
61039 -2366409425
17359 -7344866369
-23857 -5638825793
-44905 -9026048909
79431 -2135723265
7247 -7894373081
72623 -608809745
-89949 -9971974437
-47489 -987025037
-31497 -5223357729
-87665 -2740190057
67387 -1475313737
79479 -3006740589
82035 -7315801209
-57637 -8742136289
80007 -3242208225
-75025 132925063
57751 -5519004389
14007 -4970480013
73303 -9923525081
-26485 -842667233
-56649 -8985444981
60371 -784101761
96071 -4531051925
-31749 -738588249
-67785 -5312121189
-34073 -9437220605
48979 -6622660685
-80773 -9566251133
-90377 -1777525385
34271 -270196637
25707 -1872103245
80959 -3944628449
-38929 -6478138673
-44837 -226843193
53599 -941744033
-16153 -9387299489
15483 -5144528469
58995 -7185614385
76067 -4605196793
-121 -4231864433
3127 -1258082753
31267 -1924092137
-54413 -1120838249
14871 -5923806945
64407 -6871721337
-11057 -131493605
95955 -22219893
80159 -5757911549
13903 -1151982737
-59961 -9501498645
96179 -2889169577
74675 -3793139465
-85849 -5069388233
-93013 -7978123901
5967 -1790113305
29059 -3038712677
40239 -8082546897
-5253 -4553137353
-82153 -8541568553
-70217 -1044228785
-29501 -5187059129
-76965 -4088016045
21939 -3538557993
46475 -5116357661
-31089 -9751512189
-60865 -2713137305
-66901 -8728894061
-40781 -1694971973
-12329 -9656368985
25947 -103983057
-94541 -6562347989
87691 -9873560381
-94209 -217375821
-32673 -3243713649
5847 -2074203069
-9797 -806657333
14851 -2398188269
11495 -6139804565
-97373 -4590825833
-61889 -774294629
-92641 -1388647037
-83941 -8299414373
83539 -4390889321
32311 -9800028833
90423 -8851048533
-82017 -980199873
37983 -3638578869
-48221 -5621812841
21311 -7028937869
83503 -3234257561
-15889 -8109177401
-11201 -7960190225
82511 -9662031053
-15285 -1736686569
-94297 -8530649333
-67725 -5806890477
-1989 -3074893053
-20929 -4362955337
6123 -2932307529
-35921 -6645817865
82319 -3299533301
56107 -8248538201
-81045 -3375451425
65407 -8961369017
71647 -9223166753
-85877 -1190688305
-46449 -9956916213
-71269 -5896409477
-81553 -3441391037
-9485 -5284430429
88519 -2157112529
41851 -2028045089
59807 -38348813
-71069 -8023155713
-53673 -2043061425
52223 -9493164737
61247 -9923932913
17511 -5044100133
-78077 -255582677
-15729 -5739947625
-98025 -8567585997
-36869 -3382425293
27519 -1359093717
37839 -2900730369
-51841 -4503777461
83035 -9870490325
58015 -7319109461
-18909 -3549255849
16727 -3571805
-51413 -9003939053
42183 -1944407553
-65145 -7529745525
-65597 -6005925989
38663 -634773929
9439 -7452725897
-12897 -3232941681
28683 -489571713
96751 -7597171589
60503 -7878879029
-72625 -2437379633
37799 -3533106065
-47893 -6127486217
-94605 -1279169853
-57201 -5913350673
59867 -1746736721
97923 -3038587245
46431 -6141529089
24971 -3051375977
-73369 -6110250953
32423 -8779032641
16475 -6893846441
33075 -7363952997
2275 -6643124417
-77397 -6278233413
33675 -2878986297
72775 -2248101221
51507 -2334034149
-18265 -7647614693
1911 -5120342625
-69909 -801888309
-61725 -7759141509
80775 -8926495029
57539 -1795313585
-97905 -52639389
-90873 -4769887581
-80145 -6968916909
-17589 -6671954601
27879 -2220241317
-70969 -8271758189
71943 -2343901713
-45565 -4947922181
25295 -2059209845
-11169 -9246971193
78503 -3717145133
95543 -413470853
18067 -7786049729
-89873 -4839684329
23463 -2589329589
24127 -789555365
77071 -9931238717
-94437 -9387849021
-36633 -1202070537
76251 -1757076729
14495 -6695188469
-26621 -7181958341
-11613 -7731362193
-17329 -3732196781
-35889 -1058167137
54479 -5688762797
-50089 -6953200541
74207 -7928199041
26183 -5162030021
45603 -5419074585
-5329 -2352326777
61055 -7870378793
-71709 -1240371057
15435 -8481266577
-76977 -933312909
-32845 -9649466273
-40941 -2054526381
94999 -7194520337
-27941 -6486582677
48367 -8055820481
-38613 -3369857793
-5233 -1819211273
19607 -3508596449
18663 -5131975233
-15029 -2225308469
74395 -886037729
41875 -9210378365
-40357 -3637984193
-65441 -8553171665
-92817 -9196474185
81587 -1324063253
-28725 -9269929485
-68753 -7437672197
-36497 -3410352917
6999 -9269816133
-21365 -928841801
-88245 -9271049877
66827 -8414665205
65211 -1979571609
69483 -3708745365
31927 -1849887257
-70101 256181799
20787 -9134999013
-1581 -1818807609
-14793 -579791865
70287 -752696697
-40713 -7309379997
61295 -4466001509
-77033 -2877038081
19431 -6244703997
-99313 -7283205185
-42261 -769398273
61647 -8922230673
51207 -6024748365
62103 -6443358189
71971 -9452441261
-65901 -7184598801
-56293 -4892596349
-6061 -7213674869
-8649 -4077234837
-54653 -7922804741
-25677 -6351419469
-38805 -231253761
-21005 -9919919093
-2409 -3331721853
-7833 -2154617913
97219 -1450300685
71295 -131767665
44443 -3355353677
-25145 -8425130429
-73509 -1704668553
5311 -6796346717
96895 -874387109
-68953 -6868102409
1635 -9141226857
12131 -8906225189
-54117 -3857692953
-92505 -4486344501
49591 -2685679841
-57001 -9107319629
74123 -6052298453
8507 -6243191825
-64557 -8221751433
-38293 -6143824937
-78297 -2608067373
-59241 -4808619021
35971 -9127562969
-82961 -2016391025
71275 -8738630681
-67265 -8384562221
53367 -4645185141
95823 -8195084865
-44981 -2029507313
78203 -5978526077
-49569 -6340217325
-16973 -4783777085
10535 -9723228437
-75041 -4105181909
12687 -2926238349
65411 -7626372233
33195 -6877928661
-93157 -8303677637
-8125 -9723231965
-61229 -1396860221
-53093 -876184013
48435 -8213891529
91319 -3536878133
-86209 -5893438493
-62017 -1686854081
-67597 -9121801097
-91913 -3030045125
-22829 -4924999985
-22881 -9755038161
52315 -3201063065
29943 -60479865
-20201 -4876174373
48751 -4448937089
99879 -9667542357
48175 -7278648029
-48225 -669061497
-49733 -7713803345
26559 -2730504153
92507 -8536438889
41223 -9038753241
-99449 -1263918821
-55061 -55898933
-30573 -2594875437
44631 -9115037229
-24393 -2110300845
15791 -6188471945
-46357 -2769498653
57835 -8822293349
38471 -2765077373
10475 -6744451913
-71833 -4303348361
52743 -2936040105
-65101 78555259
-48813 -6097161213
1327 -3209339777
20515 -9013716809
87019 -6813554597
-30761 -7337447141
-91537 -820122977
1847 -157399085
45555 -6000676953
6075 -5394525693
86623 -2449328285
32075 -3389260433
86671 -8051811545
-38573 -2323585613
43791 -708265053
90139 -7173474053
63063 -5105264757
82379 -4435474253
-59389 -9708495761
6359 -5540111525
23723 -4839802673
-28281 -3919742553
-46561 -6251242601
-22389 -5720109969
77203 -3845598797
6047 -4121555489
98107 -2398011713
-23161 -1091228129
33991 -7747149089
-90113 -2925901661
-62037 -7086005421
-48133 -5043561533
67499 -5086078601
9371 -9797176877
-93213 -4815052401
91507 -5622803909
73943 -5293486205
45307 -7241938121
-12137 -3323539241
40047 -2271528561
-57365 -6070734761
62907 -9118511865
-38961 -9724989981
62895 -3000725745
97827 -1662081777
-91509 -6812926809
13663 -1587220637
97935 -1197009021
79255 -5533239029
-98529 -1655470149
-26037 -4151350269
10391 -5320224821
-50821 -8072607461
-27477 -6501735393
87735 -236356473
-1389 -1365105489
-7185 -7495809789
97499 -3318834737
8779 -3463776365
81335 -6746598785
83775 -1541185521
14211 -8097082821
-78049 -7324638245
-97757 -1269850637
-55425 -4612414797
-85581 -7437612321
25139 -3532535093
34263 -6083802273
46123 -1287744965
42171 -4793293545
83355 -6642198885
-72649 -861348929
-3069 -7154145981
55063 -849999281
87567 -9045252093
2559 -7114233033
-62801 -7682514905
27327 -672481665
-6913 -4451423309
51447 -9871102569
-27921 -8789828469
27299 -8390071505
71335 -738646385
-89953 -7251115757
-33945 -1973240469
-80669 294743779
81571 -5576826869
14755 -4578009629
-25729 -1098781769
50147 -3257370521
1531 -8532327701
-83245 -3035520773
-21237 -1288009281
97775 -6699505001
-39657 -6961298397
-87333 -9354838197
13471 -1351227521
-21781 -3653734145
-72085 -5182553213
-72445 -6144530957
-33989 -8106994889
-78613 -1051389113
-99757 -323017289
67495 -1604321573
82291 -3401859401
38647 -3515513945
19395 -9607125453
68619 -775436841
17279 -3590080313
19679 -7733581505
-94229 -8000701493
-35249 -5557318421
13179 -8417214945
84055 -3344991809
831 -3620370921
-88745 -7658093885
57435 -7762059105
-58881 -9247901949
63719 -3719367017
4123 -9178692473
-65217 255179091
92255 -174752597
-52305 -318984105
86451 -9112775301
43071 -9555002649
35975 -4902843785
-75657 -2371358397
16247 -7359210185
1607 -7693689797
-66881 -7137379061
-57677 -5086750085
65263 -4826807369
52563 -1467501849
10227 -5581859025
-45813 -6987855909
-1309 -521973533
-96481 -3043576349
70143 -7722971529
60843 -3212667789
48051 -5232969321
-55961 -4579455593
19359 -5557509033
-70709 -3262524713
-59349 -4330896621
-88169 -3945609185
57167 -3798038633
-25029 -6948057765
87083 -8967272417
90623 -1979923241
-95289 -2511190533
-8285 -5982417701
19511 -2851838729
-42017 -9703478069
-46693 -8627989361
-70637 -7626243293
22603 -1541821589
-29929 -7400845529
68371 -7650264917
-98209 -9213951617
72855 -8552202453
-96213 -3703274049
527 -6657399593
85963 -945270773
-75689 -6804355385
36171 -9832107501
-47901 -1168764093
88219 -744714761
1851 -3276450729
-95557 -6852216917
27979 -4872550421
-72001 -7116685241
84699 -5638474641
28671 -4236418449
78263 -5193685853
16723 -7444929857
-40313 -4022585417
75619 -1522718381
44699 -1041327449
-67689 -7110809949
-749 -3115088513
21007 -7688912153
-849 -6255346341
-62205 -9778882041
12995 -8678715665
99951 -7613188905
20831 -5792639285
81419 -7436474561
1159 -473948597
23299 -8084131541
3351 -662095233
71127 -6305004069
25167 -454018809
-7585 -2827345217
-62157 -3475602405
76431 -8258501913
-8913 -4022628057
59935 -2257582301
-38449 -2955428909
-76437 -3567352953
28215 -7659067401
42635 -9751218581
73279 -314258213
58799 -445842833
45243 -422126349
80595 -8809745769
58263 -6582185541
-97741 -3012000449
51999 -2168396421
-84817 -2618880701
48355 -391306889
20423 -6984462773
72435 -7734678561
-28285 -5690731133
63523 -401860901
-48149 -4078249517
-29021 -1945064933
-94489 -4729312649
-55081 -8174483441
-17273 -9679788989
-9441 -274403757
96399 -9372812709
38947 -9391553333
44459 -6860616305
2395 -2133602417
-96841 -3977880173
20607 -6460955805
-24009 -5232332961
22715 -284455889
-89653 -8611761077
33551 -6057713381
70695 -6614715009
32435 -1798425737
-20045 -4595160689
8995 -2657434685
-44397 -2582150709
-71365 -8483149457
-84217 -1220723417
21023 -1672824725
50919 -1630729689
17331 -2068211925
-53209 -3949271825
-32517 -1572658653
45199 -2604985205
-59925 -4622073873
-76593 -9169185501
-71657 -9172435865
-80241 -9957895029
44987 -4154937977
-99313 -4357542017
57051 -7593491697
9207 -5566875873
-98365 -5443486193
-58873 -5894780201
-11209 -4203460565
-38185 -8405482313
49619 -176077577
37755 -8865290685
47147 -1834681925
89403 -5385529773
34751 -921349733
-10437 -1524056541
45355 -8825139185
71059 -3801627017
-42861 -1904150985
-83101 -9273391841
61979 -5781791645
-60561 -9961726701
55091 -8145944165
-99501 -5906121705
-76477 -3231773021
-2041 -1837095665
-21261 -299932269
65743 -9177091409
64443 -9998517765
-53313 -5397347865
-52677 -1761343545
2439 -8437407177
43147 -2529199085
-87509 -5579139809
23723 -750471629
12455 -3538176665
-12945 -8789828889
56807 -4657317917
-67841 184195903
67003 -3895571441
-62861 -8513058149
46711 -1599417785
16963 -778347557
-89001 -5923675809
-93681 -1602688821
91079 -5729188409
39431 -2535121049
65083 -5099346269
-92217 -2862788337
50811 -2163567585
67939 -9370441937
22319 -7507433573
-42253 -9290332373
-61937 -866362397
29883 -351829965
-10809 -557763165
-32965 -5287081673
-37337 -2239552337
-20165 -8258763749
21419 -2725037033
8043 -3420140337
-2305 -893688065
17211 -7867167153
-14205 -3256734345
6391 -3150380297
19159 -6891993641
8855 -2409586613
17171 -7710098129
-31941 -7869376965
-87173 -3303509609
-98961 -6504315933
-38745 -7706976045
14199 -3377933469
-78913 -8975629565
13011 -5358471489
30583 -5380276145
-24169 -1019204513
27875 -195754673
58011 -1521718809
4155 -3073859241
-63469 -7736155961
13035 -5416047753
65515 -8225504729
66439 -4003996937
20467 -5103935897
-81097 -8369106293
40311 -9087444981
64807 -9093235733
60911 -6803982653
-36445 -3936920573
-48033 -6094837737
94523 -9189643445
-30757 -6165048125
20847 -7233979821
-45385 -7450848617
78243 -8413581033
-38113 -4617527429
59035 -6389388581
-83809 -5809696145
-37933 -4961379269
-87957 -1180101357
27663 -2037110661
-36177 -4986402321
71027 -5343713465
64279 -9076256465
92151 -5961617409
-76881 -4721838129
44783 -1532769413
-23809 -2500096301
-26169 -5281747257
78315 -8544688221
-28349 -4642810061
62463 -7770074565
82271 -2946347249
51687 -2430147093
27183 -7250360157
28119 -2387385033
91795 -4437371969
70271 -1050892073
-62993 -6479661653
-46653 69397851
-22913 -974257817
-83049 -2428145685
28719 -9758536113
-41221 -1831698941
44311 -8916009569
78335 -9784050485
-53593 -639279437
78583 -3456221921
53311 -9601027097
15799 -4930980065
35667 -8745959637
57751 -8085401297
-42261 -4204797957
-12341 -8017285373
-96393 -1674020697
-40077 -8513543049
-97593 -4052325273
-58473 -3534614301
-35137 -8715107417
-96105 -5005782189
-81253 -1727619461
10383 -185731377
-62625 -8974151769
-5081 -2172118037
-51429 -5745014769
-20245 -746849393
-96845 -2385320333
-16521 -3258497745
86159 -5386380365
-34905 -2436626205
14323 -7877366441
81359 -8814907553
-86041 -2102548217
93687 -3593830137
14995 -5722780829
57343 -1007698769
64171 -7045960793
79443 -7029662253
47555 -6391649273
35483 -5367584897
84951 -5239484337
46787 -7943878241
37375 -4582658009
71027 -1589489861
39539 -496705709
-54917 -897093929
-95741 -4599116321
-31705 -8418810605
-72041 -4454517245
-60129 -3966867165
-56233 -5642901557
82711 -283620317
46859 -2299660361
27407 -1531395329
-74541 -3939306213
86671 -9326863265
41687 -1465056125
-83481 -2740766541
10123 -9030909593
98707 -9949450901
90023 -8930244521
-44409 -4490231781
75035 -511510793
16179 -345813429
-5173 -2519957657
38411 -8309765573
15599 -8932144037
2655 -1370333697
94255 -3631496129
70671 -2086606881
-99457 -8196679145
-49509 -8580825297
96227 -3012207449
-74273 -2841222677
-18381 -688807605
40203 -4229321757
-6009 -5940864045
-16833 -1054959633
3259 -4466883137
-94485 -7868215485
-61133 -4591439297
-1253 -663585785
4967 -2903125085
-20485 -1958819909
-30009 -5680679877
44047 -5890801505
-16581 -7448606805
45527 -5965072865
95283 -1018126077
-31549 -5031943985
54231 -1952691237
13131 -4741149537
94815 -3242902605
-98149 -5251316249
64203 -1175821089
-705 -5740117365
-65409 -9831367557
-2753 -7603631141
12947 -4145352257
64819 -4717906697
-88641 -7402341921
-42865 -2008723649
87427 -133460537
-82169 -1066401509
-92489 506821855
7551 -1164870081
-45977 -7758344813
-25561 -5232615317
-19937 -4170998657
-61049 -2477780585
46647 -3449113845
87083 -2596330241
50271 -9696367929
45923 -9623707541
-21713 -6684789509
-88609 -3366053405
-3117 -3352578669
14035 -5735079113
-36809 -2610882941
92031 -6605777685
80795 -6880547657
29339 -205404125
73739 -5182649465
84435 -1008084261
85271 -3077806949
2059 -4351176377
-87021 -3803351421
-1701 -104003229
99271 -6784365065
40095 -8005318773
70743 -2172539685
-78333 -6573273201
-93209 6125131
19299 -556895949
-75161 -995449409
127 -6462140873
57135 -4264141173
34803 -983208213
-48521 -8077253789
-31229 -6150741809
21195 -8537955657
-75841 -838139753
-81989 -2712329957
-58401 -3641821365
-26345 -5288857301
52755 -2479799097
11427 -7367101797
-45157 -4330636085
31011 -3330799821
-95857 -5033648381
13095 -3401693205
78791 -3155147057
-62381 -9445577249
-92273 -4147744373
17387 -3137963345
-10709 -5519263217
-87641 -5989731761
72595 -2876144801
18859 -9846162653
85991 -416628305
-60461 -2783744705
86835 -9611788233
57675 -5965555449
-33749 -8858839829
41051 -5062894337
39111 -4147197741
6723 -4184297253
24067 -8583186701
60915 -9512559789
-41857 -1180543829
12327 -1840071165
23839 -4356230381
-3637 -8865439073
-95413 -9183564377
-74253 -902744373
21671 -8491992377
17127 -8551618449
88107 -7964126133
45835 -4684235777
45035 -9986647265
91915 -787598441
-2337 -8534425017
-11317 -3366737273
-14645 -7749956789
-43061 -7363129325
65843 -8888147789
-2929 -8692027193
32847 -3308416641
20979 -2487933897
55703 -5868092045
-79613 -1074358193
39095 -8866877849
30779 -2650959869
71719 -7068605597
-14661 -7940225229
-10917 -910752369
99303 -261602025
-81337 -6719828273
-78213 48032115
-93273 -1685430849
-71593 -3549518381
57979 -900444749
-62577 -2464138641
50955 -1323054597
73203 -3791860785
52007 -9829936865
-3825 -5394753453
-46161 -1831743633
-78809 -4296681269
-76941 57241851
4623 -7195621257
-40961 -9521430173
-63405 -8984922933
6403 -4569343781
-13181 -8693855753
31791 -5630754573
-50305 -2322816893
-62973 -4233924753
52419 -5434415865
-46413 -8646286497
-89849 -5944997
-90137 -5368804193
95031 -3496562385
11839 -307316165
57571 -3945117293
-12989 -3902976845
-2485 -4718034773
-42009 -8559594045
68967 -5213243781
88887 -2649594621
98367 -9090843633
-46525 -3001830113
-90177 -7702690317
41631 -1897867509
22523 -6108638561
-10833 -7524021357
-58329 -7792371345
9359 -8440642961
60247 -5966863697
-4953 -9658452333
-90657 -9292427949
18759 -793976505
23199 -6450141081
-46957 -8949136265
7779 -4655464317
58127 -158795345
10419 -4350148725
73951 -9053659637
-75225 -853601937
-18081 -4856521665
-57001 -3005036417
-33161 -945924125
-11333 -9973074737
-81185 -5521266233
-13409 -8225071097
-72441 -763454169
22011 -9857765949
2087 -7109187857
73907 -5284857257
93815 -9242272817
48671 -7078726193
-73257 -9963285057
-9841 -5425588961
-90241 -4083404477
37979 -8423517101
-28697 -9080712233
33175 -4418713685
-37173 -7093042749
98979 -4699442109
-19641 -1330878081
43483 -2146851257
4519 -8710942109
13883 -7163383385
73023 -2747878425
-79621 -4490258573
-31957 -5668669037
18371 -9115283345
33487 -8669051297
82451 -8976458309
91655 -7411106021
-25137 -4981974237
-25433 -2661997385
34975 -7271559581
-36297 -8547164961
78683 -4731680069
71423 -5230603193
11359 -7414691945
8811 -6754180485
-1577 -710667413
86043 -8390189445
1495 -503185349
57219 -8297031597
-78665 -5606525321
-99333 -9076125633
-61609 -5450354261
-69521 -3828018185
98663 -8072066429
-99661 -5835289781
84531 -8367290493
44227 -3969196061
8451 -4324565829
-28333 -3069087713
77343 -2118280977
41127 -6258203649
79827 -1584394365
75639 -5942532513
-80649 -6163749021
-61673 -3775448285
-2853 -758247861
-29161 -2562747413
-67785 -6079437981
-93777 -3387712305
38423 -4048545605
61183 -9237960581
-1761 -4615901637
-79325 -6807876941
43155 -7447058313
-60853 -2949594185
60987 -6851161317
-6601 -3425656841
-59969 -7322491673
76587 -5886730173
98327 -221637881
10747 -3278995877
-57157 92121727
-13161 -4510954677
-55845 -6786239697
58759 -8104772045
98171 -4896567653
-37437 -4490502957
-6109 -7489135865
1543 -82979969
12775 -1835834621
-85897 -6688049885
-47713 -4485102749
-96229 -6345587069
59643 -8195494881
-53897 -576763757
-40425 -9188561697
-55713 -7531700589
-16821 -5634504537
-76689 -2734704549
91831 -3553595933
87639 -7094610297
-21269 -4186300949
-18197 -7315673405
-80701 -8207437865
77755 -771119789
-55393 -9222623393
-64661 -4854388229
-55005 -5144470689
-95653 -7884127049
-51133 -9493999049
-27577 -9633102425
23407 -5427602189
50775 -6162813381
52475 -5031023753
24123 -9177387261
72807 -505756197
79783 -4338895601
53255 -331837517
-53381 -572080565
-93057 -9540155949
80067 -9798994653
-40085 -3374872121
-41737 -468777449
83123 -4027481645
35383 -4683629501
24459 -568045605
32047 -7364472101
61587 -8374276185
-77477 -4224882389
227 -2490727853
29935 -2676749357
-20233 -9675519461
52507 -8029323941
-47769 -7079984637
-55709 -5843542781
62779 -463884305
72183 -8294603013
-48977 -4556242157
-37913 -9167992853
52855 -896794145
-77349 -5050716477
-51021 -2839546917
-85405 -2590365329
80435 -2892443801
-23469 -8407597077
31911 -379189293
-28617 -1321388901
-62633 -5578695173
-45489 -9167688441
58111 -7011596969
-22013 -9576816941
-8293 -8057713301
80255 -9874925105
-36893 -4268758205
-95105 -3097141301
-72497 -1389702545
89207 -7337246873
86359 -4544761037
-57165 -2372833665
92855 -8892925841
-17349 -2993817813
65527 -7005184289
-96769 -6528946289
-4933 -845617049
80055 -7845788181
86555 -2000044373
-44861 -8915195921
-90009 -6718655157
1279 -6587204225
-32665 -9307424573
-84541 -4836976913
68671 -3892068785
-26353 -1793001005
65847 -1348589325
74807 -3441421301
-42757 -4839707489
41967 -1473128457
-41085 -3094999653
-5957 -9013967417
74259 -5489820261
85415 -3042720773
50819 -8420043545
-43473 -7357859085
-12765 -1612050081
93279 -593429745
2515 -9108416741
-7185 -940970265
88535 -3004699397
17199 -420725049
77871 -2011402065
98491 -6063669797
-89565 -1175120757
2623 -6521083061
-35241 -9375318261
-37969 -5684341109
-72465 -5623621473
97599 -2152523661
-28485 -1727227869
85127 -2674340885
61343 -634223069
-81237 -4711631541
-28741 -6586323929
-12165 -2214792021
-97265 -3550139849
77319 -8830389393
-98181 -5180247945
41043 -7373598417
29135 -7193075621
49155 -3987894933
17019 -1194387177
-14425 -3710814581
-43941 -5797587141
-3905 -1671642821
64203 -358385253
-9713 -6282469145
-40541 -4161602921
-29601 -7726666017
27815 -778508225
85275 -4257887265
95211 -2530937949
88539 -4787354073
-3765 -7490832777
-70197 -9141801225
-20457 -3636534453
96363 -5905348305
16791 -6205408509
93375 -770921373
21855 -8721819633
18415 -7753541933
80975 -574863149
43683 -7114779909
-77025 -3037575333
8903 -5426753753
-53985 -2237545365
31011 -5539634073
-65913 -7994217693
7459 -6730636769
-83801 -3720821285
-55789 -4643103101
-15517 -7284618269
-3129 -8255885913
68183 -2479471889
64155 -3474310581
-96165 -5506922577
22835 -5624186213
-85253 -1691593421
71759 -4128455441
-48501 -8647203549
-32877 -8958310485
-84049 -792726653
-26493 -8281537773
71087 -1453532573
-33837 -3532655373
35187 -4947565245
-79497 -7949640285
-80761 -5249096405
-99997 -374188853
-38381 -1077288773
89899 -6423524561
37495 -6886553717
-59985 -7456365261
-94249 -177846605
9439 -6456237689
-56605 -395510969
41175 -9400310553
97283 -9693613901
-68229 -1420465569
-27345 -9414754581
-98709 -1381922541
-93409 -3790789277
7159 -5309471033
-41473 -4696645481
-97813 -9996900029
-9701 -3592592717
5735 -6980191925
-28905 -2112797109
42487 -8661415385
64415 -3890245241
-65041 -5837216621
91867 -6904426001
-86357 -7879526561
16779 -7147368441
-74041 -5807265053
68567 -1096302617
-48517 -2722069721
-3981 -9829045533
8727 -838760241
2727 -3325253481
-1529 -1155525473
-5581 -4607276117
-80577 -3920408505
90895 -268893509
15563 -212872073
-21613 -6896336885
84311 -3170014205
-38053 -7544902229
-13273 -1400420585
-28273 -8671454597
-91065 -7312873293
5079 -8272598577
-93049 -78245345
50887 -6085238009
-77373 -9909231225
2471 -4700235881
-89781 -9976610469
-2197 -9242870381
56415 -578185569
-44005 -2675542553
-71265 -1179541569
-48841 -4406439785
71591 -9447058973
-15285 -9439071225
-71301 -92539893
95803 -7983833957
-46629 -8225368593
-53765 -6096047285
33159 -3759298065
-81673 -9755114441
93251 -7933703465
26111 -1344430481
56319 -3311049501
47039 -3692116109
98751 -4743463281
15883 -3831674177
-78333 -1638685137
-21305 -2139109229
-47537 -754382261
12871 -999607469
36603 -2925881433
-17997 -537623217
21711 -6573309729
65119 -8224191617
-9089 -3462416993
-94477 -3642479597
-59005 -7119051533
-67017 -1361401089
-4065 -5974608633
-83193 -4826326485
33099 -4327959045
72159 -1079666301
34263 -3933028857
-62361 -8461831173
17259 -8322539409
-60925 -7949841821
-38321 -7501295705
-58105 -1480073057
58755 -7090117245
-60857 -6797484821
-39905 -50403929
47591 -4035109289
-58333 -9017073821
-73553 -2245820453
59383 -3232119389
-64145 -3118321277
7079 -4286235437
-45969 -8404271493
34851 -7191752481
95295 -4239652101
-20021 -5926369289
99975 -5926111089
-43497 -3594062145
18507 -5428918413
-15317 -7982953205
-24821 -816824081
-79305 -2769560781
93711 -7011493401
-29345 -468263969
-56249 -9631572161
-98985 -5101303653
24231 -5240600913
84327 -7424038017
59831 -7392241457
19 -8783727257
-87213 -5269736253
-43725 -6128696241
-82245 -2013980577
-55973 -1525460069
78139 -9265916993
-73353 -6927652161
37995 -9403016121
-57773 -5671413821
-43237 -3441504857
-65821 -2836144037
63175 -1107907289
60459 -5988565869
40283 -4820411105
36651 -1536783801
-24125 -9464550317
52639 -4069776485
47523 -4114442493
99123 -5648409753
93431 -9046661177
-18381 -6644927841
45619 -4560804161
73431 -7800512001
-7125 -8031944469
34071 -4895146509
13143 -8854291521
46739 -7004592149
-26445 -5562366201
97903 -3762835769
-86881 -9549720461
-24233 -8510169545
6907 -4290893045
19431 -1725095085
96615 -2612618373
-41777 -163475813
-97625 -8543656349
-70877 -6954870629
-73253 -7452001289
-89549 -1237409393
-78021 -4481285973
59807 -2671579253
-72861 -6119898453
-6437 -2814733289
78439 -1615320113
-22569 -1509254421
78359 -2826193697
-37253 -9263717633
-73469 -1092757661
18851 -6634426913
12555 -7018570053
57751 -4962850685
-56205 -6624605769
31403 -1648854977
-34881 -102148845
-68573 -7451429177
-45557 -1631266061
-2841 -5036911689
24219 -6844694697
-53793 -9902992485
-61905 -2066315613
-21561 -1688896713
-54681 -9847916445
30119 -7260901325
35591 -7710426773
79687 -2912786417
-80921 -763887689
72959 -217548737
-68889 -449354661
31559 -6013896353
1547 -4481486117
-79037 -4949198573
83571 -161384181
-92997 -9182091261
-72597 -8420231601
-81981 -9708450693
-6257 -6438139973
-55761 -5594488641
32647 -6074657729
-74737 -2144425769
-17189 -3137087009
-6829 -3340901813
70659 -5733487149
55831 -4553586833
-85141 -7756908245
29083 -8396036105
-92941 -6273678305
81255 -9519754041
-47997 -9505882677
-6373 -8378964365
-89245 -5582980781
82743 -3231113565
-86669 -7342491749
96251 -4980596969
42671 -8997255941
66923 -4653762377
-50629 -4443680069
-74785 -2045684249
46587 -609984645
-95329 -8703610901
-96357 -7266020121
-78761 -2220442325
10463 -9927381869
97191 -5811756201
39587 -8268312689
42011 -5431193393
40839 -8155018341
86087 -9854508197
88211 -4991471105
-1125 -6161787273
14059 -5193415337
-2105 -4597754549
-4333 -6797810009
72935 -6292990889
-1361 -9432004925
21315 -442898841
32995 -7704185105
-34941 -2829366285
62587 -3448641785
-67553 -5343432953
19739 -3440302625
-31881 -8627215293
-53177 -9893097509
-99361 -4628834465
20947 -7665230093
6115 -3578992025
45511 -2552652989
-50709 -6849225501
-17117 -3755508401
-19161 -8808114669
-43285 -3520153565
-71985 -9037560093
-67885 -4350306953
-14917 -2265828281
90871 -6355892657
-14441 -4769297717
49331 -8162393177
-52145 -3054868157
23075 -2606685965
-45361 -5762231333
40387 -286216469
-35485 -7067598689
-80089 -8855665625
-27401 -7153434017
-90225 -6133858725
-13697 -9997273685
97759 -3190080353
87147 -9834459093
70375 -3216907877
97483 -252147329
64971 -5137927725
64279 -4958977745
-92949 -7414038093
39459 -7871662929
13743 -5918402793
5463 -42948237
-86469 -4688483025
61851 -2823445017
65363 -5482380941
47891 -1341553649
-93457 -5251415765
-27993 -2577252765
-20145 -7987712757
-41201 -1184436077
-71245 -5200216757
-96309 64645743
-49473 -412674429
-31137 -2653706181
76491 -6096425745
-27293 -1254111233
69171 -6411699537
-56617 -4778721905
-409 -9651068021
-2497 -5977041869
-22117 -1171266569
-84253 -541620233
-91617 -2347863873
-66041 -6496620737
21959 -2727621197
-1533 -774909489
991 -6959212841
58703 -1601350193
25767 -5734126029
21215 -1218507185
29203 -892813229
-23341 -9070816949
93975 -576974889
-87601 -794675969
5435 -8952947609
48579 -6964977381
-30953 -9018367733
-32209 -9674733533
-42225 -4750964841
99463 -8864024837
-21925 -5422021601
49191 -1180447365
61259 -2872869149
67115 -6187844489
69615 -9807051873
83007 -1944398745
-12301 -2950944941
-80753 -5915130065
-24021 -6136904937
42103 -4750310237
-27961 -5309868953
-12021 -1360026861
72651 -8702669445
-79381 -175405697
-80337 -6975786609
53467 -372713165
29055 -5343954885
-43629 -4634178537
91067 -4776885821
64907 -498835385
75075 -2000194749
-90689 -549227093
46295 -8120609441
-77849 -9113182313
-53701 -2876198837
-36333 -5206736493
-24865 -7426645229
-26973 -3346169757
25499 -8978799569
-81241 -7064493773
97227 -651594645
4311 -896196141
-18997 -760664705
41391 -5554372677
85539 -974664861
-68721 -9974524557
28731 -6259129737
33695 -6663673769
-38101 -1476795437
-97621 -493632653
71943 -523168269
-52957 -1267672697
-61617 -8957923113
-89813 -9215814701
94875 -2630783841
-18913 -7358407229
84395 -1696803761
-96261 -9507973449
-58561 -7500081089
43651 -9714854273
-51525 -5065742409
28711 -8222931641
58699 -9033109313
-6893 -9796706249
-20853 -3630317385
-33165 -3565146705
5195 -7703609249
-43697 -2077275617
-53121 -481316505
-77341 -388889885
20607 -6980125725
-33945 -1320308613
84203 -9180120317
-72317 -1444507541
-90413 -3054362033
64727 -4777431809
-16005 -8287277073
90503 -2196325733
-75029 -138503633
-65913 -3420931125
66447 -5476395873
-99329 -2891615153
-90585 -7337044353
-13313 -2862625157
-98665 -5002619153
43227 -7788540837
44855 -998024381
9407 -9722575289
-4221 -6517423605
-22025 -9068621237
64103 -7578971873
47699 -9841389593
-32021 -232506041
-67221 -8746665333
15151 -6065320829
65735 -8190055205
82707 -7481580249
-72417 -2111517597
-63521 -7485701501
-44309 -8824132457
22803 -9810946953
64375 -5674449689
-98093 -2040611537
-16425 -8843169873
-93233 -4806478601
-53833 -6323112305
-92925 -7232683749
8007 -9501319233
49051 -8107533461
-48577 54047311
-71593 -4773287477
97999 -5961214421
-70933 -9782453693
-36021 -845843241
66075 -4558509861
-6189 -1817637285
-81265 -6249318461
56051 -185668433
49815 -2979501885
19211 -3872394701
80499 -9540931437
85935 -9947792685
-60341 -7565117765
87891 -1917679857
-34961 -6411619517
15387 -6295989057
70083 -1605613053
-39217 -9353002169
5707 -6818696681
57931 -319822229
15791 -4286646665
-37461 -2643399897
66103 -4956534929
81795 -7939332489
843 -1643822085
-29509 -7193280773
-341 -1703838845
-34673 -3601175873
-86541 -2975690349
24347 -5495059121
-78169 -5424063857
36447 -4734863901
73643 -4313970065
16835 -1495175021
-39297 -2627989977
56879 -5807883209
-54709 -5539609793
-37797 -9740653437
-44349 -3634123365
-8593 -3053716709
78115 -7820441321
-53785 -3618216041
94659 -7944202161
50911 -7829540333
55103 -6088556069
63631 -6036813761
50847 -5770762473
-98465 -1207794965
-54101 -7928344901
-73173 -2008157997
-4881 -3481100661
-12493 -652004909
-72765 -1562442357
-78853 -8941250321
-54917 -9226810949
-41753 -9109745561
55407 -7728142665
-24009 -8811622629
-31769 -8408450705
93427 -4747332917
-39469 -3960184313
-73577 -4676977325
6331 -9320863733
-44569 -2313982265
35211 -92559309
-22065 -9463055649
77027 -3826764953
88647 -3571582317
86391 -1799725341
98215 -1916318717
-59061 -4976134725
-52497 863823
89383 -8298699173
-88273 -7895224169
-51917 -5482324493
-51833 -8011387709
-37549 -592951121
72811 -6288615113
-52881 -3130054353
58155 -1204209177
82739 -1281259841
-99905 -5492500781
48551 -6800919869
-41293 -7369467785
-56125 -4777967777
85451 -7185080513
-34997 -8327866625
-49289 -6040388753
-71833 -75550493
-32773 -3261230921
76835 -9969372029
88739 -55873421
92783 -1159541897
-74097 -128762853
9467 -6136243745
-28201 -2045156573
68687 -4255726265
62907 -7022363505
59315 -3607176089
-88869 -9242515389
-11001 -322650177
44279 -426719489
-47205 -1754208633
-50873 -4244168237
-76953 -4007225577
75763 -764797493
4279 -4444191761
35115 -2488520745
-87749 -7257253829
79423 -8234228333
3639 -735709149
91843 -1317112505
-28649 -4735030733
-75517 -1325907749
76867 -6946396301
-8281 -400538717
96387 -7972426017
-6505 -6921220061
-42213 -1455960045
-96881 -7146293405
7263 -3036583065
-82093 -5019431285
-17469 -5444569881
-30557 -6864191189
78527 -2471915597
-75349 -5912991473
47139 -373925529
-51309 -1642384053
56935 -1058166425
-19913 -7146138353
89503 -5307355937
-93749 -663666173
-45537 -6599003193
67419 -3176521425
-23317 -3168416801
76135 -5359467029
-96729 -5994772569
51963 -8261342769
-6201 -9832588185
83503 -8575635233
-5649 -7930190073
-97013 -7697957345
98539 -9924376157
-49601 -4735853909
60503 -4047199757
28543 -26358485
68391 -729032049
18407 -6296209013
-4525 -5105890181
-8253 -3624143421
85811 -6777753761
-14013 -5757881085
6563 -5041694885
83951 -183616313
-91749 -1806955029
73887 -2587781949
-28037 -2478930857
53911 -310671761
-72153 -9514365465
46243 -8224570733
8527 -8456318981
53475 -5641955001
16547 -9703545653
-76081 -8268244805
-89873 -6655050857
96771 -2590871049
78523 -1567593389
40915 -2588489681
49767 -5931491649
31647 -3181367949
62831 -6561918965
-88157 -8541848621
-87309 -3781988865
25287 -9538060677
27939 -460194645
41011 -3137472449
1187 -3520082633
-53649 -6384666465
62411 -7677742733
-49941 -250595721
-41289 -3928755585
2251 -5316269969
-19701 -2988073221
-30509 -4803836477
795 -3655670997
-43077 -994823349
43083 -3934239189
29043 -1650972021
-78777 -7403502729
8943 -3520918701
12831 -5517849033
81799 -7755210533
91179 -8518070361
12943 -2017405397
-72613 -4676012321
-16753 -430069949
69363 -667056345
-36637 -4684448585
41163 -27193869
-46213 -7931887961
-22413 -6341737773
57759 -5432839545
-25441 -9305169293
-19989 -6832024641
-74657 -8729151281
-66085 -5240433161
-68505 -9012291297
-91741 -3724853165
31855 -2217957533
65067 -3603283017
-31989 -2909324481
54091 -9665906429
-48881 -2425594337
78083 -8838848645
96779 -2662728917
88083 -1302062505
-29877 -3722927013
-33521 -8505024569
-76553 -6397735061
30035 -2436325481
10247 -3728849465
-94633 9059683
431 -5349433157
61143 -9824205201
32891 -329041253
34507 -5933864801
-32341 -3654645065
-1985 -1370583953
-46081 -431510021
83379 -4601400993
27071 -5911716221
33647 -901582865
-56585 -6144147425
52503 -6554405877
-80901 -8077875477
-40445 -7138426565
69747 -3924166437
-36385 -4414192265
-63357 -1667450169
-2217 -9660848865
24267 -368813613
671 -857789585
-4377 -2166359757
26595 -2670196569
61075 -9234651713
-62877 -8565008865
-90461 -2190695345
58535 -8542738877
46179 -4130334249
-52373 -388016117
-24289 -7191967937
75875 -3967460729
-47277 -6685546425
37843 -4126713209
67035 -2617595109
-89153 71252647
40559 -9447021593
96983 -732136685
-48897 -9002399001
15779 -9087455165
-87285 -8331198981
67399 -6012630101
-98125 -1312775561
84343 -9191636009
-32277 -4891244469
70719 -365709273
-66433 -9963940013
63847 -4904358449
-16077 -5948399277
2591 -6044859809
-53225 -8306282621
84387 -3484716201
75631 -2662135361
-24029 -8012802701
-85077 -2147215173
-91813 -5295739781
82407 -6165687297
-81249 -3042426285
53123 -1291302053
31015 -4577719493
-62073 -3280826277
-4857 -8130258093
-67569 -9642969033
67875 -2071135629
79699 -5159497445
-35877 -898869969
83143 -4121832449
70343 -5653645781
-14093 -4679681585
-38025 -6259189197
-24641 -3712338209
-22465 -3958573625
-41381 -1847291321
79015 -6735002261
4619 -3464543705
-6997 -6945237389
-85565 -9416408141
35623 -5629300313
-91801 -9918501989
-74837 -2629425809
80107 -7273125557
-17249 -8695883849
51179 -4509416477
-8525 -5481672473
77023 -1005393161
68723 -1504992929
86435 -2227636925
88155 -96439665
-73605 -3623036529
50167 -8735263013
21343 -1961491229
63207 -1439795421
54159 -4910100153
-46321 -4065852197
55543 -2817077201
