-10290 5563219406
19744 5512767882
72411 5654702254
5360 6645869463
9292 5528081120
-28119 9726392785
-88990 2193145608
3864 4845968161
-40400 4616065928
37772 4183136258
9544 8145100299
-58008 1565628340
4731 4490973127
-44821 7165086200
-14303 8346114873
45591 4121698922
89789 4314880518
-93908 6694978190
-39333 7163639444
92869 2348130180
19123 6166767690
10601 1867576704
-86090 3288358506
30852 7605303418
-51850 6847122500
-68917 2462024103
-36791 6172280909
-87529 8041472183
50750 9638521350
38453 4653103782
28593 1072507702
55513 8059146737
6819 9567865790
2592 6587657938
90060 6599932441
22404 563512328
-34266 7202213434
-79588 6945490910
72015 3094825810
74764 2573373290
79174 4944323163
52145 3845096618
-78206 6047820105
43327 7495558743
7734 8560628029
85008 9905106632
11488 51237944
4806 148912957
37588 2376587318
-87060 3480948430
-59139 6872914142
-57686 5548307154
-26514 8274900220
-65374 1675250783
-88842 4205130445
-31947 1146580669
9671 1532845472
28147 7611210068
60846 3285542063
-28654 6892772865
-74378 8422014200
29573 6456795258
14693 1818712713
2316 6493437598
78047 5725831346
-13605 8401989242
24179 6858838896
48798 1527387742
62659 1540063230
48031 7615968992
-25551 6982039502
8534 5486051549
66731 1238759382
-48041 1149117635
27295 447204606
34014 301804399
98478 5769277829
31176 7399090354
2430 2130027371
50475 6446995148
78676 8664431276
61525 2361533468
-25139 4703398484
96646 9549865686
-17631 9675729578
71719 6304206824
-3146 3445240068
-31437 5761575907
83905 8511187080
67759 7215160371
-82440 4567280702
-68903 2133386073
20513 4972510574
80355 8880935774
-45847 3912503157
16455 1250722322
-16986 8468893340
-36907 9592679229
44612 6968975084
88489 5834148437
-32601 4018914487
-31759 4860217334
43494 6443381117
69984 3367982255
-81066 7641241046
-57782 8869182653
-17596 7140845112
49042 1274337086
407 8300188740
-52028 3300182366
-24494 2291283776
28148 7701961895
3689 808938128
-27468 3989614829
-6026 3684228462
67963 1351972659
-77018 5180242718
43826 1363763394
-79061 7980408539
-86976 8788593025
43979 9417345252
53044 7917835844
38337 8776898248
96727 7707584798
-58884 4915467149
-10276 6651285497
18388 2515238321
61969 2800123997
-3015 7587053954
-29318 6464250498
-41456 499175724
51724 2465583701
-63915 1205427209
17608 7621736214
41932 2611084208
65058 2451360080
-980 4563944916
94181 7380175673
-39533 2220542892
21967 1020007047
46770 1893035410
-9967 1367079042
22417 8930303544
-10669 2087015214
90747 4692470096
-13342 1142016821
-29601 4900741955
-95783 8430272762
49943 1315566836
94977 4114213244
34614 3308399218
-39488 9640049057
-61982 2018093924
-58122 6089628493
60287 1549592790
-19378 3556975148
99696 4291084651
-40133 5265568595
9698 5183122500
-92364 2384303416
5708 4513907543
-86403 5395852864
13748 1041703566
-76835 9591251144
-80898 5946575942
83333 6413695817
23773 797263697
-67293 5023621772
40464 2317841051
22623 6794688844
29491 369793035
-2258 1331013336
71402 4482784731
77384 8101026227
-97751 8629631945
-14218 3660287339
-3706 1224058170
-14370 3722390476
-34263 5584130572
-36198 4015004674
61815 1299028856
-59909 8499686502
70345 2170718405
74348 3259657337
35175 7807113143
-75526 4573252058
-86001 7431518162
-82969 3504952655
25596 3030867958
-84977 9404429246
37946 6382768830
-72123 2431654498
-45809 5694913094
-30176 3563174724
-70540 2398104329
-91198 3770506548
-72647 1401382106
-42963 9445477676
53771 2523805326
-59410 4516005848
-14098 4102974090
87295 9655436696
51534 1118720762
-52011 6978821594
-91472 7799651504
1300 3717069599
83206 7396171202
42506 2042775560
83109 9796859306
-56235 4830488086
-50044 6492376134
28871 9658511399
-10949 2857699839
47584 1058620734
85050 5891979701
17939 5157988619
33746 6291435842
-83688 4635626929
-36519 7162455293
-48907 2614819562
-54305 9911910066
-28511 5119969478
-4816 8130039536
28234 6964869636
-83871 8120752258
94556 5123734632
92086 4254662268
-16600 249600024
-9139 2813793629
41650 8818183334
6349 5078719026
14714 5116661541
-76807 6821907132
75692 5587927116
12695 3167330610
42455 9131484467
15113 4796641166
74428 9695598494
-26405 1023434510
-10064 8937864626
59893 3879045906
13884 2462656381
48913 3123394860
28158 1080329876
-1195 8264574396
-16962 2872733396
-64933 9810756312
-76790 2533833951
-77414 3623952653
-69053 9079879812
-10740 4291287584
21160 5633833646
-9654 9685658593
40740 6182577515
-49735 3086860665
5838 3890793833
-56210 5686146701
84605 4585901714
77222 9208297055
98408 5370678576
-25280 1432811840
76566 2731919798
78527 6005662274
-52258 5098409510
14811 1728104395
-61928 1846903650
-47210 9679153715
-14801 2700345459
20997 4668579652
14528 7349595144
95512 8087215851
-95585 8807693795
-19796 9538702427
68480 2700625901
66974 9973884008
-4840 600610911
78621 2719409816
-44014 8783362274
-93476 6757318545
89264 3542237004
65666 5312518535
-19420 5808833733
554 6708663191
52607 7001900963
-11463 4871699525
-19235 9218553057
-92486 2524389915
-86644 6557199234
48733 1154280390
21257 6147239766
26176 5183126388
24427 6410075979
-96591 3704388026
-9350 7925514926
-81581 4643021843
-43970 8062793637
-50065 2778325910
-15174 9839323364
46818 9063646577
-10890 7305327860
-85151 5030049494
-51276 7438847663
-70965 5507618522
-37659 3099683588
-79576 3689792829
32954 9122533854
-65974 1595995791
-83187 2309706896
-18743 4650384909
-59815 5681172588
-75649 9110696639
96852 4149287668
29849 8576274198
47559 8142300854
1310 5504774369
-9354 3286936069
37913 9694155168
-35864 5858854136
41602 8493139506
37268 5253674594
-47775 4442677768
62405 8373813617
55236 8585592488
-13736 8761700934
-84458 9832559031
-98816 7608034580
-58105 3791699360
-48915 1687021574
-60492 5280317408
1275 4333884158
-71755 4859367945
16510 1324325366
82295 7193779031
-8466 380936459
-82264 4107550814
-24074 2169862323
65587 4658299652
-95988 5502568072
31713 4597539845
-49543 8247611777
-78951 6540622525
74303 3545593712
43058 1833598671
35815 9627402699
-44722 2431783971
-95105 4135157096
6334 6736573832
-45772 5094231540
-26754 8730029035
73033 2893367472
24432 9252600347
-64442 3306495347
-88624 6144460172
20967 551308516
-61291 6095199468
16093 7648183998
-40968 3807010205
74558 6170974362
-32394 3947080438
-922 7536977784
-82674 9458038307
24097 3275093717
-91354 8698742855
66793 5964577316
59195 9107133083
-47409 2871129515
-35714 3935534550
1260 1006306466
46323 8133986651
-16585 4877203202
-73079 9984062732
-65695 1407537896
-59564 6831352281
63023 1033766091
64731 6142730876
-31768 6317511722
26927 5286729848
-53310 2587991297
16685 3475069338
80244 2835858821
-5356 237928316
27599 6596340848
-97331 5915187750
8571 199044283
71075 6474313299
62222 1978286564
47212 9912434952
74436 5290676074
71464 5149785629
64210 7323723753
35008 5047006322
-3578 2110710206
69467 1298996138
37218 4095053669
-73169 7521690623
-77197 4077322584
-72852 1404294182
-72640 8315649428
24403 4927006898
-75165 4029093731
-69544 2126487099
8604 97205758
24008 2053055952
39795 9890514766
44768 5913094809
31210 4035070509
-78726 6040373345
50294 4593250403
29025 3322005829
69579 2376941452
97470 6420629083
147 1037824567
-20261 5364706494
-26053 9924734240
47902 7019869260
-70716 2003846911
-56597 3733134032
25946 7936533942
-9497 6159555840
-46425 1234131899
63825 3932100017
99192 7846633441
25060 5429617260
-54716 1889630690
38004 8448338237
11612 5554330674
89676 9907439035
24485 9077993361
-96771 6094578149
-890 8406202104
-3828 4970603525
42429 2427431986
17868 4527646792
-9906 6240487972
59001 1511886598
75762 9087691529
-19286 7975490649
52004 9736521491
18876 9741303146
-60025 1018512228
58668 1009001572
-95139 5012621386
-48052 2074556438
-62375 3281500817
67579 8002779804
-76735 1534588877
-10486 6585798918
88146 7084143404
-39234 3467163098
-20080 9081884663
-4293 6095503738
915 7436558132
-80058 3742399957
34648 5184676263
54459 3856001516
46350 8476870939
48236 1643427474
73099 4820906388
-28524 3231787252
96138 9216276803
-43539 5436031748
94682 6763638123
3853 6078107918
-99671 9400415294
53977 3181768929
-96569 7611053130
-91022 3521772390
30591 619654147
-24483 8483506561
-5102 5174964633
-68115 6678148322
38491 7483869851
63287 2677836902
24309 2010882032
87528 9386166302
79956 4670998717
-63426 4296922793
-30035 5611752398
98640 4844968076
75909 8695508362
-13957 730462379
-10282 3844610468
31508 4116600806
74156 5643795143
-58201 3581614239
14277 4427411678
-589 9982890686
45769 9095412696
22369 9941946926
-2572 3539021247
87088 4319382501
22532 3618493173
-90582 6312251552
-93905 5542331099
-31991 5840446436
56897 4593977780
-27432 5287298381
23293 1425027432
-4558 4440441182
-23129 9750165198
-65594 2972472966
83608 2116012055
58404 6985447016
-25986 8138622340
78007 4922908875
34243 5893296795
-65150 8481354488
10978 8788701278
4756 8592644367
79203 5576731487
-74576 1594686687
23016 8458596593
-71450 2829941295
44424 9370646954
67063 1274421111
-2109 4458325370
-310 9586158722
81925 5238497216
39355 5126227967
97701 2586014654
93831 2967801712
-40356 4103298674
50700 5035757503
9644 1067831117
32262 5346245857
52135 5788881135
-84159 3608565848
-88322 7186657359
-6048 535485343
-8042 5896176707
19279 738633579
4545 691623578
-50478 3602024806
94783 4827057560
-54911 7945560873
-59776 9988355643
74033 5884579448
56890 5332550400
24996 8863361858
71664 8289255395
-1774 4366238991
27295 8620827203
40599 7895572498
54040 1397994039
73048 4736958285
90376 7736139894
-66752 9762466943
67134 5932489903
30613 6052147848
-99824 8407224342
28451 6887758131
45638 9926126601
43160 7413204686
-99702 2595224458
-96043 7089671541
15387 7644675892
-20710 2203365368
6227 3435494042
-74510 2210430876
94673 4141444880
9306 8206095613
-42893 494636903
-76751 7928518452
90436 3384306362
60945 5639323930
-68024 3099437892
-49921 1847739914
40571 5953301367
-72812 9809696393
-10014 6276480508
73315 4277652344
-35083 5512031085
57699 7683383890
-80492 3874032293
-19076 1714523786
57956 6147768395
-58745 6097847028
-48989 2890927463
-79726 2686990713
-92279 4813022922
49161 4941152308
-17295 4064958368
67892 2788570082
82927 9844228215
65828 3839599907
84460 6071757104
84193 9346674561
-59205 7091006830
-10019 3193608428
-24357 6351385739
5701 9362158673
-45936 1505780455
20464 364209711
2881 9144955508
97413 5310547784
-42938 7160854040
-9764 7491735267
-61639 1025414153
-30845 4598478438
-79078 5875206962
35944 4215803699
86824 4334569070
4746 1843574191
34023 3068555260
-54412 7516664651
89506 9703890764
-83984 4862025998
-75019 3924557186
366 4174807837
42737 3747189540
73670 4562709279
-71044 3489260432
20259 4241603392
19924 7140688074
-13215 1365657101
-82258 3894155988
-74921 5149384146
25953 1527067334
-92101 7783542360
55229 5588482398
48758 3879806843
53978 8039162208
9436 1955509580
43195 4542230259
-53783 5254348370
-96141 5367914567
-31664 7137676589
77576 7146294342
-68868 9631689532
48554 9842518817
98861 7281512702
63076 5897783747
-63522 1669051957
55048 8364667682
-93654 4656916660
-90550 4569091068
35858 1669948355
-53707 6392875782
-99928 6225567441
62539 2764498550
-20329 9584090916
21877 847820412
99818 9932190678
56511 9793905520
-87236 2701388333
-93769 4779084132
-13654 2175426455
-36288 8948381537
86561 4432012404
-6960 9638355046
-33567 1680304124
15542 4291064073
-47955 8204393020
9378 5998963621
-60939 7857973268
43002 5360761132
-79360 8785994979
-83232 5075626489
-9408 5434118789
-93724 5115071127
48984 1085658668
59721 7842057046
-94668 3826202323
45031 2563370808
-30443 8010772682
-5337 7986876068
-61552 3769473608
48022 1674830226
57340 951072077
-48949 3118645586
-17705 9308999502
13365 7264992025
-65589 1386884375
46545 6543477088
-29235 6435794006
-34463 969593696
57026 6185653578
66583 4609515063
65096 8593984628
-12602 7631789754
44387 2067645036
-33230 9349494935
-63327 8382351928
11753 9685612472
88653 4099138685
4606 9624273674
44439 6321911347
2954 3390595256
-45113 4485588620
-97108 5487859788
59720 3472778357
-38720 8559467504
12677 6882411984
44109 5453394245
-47176 7676717700
35863 6612835211
56373 2892256841
-40859 9889647368
-29860 5631665385
4911 9604826770
50156 8629490073
65563 3080430696
-49141 1969266212
90753 3773541316
-13017 8881115764
12459 2808336646
48 2290991624
-69359 3932714696
-23657 4040094912
-38486 3906894564
-17029 6699534320
-64547 6776800442
87401 9038512806
38202 8660087537
-95015 7263347730
-87418 2196888003
51456 6499306946
-62853 4417590262
-29861 2438166759
-19638 5814449416
-40094 6892091036
-26309 1593905220
-86945 8033477636
-39594 1385199374
60687 7905173719
92363 8356602794
279 6201060614
-12289 821536431
-89154 2717497211
93274 8672341538
-42448 1577559681
27049 1473247920
-49132 5567665776
75521 5322169008
30469 3820253481
-44126 6166604249
39544 3381741720
18578 3029703359
29100 4203465176
-71034 5869580303
-11392 2192267183
45253 3315103953
25821 8790174596
-7422 3587638048
-40854 2665541510
78825 9201931484
-21342 1363138147
-35186 5026659830
-41510 6803923001
37714 1623580187
23683 1358321210
21464 7503571313
-41344 6739620549
-84143 1994224616
-14661 8221690342
-55356 4827353656
9480 8530098916
-1313 6787514859
-41157 6344925367
78759 4252104895
-33517 7792865223
-46402 4030132746
-67861 1560759692
21098 5475818334
-11042 1315998057
13933 5511340457
-52321 3735276428
26377 8530911972
18233 6114322493
-20123 293603756
-69941 3082795844
65634 9741922124
22303 4802198424
41159 2459248179
5163 9624574408
-51247 7124988968
61838 8412400187
61600 3258032097
40039 1023601911
8997 9179327056
87010 5688233810
33019 4191124032
-93646 4026683993
73955 8583252710
-39935 5370666488
-42117 6316147036
-30469 7425527163
7785 278562572
8034 2320307669
23948 7867339791
-7234 3049581074
45553 1132129689
-35224 6250721849
-91362 3517344032
-98264 8529996138
-62950 2539275444
12520 988266800
-72028 9195367514
82596 6241624141
77928 7650199883
95267 9739363863
-86842 5532929799
1709 5511454176
77884 7993717661
17504 6935148653
65404 9893375549
20960 6838820960
72387 6125185298
-11547 2979522292
-57347 5652735641
48288 7960617649
21243 5754418975
64165 5248119048
-38415 7176440197
79375 8199449396
33317 6151246068
-99198 5835501046
-65702 6536800650
-22320 675009142
70399 2111181614
2994 4147380175
45949 8683640121
78156 5835470867
-44581 2783396771
25208 8570763710
-65860 6762932546
3702 5769456496
78133 4934276357
-64253 2088365064
-40290 9520616521
56184 5885055764
70271 2619113883
73290 8371349437
-40770 1896143921
98549 3169127949
-73846 8517063540
87384 3565746550
93211 6202124156
35628 4410598936
33339 9601603843
19479 4788698995
77482 8614621685
16812 2633313896
-88218 9719225482
81394 4628086584
-59424 5201656291
23962 8147985666
146 6105625889
-44778 4901370752
-97461 4988873002
-48444 7404841177
-14503 9423036566
46828 773368844
-23482 6600293417
14079 7145502766
67343 8794299690
-40635 1476927488
-37500 9158384978
49646 6646662347
5652 1436943790
1816 5835754425
51210 9241399177
-33253 942449511
-49369 2962721066
-142 6858441123
-54166 6241998257
40212 877625680
-3204 6199049231
-38648 3910676583
41950 9109529907
63952 6979729515
-99556 7047429651
-89930 4644597599
22212 5074690804
25202 1912188507
23615 2978619218
-78878 8114151438
-46811 6223303520
-9265 3404667299
-17282 6429957108
69498 6813456739
-21383 1359321984
-94486 7375552920
22732 9097247705
39944 3925771338
-93840 3954932515
3288 2995382408
14175 6957727523
30422 715362810
52018 2601924626
-51726 1830910544
15688 508917593
-52274 8186963541
-85954 3209198585
-1067 5910135246
11768 7726919543
5954 4268615084
-85871 9773641625
15912 3223147234
-29086 8205022500
86924 9320357489
21303 2877724763
47139 4600621403
-28202 3708405935
73640 8088569390
-18356 4234607184
87456 8552362691
30205 3103573245
50352 795966262
68739 6061521712
-21221 7873330184
-33464 3748678949
74740 6600459254
66664 3371766969
87705 2832338741
-29538 1465918694
4762 7352646936
31354 6578198178
24994 3705411687
92731 8554352999
25820 5683161501
-20195 8969436092
-63106 2698790442
17515 9593347587
-38615 971417576
30598 9403330857
-80205 8409281167
-45370 4189344258
53516 1290471609
44169 5641243250
31176 4938354182
52020 8226357413
-73176 8161000853
-12369 7224684155
40425 862262882
-91143 5380956058
-74680 2510997383
60483 8569160902
64030 3759180368
-63880 8077543152
56484 6254894681
-31407 5889437692
-27054 2930351665
27496 8637862788
-54162 4409409751
-11320 5112894753
60947 7160009274
-49791 7795331318
-62466 2016598450
86319 9432391142
37034 7251370862
71251 9156135642
-8544 1836385807
-77908 3431095836
-98736 7893334877
-58663 2955359814
97410 2525126879
75269 2273355389
-59280 9562382149
-82088 6983950245
-29978 4717177403
80856 8195581613
-3918 7002973511
-72947 2048115033
-34758 355333144
-1263 386178265
798 8054759384
-17536 5297750319
-45672 5080857133
1805 3744346218
-96864 9916887278
30357 933066718
95944 3401365365
21559 4678012340
73438 2390214573
45000 6334659689
-47810 5337851507
-82883 8598979724
83198 5720610092
-73625 1814357936
-10291 9339943862
-50746 3602930903
81682 6941576411
37630 3638946230
99470 2687142375
-10034 8728724222
-14963 5269819877
3186 9212386847
37123 5079798500
6725 3760170642
81364 2751934215
-54296 844901106
4166 807849335
72222 4134731861
52577 2441801256
-7672 5551849389
60561 8285789489
-12702 3425509628
30395 2039595602
-32424 4088792639
20111 5286464846
-55492 7890763956
-78845 2261383692
-47554 5780847167
15890 8661299979
-83936 9353910905
59456 6591470982
-3432 4303674389
48920 9953487794
18415 596043264
-40061 2866526363
56899 2392835418
-83077 7439179463
10 6910793091
71510 3719892611
-4450 6760385109
96366 7519016819
-53847 4756008565
-5001 594908972
42188 7753999892
-70558 9112929146
40012 3231938469
-34611 8563275542
-64794 6869286478
38070 7352437448
74141 5849721774
79517 1899704868
-49512 5593160341
82446 4998041093
-41830 5891723190
21106 9324166610
53492 3471243710
69816 9269774678
-7542 2053010053
-87790 3680854679
14317 1722993756
24183 6654488719
-17772 4036644973
28378 7008788877
-44333 3132062658
29438 4147829717
95826 8302154516
-10860 7303476019
14534 363414188
-99887 2524235196
-15941 785603954
48038 7973322789
76255 6990214862
-12516 4332172840
12450 4759577384
-55433 5599639364
12226 4778748806
49093 2562774450
-66256 9177794721
-34064 5293373568
-23575 9544390497
71964 3413934580
-12840 8001429416
13310 357112952
39781 2610218124
-96012 6398366417
95099 4936915880
-6969 6665925716
45339 4943690860
26900 7565753067
-28019 3841830413
-400 9225525464
-37557 955749616
-34941 4740488296
-47133 9907975784
-4142 2494003757
91254 7180693673
307 7932298547
28822 7061351987
-59079 5903530736
19529 1114518050
8013 6671340317
10662 5227105165
-4246 3761459171
-81398 2794829039
-47616 2235269393
87982 3026820308
416 308163219
51205 1264623134
-2863 5876623797
22354 2964054246
93843 9475641175
39210 3177855305
-55366 4470087006
61707 3124464494
27084 9620497516
46670 5309024990
97876 3125395607
-68852 6141925097
-9103 6063792101
21568 5221091207
87546 6112915853
23739 366699476
-40404 5919390949
-19748 8626274088
-26314 7130452044
-49350 5909129276
-58006 5237864790
-92504 8400281790
46624 3928881254
-39184 4010720798
47996 5811065184
-10634 7041876459
-57635 4480817394
-19978 6008732282
21078 1009197898
-48227 8643594266
-36168 3171016406
-5626 1621696040
54972 7688313407
44315 1955926218
-87894 7785801641
-66185 6239182730
62485 2759577021
-13604 3715570460
-28698 8322318013
60180 5658006059
47294 9985471566
70485 8613746729
10065 3415324298
-57362 1107837635
60525 7036652828
37439 2670348095
-35827 7664232602
14531 5380723452
-78043 9410686592
55996 7033954596
78651 7575523400
-95416 4923733185
-32398 5764678629
-94378 9979353936
60793 3589945268
56972 2719681530
27444 9020395604
87597 7806143542
-49658 2917917843
87255 8391874660
77084 8673534582
-78611 3818469773
48754 1444342548
57190 7733573924
48340 1509599880
-92413 9216807855
91324 4863639452
11738 2945781386
86874 6414091789
77565 3755509208
-66089 6080259090
-91467 8563262284
41954 526213455
45069 7814440889
42765 2232476669
-37190 5417882852
24525 3698679740
-80059 6191100224
73358 1892131011
68880 1286174090
-21464 9957934764
51792 7271635765
10838 8558282268
-7379 8429858198
-64 5552270484
55645 9704947788
15979 2737918284
56048 7208318196
22309 4073257988
-18660 9265300498
76539 4455550436
89866 6011930043
51631 8858941232
-8798 2013655503
15329 738148784
-8534 9911647082
41810 2903459139
92714 3476158593
42022 8100071829
18423 2262768388
31740 2628699863
-98713 4553362011
623 7674742374
-3606 2675073893
-58058 9651267014
-29979 3048798080
87838 8289356735
20762 6127178420
29049 1034580781
-21866 4665960515
62638 8123005310
-57530 6965162814
-10722 9276791146
-39817 9507210711
-62484 6925580431
-59733 7273671194
8038 5125266678
-7172 7892624292
-31067 7654412333
64392 8400398167
37957 1169071980
-74666 8773159023
-79465 7969851995
79900 8592915530
-63186 7424860483
-7708 3876945326
-26418 8881695923
92072 6869298140
61946 2952203171
-44436 6922506271
-35909 7036592952
-87926 4744606629
17129 4602423534
-27714 6713673773
81901 1989742514
-89836 7368285401
19005 1004020601
-40145 8690711270
-13229 5788704818
87113 3302185560
-992 1167834627
-25042 6725681852
19967 6621639420
-72704 7376687090
-28172 6613401678
-70226 7891305555
-8503 3209957460
23118 5851512160
-91142 3620583845
47846 3229382331
93410 6267037475
30856 1881014738
-3041 4857081930
-73187 3230532348
-47431 5917849914
-83288 9825159710
27978 2395457849
59788 7206044577
-52392 8104956839
-43311 7569765284
-74115 3172164530
50562 2878396093
-70954 1859477616
89892 3349477888
-57533 9440936550
27934 3381332543
81797 3896564342
18264 9529189814
-20286 1483438334
95209 9103362749
66994 3096746312
26814 3894135212
-66953 2446036886
41059 8203889766
-15400 5918582670
-83249 7182849876
12133 5205087729
98277 5923983010
9847 5242880435
-55130 6032856414
-11551 655684838
40374 1611419707
-99054 7452117359
41194 5321391039
92487 6063153203
97693 6468093701
-21811 6108837581
-6593 9808854650
-27912 6662760992
34996 7902993093
-79838 2846186855
-69083 4842959261
-55503 1998185972
-8500 1665714108
-57681 1414397596
-84180 5927494156
-70927 2984274876
-71100 3509455529
9481 9598139102
-95447 7802224410
-46039 6847209548
-77385 9092961904
6903 3204650219
-16943 5574431528
-49310 8352458811
24472 8334579075
85510 4027879791
64224 3376470617
93872 9581646123
38259 5208709906
-84847 2977653005
8444 8627079425
-9732 5775029035
92866 3969477777
-8700 3641282995
-95076 5617691953
-70331 7693956510
19340 3938850827
-21988 9759228680
-67199 5703264402
45151 2279730948
90927 6860496400
-29571 6561409042
-18099 2539142410
-215 9363967670
-11007 8228984974
-3885 7834854826
83353 5729511024
-24806 5532574689
-19698 5021068394
2100 7638541336
-75101 6093144071
-2767 1687812308
3518 1669226534
-93922 2344981928
-90729 3733898326
33993 5597664670
-36621 3865597810
52192 6365805516
30956 6728735808
8321 5788728794
-256 6514231782
-15285 6306060952
88292 9059087000
-5154 512091916
-23213 4529956304
8580 5907905491
-61445 6315451188
-44867 8582009154
-49816 1806751791
-58251 9862074946
67614 1515455237
72631 1774393575
13840 7269835890
44357 9865900533
51745 959382876
-39974 6139424400
7710 7397724152
10347 4202634080
47577 7804132081
-50917 2158084926
87163 2773838111
-48232 3729783600
24783 8242285795
-84709 2745309428
36798 1119118667
-32247 8508077462
-69878 3293865144
35428 779517437
-96181 6026346455
-20142 621163783
68618 1943590223
-36160 9044326070
-70392 2984599120
-74156 8256725295
-31582 4827279456
92754 4174353826
34730 7339764881
80067 6178932172
-91136 5969185994
98598 9048972638
97444 5951111381
96411 6526214656
-55357 7918045323
22694 7991246898
28682 5613037038
24342 7864492502
15548 2615627690
42827 3642986795
49376 7965233804
-46392 9836485108
79967 3055738940
-96685 3082897739
-59208 6671002417
-72835 9761033084
41621 3783615581
98714 4686184071
-13990 8363042918
-18707 6062030262
66914 8382175521
15786 6859127873
-9652 3162436281
19030 1677909815
-3339 8079369692
11195 178463514
-69964 6553415001
82159 6443567448
69082 4944049409
40111 1276675043
8138 7937809709
-42348 4381823815
38168 6445923516
53113 4359923457
-70108 4456967349
60190 3927442790
18668 1430207708
71231 9389475042
-48970 8354535054
-75764 2756295114
-41440 1570958910
62037 4687275685
-27724 5513812523
9920 8674530032
-91697 8689316490
-48612 2958991858
-32158 8949555719
46381 1617356550
-1256 3767705744
93909 2556983866
-21757 8972072867
88324 3463651860
34515 8385768110
-50069 7963720946
16495 8652851928
93463 5967986058
7015 8707167480
-13910 8622060230
5893 9979970178
-55131 1502991109
67921 2707388244
-97395 7873467412
42478 2773792542
51647 4754447468
95798 4527582506
26378 2276793959
47837 745845392
-29656 6977406669
44459 4807658778
-22852 3576399644
61186 6620979176
-43316 5549127210
23609 5029010972
53344 1981247673
29083 5337075719
82752 5685100402
20997 2229787726
-81303 6979389205
-89419 9445896936
-34976 9577028271
47204 1229538633
91620 8236467709
7448 8808472674
-64971 2009279009
-34474 7849875567
54850 3389675003
-63204 5950759379
-52045 7649563724
3258 9745987870
7452 1944815177
-42610 7872023861
-82507 2059053476
40255 2667633504
25472 8063141298
18228 6614030065
-51666 8741235989
6402 8507494546
-88730 3808563569
-13070 3053211317
-40398 3703528613
-90613 6111227964
9419 673697240
-69284 5321561100
77402 1981599482
-18744 4783487863
-94933 4547823495
-84277 6662837190
-28705 9019890783
-71548 2558845791
-1435 8144176020
-7710 4858421099
-97224 6694578481
50068 1648940861
15543 874570148
-56304 8232158176
36118 937553714
-6101 4439511630
-92538 7591822759
-23404 3197090483
-19339 8158929564
94323 3868756879
-96659 4509768062
-43338 8051212012
32907 758075890
-61036 4294322637
-68223 5675550485
-25307 8530185134
15996 4783107130
49487 8743430246
-31100 652545918
19394 950223450
-59055 3754839376
51478 6801563414
-41174 6590317338
-46920 7040605415
60798 4715418985
83894 8102775807
40208 9784580055
86852 3429010188
-97431 3943315241
27836 2320659779
-35350 6172250630
62912 3599521337
1267 6914626004
-44149 728273228
42185 3726365192
-39034 7220722728
-69551 9477905754
-88916 6888384465
12343 6952896254
-74648 4019904803
2416 4482643509
-44816 5521060755
-62675 5330613546
12981 6646621094
-65063 5823062388
81412 8732539097
-21219 7688809337
-63558 4536639743
-33196 1792322324
-21270 4714581380
38977 3375806604
92514 9846201155
51030 4598228209
-25558 8074153740
2070 1470139642
-97568 3365291588
63261 6289023773
-51242 2013091553
5184 5941497226
45383 7439043758
52429 7565532702
-51596 6274129119
-69504 5932636195
3115 1428624263
-4158 6797787313
20221 3110029724
-51864 3907816853
90664 2071740513
-93815 2775064940
-59139 4092000094
21964 987752595
-16553 4412723039
97171 9843713795
37315 8549322668
43052 1456492743
-94780 4463897451
33512 786922893
-71283 7675549322
-50900 8545510562
43417 8258093274
-31652 5218332818
-15820 8454116447
-16270 9521722337
36591 1393605787
-85864 3480353849
10232 8031646074
62404 9792175509
81766 9196817984
11049 3277192981
-81210 9267959318
43632 4916698838
-67894 4516296912
-85373 8467596720
-15291 398401889
98270 5095503492
-78426 7164703495
97483 7963882982
97013 4385418792
-10898 6325343513
-7902 7385698178
39188 8319695457
24639 631151843
-48815 4898036166
40295 6224380475
-42003 1100950810
10558 4786826220
-74807 2021701472
-54517 7944428406
74700 3764808179
23865 5660067745
-79092 5409601669
23377 6149674137
-93431 7791579201
-62519 4251387005
-18816 2335089598
-9318 7180891319
-28676 8759976123
31155 7511546423
-34016 7658926730
23202 809116006
-39338 5877872508
25024 6906086996
-1580 6251266119
22950 5741145790
90893 9068301224
-6178 303408171
15548 1651358217
19222 4335964878
10140 9945199672
18928 5723785592
54720 4670747971
-3210 8956485298
-15448 8195750826
70870 4012440624
33228 2294726054
95478 6192790513
19022 8826127944
16815 1947312691
-1488 3071794810
85039 2916162366
-24021 3259615564
-87208 9520318685
-56490 5167237016
-67459 2197943409
-26006 1328021517
-89325 7417419887
-84544 9049569206
-28864 1079123145
-98306 4328666738
85510 6695346806
-74700 7968021188
-32941 7622976335
6718 5402618691
21599 2818764494
-95428 8250546989
59539 3622971378
9956 9779784663
-79637 3079801059
97867 9530621438
26304 1973301865
-31531 1038614106
-54826 7713748094
51033 8559854129
1422 8563004428
57751 7060560306
39910 2733404969
-22260 4798786832
-48222 9779353864
-90865 6257278256
-51140 6594193020
-21615 4474139980
-80170 2570254536
46280 9337331042
20672 4925639403
-95091 6303800476
-1880 6478975437
-10863 5025252200
-227 3561566082
-95386 3685902642
-7087 3257719460
25503 7044100552
88384 8172693794
30101 2441661461
17100 3726624349
62611 4624603688
-61890 2019628393
-99596 2913088967
320 4465163393
75064 7867273295
25519 3176448542
-86272 7675067948
5134 7215698814
-36429 1162333334
-82719 4954998433
47713 2862415394
-43815 6179030444
52640 7258661535
-52153 9935740163
-95559 8256850448
78229 5499924066
-46670 6382320200
42808 4469959740
-57060 8070957164
-7446 7768857137
24610 4686607086
17750 3529761230
-12049 3403390140
-52600 1559565626
60212 2735303139
-21747 8871322634
66123 2698593047
-47680 6005854836
-37022 7360731167
15008 2866737531
41762 7828739246
67009 8894124368
-5129 4278335930
-32733 2198116322
-73805 3107218376
73636 2760027084
-31833 5450115860
-62334 9492583985
-39448 5696579073
31092 5706480332
-16860 5653614551
33180 9385943020
-37431 5799536093
-25725 9257263067
97956 3772996552
51756 1942076959
47587 2183242179
67523 6588879542
56385 9126204140
57463 8341890636
35264 7056377366
55448 9085539515
-16724 6867424509
-99168 3859226201
54548 6702100284
89523 3201941902
-24058 8609460980
74856 4998820846
83783 5509556643
-13929 488798992
21314 3959687715
3657 8758642318
-3250 3815217162
-47714 3111742152
-97278 7484471113
41429 7897670036
-66884 9343004189
53732 2030485904
68690 2600847764
19924 2808366113
-39731 5643643937
-56108 6129985094
30471 2679754607
54620 8993308532
-17430 8438688206
11881 3747862794
-39850 1886676456
54442 4919744792
-19344 3349719958
50643 7624088740
-86866 6848289918
68931 1223750383
-44965 9865061844
47514 5017844755
35514 5829964828
-50606 5398131777
1708 3666076478
-25443 2884459820
-10520 374650829
10064 8702725965
9688 252464268
-32212 278002685
91976 4923531683
-26433 2241172148
-35501 1853938500
-20523 8255201597
3602 6270555557
18484 8362830831
7763 4970013164
93233 6060508749
-33517 3237766622
78710 8940156918
-26262 5670281903
57408 5006725751
-30584 1228689387
66446 2298061335
-66720 7091588561
-10172 2073377574
54598 9708866087
-34475 2891460788
-19421 2180218247
18650 1992693048
44063 2458092335
93274 3032462154
32066 6951102729
-76950 4087796669
34111 4698327963
64086 5416362127
-13390 7002477420
-41638 5293996755
60043 5855105012
18916 8680202273
51034 9092265531
-12535 5791538858
-14447 2334565545
81789 4265685224
81878 5637788567
-32621 7116036000
10542 5954775059
-75131 9087116508
-40690 9532499091
-64337 2863174310
-13324 6573079506
97807 3413026028
92435 5769208019
-45031 6129944124
25736 5140045433
-23987 5758101192
96180 8829928244
24834 8662466887
52812 7997374921
4671 755343539
22166 5540373533
90873 4596195610
94517 9776125017
-18987 564021061
-97947 4171479254
-40528 4386095754
-35778 6143445982
-89384 5779265850
-23442 5055653984
38194 6893630520
70749 3112909130
14475 4393663159
-49266 4426755499
-78327 3306487456
-73447 2768717345
-67230 4982125141
-9702 8362951265
-72866 4690947878
-54289 8497350008
73893 9409785688
44632 8351458430
-9090 8395755359
66783 3849414055
98766 3692277412
59787 3364124230
20402 4966259382
13458 960860125
-52091 2632315692
-70893 6315213575
-17342 863347086
23355 4392016418
34546 2330998799
-58889 8692706468
33964 5518677117
-61392 3907980778
-36258 6934304032
-58046 6235465451
-75400 3523002909
33807 8435489723
61823 2176721087
-89600 2355464729
-82507 8459597541
37556 7953482636
35748 6120636752
74329 7293082266
26438 6408049277
41752 4296123818
-31343 6800760414
34563 6438783983
-31718 6329544699
-49956 4859016763
-78243 5628940192
32747 3809787411
77752 5708370924
49434 4582432925
-46186 7249923888
56301 9836780941
98961 5685379004
14238 3921176578
15163 9574969583
53196 1176653573
39695 8956143036
-73421 6211238768
12482 6127512405
79371 1806700835
-6627 4641246533
34517 9479585724
69632 6541301940
-46219 6452146889
-22764 4264732442
-45946 957031353
-85005 5955328300
-91619 3799671674
68984 1947016914
83934 7495811837
60831 8276397434
66942 9336159130
5140 6799350941
25904 4942530831
-41574 3966698144
35752 691977375
-23675 3972266610
-51566 7382857494
-6105 1667083262
-8031 7536901316
83776 5661558357
19401 2272644172
-94464 8335734974
64704 4384384759
15464 9705449003
66616 8090699522
56192 9623001093
34683 8473808350
8141 4659302498
-84822 4582831079
64976 8162247455
18134 4089363296
-18540 2587242574
43959 9435337088
-90823 8862992606
-97376 8483488761
1664 7066877984
54551 7687738664
87137 9340779104
93973 7742123832
-61342 1078199418
-85384 4791543161
-19415 3720535397
-41908 3521149532
41346 9056328184
-89264 3738231354
92336 3255666291
-96758 3490676036
-48757 2694084668
17567 7516526679
-15347 5458974645
32601 3083625349
-65645 5215412723
44530 4934883119
7738 7622738561
48030 3894294278
16678 6583552860
-81002 8589360801
-1398 2866225979
29669 7513801622
-59186 4939822632
26938 5126347052
-37961 2612611686
45882 8689820905
-3021 4971874900
-41950 1250546310
15660 3521383474
-19173 8322018143
-10459 9836431254
-52333 4872197156
-84894 3189281375
-16502 2661578916
-43361 7919587898
-33198 5165861177
-5589 7241499122
-27170 7742961069
-51407 6777716681
65301 8831123768
-39196 4101158093
-66865 3512269667
31699 1521948692
32514 4936323304
-95459 5943168128
-434 9818989931
46846 7906767443
1598 3500515557
-66368 6151867776
-37561 6230421248
-77697 8149017778
67487 5173460238
18052 3589667468
-28409 1616382695
33883 4708107176
-9502 3322688645
57596 4631433062
99903 9439112495
-9400 9784210475
-10007 6256653285
-38405 7412156586
71587 2508565199
-55332 5937050786
-41987 2936980974
-56317 9457545368
55028 6413128733
-22119 677707402
-20211 4628937898
53072 861124695
-7106 3406790129
-38118 5946413324
-58075 4944005142
-71938 7784036969
5799 3923343692
-28115 2046005477
-51908 1214563526
-67539 9193355830
39930 4220400454
-23221 5399019774
-10313 4825774862
-24689 2993697015
-24852 7639487870
-81582 5194189039
80878 8306074997
-51501 995651128
-22232 9694377266
-23671 1222804586
38730 679064803
98499 3724280383
15387 5193542099
-66133 8550205187
-59013 8863094714
90892 3937852047
56972 8621561519
65854 1935424809
41692 2278541775
23633 8757016962
67978 2128661702
26772 8146392928
-44974 8753821985
65682 5950210511
41836 4069389143
17407 9658567083
-12397 2475843582
-59593 8626486854
140 2543828757
72030 6083082130
58172 2564660871
50116 4534828152
-10368 9397113383
-87337 7879551551
-23047 7524775202
41074 8937293142
81460 4227266069
-7976 9911611278
-72348 2339857558
54998 2098323815
-41480 6136639545
-38188 8963303421
-93598 9789290639
82038 5351904905
-29648 282222431
-67100 6712740186
-39655 5995327950
-51953 7984170923
75028 2251456247
35710 353418050
5857 2191728233
90908 2249269982
-29339 5981673546
-57018 5926638182
98862 6743573677
17727 596019176
-87202 5411565116
-83954 7015132164
54162 6601480918
5500 8973867948
76217 8403476574
14701 4115617005
-56621 1402934202
-83891 9506836230
-47334 4979525977
-93500 4217778905
28273 4344176130
40131 7537634068
84462 7634151788
-10415 7791211236
42760 9424554113
-24627 9905480216
9286 2726165216
99432 3290158666
-95813 5784033872
-91445 4578801378
-12617 2290965231
-146 5463340266
15306 8632869068
46162 9387643091
-77543 7889603906
20924 5598722127
20848 8427435146
30529 1299715374
-581 9039882012
26778 6010398883
-73110 3603698993
45919 7463319179
87052 5510978481
-93909 4715860895
3956 5660320194
-35349 1103301683
33805 4226008062
-96621 8785549787
14312 7540198121
83084 7803757871
85601 2633970798
14866 7512473391
63746 4725248886
-90841 5329024191
-88248 4730650804
-55811 3169305200
-69836 7265910317
77583 1546435286
32752 9541044645
23989 2135310584
-40012 1008477782
-95174 9198683393
-91264 8090733983
-81632 9704078108
-26578 5230484637
-13183 6734896190
-18010 1854770771
-18133 7725973074
-95929 3266241834
81868 1912500927
4179 8547805115
7710 8374023775
43828 726017544
72910 8147525979
-53992 4309769253
77214 3634138384
-33481 8971211114
11749 1344623940
-62598 5192644790
-9299 4503290954
-53441 8180390139
58702 3367959569
25980 466037420
56288 6950509062
-64035 5319947609
-4971 725330420
-37142 4128320339
-17657 7105696290
1310 8719497969
-4575 5759974556
60686 4925470199
-24350 9343865729
-6958 3843119906
61575 4329922423
88092 5787183422
-71607 3567002125
-60632 2290343403
60280 8084208048
-88624 2316785502
-63645 9788323676
91642 3833498318
-27046 7304017272
60197 4893069944
26016 3313288228
-97332 4320439258
44694 6111343475
89873 9285697188
92210 9335993738
-56690 4986212775
93260 8068530833
-18465 3617816258
35772 2032271993
75922 2704909449
-21264 6539328823
9954 8901585113
-44486 9479426988
-60768 3384542245
-58598 7216055489
72842 5473592030
82256 7897812234
-55162 5861186657
-11181 5739369092
-51924 3652085998
50032 3868475427
69426 3392482861
59580 9900724390
-64666 9034592064
-7115 7243993497
-33752 6470394800
-41157 9588503392
-42788 6318196134
63382 1363624823
12166 9765907550
-51992 1147092203
-99128 6618662996
-55857 5791527587
-60401 1270769064
-16586 8175642327
-55680 6819378929
81874 5101802627
-51286 3713652519
27981 6474333442
-48175 5212836501
-51712 3167790600
-50024 1623593159
-98667 8662959652
-19576 7811612810
25097 734020661
59088 1858953695
88864 6659292483
-82033 5379456698
37832 5861701899
-24284 7152127182
25964 2508188180
-34502 7284199091
-19404 3199423273
49639 2878515584
-87926 3556007226
61741 9600866424
85500 3479266679
-5721 765270983
-51373 8266537446
-8495 1936701617
35383 4079990148
66431 4001921778
31510 6564354132
-48446 4525404806
5000 2761284995
-243 6167753518
-33880 7107371943
-5684 9498149874
88818 5488244215
-39586 4488768554
-35601 4553405114
62397 3112121602
-13860 9924590060
-28011 329415566
7363 1820551175
-17854 7486732070
19180 9821662580
64213 1570394829
4349 7700736269
-40438 8890417691
87624 4925182964
95786 9826772643
83620 8326396292
44217 6492814046
-7221 4971442652
-46180 4033210298
-32983 5504467137
-51111 3302959900
77270 2774049411
-5549 6982305615
-75588 4338758839
86241 3343967074
-28298 4220750451
35382 6659022440
-14852 5370906525
56676 9840123178
57301 9093349349
-23418 3158178746
92272 6035384484
97663 8631763686
-32060 3021405878
94220 7842690777
-54516 8434847248
68766 9153971299
48386 7628682087
2507 1300087064
-21252 748880341
30587 2376955998
34992 8685991457
-11840 5771342532
51378 4600556161
37699 2321301878
39052 5014958276
80515 8307256979
43458 643890548
-63272 6933780881
75183 4797383312
85514 2540756406
41008 5753658374
90813 8438515745
-43974 3828022703
-28303 2676568701
42200 6351801257
10772 8665679882
-35467 5891131494
64665 8081356453
64212 5349852817
74100 2097061928
-84058 4904228727
94362 5134687031
62485 4783483709
22214 470472216
61710 4708359391
-38033 9057741270
12293 6605506137
-95744 2828365164
-46667 7817724522
-35635 6709559346
10833 5010898600
47322 6873300037
-22854 5383111741
-34696 6087976016
-24761 6991625552
35637 2438127742
81974 9539654921
11843 5747470698
4902 7889726155
-93096 9416362802
59693 2437750592
-95666 2408670587
-11190 8804318992
-92903 3691529006
47043 2370819434
-37823 8471637998
-59484 4987640026
-16720 8268825060
-25330 2812255583
73794 3959212388
49196 6355305110
43685 8563554420
13330 115236699
-13325 2248726491
-76440 5611261682
52181 1265334450
89526 4691679122
12111 2471428796
-98359 6862279412
37094 8538386201
75760 7813040030
51429 9953263990
79971 9048177622
-82617 4856748679
-60360 4400734568
-21893 5521081154
22297 4995115485
-21665 1286913258
-1215 7574826341
-52537 7487099868
43762 3886394120
-78915 5853627436
-53991 3725935562
-30472 2033054925
41095 862069284
9974 9127275260
-7795 6618461525
-38078 925661984
45026 8336749560
-16699 7955353184
-73156 6881402933
-68903 1657539765
39578 3985974960
-19060 1641062681
42211 2761025870
-50575 2744863362
-46207 6640801770
55750 857062584
-24571 6733623498
-68330 9559582961
-7638 7486916303
-18547 5582655261
81703 8676726854
26462 5422900772
51782 7238932103
-12361 115768464
-27660 703361750
-5546 7250449040
-90560 5938092698
96447 3263042812
40402 8714871783
11617 2471904878
-74057 2851736943
56271 9903104258
-29262 599881387
78172 6415436903
65003 5500881275
58151 8346219956
77560 5300561519
89484 7132523257
10767 8103960788
-19627 3338792750
24100 3939291297
48604 9816312720
-31720 4201951187
-61217 9903782331
9691 1199923947
-55410 2055636413
-10300 8288773931
56822 4177719342
72527 2057106062
-81738 2112367796
-50262 5803667816
91897 5625046530
22708 561399671
-5669 3309826868
78612 9053976301
-8083 9048666437
75023 3351162126
-5534 9442022307
90159 7942462048
-61702 9271191288
-92154 3237304943
7683 2818031027
32483 4620951798
37027 9416613431
-23734 9876265422
81425 8249660637
-72964 7008494772
-36013 6649270512
17230 8922003975
36448 6163224707
-82955 7359445965
-92002 3907371689
30093 3319107965
-23349 1839039943
-12880 4220331225
39867 7890001490
71518 5816489907
13490 271666976
33218 2860032800
28101 6444030866
84358 5635404075
55587 3113923790
-65911 4681229742
-87921 7973843027
56180 7349042814
28542 6395827619
-46076 4165853036
4889 3818609081
39756 8595358829
89226 8064325397
907 7107157854
-3137 4055935932
-51978 2722214969
61434 6475246228
-7102 7746222779
-41170 2410721040
-12606 7440443732
18790 8445783410
-84108 4455840013
-26921 6933706302
64621 1430509317
62257 9169006206
5341 5727807098
88667 6890471216
98070 7531029467
-90988 6071004171
-82504 7362150959
24220 5365283550
-40174 2736504503
28875 5875203904
-84844 6249937346
-31942 3999311753
-41013 7719681502
-84304 6839599353
54277 7861329224
90235 5154483222
31894 9237650580
57751 6712453160
-8369 1952959806
63896 8458147643
-73940 9984527622
72792 2039927036
73536 8964312986
-87073 8523683534
-41951 8468043378
-52124 8805006509
31255 4205739170
-75477 4939306616
33209 9602944104
-23949 4188254260
-92360 2182751880
-83546 5995809167
19254 5203694756
86942 2200651029
-78294 6099302482
2250 4898103713
-5929 7372412780
-92115 7614602521
-69176 2748598698
-38018 7587059831
55400 2536417313
-30631 940377990
80670 5481825958
-96466 3533231903
75727 6283276766
-14577 7658732635
88041 4336219996
50137 7261284318
45379 9908644212
-87515 7165473314
-83526 5604106703
-46101 6049282612
51817 4513461069
-49387 3277538985
-50247 6152366962
-58008 1519799744
23815 8754593652
8090 1012140806
12962 1785547938
45370 6628942392
10656 4581040256
17721 4980282320
13377 3520948213
20076 1614193273
44362 9622381695
42788 4063498862
-92446 6686080356
-73780 3924691388
-3179 9596462597
44895 6093310084
9759 1853599922
-28210 6247074149
85716 2325619834
61745 4078918416
-10502 6248122859
-23580 6944277925
75695 9282523176
-36617 845815914
26071 1310425943
-79933 4294136435
-97556 7816687983
-14039 5998892658
11214 9156024389
-86188 2574751368
-84958 2111780768
42660 6410025067
99190 8845404770
-23706 4703657020
-16011 4739763778
53658 7604596973
22672 1388792027
-59309 9596969204
67020 3321129418
8084 5971092359
-62146 5654507906
48381 5233506421
80315 5233977402
6122 4797740180
74694 5940493843
73462 9737785497
56735 8890617408
29083 5911867242
71056 5543486684
95019 9243979279
74240 1488632790
2948 8965772993
18377 8750874933
-62490 9031740296
-58234 6278416865
-76683 9952011376
-71428 6854407071
27044 1337229198
96408 9207304576
-83371 5661819002
-91693 2589107918
-28098 2807652119
-24340 9132947789
-51245 2670968190
75130 1868380416
-91524 2661582077
-23971 1948389914
-69963 2463501112
4364 861205151
-17566 5810820869
21871 7133227998
76518 4412924623
-1942 3843214872
51235 7565058423
-66424 9582609480
-55855 3895529648
-56263 6772953056
66070 2854440201
-14353 9241236407
22245 6512417153
-6852 9634594193
84176 9030559581
-15616 9505354266
74057 7878631188
-4741 1398498119
9599 8361586892
-95828 5299414176
-35374 8420101790
-97096 7292170169
-10022 5132886332
502 7721493
89414 8681603046
83254 3029900124
46573 4443529422
70298 8795992562
23827 2531911502
-31870 1691244489
63991 5602959594
46614 941453531
24526 990055809
-97144 9427382400
-94248 8384372402
59614 2619511427
1864 9526249682
12325 6110204400
47861 915759326
81554 3307563479
-14084 7004359682
-26891 2739152841
8178 494190773
89774 9874413006
83030 7560575381
-55161 7271380790
-49306 2119230863
-15798 2653399703
-30223 5270961246
-58350 3647536501
38741 8757330569
27513 6905429905
31636 9489547236
52481 6688153910
93853 5160190320
2169 3033225625
7024 7709232438
23605 4793138238
-61657 7280806962
-15554 6561259164
-65974 4523108202
65154 1756370081
11240 6592167038
-837 7100889716
6161 1382493326
30829 6101410644
27902 6510665783
-73874 6482809224
44321 5504506301
-1156 4243281197
-13132 1677321660
73863 9474364039
-5159 9100521489
66810 7176093821
-65996 7512007709
94454 8160835560
-34726 9478457169
-2587 6497342942
-45075 6913395784
30468 5727238207
-99956 4902299534
-28103 6602404400
-26306 3091952762
-30167 6978025014
76072 3916562888
-8880 4117364063
78512 7494991439
15048 8000066968
4885 3040502250
49663 4921381971
79490 2928307427
-26811 1466468870
-19010 3351090078
-24290 1629526577
-63534 7220379682
-19431 6115962830
-49822 6268736903
-52979 6819717932
-7836 6142807949
-76537 5764963947
-58338 1141332866
62297 9470071356
-29063 3506278832
-27563 5617327434
-70682 3661050812
-25444 9504223232
-52275 6298081373
-62777 2566121180
68042 4097657382
-62365 8113945374
-19462 9616122614
-45481 4644018899
5537 8126339133
-54340 7369220021
-95555 8251276302
17409 9523397341
-70536 2855857099
-40315 4891030890
6352 3650165838
52185 9904229365
64817 8371320102
-40848 5278019200
43892 8398332240
77271 3855053378
67697 2532555981
23098 7720469798
97812 2676922412
-24653 5411475087
-83671 8987894937
86008 4169317187
-22167 3455205725
-85314 9518635004
-94814 8987182494
58754 4818701684
-67016 1811269233
879 4390098047
-56328 1519222067
-55835 1113859752
7184 8514049965
-48768 4802065636
-46088 2908280670
22850 7634641176
3108 1013587720
61005 6768928480
-38355 4557697882
-54554 3923272116
69298 3847071000
-40745 1719151187
-40596 5316070553
-85215 8391637546
23872 9906877400
-79259 7636751973
44055 6144685864
-50742 7973091499
22433 2887632444
40454 5032541331
24812 8694212867
8837 1011748005
64365 4605322208
24629 6735110148
37944 5796776710
40322 2773704543
-42845 7114014935
-80107 8729244029
97558 9953663415
-40227 8570456084
84789 4852719374
75442 8524182977
32363 4392211790
54810 5358819232
-31654 5176459739
94426 5371182996
-1826 2774504880
12604 1667514063
-76549 2728949288
43312 3816180915
78823 8074627932
-41065 1209215504
-74251 5670418941
-78193 9970832010
-37620 1782326051
37392 3458529547
72844 6077442891
22616 7680962972
-4429 7426024976
-7457 4051297122
-18562 3685188548
47265 9684750262
-18264 3224472433
72890 4516575459
15168 4278655072
-4408 7700222528
70103 5598681071
19636 3219891263
-61536 9125832400
-29438 731593004
89231 3718813731
6789 9246468053
-59496 7865891749
4262 1816545848
-81580 3694877967
-83335 7264800984
-58688 6573225210
41084 2876830175
24390 5478445639
92163 8863165694
96334 3208135124
87361 9812046161
-27136 2888992910
-14730 7390072078
57824 4271348343
-67658 2033756021
-96537 5217184700
-77066 2763996632
-39835 401367144
42928 754460574
-94278 6524154739
-56980 8797500005
75657 4511434066
-93837 7661238235
12992 7115361570
34233 7129591057
-41151 2224865278
35919 9353100347
-71326 9130685442
-60345 7506440455
68269 5149393488
5481 3118457926
55077 1348829962
28827 7367923556
87755 8468089542
-66536 5285469713
-26704 7241684030
-63607 1478648589
-58238 7800151121
-65771 9690725438
8195 6269335602
-51977 4170457247
45710 3394341365
-15450 9759074348
35746 2687086740
78861 2598717692
-92546 5162492337
48969 7499672288
54831 5027686078
17414 6422640509
-72856 9005025656
64416 3469555813
41658 4571581340
13412 2310002499
-49528 9529811202
-92115 9119414138
50798 1785658304
26149 1875018293
94380 8977413539
-29673 5162156288
80224 4469907509
-52919 8007915917
58996 7097791886
-66971 5877988784
26176 1607324096
-28055 1193253242
59864 2124459695
-86699 7902984788
-59513 7998585390
-45614 5833069989
-59152 1960994180
49922 3480721065
42401 1192261802
25286 4957213971
44821 679422720
-1612 4666828641
-30277 6138719715
88540 2374803534
51518 1447757241
-18838 9687036458
-54235 7398534222
9213 2920254460
-17369 4008367611
62187 6817004116
15918 810761663
45406 2459447328
-3480 1741881634
70992 1494109187
-90856 7984519310
-51962 9425047260
5262 633615925
-5966 290699277
-20704 7886085396
52615 5124604200
-97331 2549353817
9052 6475066272
44383 4026461999
-29646 6554042275
96011 7997550780
-52358 3210155505
42264 7921430383
-9506 3254604995
5482 7124501021
54564 8686714295
13702 3185199314
-26501 3828008282
69657 6506401286
68489 8242163298
35021 9003687036
98736 3311538190
-25054 2722193622
68414 2840384390
-37464 2139128879
52772 7202198718
85581 5843983732
59848 1744822473
-47617 7043872787
22146 3879290863
-1720 9862609434
-12701 4848219470
-2698 6724979739
71726 7868620869
54106 3148002851
10304 6936486357
-41898 6037280579
98774 6116452118
80860 8289424751
47464 6421460838
47246 5897802108
48667 8328865931
47442 8374587377
-35696 3720751695
48167 9285404006
-70122 4882214312
56699 4846022319
-70710 5560043108
34638 5736661454
-72223 2074410909
-66470 9150529944
-72350 3831537107
20044 5522308941
-71138 5504517035
-1846 9656468316
16286 2152415906
14926 1861709364
99714 9606647357
-27083 3536698005
-6681 988432447
87856 7031397714
-84023 9674635668
-34508 8996492061
50867 9864316734
-16490 7155769979
71278 4930979588
-74232 7649554105
70001 7856543796
51970 3641144060
-98847 2627805742
94769 7840909454
36434 564946364
-39100 5065165173
-73277 9489486794
-23679 4973043440
12710 3053601011
-19629 1717477403
-24388 7672739553
-9484 4524527712
36627 6932098028
81621 7261760293
7821 4229937338
34764 9736839407
59601 8584308014
25102 6079923932
-78622 4982390823
-3365 5671407354
41968 1057721516
-99078 5515170451
18951 1583534024
-65060 2997626972
-52238 5295946035
-88924 8017375475
17396 6191903486
59964 9110846707
-89727 5558800538
91660 9263348181
-89206 2769612629
-10840 3844370777
87951 8504222179
38674 1843163787
-3188 1860456320
-93555 7021658302
-51991 4467708321
-13319 7774483166
59735 7610385803
-62870 3958117419
-77715 1760993152
59981 9720951968
58328 4631453970
-2929 8311919924
79698 8798358919
-18712 7687870673
37455 2746249103
62505 5766801773
-81193 9191731583
40876 6730422708
-39917 6256203063
-91626 6906855539
-99183 6906311921
9002 8456404145
48335 8034284160
68754 4060374890
-71051 8903224398
-32292 3393060133
-7120 2557900491
-83572 7786203597
99043 4316527068
96951 8236508278
-56948 4519502531
-42796 2717824580
-73832 5398390617
-54373 6315701027
27522 9252183851
-49564 3427144398
23151 2836654480
-42300 3624171473
26014 7266247431
1579 1071490206
68912 7641288740
14836 6165193595
-98288 5858516367
79162 3728861955
-73789 2075460668
-14303 8893977540
-2050 2417259032
-9610 2026047989
-374 1130218196
-87334 3538827878
52747 2329698815
82474 8155768962
38849 7108319796
-65590 3379327871
34884 4042550165
-14037 63345659
576 3907265224
-29106 1060869562
47252 1560282254
87483 6296834575
99619 5708367647
-12809 8542117650
84524 4594953026
-84833 8943549408
-33137 2147811426
-96780 4135806730
-28533 8409723790
44414 8758674204
83600 7509569150
-56573 1199082948
-97461 3874426184
24180 3943338158
-3510 2965068878
-40645 3473533490
42372 6052704877
36523 8670847983
-89545 4275827252
-61060 1940059320
48311 2624030450
3843 9242867167
37199 1147876911
46096 715599111
-83192 7293166364
86610 4397892079
21611 1870011762
15751 2110087935
-81697 6142256811
32711 9022098294
-31943 2441508654
-23422 9397905896
-58419 4228582534
-33152 903258788
-54339 8827863490
-69348 1300006387
-11380 4200136614
-62004 2129119613
34894 3368539295
30063 6519997370
50270 9954178511
86303 4283009690
73000 6250934150
-35986 9357925842
21582 2331989633
39094 1693448036
-82787 7521870974
39116 6452962002
73436 5332003833
79498 8593089485
-94949 5612855348
-13246 5629646690
39794 5273234070
-37678 7050372386
40400 1494024926
-53927 3147505356
-3600 1481197837
67575 6609601907
82381 9785047080
-24125 2092042290
-28093 2517544263
-89827 7115299706
93621 9299497486
-53573 3222844896
-49444 7634808968
-71886 5666004713
-5081 7668181004
-26389 5147050644
-59057 7131745731
24287 8826208514
25432 704432493
-48741 8394922319
-23924 5025876233
-5848 2238525705
44339 2568904502
95182 6686516543
-26800 6574979366
39663 7075405576
-21139 2566872296
-79459 4644038154
16834 4511502266
19439 6553217367
-21623 2466479277
-74716 3328099050
68326 3205343073
-99965 8972471772
-20628 9140146424
52442 6952741437
49645 7433580237
-64450 4454424935
60828 2087618141
26437 4339619310
-607 3956225045
67870 9758356200
435 3331593419
92290 3947378475
14866 1131177032
-67697 2280606684
-7331 5195163372
36567 758520107
71962 9889153221
58558 1119845148
-72916 4235018546
-36213 4434738016
-88766 5545684095
14981 6420838304
-31406 3056912159
33498 5701075618
-622 1615147884
37895 2426120030
-67984 9562362419
-75002 2970170846
-15351 9996025838
74966 8463269607
43228 6815306325
-19605 1849758398
45430 5312167098
-3534 4573980313
-16739 1218351366
82651 3421304010
-2814 5310159014
33214 2084010542
61082 8561631299
87105 9486410492
-6187 8677319753
40935 9690898783
-44222 1313641190
-22302 607958864
-14354 5564368142
-16415 5397059142
-68301 3216366872
-19408 695058807
87866 9109581093
76388 7357467618
-12921 9487707608
-32490 7132000201
42153 2025394888
-70314 7976865092
22262 3027792791
-33713 2279859972
-57625 3029559968
19408 2121319982
-32010 5734589072
9435 4456449602
23760 8940247063
6197 3867455861
72282 3646144183
88200 8052660881
-4421 7964719979
81027 9749641994
1070 2612262641
11405 3231664544
-97219 3905320874
79470 9444525671
-94873 3934027080
78618 8853184591
-65372 6875759577
-78828 3219442510
90581 9298295108
13638 3734134511
27658 3607234626
95976 4975021199
91070 2912101692
4391 5424899559
5282 460710026
49143 8798980852
-6544 4962420069
55333 6885750645
24742 3824258235
-50203 7493347821
52505 785983137
-47692 4217771193
64678 5325534023
54234 3855806827
-69776 8967151941
-69035 7657547109
48302 9651503799
26404 9417612284
-56814 8246186521
54214 6563668406
69732 2811435595
47793 3023888912
36016 9523997477
85107 8878130258
26184 3034705751
82771 6073110786
71621 6282871649
94403 8366186699
-7559 8197211097
-5084 6824678421
81509 5151609509
8762 1928706773
-70676 6963054500
48869 4002980505
-17133 1004095706
77153 7535579660
53323 5407360512
-16587 4830831028
-60055 6446056956
295 9672439778
47015 7611689418
-62207 6524892633
-28117 6463827254
1258 9453119330
26258 7908900438
-2879 2608351386
-59550 9276015980
74216 8516656877
-61963 4276722405
71486 6607619121
14588 8135334026
25718 1122182010
-90436 5269362933
-81770 3891281454
10532 7132747089
41475 2619054848
40905 3831861197
21213 4632541048
21739 7768298660
39518 8609018355
89106 3581334437
-37735 8923116141
95454 4753014787
93410 6785616252
64248 6005018642
-18056 1291910472
23071 7073342174
62309 7675863870
20044 9972921587
-66794 8465649254
74120 6489734901
-35804 1376967731
95003 9831921095
60399 5071114252
54130 5173265663
32448 9774836632
46812 2267695229
-44225 1393452143
-36984 1267314026
-52873 8296550894
-8342 809867354
62889 7712301161
59637 8873136778
64603 5686224416
-8076 8308566734
-70488 6414091924
-29886 9632802032
-58228 7375310565
60923 9813765326
39444 3853514083
-50445 6569423294
55945 9415953042
40279 9252358944
60410 2582656644
3649 6499917264
7974 4623697234
-93665 9855740390
-30580 3369946446
23215 8682071306
60548 9990180629
26538 2761825132
60044 6614239901
-69665 3726460983
-81841 3380058335
-3668 1962700100
31758 2573424856
-15557 4071847695
-65568 9686169260
24696 2347001035
-98083 3713045426
-47104 8580508247
-89298 6021657109
20673 3390105713
28812 4572118762
-93902 9838259417
36085 8570560310
-51855 6451419076
25890 4607407882
41751 515812231
-69332 6445094564
-40733 1925259234
-79416 9497773672
-51033 3275659762
-75045 4460978746
-27847 2853101721
-86386 2337424316
33664 1254489731
-99677 3156142692
-8518 321572111
-68990 5907543213
77441 4304480976
505 5811580272
-43974 9469079129
47552 897602055
-53812 2672642447
28753 8432177988
-41710 2147245664
10370 3820814358
-70148 8667758387
20297 5199038777
85187 5868042942
73704 5100967970
-92198 3225056874
-9040 7090007433
43438 484386095
-91153 9577799684
-29661 3738013004
87774 4096581341
32823 7924002772
-97543 2714838122
59624 3927594398
50761 1796522762
1767 7927638071
36368 4469974094
74221 8413116861
64465 1209741740
3703 9555458580
64077 6755564377
26826 4615067498
23572 506126358
87384 4624887607
-43029 4012652095
50810 5279670941
255 7227747820
-96106 5298800655
-1615 4339476144
18039 7084905346
32885 9594059172
-79578 7422397463
54834 2670161954
55885 2839131114
-78916 1646229915
-25844 7181149658
-23068 4416521744
16361 5323762746
-59410 1164720132
58948 9516307149
36639 5264537174
2469 9914453053
32331 1418958343
-6032 8288817884
-10236 3149620175
12274 3060503238
38523 5809261010
59822 6617252508
-97336 2420728539
-49188 9000200723
-10779 7005378136
24322 6261155304
37006 3582115613
-10473 3609357466
62737 2906163230
55408 9632342205
-82157 9192714162
-12161 7275529934
82369 4225106426
-28864 7866681123
-39409 9920362551
93501 6730094065
-44656 2144334681
-74571 4038324568
66719 3438060080
28222 3685029246
-24476 5478183645
18675 5845562075
47798 6675441665
44279 3772796682
-52523 3607201850
-15127 9979822685
-76535 7828370214
34838 8558828739
-55211 1718866104
-80016 1731000556
56773 4428641465
-52109 2389070640
-11540 9228820473
96412 3232579578
-34703 2574247976
-32414 6567722675
-17922 6403297157
-71928 2749140764
-65118 3680448536
-80729 7299016410
-29278 5183087634
-11204 1591168394
-41882 2832393624
-52181 4271264096
7835 1422770294
-12487 61002218
-3559 8298019604
28391 838720428
-25088 443453031
-95368 4609064445
28856 6530963030
47840 9747952989
-6851 9549512840
-25707 7696761208
21263 5600555462
56120 1352685404
-74401 2361666018
-26858 4493509235
-41772 5446661441
-33090 6862804883
-81035 6992516057
-16395 5551462370
-30700 4188824211
72751 9485468214
90329 6128776284
66981 3929653354
20695 6347070459
-96938 7344611093
-82471 9726909698
-37996 8629302591
-16642 8096396334
36061 8172950106
-22458 4587864527
98787 6612055303
-32298 3879379982
-26071 6657573396
-86862 9299124470
-14892 9756195871
36025 1256489774
-47051 2557337409
326 8439910307
93165 5138084566
94641 6613698772
42025 8371900394
6518 466093500
-65606 4279609491
22116 9908808224
-64028 2416231544
32247 2173433111
78207 2393485490
38390 516336557
-57338 2445790838
-31005 2805280340
65150 9215881125
38980 4871300730
-29864 5891863278
29358 2568512332
44400 6248839967
96492 3604937911
44328 9229881214
-65797 6094684698
96009 3985679470
-94353 7401302038
-99390 3577271108
7971 6844182199
790 2238689640
-35174 6017323160
26185 8046535338
15858 73905368
-39383 3760079349
82587 9270881768
40977 4353815414
-79859 1825003890
-78133 8616192303
-41832 9783566825
-13148 7060865555
66692 4591218611
-69944 9711534645
-46520 9852933450
14446 9136844942
-43036 5750347727
12264 4824895124
-9888 1234949600
92842 3561786932
-42546 2043408809
29124 8818946264
62016 8804477141
-34534 2364455588
92591 7061103975
-92024 6716509397
73278 3920872735
82566 4944320074
-75117 7810174259
-96122 6418649145
-16518 9025755595
17930 7442916072
39996 4170619861
-9722 783924333
88555 2024112759
56394 5829093100
90479 9765364806
88411 7286601930
81270 7705991705
59999 2661941103
61616 8456912783
49116 2446308488
81472 4013815638
35749 8015438333
-73798 4992059327
77096 8274196937
-28806 4166709902
85357 9334366052
53359 8122177023
67681 7287694364
88444 6577876008
-31185 6448292048
-21845 3853326734
21842 4724440184
-64888 3821973060
34910 7316349507
-42792 7823196406
-13707 5197447973
-30777 8787747220
-17821 9377460783
31206 3144998441
15038 6615268307
5878 182947569
92943 9789188588
82102 6016829139
-81611 4763246552
-69546 4451940239
47076 6064218599
-2994 5944721693
-87594 3995397863
-18496 6730428771
26059 6741701004
29981 3371617605
55233 8407085168
70872 3726922087
-82821 3553413272
-7872 4460884357
-95197 7741924418
4695 3609879256
72739 1495432263
-37635 9094801757
-32184 3415683332
-18659 8325943728
44657 2916895502
-6950 2682067605
85776 7063023940
71068 6214795914
-38736 3466906402
74908 8362626242
31096 1987697561
-5396 6616126746
73589 6076146705
7838 3976926489
71937 5411815924
50369 7909943186
29500 5431954974
-19626 7694174134
-39783 8977785829
84886 4061690256
-20751 6723845689
-14072 8736286265
95506 2616636359
89185 7686464598
-96686 5019521376
16317 1725273208
-38286 9655412074
-74038 7989943901
-54651 5237405344
61615 1705260047
80278 7404834689
72067 5151460986
37340 1851872969
37503 6252883175
-7475 7611768701
73081 9722901534
-43036 8237931431
-82089 9974010686
-61804 5808947553
-21428 948434975
58724 8723647352
-92993 4352026862
-55916 3179732235
-52038 4792168351
-28624 9120808428
-13656 5336561347
-32824 7661602014
27753 2820633985
60101 8436776994
-23601 611584166
25709 2396438528
-61733 2250343764
91393 7634796876
89763 9694321099
-37568 8764733723
23026 2973092958
-59115 7556481634
98875 6201582704
-40168 9963066951
-533 7151014563
31025 4468297290
49558 3226931202
719 6526020416
35315 4465646498
-9375 8000459998
33845 6313693590
-23072 9398094527
-15649 425632847
-11290 5365387235
-57844 2499506634
91541 3681574581
-11416 5258232087
-98886 5283736966
6875 1230408626
-90230 3452256201
92903 4251267464
36270 8213580914
-23508 7605604033
-24260 1207044777
79816 2163942944
-10614 9706393801
-11301 9145490326
67854 9813736189
67010 9067426442
91458 7042878734
-16280 2799054620
69854 2975384382
8993 4907855693
43837 9772946280
-37374 6125532161
11874 7473356300
-83867 9143097944
57085 8041705520
89893 5055360678
26114 3433297346
-68972 8213898696
66435 9781940696
99315 4039905526
-20252 1794283443
19880 8750773980
-73948 6068931357
8708 9838231584
66629 3783113529
22646 3736367222
79869 2779230602
-19554 6957125983
63978 5146476053
-35878 1173551597
-26088 4893097526
-99459 4001856520
71010 1400733079
25702 5156172516
-82650 2313202928
89372 6513211790
29468 5254895231
-82274 3372785765
6736 3386468252
-99019 7640545449
50262 2313960407
-531 6664827260
40832 6043820546
-7874 5211595343
86492 7804115871
19999 2525981466
6757 2384219322
-43676 1300636961
70768 2293021322
16648 1871513534
20816 3144286094
92871 6284573135
-18291 2101954756
40848 8415619580
72135 3759123604
96299 2639926068
4944 9980754638
38840 5176436637
37045 2718559806
-96711 5426459494
7363 3211273650
43616 8807708423
-22560 1240274110
-41100 7031022767
-14260 8743615676
43910 6328558553
39904 955224557
65618 6340205772
6950 3298601091
-18216 8942348462
62330 6497572442
-20278 3200068163
-86670 8814597280
67070 6506792931
4452 7924205758
42472 1093401653
-23320 5564636694
20274 8984524001
21904 9700353725
-14177 386722491
-14210 6050423345
-60573 9648621220
-82524 7213361875
71438 6894736613
45550 2443670187
38497 2646099989
-13417 4700349926
-17897 5965614378
90078 5568124607
-58827 9454898330
14505 764978153
58832 5738422641
50427 5165391430
-45306 4268197721
8274 7477420436
27365 4376626958
-43617 1059553678
37301 1562011346
-95479 8300805860
-55550 5028360483
76176 2268829889
67302 8524348094
-71314 9655133663
-31184 5577392037
506 568624911
46207 4445447840
61754 2124765003
-6825 5458163066
59694 9056618210
44875 6375340850
-2745 1054385468
-31893 9464877746
-42072 8842201600
76320 4490964263
-40530 660639217
-40556 3114291383
8080 9435965891
-69848 8909832035
-32150 8860566570
45925 3657492224
-52198 7328841033
-63869 2739581583
15012 3483582962
80157 6073000145
56750 4963578551
-51994 7279196936
58011 4012474700
11337 6370900546
-6646 3457125087
-76518 9689353081
61644 8664405254
41691 5963597059
44217 4899270292
52746 1129973395
-61218 5115756307
-30726 9800484752
2675 6507543423
26461 1690170128
32358 9268405559
-8219 1257170262
35655 6882692831
96499 6121800336
-50108 3463655532
-9769 2161021038
-49104 5435367283
-61715 2819666250
-37288 4430011773
97614 6819909652
23350 8066009879
98876 7112302527
15381 2480147269
-74974 6812614938
69702 6736930799
-54402 9859219360
-50544 1313403166
633 7126205198
-39272 5442035814
-27017 9604315176
42685 9181806156
57109 7454461784
-47883 9861606310
-33965 5610950043
-90753 4086680819
-63778 2772219645
21965 6365028041
77606 5617397310
-43301 2585653031
66250 7895748338
-4918 9074425199
-27679 9382584882
-89463 3265547810
79428 9872588075
-91055 4995363161
-23780 8316924411
-43780 4434581850
-72232 9537637019
80641 8796248052
73739 7256940903
47213 9425240033
60713 7832451552
76845 8133974509
94506 7490593693
-43586 572558139
-53358 8386417217
-50935 7870055288
-7781 9719182638
-97840 9095736951
-55074 3076728461
-45652 2801301932
-62105 2553110360
14222 5765910257
78608 2477984396
62272 1842442131
-88778 4024574454
-500 4682052237
62058 6880631809
-91490 2401493333
-8295 2602233497
52256 9429219599
27952 7683120219
60555 8503249234
82939 8932187283
84756 3512217355
-97522 8159254368
-59105 4576660736
-34009 6383749526
-77122 2272197879
42912 3086500139
7578 350163665
20925 9281277769
-34462 2520555954
77510 4704544686
58384 7083266382
20336 4006836918
59508 4488015547
-7117 686190587
-45881 794213744
13350 3558781862
-79001 8937585968
-97308 8308717162
-87798 3827644631
30846 9381293396
4067 2466222800
56662 9836430596
75949 2489319734
-77344 4513455077
-21179 4810343964
56231 5825437859
60168 3061800949
60696 3275593838
6315 9179289307
-70184 3204759234
-28975 2746083006
-46480 7822697652
35290 9953234466
-92069 3784011612
72674 3669187137
-81019 8745464553
59750 2614237989
-31869 2022366046
-46292 7316248812
-71256 1948827878
31699 5208318602
24632 8788569725
-62986 9918367403
89326 4106473686
81636 1906386292
-8867 152057900
90770 7237962144
-48369 4716880184
78552 3718577581
54010 4760840829
5412 4401709457
72848 2313935357
-67504 3901529508
51332 1402778216
48144 642399031
10072 1894443200
87 2815233755
-11580 7101600700
51276 3491614613
57969 1192916137
32342 8073015545
-91144 9590147705
3427 5267275544
50592 7485571685
-27633 4465783307
-19385 9682874922
82402 7093597934
85021 9700466060
-39975 1133487484
-73568 9840493124
-30184 7355898894
-43395 8928035504
-9038 5833019106
-91044 9997866878
26754 9354891493
-49344 2904667375
59082 6544237381
69764 9876375170
58401 3304316896
-3573 2634193195
12649 7073797920
-68692 4059595097
-72188 7605003213
-19423 746696445
12686 3095760683
95032 5138523167
37406 4995520953
-88221 8199623743
42504 4763403424
30735 3393880735
-51149 6497415794
-94580 8320662026
87371 2358801614
-2804 3388015643
-64727 8224323149
-95333 8600808023
-64096 6456505571
44365 3564374678
78305 8614897193
82760 5680150944
80229 3114467894
-31343 5818095668
77297 2426224010
99601 3262560032
89166 4124130365
-8164 7743566669
-12075 8021336674
-8330 5003043069
45159 2486324228
98804 5236501773
63663 8222598404
38682 7198026443
90335 2964490535
859 7241574528
-80898 8428418824
57357 9565945066
56028 7198749917
63177 6792975736
-48810 8865036179
6713 5664093833
-96130 2472146154
66509 9119763369
-84363 7960716101
28418 204523614
-57162 831728299
-88223 5598774789
-69204 5888900422
66942 8635478770
38296 5621499579
23520 5142457409
-48965 2267455622
-3162 6982497235
-17769 7665147946
-59141 6470901827
3665 1481138000
97272 3802865138
14232 1240257034
88690 7002869115
74449 3092346542
66442 5547063917
-821 6310350843
96596 2932969119
-24789 3827250802
73701 4756856672
16622 7068443394
-6586 6914301327
47840 1350210788
45220 8866439436
87203 6853135787
45642 621948221
-49899 9762784346
-38480 4255869186
-76192 7879935765
33184 7681740540
-66988 3987615698
38690 1702237005
45262 7769654915
-62045 6372541188
86998 4650706625
-28915 4943324394
79918 3707409992
-44010 2360413091
-23397 1127465744
3124 9905619564
3850 8920610523
-61544 1982691632
-38660 8607485364
76812 4014995065
27696 8581607339
-13608 7245247873
94072 6041443286
-74334 4223584403
31991 1563539070
38151 5305435474
92570 7633622303
41799 9429248258
37342 3095699054
-88417 6126066720
-92844 2849955805
-45586 1778361551
19148 7297110663
-84826 6906471975
53746 7886389638
-49750 8661809010
65242 3605945630
-24902 3819587759
-76266 7692877348
12701 4852346361
-1667 155803506
-85335 6839486524
95890 6014090138
49329 2518772576
13857 9857613898
64373 8593769006
-83321 9143781878
46370 7930843058
-41189 518507823
52392 4901057749
-49193 5560609535
-43562 1067319824
5965 8371949865
-5708 332659055
-62758 3349270308
-61120 9116464578
80764 9841123602
51675 7898346856
68269 9329061573
-10665 1325368090
-47143 1960068020
57184 9358566521
-8738 9928776917
22265 4112740658
-43172 6499927848
-29982 4447868033
-94072 9901048911
-93345 4612508363
-70031 9844497497
-34131 866311958
-10962 5248135424
-20639 1248342677
53772 734070800
52702 4765209878
-37380 2347226432
55606 3949384236
30376 1473720888
48505 1007135328
98546 8198822460
-10691 5066505740
89088 6801893390
-74154 8342163562
-93554 9063342831
91875 6585943988
-13201 2435424635
32236 7566806487
-5266 3706410723
58372 4282224393
-29963 8700582780
-91586 7699803876
-52238 1928060813
4047 6960677578
-99318 6996136459
4139 9367026119
-91718 7810455528
-80338 5037575343
73441 9301540094
-35971 9976754300
74745 5866992445
71058 3264425695
8642 3837459875
69721 3165929460
-8356 1665333270
75610 6436493949
-38757 7304298022
76459 7984087386
-55361 7209836336
-6587 2726126432
-51598 8891722304
-91366 3171595578
-97656 2648207252
17470 7936860683
55726 5635029722
-80497 4165022643
36363 9197377715
-32429 2556560799
-15459 3107492924
-2750 6834641214
18254 5907687699
-42579 6528310621
218 3600341036
91176 8676395057
36239 3080560344
-68308 7122434376
57592 9441479816
83397 5138667245
1176 1870114897
92987 9000415608
86713 2976505464
28382 8580196932
81852 8187571199
89885 2325282522
-55418 4650409407
45885 2949427993
42122 4815236720
89523 7969409980
-38631 6978911630
-24177 5236740346
-18547 4079483121
39322 394151195
-40437 8338071070
64986 4236876779
-82978 4760223084
-4598 1769814245
30420 7880119076
38312 4107955796
53636 9960253781
-30770 7802086611
41639 8641284063
-20374 8859121209
9919 7962391784
-75470 8501820287
-1253 2204519816
-49013 9616228544
-76488 5292626896
-69194 4420063533
-17532 2023440797
94495 3601600470
-50278 5416063010
-28330 6745102880
-39022 9985551189
5820 9951638954
99686 5801969802
29160 6903416771
-1334 2510199545
-65640 6296321203
-44489 2416871219
80280 5084836256
-1981 2419689240
-20716 7344391067
-6101 7757916764
-65419 8703392709
-10410 7662251975
40930 3003587292
72427 5686180320
33626 405898839
21923 1063414272
-96861 4728182486
13154 2687892336
16854 546612401
-91135 3680964345
-30076 6676828377
-24853 6003906471
8476 4524734684
49898 2167571567
-53763 9956723014
-82308 4931971696
77767 9912115614
-63631 6266709900
-57685 3408640472
-61784 8744623704
15636 3183506441
-27502 452494208
28864 5202910604
-2192 7502185088
67139 8280062210
53379 9034520960
21446 7967121479
2287 4191778263
-14655 2003970974
83846 5642960496
38782 7247632956
11229 7859743870
-13210 6146248902
-51045 6970537706
-70128 5312882819
-14771 425550512
72911 2427415338
92836 2459447346
-29354 3921932282
44208 9111742892
73269 4125289330
-20362 8292759762
7567 9301024986
9912 1841597764
-8178 8206260398
-48588 2483895788
-38187 2267471678
8626 1852339392
34694 416713485
72601 1728976800
-86715 8992183082
-68316 7339017241
-6971 7757600805
-17679 214351520
90748 5785909028
-87368 5475470928
-91870 9916442379
-34166 7709109092
59407 3812484498
1254 233388089
37123 5667794867
-30290 5701016645
-7855 8146021761
-33728 2089989369
-87031 3661791032
-84726 4490983889
80586 8340709564
-72121 3656250396
72683 4690553406
39274 3439448516
-53399 9371340809
-44522 8547554660
39261 3318051340
69106 6061754148
-50422 6043216583
53901 9471141910
-77416 3804908972
-35729 5735222780
28494 3899459644
43682 1300542812
-44010 5878033073
6644 4354725087
44670 7782561649
-37207 1538129042
-57368 4657595579
19918 6981687581
-65325 8240829091
28299 6200181274
-25139 4244276925
64219 8986092440
76623 9007097422
16399 6379808270
74974 3129763383
-26394 6248875123
90805 2465586096
33041 8648896494
83696 9710951490
73926 4983714139
95521 8792409717
51191 5935042170
21963 9549646016
98058 9317712976
30174 5847381548
-88572 2848960343
49116 8501510654
1218 3247161301
-3148 3904488165
47416 2152307753
-68079 4382277289
19366 2710200002
-15826 4131885885
47090 4769528823
-15059 7851545658
71336 5773751675
-74739 9366908816
-21272 4696377765
-25016 309017277
46837 3420673113
-47597 2478985928
-34720 5997551066
-1967 4049961981
12855 2717465984
49589 5967940617
-28189 7427255247
-74698 5308775115
-7638 4417698466
60462 8534138303
82500 7806213340
-35231 6222418896
-59021 8927837675
-88273 8996778419
44015 7729404603
-2037 754436803
-31643 2781770033
-38084 3547085133
-33254 8149767296
57970 3827166288
-65042 5482740422
-57731 4157853045
-86850 6050585539
61015 2989566174
-9683 5823022824
-88509 8288645272
-45835 5806157346
62937 8796119050
-43197 5845643860
38252 9517114151
-67820 4347730295
75436 5480726061
-74522 4423250318
62881 5967233036
10571 1142321576
50285 961826742
44212 7458130352
-88628 8596732938
8419 5556542562
-47761 3925278570
6298 5714583233
82427 6808758378
2089 7064680277
78312 1810413536
-5246 8721198218
-44661 5474097446
-36835 8321021702
-6386 6447922781
6552 3358005058
-7465 4140429123
72358 1957850610
42935 1083472358
68502 2338120669
-97687 3926362373
12584 6255237794
-9817 3783827540
39077 7057172376
99342 8594642978
-88188 2007039836
37655 9627681155
80398 3739549094
53686 7700942442
86983 2751338886
-55642 7389107270
-29602 2028259338
18414 2990232686
-74563 3749506602
68462 5406821294
30095 1350605552
-53343 9067345853
-30230 7381372826
-48722 2396746253
51818 1936437873
62925 6515120689
-15346 8396517240
11838 609804220
-38021 5974633724
-3020 5667907451
-68182 8959175841
18966 6313406386
-64031 4177745220
91227 9224001334
35719 4675479783
25586 6236200268
-69078 2364971495
30405 3412878610
67581 7464393758
-35386 8624760636
-77319 9289233566
-50645 4053307556
-20971 3010396428
-25461 929334007
-10303 1370164593
-22530 7226782021
68463 2064967972
-59859 3339513440
41644 9984651306
94296 5592094130
33954 9125767430
-85608 5205047743
28650 7386528211
-64612 3540140900
91259 9567149036
53556 6567703774
96524 7284573390
77507 3021730076
41029 2998630196
24560 261852929
-90936 2700810203
-74331 4365799229
-13408 8831633814
-66234 2627167489
36979 7307861835
6405 8033356852
-94300 9867837698
75216 3703246823
-96626 6554542373
2602 2403329282
-3667 9778895934
5065 3807523140
44663 553343819
-51179 3770197562
13150 6773942012
-23425 7346820372
-56448 1738508933
-68294 4750401750
-4227 6463188818
-33217 1698462783
36592 1593411263
-82473 6270638560
34687 5872472979
-49180 6759859806
-61041 5341953338
9352 4560329558
-2154 6907549780
91839 3192882082
45278 5660464929
-32525 966734387
41886 9270444991
-45665 6052632803
68187 9771409111
-49033 1685557472
52999 8718883883
31193 6453232541
-22008 5145879647
-33560 2626405466
-20491 4412755862
26231 3158751860
-17244 1980116617
28877 9682348446
-82993 5159616000
46619 653490803
79639 1743987702
-52964 4828606871
38607 1950504818
-78560 5089701932
-9302 5613597254
-36419 7984176560
5954 3728085812
-16630 5790427185
97216 7289694186
-51881 9507798239
77258 2890932144
-75891 5096187370
97514 6018955811
43504 8284131219
11902 3642925415
75731 4731578174
-87240 5436368746
20389 4374013064
-31356 662832364
30727 1554880452
37708 9841843665
-35996 8947286528
30399 8768156918
54162 5550585283
92134 8166336531
61613 1038762180
63342 1771756592
67111 5657658102
66681 5891225057
10222 9367023515
-72545 1533647055
18942 4362661673
35251 8694735371
13233 717373861
73233 5649842582
17184 4926084530
-21119 8725217036
73164 2514976258
58302 3261033383
-13352 5098304994
5933 8982420510
-29557 6900200055
-52647 773357344
90604 7015925253
50085 3236917286
-13489 1894722318
46872 7313640925
-50618 3707621445
-6750 4583227481
-93467 9285078872
-95664 9552688804
96666 9571303820
-4874 4378789205
21098 5194103247
27977 3987236937
53951 1074281168
41320 6166944269
42144 6757701100
-27455 3683326568
35486 5574267398
51654 5911370339
-13408 6504983507
10984 6350858498
64895 1505829926
-21452 9035559245
43668 2524011166
-89028 3650520838
-43479 6289225604
-7414 5289926253
-38380 6269220881
-73144 3317397453
-94223 6604169429
69559 7600640295
-71718 6637999126
-84502 4452822495
-11131 9778145265
95332 7500951254
-76503 9477862552
42137 8164230846
39969 1999692737
-67716 5521993015
-67698 2883061081
-4096 758632992
-84355 3784329065
86642 5663289603
29988 6259640945
58190 9321757566
17832 9615116665
-26772 8871478771
-48268 8664237126
54416 1211916852
27247 6114772415
72688 2616646322
-96225 4726673260
7660 6638875734
28402 5973128204
-21818 9181087286
-56855 3280101662
-75545 3248747814
-88436 5717520308
56316 8492966207
35552 6664803557
56739 1324386728
-20043 7120710794
-38259 9472224709
-81102 9296394901
59561 5386752540
-33042 3876045835
65802 2709727634
45482 4407523761
25951 8648541332
-93128 4221566919
84206 3299391969
10209 8501589001
-28462 963696459
-71500 3796607217
-61263 2163061174
27159 1069782230
91457 3311249237
18195 6219358112
46426 6781898058
33019 8878185503
11662 2006157416
-58126 5609433453
39347 2714353167
64420 3255303050
-40962 8494724621
-55376 2049475256
14075 8716729158
3629 7444728605
-64674 2635197743
96500 7937101442
32408 7449117318
-64883 8072436836
57882 1349268377
56698 5126965946
-57421 1174696358
91915 5942009546
30702 6207815869
-57050 6343007972
-17246 9394278209
-49120 4717409486
-39114 1283498287
-45424 7769054934
37564 5644335900
-18964 7214966901
-95063 8453646158
28618 4087039410
-88988 9995045750
62710 9252681684
-56067 4676104534
-24404 4459995879
73210 7852197860
-39164 5135930171
-32760 6446188222
-17869 2794818542
56876 5477988240
-6504 7097280083
-77850 7505045218
-19806 4301633006
-81742 4539373190
57774 9275170934
18034 8361073458
43932 1412565887
32592 3644992100
47512 9158268515
-66760 2871038450
-56596 7276897163
70799 2478153452
-13618 3499412880
-2372 4907562086
79510 8043155445
24672 9244566085
1566 4084158088
14099 8637508440
82603 3012920052
-57418 4990755204
-41564 9189954119
-57746 987215336
224 5953869906
-98362 8448860180
-89778 4706306231
38947 3618710639
85034 7299698928
-870 1788936805
-14692 1270316330
54364 3465670520
94057 6940098494
-89340 8532605581
-64888 5687260142
51892 6717986880
-26878 3544162079
-85508 7846599630
56932 9257259051
3812 2625059799
-99757 3712595691
45844 7549679076
-51277 2699602707
-14976 3152512898
5825 5011189490
-28414 2075769693
16749 9860959412
-88903 8329821861
-55890 9040877548
5196 5637128570
-18841 6450357731
9446 7424774316
72735 6554080168
-5272 9148142354
83313 2689160129
-76915 5875065546
55411 9911588699
-71563 2475074598
46319 2632720463
56429 1318171490
-62559 3716703532
-31280 2057155511
-15883 2363781284
45505 4638046517
22272 9584628778
-56410 8157542258
-45925 8129651834
91127 7781509818
62260 1171386717
-22380 9758126161
3108 8407078130
-58355 5137914512
-5241 8822358952
-58157 1718118452
-96571 8520513116
9560 1580988782
-66687 5029135082
-39215 1761759872
50558 2416239462
-11042 2762551911
81378 2723751233
-47175 1713659128
-88424 4509789365
-29482 2589940461
-57109 2848409799
-29554 9783731007
-61861 8505638642
95122 4861036679
75233 9534409032
-58817 3182783540
-78968 7513786811
-39906 7940895262
-74780 9667842093
-64249 7863306446
5300 9278288420
73498 6217024994
-82936 5398671107
-22002 705603775
-32161 657086852
-58947 1532102509
-12822 4330957307
-25374 8955856021
-26987 6696108464
95596 3957487017
-50903 4041752616
-46673 8867327598
-18928 7904996805
28292 2146605063
-88179 9534485917
-36023 7577247500
-22884 7684782419
-71838 6090836875
1742 8181242090
-53524 5997707034
13917 4903246222
-78380 5647139475
45630 9576715321
98440 6293827379
-1328 5968204487
65130 3018598205
4316 951126981
87560 6275176202
18246 714247216
27712 1799992332
92048 7460279553
15444 5468051411
-35318 992853837
-25479 8020282264
68263 8244858294
-85246 6973083063
-83792 6283464476
-91544 2383400001
55544 1554443958
-4304 64973369
34967 5968522602
40753 9723463257
33601 6117959465
90376 4331179692
-87497 2837085168
-91343 6007002773
-71860 7532832302
65896 2636966336
33722 8174467850
26518 8954084729
-73285 7798731990
51188 9905514150
-13042 4310396757
-56569 7557684830
41098 3098053499
72899 8007836450
-48278 7829935593
-95368 8250307475
-10036 3720270590
-28058 5930396738
63459 7038505255
59634 5881829287
12602 5195436267
-67272 4736676350
-77266 7690270019
29316 4425009364
6332 6606137622
67180 1499150709
24130 1103826167
-78496 4073963621
-67022 9938387174
64725 6915310042
68678 7580798912
-60585 2825206750
-81348 8796691937
-39557 7853240264
-7191 1533949094
29936 5752765550
71644 8565657978
39102 8879772071
-13873 2900049344
-58244 7344165660
-29758 7991296136
29352 9089967238
-76942 7356860537
97770 5135372494
90950 5061049299
-41337 5249291378
12464 8981793099
46422 6407998250
15978 4675837189
-22870 8177871969
-90706 8444788325
40081 6440840880
-54841 5423117918
-26133 5444225258
79759 8870278452
-67617 1200299770
-94790 3790197419
-14597 4427537015
-4696 4364557421
15969 4479694276
-82913 2443509432
-31511 4108381949
-19441 5714612606
3999 9845021363
-42994 8699630312
-23837 8143290615
-6879 5095451890
-4946 1381497948
59989 5029049601
-84685 9231296264
64049 5259503874
17815 2420166299
-81515 7966837710
-43430 5884540724
-61328 2078496489
-54318 9121901003
26390 1579246935
-84343 9987795756
-4210 7640031671
-41306 2555665565
-5251 1078840821
15474 6995398226
-72307 3962136809
95003 8697824730
11575 4901850110
54522 9254106164
23413 8905817465
94330 4109968626
69907 8900283192
-55849 4217734004
55392 8362954405
-54245 4302794402
79497 9190729312
-15977 708390276
-44605 7169861604
-47473 8659581050
-5247 6563061398
65109 2320302496
1134 9202457384
38707 7902645866
98328 8017584406
-11650 7842946187
80010 4230069053
12116 7509724818
5412 5513989088
-74248 8201941943
-46672 7676456577
-30902 7009487790
31865 1382599286
-58656 6055224316
-98941 5809734516
-33622 6675675162
-32154 2071078622
23088 7472337976
-3852 3754132796
-21382 3302006285
-72020 3314813085
-39776 5792024160
-30471 6721548206
31828 5611775042
81047 1942133868
-22504 3074427590
8114 3696356135
-672 6592265828
6364 2021751420
89468 9150717156
-56945 5985170730
18480 2866710589
-50105 2971502096
-74755 4725926793
-69662 4765875333
13707 5733465604
43219 4918998143
31022 2859417332
-70177 4242187374
-55981 4406768384
-65314 5659606872
98066 5620306353
27146 5518262445
56200 4430456514
3598 6213800474
-72940 3167914440
98656 9777169602
-44348 6370160820
97110 9873014639
-11439 7023781070
47664 9805588327
-35756 553382070
97739 7357773200
24599 1908370898
-9085 5131317410
76928 6558218525
96817 4164671469
97400 8479783788
-12217 4392979356
15988 1028164272
21180 4314270761
-51132 1114707547
57805 7261712636
-40077 2881298650
-15032 497342714
9363 5265983362
-46312 6934195010
-38102 9046926554
-32114 5998973736
79172 7085638185
99812 5099134676
-11371 6583124288
66023 1752256712
97887 3686267723
-20756 9229674932
-99444 5748540734
83513 6165108597
-64008 6306817930
84265 9889731021
-2355 5041635932
72387 4072362970
84480 9467884852
-57384 9503208383
-58586 9758667704
-29728 4281406155
15998 6691880442
-86868 4951893410
-34818 5001702260
57826 1509194457
-49115 9836504538
76294 6759615918
-29574 2265232669
15008 5262933299
-43599 4132713428
18192 1340287799
-64328 7410388314
84087 9892395103
-63794 5953131170
46589 4409674560
-36150 5442569362
64440 8755275049
87142 2487638600
20933 3392173553
50684 7840864133
17072 3825597456
-45422 8861453342
-41482 2478009027
52563 8229691298
-64981 3760179540
45674 7200733913
-35282 7986526113
-12696 3622025252
-39025 2218090283
6277 364612265
33607 7096943480
-65265 1271580971
-80378 4449583691
77512 8790646665
-78903 4795780084
69728 7900916144
-19280 2268118529
37408 2491951821
-58460 4375885962
78689 2227721657
-51373 9323074287
16142 2947523727
-22791 7374188974
64498 6076374530
-78419 3711680154
-3386 6251567754
-90324 7891173959
-41712 1323784777
65220 4384928819
-52966 6910179557
-17868 883343290
-61809 1144243814
2217 9423604381
-43186 819394316
-56351 7971983952
-77296 4324114866
20297 604795737
28835 4606416839
91273 3560981153
92622 9271741141
23744 5648850747
-886 4534130595
-46887 6298270861
-15816 1359451810
-48294 2936501762
-14981 4228066583
-51679 9543004401
9264 9821686505
-24420 9796857122
-6567 1567303168
-6779 3253109457
-65721 2354914295
-37060 7344533706
-21284 817402761
-33698 555457910
-36680 5740404986
46878 983011858
59694 9899449357
45804 6260424181
88433 5419193945
36328 7702146149
-19962 5948044219
-48708 1003697861
25642 8629976685
-29130 2787101369
59501 8243581725
28546 616994585
-5801 9643659728
15044 1443014381
33914 8462595276
-160 8906184416
-902 3132537585
-94658 3867596564
-52419 4301041676
-31220 4663730858
-80378 6519994998
-6636 4158737816
-58616 8702680052
-4870 6462292647
-60278 5845185522
16304 9829521059
-71490 6686418679
88672 2527425870
577 4257095033
95165 5256570321
-585 9866790011
66356 7413778925
34298 6571007582
-54537 1190675459
15889 4563612536
77646 9736864670
-69930 4447922248
42458 5563148259
2159 3119708838
-60773 5361689316
-13715 6394620410
26846 6385650711
1906 7968896568
4224 9151313777
50334 837795832
63894 6845285599
54502 1122807981
11812 7300494762
-59938 9680753253
21242 5466182115
25068 8421607580
-79848 2154437467
-41399 939067365
-46896 8245397990
-27485 5169484010
35742 2259595337
-47586 6528311195
14324 3721244862
-52969 6571099088
-1355 7150914818
-97276 4165078776
24948 4596742981
67902 4204485859
37694 523536950
66565 6894479234
-18193 6328326458
46204 5093566935
-70696 2131804035
24218 444238007
-47790 5680373713
-35034 2374627361
88828 6250993208
-72167 2366744352
59458 2340114648
-60382 4861765328
-18375 7455160993
9476 1267097201
-89266 7159975430
-18478 766083336
15122 1978445115
-90146 5519383589
-14688 7147763920
62406 1639783784
28508 7344476070
23337 9352704626
42673 9963065052
-67569 3010563175
-85104 4365338335
4554 9861835748
66122 7678318452
63284 1846787616
-86742 3476543909
