50787 -2213208906
70118 -2835099767
-43672 -4936228388
34455 -7899547362
-61246 387970789
-52752 -6111337836
-69157 -1311430286
-82945 -2550502406
-9646 -2142593207
30199 -4349774534
82899 -2585218494
-29624 -2951358368
-43513 -6110650394
-31657 -9464729282
-46360 -7096598636
14210 -550921307
39720 -2898188088
-90740 -8639176028
-19502 -8371247579
99827 -902064818
5356 -8382579992
28120 -8883249644
78052 -7651016384
84246 -4288428291
-34188 -1407711564
-53392 -3860892836
-76005 -3371000322
75095 -4376841818
-10440 -7821439380
72812 -8476943336
-597 -4999142166
-7146 -3142673367
-94545 -5793754350
-92893 -794335094
-14310 -2497923543
-25192 -2551699904
-64961 -5353847750
84486 -7796145039
-48621 -3398384826
-92613 -8618838522
-98798 216434065
22124 -3386240360
-67878 -3938522235
-69450 -6759439095
-62560 -5166746372
-77453 -3151632302
-4802 -1623254207
-66774 -7685678523
-19108 -4694503124
-35072 -9572982176
-69512 -765626036
-81381 -1659389418
-44068 -8704240880
92391 -2651712810
31910 -1474972775
-38409 -5854610154
5163 -9403501830
-89382 -8170070859
-61478 -6571501895
60022 -6881146343
17020 -8544053612
4186 -6427727291
-79556 -9961953716
-15136 -3840663644
-68322 -3295442295
58395 -2152128330
-14282 -9785608247
50527 -2960848502
-22086 -6934959567
86476 -30762020
-81676 -4702879328
-71645 -4053470306
6076 -8931431648
55879 -6611616014
35754 -1157251935
83174 -1212172991
-653 -2656648622
-94312 1015399888
-7366 -9072468815
-80212 -6016164368
-57446 -9460943579
19178 -8787868175
-12382 -1481480039
-91196 -7005948416
-9157 -359502422
25854 -9696827859
91192 -4182907952
-60918 -7249824567
-68661 -9383056962
-20078 -6210457307
93426 -3084445443
-6025 -7351136294
-11276 -9034209044
97012 -3897621584
39772 -3127832576
27024 -2765780484
7260 -6679734864
-91849 -3888344426
-5372 -1423655516
-1821 -357463554
-1010 -4619210675
-99754 -2517335963
66243 -4956297978
9760 -4787162732
32187 -5628274206
81879 -9041265942
10542 -4481377935
96424 -7374007796
69687 -1303131954
-1984 -1874932784
-79721 -9463479626
29420 -4365300668
-93501 -367267770
-80253 -1399036530
-59046 -8759843463
-53840 -9127369124
84046 -7945732631
12410 -1738078043
-19361 -5392772666
-58468 -438211880
-5472 -9179065716
44406 -8358797643
13832 -4295877440
28155 -9853277106
26822 -6674676119
-62518 -3391796159
-2809 -1412833934
39144 -2248085604
95520 -3231787716
-60248 -8845760084
-15321 -7923497082
15364 -9627172640
-61054 -7500158363
55700 -6544672580
27826 -3009222527
-86281 -9327344798
-34157 -4487588234
-13485 -945627162
-19504 -8647839032
64552 -3293470616
-4709 -945560582
69043 -7939258778
13922 -5014103807
-42608 -7730015936
-66584 -1810125332
-67138 -4948879835
-66030 -7422457431
60899 -3942803582
-34761 -8957194326
66124 -8145490400
77647 -1760307494
-71962 -2326047887
21494 -1430159987
51474 -8653480323
50008 -9166636604
-28146 -1479317115
-40018 -2335914959
16356 -81032172
-32733 -8752621938
-40092 -237211524
91914 -427226943
-14076 -9712472856
12108 -2604797304
11763 -2522519766
74212 -5150295140
-46380 -7487085900
-61900 564448156
51152 -1926521540
-50970 -7791991407
75438 -5703832779
-68341 -1279339802
36066 -5583441435
-17117 -6397459310
34103 -6375319262
-24042 -9532786743
93382 -3380232047
-77304 -8506201092
19023 -5725012278
16588 -3487303820
-22716 -9722731884
9123 -4795749162
-38036 -6273978224
6004 -1858780496
10947 -1230046230
-99925 -3280642238
81534 -5191408347
-71090 -677628827
36975 -7792764930
-56954 220675681
-51217 -8273917298
69291 -7952712150
-26945 -8384826638
-42597 -4826306202
-20929 -7006693802
23142 -8574458031
-34078 -9082471751
37616 -1160140856
-69828 -4251217188
60419 -1677399398
-58446 -4703537967
16023 -8221874658
-14360 -6075145640
-44242 -1528076171
13831 -5011231958
87142 -1803414155
-89640 -7718338092
-77220 -7953408912
-37424 -1548528632
-80630 -3015582851
75312 -7291919124
97768 -9280223228
-38653 -7228341098
-45094 -1311019091
75223 -6745418342
-43937 277818334
88648 -8075857856
-95484 -7131646668
-26305 -5165047694
-56168 -7507297100
58878 -5969235363
23154 -2749034199
-5638 -66208415
14586 -1050132603
-82117 -4910079890
-24482 -8179930331
-62269 -2212402706
97159 -844088654
-85281 -3206922318
8138 -2371879943
-16569 -3414904974
76304 -1281579128
-49960 -1021044524
47318 -4243822235
5418 -2954130639
21464 -8050348388
82430 -7655792447
-85810 -2428638143
-70186 -8179109099
-9093 -693919746
312 -4491928608
79070 -8173384511
-36174 -3240559875
-84826 837970789
86247 -672677094
99087 -5936500986
-7029 -9997664802
56454 -6471866895
-16798 -6490163915
72718 -2971535099
11916 -2198134488
-4866 -818380899
-52040 -4956558056
-82768 -7043369012
-76817 -4550536430
83079 -9902349018
61222 -578398223
-48241 33404206
99484 -7551452480
-69237 -4002928842
89019 -561264270
-93246 -4581884763
42798 -4503323223
40974 -250747299
-10589 -8034413234
59400 -4708936512
18758 -8933580971
-34712 -1765293428
-75477 -4917814962
97738 -2297552639
15740 -7014341192
-4306 -2935008071
32498 -1609511423
-73126 -3729824903
70298 -6845603603
66882 -9658123287
17474 -8442656483
5979 -3570435330
42047 -9418429586
-75122 -2211232571
87310 -8957807651
4296 -9543151896
-21921 -4392375042
52315 -4603596278
39486 -4282771851
-19025 -6618467078
-5325 -4628276670
-8200 -963377168
26442 -4150416459
-79941 -5073608910
-54120 -7602126636
-47256 -9666519348
-84672 -9173603376
-72766 -308924183
25692 -274366128
-89354 -8641771991
61996 -6000740960
77516 -9531826916
49347 -2849835534
-60945 -1440720174
52434 -7112938551
-45742 -1585913507
-88781 -8435497046
99654 -6346414731
-15385 -8697252650
-46898 -9147026891
80179 -6833257946
70114 -5276853731
83974 -4335430019
99907 -6033461378
-1308 -190006500
-5070 -756990675
58062 -579316635
-44768 -9886365248
77638 -1426111475
86979 -4599570594
-94941 -8414731506
-28501 -9127265474
62368 -2309447492
-10814 -6143760707
-85090 -6789710267
34135 -9146428946
-93432 -42539892
-72388 -9912068300
-98840 752807668
-21920 -1030177388
-9338 -9195344195
25948 -550755404
-42056 -3126203696
83083 -1773826718
-67008 -1831618836
-81912 -8647082748
-38933 -7731711170
-17916 -1514922456
69154 -771076331
-28366 -2684557487
-64134 -1528840587
54251 -7897074890
-79632 -428925372
-74201 -2358056342
-34181 -3547984094
-10321 -1515937574
52724 -4006195976
-91784 1356839884
-68008 -9887753732
-884 -6243487844
-95598 -3177722667
86112 -5555201652
-47972 -941862812
-14417 -3014339510
71047 -7253603534
-93729 -3232077582
-36046 -6119470031
-33765 -9452530266
72159 -4958149110
-62465 -1771351130
35694 -1893060831
-87328 -1970032244
52663 -1783126478
-97006 289876621
-48613 39028090
37327 -2598408686
-1020 -7428296544
74303 -2043187790
-68345 -5094901946
-90382 -9016572263
-93505 -8581071014
-99978 2362062801
58936 -2260454492
-52770 -9635975055
-75521 -8534231510
-53154 -9542176371
-36969 -2823540066
-78745 -1021246358
-83488 -3922034768
-32148 -2711560680
19823 -8821829930
-44468 -102485924
71224 -6056536892
92388 -9440107236
-41073 -4434112938
-76482 -1828204863
-88825 -6171448946
21608 -6275351540
80532 -1511165700
59584 -5673137240
41448 -7834254144
18318 -9505576623
-49556 -7313245160
-83940 791106972
23808 -3090867756
66162 -4513226031
30778 -580420979
-51162 -2195074299
207 -6782614578
-18349 -7090051310
50032 -7240611584
33535 -3347856074
76954 -6153749771
-51996 -9226626996
55416 -3572941368
64244 -4763809016
-55997 -7230483038
-36540 -7241535156
-87908 -3660801032
43827 -3279737802
-28730 -6684713927
62898 -5839974375
35638 -246440411
6699 -5733684834
82134 -1732251951
34588 -8559639596
-92513 -114331742
-68745 -3597149970
-61500 -5708388780
-11564 -7208050076
73954 -9610778675
5538 -6046725675
50672 -7343692832
11606 -1492896299
88806 -4875531279
-32260 -7502559116
-17977 -8830427354
-57928 -8468078552
56898 -394385823
-85522 -5611587719
-47570 -3256701599
-57977 -3950507294
-18878 -751590491
8104 -576702740
-7581 -4871216622
-53336 -6355532516
60656 -933936512
-91793 -1081707134
-21386 -7598746691
-69837 -6270566634
-61369 -2350729982
15067 -4064695370
-63716 -542139152
1239 -9264053754
-81300 -2797907544
65031 -1876322346
-84086 -4050810431
28364 -9268112876
52152 -2091488628
9231 -2321518362
-22518 -4476199119
-87481 -6074150294
-66502 -519484523
41183 -313924898
50831 -1352554886
-25941 -7766293626
-57104 -4798537712
64859 -8731789790
-33153 -4111115718
-30886 -8516281223
-99890 -8600570531
-65072 572502496
35795 -6074563610
-58466 -6655365215
-40924 -6044314628
-16228 -5201720024
96155 -3179862038
90371 -1150386362
56523 -5542071774
-45404 -7929470780
-88185 -4822824654
-80726 -9877834139
-90356 -925418396
18799 -2741647166
-27292 -8114789240
-12325 -5100416186
66576 -1321137324
-42636 -7473345204
84844 -5808752660
-68090 -7624432559
-38745 -698537130
-99796 -9057001400
-30822 -3489779247
-48874 468439453
-84945 -8496755622
2984 -428712236
-65682 -3517196799
-87672 -3033638040
91612 -9235273580
-1461 -691256190
31367 -3326699378
-86736 411703332
-64758 532692477
-26897 -7591621406
-13152 -172327488
49835 -6659559398
-45413 -9940288490
-92129 1736707030
14110 -406577795
80787 -4698714738
-38352 -2596901148
39064 -5573251064
71450 -5188823771
-47093 -5884025414
-17196 -3394978884
-3030 -3826503963
26394 -7425303615
74844 -2660295684
-51020 -2150357156
31046 -5558016239
31626 -4028952207
-92682 1875969357
76368 -6133745160
46816 -8927559296
-84968 -4125626432
-40985 -1069201298
4226 -4014288599
79414 -6968933171
-95317 2196504190
-81233 -8262374282
87924 -3891111252
36402 -6140757015
-54742 -4305197399
-76242 -8788138011
-94870 -8614635383
56334 -3445844763
-76208 -7340495276
-49880 -4502924864
83280 -2586388092
-64669 -2827516886
-65733 -1973499750
92004 -2461367460
-28749 -757113174
-3706 -3275301251
91336 -5594678924
-55492 -2706014096
78316 -9946596632
-40389 -3056913282
-43789 -2318218502
33024 -7123547916
81726 -540112971
-3489 -8492059830
23955 -5235691446
29260 -7415015120
19684 -6508809416
96547 -3718722782
40752 -831738384
-63129 -1493787918
84759 -4744024986
-59905 -6585427658
-46702 -5402720279
87892 -7219157000
-50160 -1928864004
87684 -1312617636
-40150 -5950484003
31007 -2224085510
-3788 -185874956
79308 -6455475204
56727 -9478653882
-18960 -9354220536
-5705 -1395871202
-24098 -8415871979
21711 -8931121494
-2320 -1906345808
98999 -8723103770
96784 -6250805744
4360 -2340594968
-74205 -8236233066
-66093 -8128869186
-92624 -3160945568
-81493 -9950447630
-788 -7301499332
21058 -1829422115
-84158 -6984319931
-37996 -5906505764
-99104 1829198956
91860 -4956582324
33728 -9867397172
82898 -5568911723
-62808 913222284
31822 -1164639563
-57296 -7277521724
87714 -6640183611
-59168 799207912
-84060 -2870095224
99943 -236655842
24958 -8415703799
-72689 -1292905514
-40562 -6313592663
-26637 -5491632690
-15504 -8050882776
21895 -7927779110
-88637 -4496854574
-60933 -1951782990
56095 -7978861814
27220 -2088120416
10384 -6679724588
99715 -8009511698
-27797 -7871386118
-39390 -3028664955
45494 -9408834659
-81413 -2736614726
17480 -2552621048
-78460 -6283507088
85027 -2164559870
-84346 688769497
70895 -1792188170
33186 -822229107
37152 -2717117820
7707 -681586458
-27253 -6124773902
44346 -7448652831
-8349 -4138655682
-29484 -474510144
23526 -9798710679
91824 -5114725692
-52200 -1706963484
-73025 -9451032758
60543 -3752783082
-50694 258270525
-12825 -951658530
22447 -4143959126
-79785 -8937265014
-89770 -7211847635
63344 -2241219068
54274 -2394730283
-89221 -7374505370
-37338 -44853279
69520 -9959420336
-76044 -2685020292
46444 -1667013044
-40825 -81840350
68738 -4271966999
-99534 -9457578207
12966 -3773433723
-11941 -329294078
5095 -6927246926
-2980 -6441520208
56635 -6106673114
-43400 -3950377088
-73270 -3161465183
79986 -3942183
57527 -9107599622
-64685 -3847515218
28668 -8113113960
-126 -9700949895
-81681 -5075509542
-12746 -4888299551
-62980 -3717750116
-22096 -1759860968
12566 -721618091
-95413 -5360253146
-7210 -317367671
-40573 -4959991166
24463 -8323847606
79758 -1086902703
32502 -7052234307
-29584 -1971833600
21783 -9481241310
-35037 -4442563566
-7712 -8010555524
63472 -1923214016
-34208 -2444062760
-90084 -6020240268
64158 -6878366451
6032 -485025848
-86281 1527676714
-90554 560288641
54688 -7355896976
954 -2612704239
-95658 103600569
94174 -1626494315
26003 -9204467714
-10104 -6567560352
-30066 -7806479715
10067 -9230627114
-83310 -2968281051
-47796 -5876963136
-81478 -4505709683
43243 -5948771858
96906 -6184502127
62743 -5140863506
43710 -6905444043
-68780 -8251226132
-18990 -6609305715
70898 -1024623851
8007 -3813444438
85728 -2066657556
18114 -2024059095
13896 -2505139260
-12832 -1410165548
6874 -5070807647
20296 -346832624
-67777 -9228824918
-95814 1888758645
44224 -1875449048
-47497 -3350043806
-14340 -48647472
3831 -5044477422
44870 -1647213839
-86284 -4224943580
-64236 -21752496
-80084 -3560238068
-95214 -4366251387
-56129 -7779642134
3911 -1986792866
-48522 -7456205343
9191 -8738667254
-40477 -1089235610
90752 -8901227300
-88241 -6374220242
43463 -4027779242
-83048 -9319599032
-86816 -7499777660
83148 -5736701868
97944 -4999819728
-24222 -6655353651
98424 -1376614560
24447 -3774732846
75535 -3619074770
32495 -2453191118
-93397 1219167382
-88566 450348981
-91904 -5652094916
-17145 -3459094758
-1065 -1763488170
36 -6243909624
62719 -5440191350
61698 -4285612503
-27153 -2025169734
-86502 1561208349
36627 -1518164742
-90330 -3318775143
-9081 -7028254170
-35904 -3925332732
-61473 -3427679730
2534 -9654751571
13552 -5244973448
-80298 -5179250115
-84393 -3701836686
50984 -8198075072
12947 -6106074854
-28372 -5837986472
58339 -8740856630
-42436 -2579807576
-20065 -9480045914
-27004 -214550924
18835 -8121402062
67940 -6059354852
71776 -1334864216
77948 -1622312840
53160 -2999695080
98396 -5112932168
-8330 -5751617555
83844 -4017353880
39996 -5501659980
80330 -6315575111
52695 -6433610574
74884 -6170700260
11643 -3184481094
-7530 -7897171779
-11020 -1186702316
73088 -3050744936
52506 -5449694811
87970 -3767945591
-74109 256982094
-60670 477306277
32324 -6239274728
-55110 22724145
-2076 -5278165656
81375 -776768730
-48824 -6751276100
27572 -8304646328
-33812 -4034788424
4186 -3242633363
42554 -7544966327
33982 -9486604187
6388 -2833275248
-57681 -7625446242
-89533 -7078015802
20168 -5462286188
98991 -6590276874
-90606 -5880881943
27150 -7703262939
77103 -2121607434
17888 -780842780
-65114 -7588282835
90204 -6612949704
29688 -8021666892
-2417 -4004139110
21203 -8787563726
-25764 -300126156
-3069 -5165107926
27292 -9727478516
31408 -6789100064
-62722 -6582907811
-21525 -1271288166
-46417 -3477289130
3907 -391150046
-38124 -3851368560
22652 -5824748108
-44074 -4426277591
64150 -9267890747
-75520 -9276454616
34467 -7389960426
-29761 -5769041534
-99382 -7081996055
-33845 -2657347706
40059 -109732254
23354 -8201483087
65784 -9709019988
58268 -5867995220
-90721 -2029450370
-75846 -7530764523
-38438 -6641349839
47775 -213030330
-70833 860216274
-21261 -1599328986
-72230 -4633607639
-45738 -3839961363
32975 -4252484378
6582 -3228431103
19544 -7226705528
29476 -6135263984
90128 -5362725296
70716 -3288676512
47838 -2329511475
90992 -5090411972
-18690 -6175795743
91219 -630650414
-45148 -984935960
-10448 -3510606644
51474 -2864168727
14196 -8747038080
11367 -1577754342
-79784 -751172096
-96357 -3463424478
-36596 -6023708168
-30268 -7344914252
82771 -3775307066
-12854 -7890269279
-61492 -2808180248
-79521 -1024299354
81176 -1997095316
77764 -3889198112
-6362 -81585983
80938 -7281860303
-37593 -2559496734
62886 -9348447351
-99190 -5921662979
16647 -2648626698
38192 -329377820
98296 -9237470468
22570 -6178076123
51784 -9650229296
33916 -5312466668
70359 -2600812398
32999 -9086349470
71362 -5444849519
-74874 1247192865
-80813 -1313150414
68498 -6639142187
-2508 -7358808468
-3037 -3133387382
64284 -1129367424
4208 -4161107060
-99132 -7291908132
59844 -5513082456
96096 -7444596
-28678 -6610710023
-18513 -4971082962
7654 -3330334607
59342 -2693677427
-29558 -524928947
-97906 -321898235
-85625 -5741380070
33644 -7708204856
32236 -3954221636
-38436 -4718909568
-2832 -6676102176
1784 -1424888912
98027 -3072580394
-94993 1574342650
-8785 -9586019174
39012 -5384105376
-40549 -6930621158
-56166 786621513
87454 -343015787
88140 -3823695060
-83462 -1374713627
31123 -9703514870
4462 -9701138951
67311 -2828567454
69018 -9051597663
8323 -8452335878
58884 -4071785340
7660 -5213226440
-75914 -361032635
-66644 -4619205884
5620 -4759695308
15914 -3018732059
-95722 -3870577691
74946 -1765176771
-70462 -6494471039
-292 -4168013000
-84198 -6610200027
34824 -2215032540
-93236 -1079779892
21020 -9439925696
71671 -8623280066
-74765 -1743079706
83992 -1874233040
82114 -2279719175
25627 -5434721078
-77594 -248953415
-80333 -7728825062
73011 -8557563054
-93324 -179005776
-25066 -5354447375
6035 -8383392458
38394 -6357629007
17002 -2757991499
-58728 -6116598468
63275 -8922540050
-44100 -4904735916
427 -1623245330
-96106 -7524636191
-33260 -5065593476
64026 -2983243575
8196 -3231298716
-45633 -5698318314
87104 -6032609504
-83034 -7701053775
89352 -9220007892
51803 -5156690834
69139 -9667405358
-42129 -1364773566
38450 -5210345387
-81226 -9279308207
-3136 -5724142016
91438 -9960564635
89370 -6249683991
-76305 -8897645370
-39937 -1853130878
-95560 -6908123468
-62004 113239560
97572 -8133124500
14326 -5880782231
82015 -8723250602
68371 -6470415206
831 -6963607470
-75457 -2474456114
-16038 -4815153147
-14892 -6630248832
-20962 -6109185047
-91404 -1152209508
-20720 -8584577672
55563 -8988613002
-6162 -729470259
-43074 -9743337219
36768 -5266773672
-91512 -7472107224
90802 -8161796063
-12433 -5281443170
85947 -635758938
85420 -7659798560
-19402 -5709181007
41015 -8663096450
51598 -4667609495
9506 -7872310511
-25661 -2610215486
99999 -4751319606
-16161 -3868981662
-49793 -2885171798
-46162 -4151292059
-31884 -5249852364
-30 -4923868539
-91626 -4300946883
70768 -7768099808
22488 -6130738284
89658 -6547531251
46730 -938781191
-74652 1043587476
-90698 -4088041295
28328 -9971184140
-77206 -2905450883
8619 -9903429846
58152 -2395718556
54787 -1982914418
-7301 -1766865734
43704 -6493959012
5003 -1811199998
40027 -42415166
-74589 -2590970286
39256 -5501906252
6963 -3390470130
48750 -3041420895
-49489 -6261203306
-81326 -1647078251
-37665 -4953582522
17915 -5376016106
-89601 -2559835350
-15954 -2513594847
-93649 -36887606
62534 -9430088267
-42949 -2877307106
48228 -7466780352
-76574 -3984830735
35740 -1579104884
-70616 -1825132964
-38777 -5380500146
14631 -5769315690
13364 -2384013200
-26298 -5415690063
-29941 -1127073266
-74308 -6897290144
-83042 -7559982467
-55653 -4461688086
39150 -4504608567
-32257 -1434665714
230 -4254801791
-90492 -6239642112
73123 -375867626
-28616 -659246420
48894 -5259791391
91736 -1929065888
22951 -9320218406
-31801 -4837590386
-54034 -76093175
-13197 -1691538606
-37169 -609375050
-88842 1286166069
-15860 -5585608016
-65174 -9293173691
25482 -3070597227
23094 -7505238927
-63533 415803658
-22720 -41261612
10906 -1888585595
24426 -229124967
-78213 -2268467658
4572 -4816062072
-82046 -1264323923
-44160 -7128520764
2644 -407799788
81192 -7550196936
75548 -2072098520
-26146 -6833246639
-46750 -9726561095
82188 -9332856036
61667 -9397650326
50166 -1067542803
-9533 -3746987234
-47998 -8517721871
9327 -5564161758
1194 -2845125435
-36614 -6731385803
-54189 -1194141834
-54977 -2219650454
20402 -2246663567
-51020 -3776842604
12871 -5250121694
61450 -6717474851
30246 -6243399591
-35665 -1956637358
-37976 -9706554824
-88616 -522619736
-94854 -2626748835
25135 -5274314378
-27853 -9546136226
84703 -4829733806
60142 -6832004279
-2585 -9131616590
-37209 -4388012646
-5996 -6062912672
-49700 432186976
52398 -6394432395
18982 -8769885155
96739 -7216045826
-55690 -3748253795
17379 -2308684098
-83424 -5796877836
-66105 -7036896318
30444 -6681810120
-60588 -4473173892
16520 -4156238816
94467 -941432034
80239 -1413653510
-60369 -7027813290
89671 -7448792366
42815 -2141623370
86598 -982689315
5814 -928562991
32786 -1593197447
-88564 -2700239876
9619 -7474743134
19807 -8753148878
-98306 -3899061251
36300 -5666073228
-59626 -935981987
77240 -1158368564
-38373 -9150250146
-68976 -9728173872
-65660 -4618605452
-38680 -3335233412
-63654 -5810661495
73803 -3359600370
13474 -4221134363
83598 -3618398547
-88674 -2163793719
73628 -2268542036
-32621 -3555223886
79396 -348634628
53172 -9561449364
-75457 -8006866202
-4553 -274410494
-45429 -6036314394
-55361 -5009584946
-72614 -7295326187
59168 -2254379996
-77245 -5241125654
38856 -528711552
-45733 -1945183058
26310 -2118622347
47706 -8449723623
61054 -7774376855
-23934 -4749687771
79926 -8054301531
-65854 -9268564979
-50574 -3141047127
91112 -9319965236
-25468 -4395633020
-90332 -6928377956
67219 -5019031814
-28124 -6873807404
-36450 -9128991807
-51686 -5109073391
-75372 -5953245816
-79408 790051192
-96801 -5677278306
60139 -9297635138
79776 -1200976704
57432 -3817297548
-7301 -4963278362
-47089 -2610256586
-96521 -2397711746
-94088 1641752320
-50562 -2292296067
-71364 -7120614972
38499 -4349764290
12524 -8450623808
-9876 -8649487476
-84057 -5053615458
-72957 -981306618
12700 -2302818788
-37290 -771407907
7688 -9228616604
50646 -8751693927
-29918 -6435017951
-96750 2144838657
-98757 -3273614694
-12250 -7261451363
75136 -5836927208
-70614 -9053334027
-45248 -2605883888
-16242 -9146574891
-91356 1072655376
-22550 -3474354683
88426 -3184541471
62702 -4897791959
36587 -3524424290
81074 -3681456671
86646 -293630271
-85629 -8131275870
54730 -5422910075
18388 -9766173908
-1089 -8509004022
-47932 -1032895640
85214 -897281243
69846 -2907132303
-99202 -2949915875
30960 -4296876300
45759 -9274927242
45192 -1817497332
4032 -6252662568
-11526 -9912243987
-78049 -4410796862
31314 -9102549447
-54220 447789100
-43889 -7321450910
31058 -7038260399
-28149 -6324105306
-19408 -4406746496
12783 -1549830186
-91330 1669512025
92946 -6903321843
-14384 -1814512868
-87054 -1236911535
66742 -1282326107
-86904 -8758911108
-59837 -9962782682
-89369 -1653046706
-55318 -7325055743
-5470 -7733460887
91460 -7426723796
-80697 -8855652018
-9410 -4615784471
68811 -1980340902
-90612 -2788536612
33090 -9055219671
-59102 680487877
-2476 -1987087208
-62800 -4482740000
-7053 -6080008554
70844 -3172746128
45062 -1971435587
-11441 -701940866
54984 -1408453536
42738 -2165333991
-89228 -1060496648
-55542 330888105
-4393 -3689740190
-5768 -5490794636
-37264 -8826865280
-94149 -9567903882
29164 -6953553068
99976 -6741107372
33951 -8620264218
51848 -8617142948
83799 -5630687202
-34596 -8627271840
-19497 -5658277662
-85697 -784696610
-31485 -1052276178
-496 -3076212776
39008 -9708328460
-44732 -5388309788
86950 -164606759
88116 -7187202000
27938 -7284495071
69788 -6274213796
-75352 -1758583976
73427 -8264342546
-1478 -318436739
37692 -4233053496
50376 -9887171472
68155 -5336514890
98402 -5523097571
-72414 -9958918623
58388 -7236358448
86703 -3779831526
24774 -9797464935
97903 -8351653718
90199 -177000650
20562 -3609258051
-82221 -5493199686
89754 -3084150915
-55850 -3962449235
-9922 -1597245035
52114 -3085225655
-70486 -7765981667
96200 -6170574008
-56866 -9484244015
94028 -721582376
-69957 -6482695698
-82116 -606954408
-42520 -497942852
-14910 -7857872739
17050 -4436249639
-38717 -2107672778
-28446 -8115373191
-85737 -7800491934
45072 -6535581756
68388 -5920576704
-92385 789177054
-26193 -7294376910
-25665 -723855186
-56180 -1834071548
-32568 -3294172080
58520 -4125385496
98352 -6210668136
67108 -361313048
-46512 -7516288152
-51510 -5224546395
78078 -8800401039
22942 -5933157695
-59145 -6271499094
-53717 -6056952530
28719 -8627707566
-54386 -1150661375
9810 -1077204243
63758 -7947274799
-68800 -8427197300
-52756 -9633293792
20350 -7413806999
22128 -688366536
32396 -971863736
31632 -3526398348
-69840 -8436898992
-57969 -6264762066
-19494 -202479507
-79580 -3279221684
-73042 -4018969223
-45682 -9664919963
89164 -1252128764
-83984 -7056624728
-92064 -9564175932
-19986 -1491081699
88930 -3498078167
36251 -3831943250
-94902 -9767334855
65367 -2782193262
-89468 -6322750904
83866 -3286211675
-33530 -7975306055
-37481 -5036660798
-89506 -8476988027
33399 -2090564610
-53920 -3161955008
7628 -5560311788
22708 -6528420980
-16569 -1972945950
24690 -7302036171
-29598 -3334166967
50338 -8227613915
-66072 988768908
-46800 3952212
85274 -8494553963
-78981 -8491558758
99966 -9646511751
-21077 -5701114334
20544 -2216321496
-38369 -9848774870
54788 -701607572
13990 -4420901963
-67902 -6213548019
74542 -6152641331
-36901 -5538750278
8078 -2692618559
-50534 -1135668719
14388 -6252717888
-31068 -3129072828
17007 -9375617370
-21305 -25358702
53103 -7236762
-20201 -7993539554
82407 -6046362954
-95284 -972183476
-19709 -8252053454
-94245 -6358927266
34175 -7144128350
-27089 -3550134134
-4000 -2423477300
84538 -95070527
-13770 -9080223315
91211 -5250187358
-73957 -7644586190
-61745 -9276382622
-62693 -7203085874
-23250 -8277585435
6624 -5433757524
10156 -9845077124
18651 -4392545046
-57729 -2498834514
-11758 -5137605635
12007 -2557248374
29196 -4077503892
-90661 891599026
-29426 -7259574755
-70284 -1371785232
73099 -8509203362
-34102 -8058890135
-61248 -6593346684
15972 -3234897480
-65930 -6303073775
61063 -1354608014
94046 -3122226935
78635 -9578552606
-94434 -7609574967
-77728 -4108132880
-35409 -9576366978
-21541 -9445179158
28430 -1313860271
93464 -5411730872
-96572 -3428763632
34084 -9971946560
-18360 -4429119420
64612 -1987956368
-40661 -3709869794
-95022 948594477
67784 -9696501872
58988 -8159598128
7870 -9609207179
-31697 -4205626838
-73410 -5765408103
-60182 -5598296171
79851 -1773190098
43544 -4119103892
-94688 -6152676632
-74905 -8453132054
55931 -4562355074
-58176 -7656620112
11254 -8304838043
-75714 -7839309507
-653 -7683321494
-33686 -6665299391
10476 -9872094636
74387 -8265561878
92994 -8077451319
-59372 -8305263776
33914 -4052425751
-35812 -3618764408
-87090 56428617
16047 -2798487558
66964 -6973041848
57500 -1648510376
90319 -4523082626
-78017 1517216350
-74594 -9197742095
-69736 -3926003288
17147 -842442470
97884 -6634837068
94574 -4506190283
-36822 -4183176171
-74684 -4500034460
-52342 -4683541355
77236 -6677436560
-29086 139639417
-56902 -4883066711
-83402 -315718247
82176 -3492822936
-38046 -7353268251
-48732 -3160611768
18096 -3842799144
83219 -8964915218
-7901 -8950840130
-93584 -7711126856
84784 -1960398020
-5574 -1247804271
-61594 -4527428339
342 -7100913783
53454 -5319816891
64920 -5336055168
-9666 -76195635
-39896 -7313587616
35411 -8610843038
-30797 -5945130710
42923 -7024209194
28327 -7929157394
52822 -5501372507
-62241 -7133625138
99788 -7674817064
-79972 -3783598004
-95085 -4177731870
-12288 -1478160120
-32526 -7577306955
7188 -3821860296
-46209 348099798
71484 -4993254996
-35142 -2633233623
28122 -9223082307
-71865 -2953794930
-24373 -1306518914
12614 -6350914463
94438 -1821766895
32559 -4836585054
-41365 -2695907918
28372 -5185847876
68680 -9110621504
99028 -3673273772
-80584 -280919384
40230 -8533988631
-79174 -447471983
19263 -9488528118
-10816 -3509306288
2288 -6940403540
-9353 -7345370978
5910 -6948764883
-10148 -6349238876
-9836 -2050756568
-92818 -8498420627
55590 -7174245447
84195 -746566206
-96098 -1102799543
68014 -7220480663
72574 -7336905755
44196 -5806069212
29751 -2680923450
-97248 -7799661372
52020 -9947179332
-23106 -8039184339
-91662 1216528509
80712 -3617484168
-95169 -786887166
-67437 -1781907114
50707 -1822002974
88428 -2123550900
56507 -8404585034
86420 -6812005952
-46676 -3280263344
-19069 -6967279226
80783 -2998476950
3964 -2643031064
-58916 -6973338884
-93198 -6745258419
5920 -3983513048
19052 -5267621372
27876 -893781504
-25112 -2948436104
4602 -6203426859
-69321 -4320070530
80106 -4739275383
-60780 87459684
96678 -9378871515
64835 -6407925386
-82461 -9399685002
62751 -5350419174
2415 -5505085218
-83157 -7534094418
-61308 62578956
95280 -2336300652
65931 -261740298
53619 -4092553662
97966 -7297714739
46550 -2117568215
-24716 -3025439396
30867 -7822242006
-34066 134343925
9568 -9849973724
-98789 -466818950
22079 -4104722198
48015 -6922951566
34039 -6009160490
38988 -5524219608
-54533 519881878
-86332 -266283932
74959 -1903143794
63119 -137377214
-58644 -1796032896
68876 -1965797924
62103 -4204979358
41122 -8665538663
-25788 -7390983972
12902 -8901344615
34156 -7819817552
-70930 -4133503523
-31536 -7103714316
12299 -6641334986
43464 -6816965784
286 -525459311
23259 -6012629922
14802 -6424367223
-18141 -5086783938
17374 -7103704739
-13116 -8772057612
28678 -6280699271
-15938 -3540153647
25128 -394111392
-1908 -3833711172
35998 -931345943
42079 -4573693202
19386 -7428569535
66382 -7970659475
18266 -2040998219
9738 -9069236607
99342 -9439428603
30162 -6674206719
97915 -3337441322
-78490 -9957675983
-45377 -8936777978
-25596 -2161604376
-85488 78963108
-11476 -1293151748
4296 -9702086652
19484 -3109676612
514 -9386920559
73588 -9945886916
14202 -5260704303
-67882 -2229311327
44256 -329236500
-65221 -9227270378
54884 -5902525736
-28750 -6790276511
-49834 -3092996891
-59250 -6501465651
45432 -669026100
11736 -9997741608
80264 -5635986140
74570 -9594968111
13164 -5693934420
71102 -2299149479
16023 -8426263158
-51034 -4927801103
-51102 -1751070867
-13562 -1247939003
-47508 -6029308260
24999 -8460619794
-46038 -6965542491
-99621 -7147091226
81351 -6639533958
-94356 -6442524180
-94610 1862765905
23192 -9982948748
4108 -123560276
8455 -5298809690
-15805 -1702671770
67062 -5043323067
49760 -1126196372
-91440 1486806744
42866 -3048378899
-81220 -5923544516
89126 -9386338739
-36520 -5114665640
75500 -5452486376
26047 -1228085774
-61653 -1022740770
-4496 -7827131480
33659 -420593342
-93213 -347866110
37599 -6154563018
-82472 -5488722020
54267 -7916120226
-78058 -6966375143
76524 -5253535248
39711 -5436435234
31454 -2593874435
-66785 -8822567126
88430 -9250833707
8748 -4496827980
88575 -6860286438
-89690 -7384490159
-87886 -6898367831
44812 -2433488852
21739 -9519343418
54863 -7700833706
84356 -9987975500
33398 -3660446927
-8936 -3490891400
33760 -2900787632
37898 -5563868783
-50488 -1885461524
29336 -133990232
-18721 -9410172194
92023 -7179726482
87498 -6151150023
-24649 -1909240058
50395 -8999835014
68626 -2540332223
-8192 -9590423180
-35612 -8273956052
-7750 -4152336647
91494 -2974752603
31019 -5117913050
27390 -2066560599
50216 -803278412
-99929 -941212610
-31900 -2818242284
-26297 -7167453398
28372 -943007492
-74234 -7689953735
-55196 -6296359544
94323 -904029978
-61333 -2979851462
-42510 -696276447
40439 -7368783002
75628 -3295620368
-33845 -4440258146
55282 -4746266255
-67448 -2480865740
63694 -4759314419
46808 -6382297688
23838 -2560488699
-36916 -4486206512
8815 -6513639986
55034 -3244386083
19399 -3036926426
-69693 961459038
-63902 -2017180691
66595 -2509553498
25451 -1676654606
97110 -4655269839
6314 -1358378051
45860 -6512341820
94251 -722490294
80564 -8596625480
14442 -4345180011
-6940 -4167022532
97382 -5659159079
74286 -6376480863
760 -9415851356
-11693 -5612011142
67023 -3910799562
42760 -6131821400
62186 -2757359435
18819 -3240726150
-76450 1107200917
-4121 -944585846
32480 -6763974788
26302 -9364018043
29800 -8655511484
92855 -6622622498
78270 -5174452059
69182 -898558691
30022 -9137938667
-68028 -9050686236
68511 -3188643270
-12562 -4173161399
16906 -5229684731
84486 -7561263723
-7433 -7644637646
72056 -6380594264
-4409 -6302441906
86778 -5696185947
-75336 -501122472
57503 -6332933762
-95164 -1497395204
-65285 -3901150694
45108 -9735469248
-91952 -5633788616
22866 -6710910579
-90389 -8902735442
-38838 -4442702955
60691 -5400881402
-99218 -1619291291
-5270 -8337444971
94559 -6992347730
-29365 169696222
33143 -7651519874
-5906 -2592056111
97352 -7858830224
-2048 -3062234648
-58374 -4879313031
-24548 -3653072996
-6365 -6378039086
73748 -464716928
78843 -1438219902
-37942 -158034707
-85216 259235824
-20465 -4272811634
-79712 -7583270816
11823 -7903587486
-25258 -1341136715
-29908 -9575995628
-16873 -9611851322
-27960 -5678772
-70038 -4622364051
-82137 -7979298990
-87986 1832395825
93912 -392295300
-82653 -5410820214
83883 -718248174
-70302 -8238014631
-63358 -5068424159
46119 -168447726
-10856 -8030194052
-49964 -1734014972
-58364 -4139413544
-10728 -8765622540
64638 -1914597267
-84221 215736658
-44838 -8244650847
88626 -264777099
-68573 -9359066618
58179 -5147562798
-26358 -8370242247
50643 -9071377134
44603 -591775898
39139 -5954058026
-88286 -8478253775
98583 -7053942018
-24376 -9122952428
94990 -5904959999
50028 -7530472608
64184 -1761584300
74222 -1057366931
56331 -7323791142
-49728 -121645800
68951 -3790715174
-61338 -5936897307
39860 -5447614208
60567 -3666281622
-10197 -3467507058
57271 -8485255046
24359 -3766551938
41556 -8923153872
-81545 -7293711890
-97986 2054802033
-22092 -5450929656
-71753 -2763839750
38115 -3106294242
-72594 -5556336651
63743 -2548627478
-98128 -7707712160
-60854 -1838174567
11986 -2491797059
39724 -6034814288
-2730 -1027476795
-9786 -8922637719
-52061 -5192275718
95715 -4479120030
-91977 -6527880450
53639 -6326216618
26007 -5987427030
53975 -5851944674
5591 -2524867226
-67014 -2541814179
-90456 -5989462092
25119 -2188993866
-96322 -4128173519
-66805 738755218
-98554 1477740073
22934 -6134109131
-37269 -3462231558
-83932 -4691121056
66590 -5922514235
19264 -2231110184
-97002 -3474172407
62754 -1727456115
-38025 -3185595114
-23382 -1406583867
59260 -2342379440
-93496 -2163209732
-81317 -5525618054
-75916 -3731101436
19179 -6173476722
-36493 -4132612874
3154 -1685853803
-6321 -2662897698
24436 -332965028
39160 -2119826780
-80308 -7100979428
-14436 -8875352280
-49358 -1302532907
82600 -1039348736
24526 -1797613643
77612 -4043138180
-51298 -7877683763
1907 -171022802
-94648 -261731048
37275 -7146235722
74334 -4954230783
31210 -1519587995
87248 -3997305548
20924 -8505663656
28271 -5661302294
-83837 -8544224762
-96658 -4067391683
69912 -6074597184
-50782 -4657796555
93844 -8699633084
-64081 -1758788642
-93908 -8856494204
-36108 -973468044
95655 -7091465622
-66712 -3049802864
6251 -734661014
76955 -7053332450
47344 -3433114724
-89778 -7517402799
9823 -8574292550
-56869 413272198
-12756 -2361311724
77799 -9041904474
8012 -5786469884
66983 -5913905066
-15206 -4580576327
64224 -6071552256
-66022 -7204060511
-94996 -3165149048
38144 -3618923228
89070 -9426329331
37652 -1648728500
91048 -4375387892
-1149 -9593899902
-63058 991800361
-92236 -7797863564
-99910 -6329762951
-35505 52694718
40654 -4568337935
-21714 -59496819
60651 -5376750378
53856 -1394788404
97339 -3657234110
-66150 -4188957099
-52632 -84905088
-17756 -4796868356
-70137 -8955654690
3967 -666378554
35282 -5429686079
58291 -23060618
-97088 -1821636452
67058 -3529702031
-19681 -6908114
45807 -1230235626
-68858 -8367814847
25186 -510511295
19944 -6256282500
-88736 -1688363240
-78976 -4433392796
91612 -1333744460
-20877 -4095181086
-58674 -3144645243
-99282 2327572749
-63725 -1854955814
16124 -1384429004
-9162 -3925431027
3608 -1578739064
-80660 -2749930136
80631 -388684374
-17788 -2955671072
72207 -9310273482
-98972 -4911791852
42024 -8785381248
76872 -2733476316
-35724 -7975000236
70079 -7112900978
40787 -749256530
-51646 -5285167919
-98994 167876709
-83633 -6004909922
-93685 -9531946454
-19826 -1668964799
-45009 -553454430
61244 -170503124
-75388 -3934733756
49038 -6062742459
30166 -4198779923
44406 -739094511
-81673 -8138480294
-98949 -2369968458
52043 -5505232550
-83764 -32109800
-41260 -3324418412
37122 -9329802579
15228 -8275711212
59252 -9462269804
99948 -5605329120
-43545 223370502
-80949 -8870689542
975 -7834255674
-61812 -4821726120
-21400 -1572016832
8619 -8305662138
33986 -1518107303
20243 -1120089914
78255 -5164022658
49952 -4182308120
-23976 -8929743036
53040 -5435903676
25315 -1163061914
-17552 -5419879844
-7112 -7518050132
45799 -2765742638
-82488 -6229149756
34626 -4180023411
99378 -5896773891
-94970 -7692367127
-68241 -999666942
-78770 -442345139
56838 -6804302091
-68577 -7900631622
-87578 -3546656543
81479 -5886648602
-46188 -9523242420
35106 -7830302487
-16496 2143528
6776 -8377580360
-80452 364245664
36808 -3741323180
-1825 -7605063614
-61834 -1307929487
-41173 -6048040022
-838 -505985735
-5281 -6849309818
-67466 -4913429999
-13498 -3620922095
-1821 -4812986010
-60856 -7938369188
-13824 -815675064
39311 -9334607294
49186 -5218198211
-76252 999275116
42771 -589059030
-16636 -1638824396
28880 -4663762340
55778 -7891511075
-96656 -2757505592
44842 -4443221675
-72605 -3058720610
-97058 -7059836771
1408 -4189129556
55370 -7651462763
-36222 -5503742775
85654 -80340911
-49748 -3880474364
61872 -4673275944
-29694 -7467607539
57814 -445506119
-99160 -7020877016
3019 -8718250826
56084 -2805986744
-1522 -82784039
-48866 -1786909115
45184 -5282275856
88683 -201872802
-4178 -4067213711
37004 -1834417160
9687 -4856657202
-59961 -8265141690
57967 -13546862
11511 -9204592722
-63338 -4790202755
-74977 538246378
80700 -242957580
3134 -4231227035
97282 -9817162919
-31376 -7985173256
-82752 694433568
6395 -2140737026
1104 -761477340
-33048 -9354830064
32875 -2749895414
92179 -2137589570
-81328 -2492478068
1020 -1581607068
78548 -1645503476
-44748 -9987211788
77991 -1334377398
-89282 54996733
61636 -6485809520
50215 -2179773470
-17492 -8940422180
7736 -2958565604
82068 -5495987112
70030 -3828351539
99967 -4907092118
37995 -6952451346
40047 -3352612146
55038 -2950880295
-2940 -1163489808
-45382 -2099948999
-41978 -6294678083
-54552 -2140846068
76784 -1795207580
99446 -7536295079
-83245 -4271249210
-50654 -7023707735
64158 -2497610631
85160 -229046708
50466 -119728803
-60066 185663793
88683 -5838739842
-21216 -1789385328
16924 -7278591488
90678 -2260034175
475 -2881588154
-41372 -8872848404
-71185 -4788668930
98155 -7112655542
74718 -6544148343
6254 -5269289015
-23338 -5926919315
63483 -997885110
-38806 -1652950415
-83989 392761690
-98222 -8223307079
5962 -2287847927
20128 -816901772
83448 -4062192612
-47840 -5968944068
-12317 -4161711074
75875 -3854592710
96091 -42606914
81918 -1976564571
-69050 318589525
69299 -1248033386
63350 -5412503171
55876 -6677188904
-65042 -1662003575
92015 -8663112230
-69006 -3438863763
19364 -9088238840
53538 -9588073815
71072 -5781200612
-18332 -8183967824
21891 -1988114826
-82734 -8968203063
46722 -7793383215
78966 -6204510663
32567 -3870110114
-93252 -6217560876
-76253 1400829502
8824 -3915023216
-52501 -6568840562
-65270 -4576812395
19654 -321156179
-13918 -883141907
88488 -2504258688
77775 -3267385866
-42930 -2645743587
-58581 -988495962
-98740 -8301781532
-39945 -2108038650
97783 -1615991702
-14476 -9093891068
-94548 -8365286184
-29485 -1013625410
92282 -9503976311
3298 -981265835
19254 -6955704915
-53217 142925478
-42422 -6741543719
-28278 -7155418899
-42202 -9156639551
-25673 -4785926834
19862 -9957477083
-49549 -8042423234
-17885 -5350803026
-93141 1185881682
51096 -8562250956
39782 -9315304235
-98490 -6722231907
-33330 -3357175215
96710 -2315293187
-61908 -9619808544
25600 -7810100408
90256 -4223412956
75936 -5177775900
19312 -5844251732
-75210 323741757
-49077 -3764725026
-36574 -7326700643
83014 -7060332923
79174 -7814440739
26004 -6821719752
-36830 -1986437759
-25397 -5245317902
66447 -1761676902
20308 -5249856656
24191 -7487600594
-25580 -577956992
-40476 -4457401248
-73284 -6514319196
-64738 -2938379447
-41769 -2407592874
64314 -9421889043
12894 -9218346075
-13146 -8616485871
44751 -1542929262
26035 -2564032706
-52072 -5626442348
-63846 -3138015243
-38353 -1690982078
80279 -467782238
-64918 359886121
8758 -3924346583
-25573 -9458977958
22540 -3081520064
-46872 -8930261472
12874 -6651119567
-22454 -7999868711
-37741 -7390498742
56167 -580695782
-77512 -3308429228
15232 -8455776800
69528 -4368959796
92370 -2019506031
-19514 -6194629067
-95178 1598810757
22846 -6766714715
-40653 -1831379886
-63181 35299798
58494 -2202652803
-41812 -8544522068
-58898 -4286311847
1379 -7748528294
-92474 -2767805999
41571 -6970915578
27416 -9655130684
38224 -2033748332
96462 -8585274147
-32921 -971113202
-42044 -2226590600
-11398 -7664865431
42979 -1794862154
-33204 -3930647868
-52312 -9388385996
-13150 -7095302483
-69298 -2381373899
36147 -2985412986
79868 -301105280
-81164 -9749022692
-24866 -8716363715
-76396 -1073337908
-9413 -9454471190
-23698 -4808647715
-48912 -6168947940
-26237 -2274207074
92738 -7089661127
66267 -1650813090
-9122 -6243974267
69704 -9721774136
-42109 -3515672978
-58304 -845987264
-56004 -3667846932
23667 -7427093754
56868 -9937486236
-99990 -1825511907
-34 -1677925439
-25061 -6541595318
-97662 1384833297
95387 -6387918326
60223 -1135985270
61584 -7644615852
70578 -9470541771
87764 -9649068548
44295 -2272686546
76175 -6016350062
-77121 -3906148758
-16328 -5123196536
-85197 -9395071158
16730 -6697374167
-94046 -8659406723
-74841 -6499329210
-66857 -7362612842
79099 -7569408470
52138 -5184488927
15008 -7778850488
-75150 -7636798611
-33989 -9706976714
2443 -4599384530
-93685 -3686143802
-95402 -9851094575
-97438 -6088066547
-11292 -375018024
7619 -1018889810
-70329 -1953546858
-34600 -7804265792
23739 -7129663398
-67326 -5326413555
-83780 -9651408488
70263 -6941276598
-35504 -3808040840
-76768 -5306734424
90272 -5012548976
-39480 -7129906380
-85756 317305792
-88590 1237277229
76055 -8358054422
76523 -667828466
-33740 -3401049248
44014 -5328925367
78663 -6711917562
93486 -7497896247
-7381 -5180285570
-35938 -6351976163
91287 -5284090662
-29082 -4575473631
90416 -408595700
60595 -6396306614
-89372 -6820109828
-73100 -330646868
-17790 -4379078643
81536 -8780965376
-40958 -6206367743
49576 -5112899024
-49320 -163530708
40290 -2843800923
45224 -633452276
3187 -584130986
-62142 -5321468187
-2158 -2244341699
39910 -7270856339
23715 -5948158230
56875 -2867941082
3624 -2760091128
-86536 -7433434688
-97374 -2771145147
7244 -8908853672
3455 -8068593470
10740 -6520905372
8183 -3686653694
-4088 -9226206140
-29673 -6324902718
81459 -2802593094
-77997 -6382066554
79182 -3092655015
-3969 -972946014
41799 -6366046950
11490 -2748067731
72111 -391652886
93355 -5456202722
-85976 1556417800
-41904 -6783609852
60 -2650513740
26238 -3797395083
78924 -8812164648
-44022 -4544547
89427 -6049760070
48151 -9314844770
-86972 -3667234988
-90562 -5242032959
-51094 -8333221043
17171 -5096369426
72372 -7808229204
-19456 -2475589376
-30869 -3453730202
-41728 87439612
-73870 959141665
88916 -8510179112
5202 -5451858735
94430 -1562143583
-84577 -522007754
-16120 -5715557852
-75601 -922252874
30415 -7887100214
87814 -858300299
91490 -19187855
-95154 -7530053739
65772 -7508509008
4259 -5646938570
-14252 -8831643152
-53556 -5294081772
63735 -9622188750
-232 -6686189396
-44766 -262145079
-89378 -2938370915
-65384 -1863128216
80867 -8309607878
3254 -4743125411
-75069 -9676225470
56628 -9887204556
-88833 -8922318870
-64594 -2088129215
97951 -4145501714
84055 -468697622
-25848 -6622337652
35758 -7514493335
-24950 -6125112071
62548 -246152408
-48232 -2236829888
85640 -2027133788
83398 -6317693975
-39641 -8829686102
-42776 -401567660
-48854 -8888611391
75663 -4921103478
49496 -2865229808
-26988 -494804460
81900 -5079237684
91978 -297577139
76376 -9852889328
-90681 -5468115798
-75689 -8290490822
-13722 -4422325539
83463 -9468865038
-82649 -8311675946
-62301 -7456006386
-67960 -8601995516
-82552 -1718069444
41552 -4182402512
-15732 -5523567972
58155 -5242509102
-89673 -5278514610
77326 -4491630995
-77865 -9772996422
-21630 -4579968879
-86128 -2002711832
25854 -7913878515
-46176 393032484
-6926 -1175575043
29907 -4538057262
-21330 -4140096183
-3676 -3213130352
50938 -163205027
42138 -1988256975
69488 -6311044892
-48193 -1109406422
75691 -4574325986
-90180 -6397858464
-61038 -8597562615
22950 -8654089167
-74573 -2665539494
-85673 -4426420814
56190 -821411559
83072 -1532835884
-75714 -7327886823
-17066 -2497681511
-31440 -3488567016
40534 -8766195467
-60656 -1736185448
6072 -1203077820
-76473 -4089767622
-40552 -6481123316
-28404 -9149789412
-78754 1402537465
28507 -9284623994
-19926 -3695540847
19652 -9336458588
22439 -9837289142
14479 -3257467874
-83236 -5439145064
85950 -5944095759
73299 -9291326178
-92610 -9406637967
-1862 -7087417715
-94688 -6784343648
-45768 -1771213536
-27277 -4658645522
-56768 -4496004236
-44266 -5177907887
47440 -9836662196
75762 -4002777003
91382 -9521931083
93255 -7200516030
-93286 -3181022843
-26334 -7638997335
-95504 -7541143592
26428 -479363972
46024 -5576092712
-31240 -1193203136
49164 -5849771652
-82977 -3165414138
-77973 -9216886914
-53998 -7086367091
50971 -4076473982
77496 -6770662716
49792 -7296413672
-32352 -5410034616
-36962 -1844158511
-76378 -3127994195
-45981 -7564247118
-51821 -2509417586
92144 -253955240
-54874 -1669027151
1936 -996899588
15690 -5333542251
91068 -2027326344
-61545 -2086022634
99766 -7490487791
-58648 -4019269868
97552 -4678435568
26318 -5675362427
46064 -9884588012
17784 -148100892
-33597 -8590174506
-31756 -5775937340
-12421 -327915446
42120 -5960267748
-51566 -8358553715
-63793 -8380193654
-89080 -7260683444
17896 -4225465796
25939 -5165416946
-77418 -9918434535
48112 -8301912980
24728 -6419066000
98863 -2024627702
-44622 -8380383255
54927 -2009445582
-61261 -8298277058
39134 -9281504279
-9016 -1303000004
-57777 493480746
-46744 -5436471824
15367 -8709792878
-21118 -6738074447
24304 -778177904
47703 -9087187482
6810 -7200953427
-83061 391276974
-47284 -2732916728
-68938 -5545618823
38936 -2062087112
-32048 -5225208572
97931 -3362965838
-24148 -3302135816
22576 -5701690904
-4216 -9061744136
-22933 -4818044054
-34152 -3185936820
1334 -5773514255
-20812 -3360327260
95584 -8523219152
-81492 -1232753328
45543 -792322986
74992 -6689994212
8620 -2689629020
35939 -7840648478
-35649 -6091884246
-40402 -9974843075
79371 -2123173962
86299 -8223481202
-14404 -6379452692
40716 -1391551356
49006 -4177180775
-28146 -7648270695
56572 -4659574652
-89381 -1815382706
64338 -8433617355
70948 -5216733632
36746 -4036827971
9874 -5489334803
-66198 -940120215
-74884 1353120088
-11898 -899869527
-49046 -1193910815
-30317 -541413878
58440 -9702214584
26088 -4695757284
-95546 -6627413183
-20053 -9293942822
83192 -9337184564
25974 -9757675887
76890 -3009017823
98739 -3290267790
-29913 -6856102506
63608 -615775112
-3709 -4889434262
45947 -1350105362
-60309 -2769289638
45966 -5733894735
26570 -9863199791
24648 -6057102816
-45468 -977125392
62008 -4294974212
37676 -6024642608
-13197 -6437310006
-30117 -6563215806
50134 -2752202111
-11400 -6220756284
-31912 -7487766092
-68950 -1163512487
-25550 -5460353219
88220 -9936394832
34183 -9552332270
30462 -1152839787
-8146 -1383651491
5275 -6575145074
-85940 499541164
57295 -6192429986
54474 -6509864883
71294 -8505875159
-47589 -1747058838
54738 -5199291567
37963 -458571554
-63045 -509846766
-89793 -4409110050
-97198 -7930988543
-83730 -9494693955
-80422 -1985853707
-73672 -2638715552
64867 -1954016618
12052 -5348391284
-29181 -6653209434
73938 -2052604647
7514 -2313294959
66415 -8970170834
-31053 -9617840322
-53549 -4856798918
-28142 -4809335015
42903 -754344558
37891 -5875738994
-80329 900481738
22842 -6367942779
-2105 -4071600290
55547 -2792905034
-87581 -5082380594
99984 -322309056
-23442 -9318028527
-99805 -6776027234
-85837 -3663823298
-60210 -7470620175
-69846 -2125298271
93944 -7775386832
71007 -9820635522
60560 -5970247340
-86269 -7640632286
-81556 -5651961920
-90557 -6613956710
-30174 -7648463139
15199 -1607084054
-9256 -4617994928
-82842 -3710604423
49767 -4936938126
-32888 -7873444832
-65217 -3379540146
-97464 1489462644
-69805 -6845184734
-15450 -1861654755
85666 -465153707
-43473 -8405433162
17708 -3325594964
-53038 -2154253547
-4110 -8987559267
-66944 -9264612524
-98814 -512169003
-90113 -1943466806
-66449 -2440213358
93486 -1606171947
-33942 -6371220015
59787 -7619934942
-61800 -1338342492
-62649 -7375688922
-93618 564542673
69368 -8947327688
-42256 -7547427392
-36072 -830827656
-96656 -6699787412
-90601 259765822
-22066 -2931570359
19902 -1722013563
-79977 -6220302726
73070 -7856079071
99990 -5700446367
92286 -6069833835
-48434 -8776798967
21846 -1460419143
-58521 -1359269430
-84146 -9410722895
39294 -5277255639
62474 -3808600235
-57808 -1380939068
-19630 -3751335959
-7124 -3030193472
-69896 1044827812
-25973 -539284022
70754 -599998487
74735 -6978766790
-90408 -6675403596
84543 -8222558910
-21097 -6110714594
-46786 -4772066675
90375 -1929753546
-39618 -3231092463
98631 -6417541074
-66509 -6393223838
30918 -2570336223
-14504 -873864776
-28581 -5228769426
46819 -6843872438
56656 -4540039136
-44513 -6012753470
-4193 -7985016182
13291 -5768515142
-2022 -9748524411
247 -7542714782
-80808 -7318229688
45610 -5313793499
-31044 -5300837700
23235 -4361928498
39059 -380722718
-50805 -1452902814
5012 -8593683368
-37053 55909062
-354 -1629035979
36015 -9811339818
12824 -317488772
-58629 149069742
83362 -8573551679
4930 -1333700807
90018 -9717978591
73695 -4582482318
-336 -8874772596
-34612 -8241868952
14343 -6925352778
32934 -1124923599
39996 -4672266372
-13784 -5100231884
80923 -7968341702
91102 -5121773471
-38492 -4617710108
-61406 -9573503723
-91689 1095705450
-47268 -8773846128
-74941 -1356075434
99480 -8692279428
18606 -6953374467
49871 -1609187438
-5801 -4584509330
-98298 878235033
64310 -6603507935
52428 -1070210028
-29144 -6720427808
31404 -6090612084
9222 -6080022843
61507 -3169832150
-4294 -9301038215
-97569 -5297224206
-37550 -2470291367
-55365 -2106848022
99216 -8677434960
-72684 -3258974484
60326 -9601511243
-65918 -4602809411
-57693 -6549418806
84744 -4102897296
-18970 -4214171459
-15006 -8552713767
-64148 -2599674800
50784 -441774840
4403 -9382280894
9264 -5503381140
11802 -1164784503
55878 -9211680255
56307 -7107084570
-36677 -3937679942
38948 -1661108588
68947 -669155498
65426 -6536115707
74334 -82113711
83008 -9551417780
-32458 -2448310883
-27794 -7849777091
284 -5292714200
85647 -4825180386
59804 -5817629696
-25428 -591195036
30090 -2340436443
42011 -6836835278
-71496 -527166180
70966 -4449004643
42022 -844949819
11394 -7995277635
8894 -2334522251
96204 -7233920448
-26233 -5858882066
59267 -8079927902
81586 -2730016187
66334 -6961768967
51792 -9313431720
73122 -5648601123
19615 -9991800194
-43882 -6858667451
-47236 -5160732308
93987 -4537261926
-90093 -8471386038
-9337 -1107187826
1298 -4132007963
-15626 -1441429883
-14922 -1752064719
-53629 -9185142878
48708 -5097731508
-48428 -1173173768
52194 -247696671
-28818 -8954489727
-41826 -671440395
18740 -4590673064
43542 -4600334475
76243 -8427302042
85191 -9517272546
5459 -6419588054
-92329 -6741391562
25764 -2817476016
-23132 -1844116388
39778 -570470603
-32548 -3306826652
-9049 -8772877646
28995 -1282608030
-94792 -9706688852
67911 -3498852846
-59829 -1366703574
-85045 408012862
-66582 -9778885767
-76825 -2372874950
73292 -7280085992
97435 -1552020902
-90585 -2323941342
67054 -5846801315
-90666 -7983710427
-42604 -5210409224
-71980 -5022083648
-34388 -3559582280
-46476 -2450480712
-95126 -2253372311
19718 -2731938311
-36930 -9129893727
3071 -1090861274
-70605 -2914572510
54980 -3421194464
41308 -6936282824
-37324 -5704847492
-73856 -7658349728
-6480 -847066212
21474 -5003411451
10832 -4221492368
53960 -9050328296
-38838 -1630106307
-60117 -7683354090
-9224 -1955737820
-34880 -2767765340
-54225 -404451738
-87948 -3523329528
-50829 -4462126662
-52100 17921896
45438 -8312525523
15486 -9909707571
-77678 -1467567179
-43726 -3681960719
60634 -8168067803
57024 -8760481344
-47004 -9727436604
14654 -7639669475
-41634 -2143474707
40202 -6482487143
15190 -4681345127
54815 -2814954998
-91672 29425120
-382 -9572487431
67603 -6481243262
-93342 1291634193
-79041 -3003734058
-27294 -1505626011
-71388 -8367948924
-38206 -791138687
16212 -4382333412
-51154 -6807034331
-15981 -8823358254
-7269 -5485076754
11643 -1821512106
-71892 -7444388916
50902 -5917340663
86066 -4311463511
43395 -5610640374
79040 -5667618572
-72526 -5259017123
71883 -6371061570
-74768 -3811831520
-6060 -7256749740
-86528 1697932504
-67602 1035867381
91038 -8104730103
67734 -4403317119
-25520 -8809308128
81975 -8269148658
-54993 -3183236190
87267 -2388914298
59734 -4827787847
-84106 -7479281603
51754 -1667920091
6662 -4459337795
-17081 -871412318
-34000 -1244191304
-4090 -7097310851
-38422 -1959038771
72792 -3760666212
-94392 -4492728240
-1093 -900018878
84055 -8594712506
27248 -1431734252
22714 -2951122163
57039 -78643626
19702 -5049940283
-58734 -6136741971
-8132 -7872965984
-53461 -4302972686
11570 -948593867
-28602 -101242935
73574 -3331562015
-93562 -5724452735
26076 -8090731632
-1610 -9237504359
-16314 -1307871567
-52569 -6772618134
-32106 -3564861303
-29033 -2832263738
42019 -7329971474
57194 -7341230507
-19460 -791761136
5691 -2567655522
-59356 -6834143372
-1872 -2001001560
-26492 -3637070600
15936 -9205523388
-77656 341321224
5656 -2672651000
11286 -3414676479
97956 -4247667372
-25024 -347350064
-49069 -103362134
95202 -8673319935
-9881 -8793147950
-54474 -9255569139
57916 -3816629048
194 -1034562887
22532 -4954938740
-66270 -3314359275
-15186 -5718587847
-91481 1102479574
-39269 -1662100442
5814 -4946131995
-71173 -7922369414
7830 -2945446851
-50785 -6076930718
-31584 -6277995540
-20385 -5518984890
-33229 -9593609918
45491 -8188769606
48928 -6477105620
19087 -6751928474
11834 -1920133991
-82494 856579893
79875 -3939508842
-92720 -9775288004
-58230 -1594016079
94406 -3604023599
-40528 -9761038772
-94414 -4604669207
-61206 -7272048351
13502 -1157872511
-38958 -6924361323
60708 -4664628624
49908 -9280016928
-24600 -1101552396
-59521 -9615826634
-25574 -8683549835
56130 -8487532959
-84760 -6524065712
-17342 -8999158223
-493 -7096035194
-7442 -3053667851
95891 -1520203346
71308 -61003856
-53262 -3522705315
-50860 -4920316340
21972 -7027324056
68410 -1276197059
-88113 -1471191126
-67221 -2015006862
-28380 -3606147336
32556 -3742212492
20796 -7841593404
59650 -9930698267
58855 -3767421602
63683 -7548815210
-90356 196367344
-77409 -4894587714
9879 -1931532966
87414 -1084655823
-30160 -7851679484
-79188 -1412910828
-54582 -7570647411
-50868 -8631076452
11454 -8841126495
85524 -1181730864
20599 -9950189810
-40554 -81297183
-96206 154988293
96246 -7635026199
-77320 -7212314648
24603 -2283219714
16710 -9354697719
-66248 -274515776
-88554 -3369179763
-6089 -4384707554
28307 -4328235458
86042 -7518024251
-34878 -2661558519
92836 -8815994684
11034 -6924259935
52570 -1182992411
-30172 -7638307568
-7368 -9770839824
96438 -9684508851
58104 -9361053960
16398 -8471488083
-78530 -3161616827
-7498 -1332010679
-21524 -272192000
94747 -9943368158
45638 -4031900735
-82942 -5555037707
64007 -5215948742
-8964 -5884289376
40031 -5454942590
91474 -499172327
-72334 -8140076123
10594 -5134530107
15664 -603477824
-79085 -8029283102
-16794 -7970797839
-21054 -8079433959
-28356 -2502967152
90918 -128776611
-68689 -8950579286
-37920 -8665698540
52556 -4150185692
40052 -1102261160
1178 -6879084815
-83816 -8547301100
61479 -4891729062
77566 -7881293891
-86440 -4519170068
-85968 153744672
14902 -3817663763
-86429 -6333584630
76574 -8792966267
53502 -7836933639
13944 -9767969556
-13364 -3028737728
5042 -3513739067
-30649 -5316305486
-78672 -4347160656
-60897 -5522804502
-40962 -1195121655
4632 -4842675060
68610 -4037599023
-20790 -1444199319
38423 -6461388782
10270 -1378002179
-27954 -5045423007
38607 -7300628586
-31260 -1906520820
-89076 -6092662704
86483 -5048995862
-23457 -1320414570
-45952 -8858270540
65316 -6406638276
-73446 -7682207799
38046 -7322900139
-67609 -6411442934
60103 -9455214230
-59237 -7419819266
-59357 -6000684218
1267 -9462018158
-86181 673370862
-44136 -4377626292
-75565 -5330164070
29460 -7695992052
33638 -827833451
37460 -8994647852
-28049 -6981006974
-97132 -969828560
-24010 -87285023
9676 -633891512
-74556 -5684213388
66832 -5568541736
20647 -1501626014
33204 -8293620060
21468 -5323206924
5899 -9138112466
-44049 -4472131218
-27752 -5465465840
54095 -3759749582
-51546 -1008277347
-68504 -1395729068
-77462 -6091547111
12458 -6611582591
57576 -5339867928
42451 -5660877662
80694 -3342050367
-88737 -2768474922
78390 -5931028899
81762 -3129419139
-28073 -798069506
76366 -4963475699
-38722 -6885753839
-58880 -2862689468
23923 -2407056938
-83376 -8963962404
55743 -8208179946
38875 -2295514346
-7197 -2015219742
-42838 -1066266215
7448 -8493852380
-65460 -6683237796
42352 -33731000
35851 -6369099386
62620 -9004685768
-75298 -4059585107
-66029 -7510083446
46048 -3700554680
6879 -4904558898
91032 -1598662680
59736 -5255846976
-80550 -6987640959
23619 -2862742986
-65706 -1600704819
89428 -3773736500
-22928 -9383403728
-29573 -1363137326
-53610 -9388765407
99016 -3632772212
95883 -4499124858
-44940 2620020
-49120 -921615032
8222 -5614594655
10864 -4813567100
-7293 -7903074822
63743 -9667291490
-10020 -8583390708
-38109 5890170
49798 -7756549379
-20166 -6214709451
-55888 -4057377212
-4761 -2540081610
57263 -9512783042
-4896 -4950491076
83848 -5317021820
30923 -4212264794
77960 -912281528
-15798 -2719285143
41748 -4823992128
90836 -125977412
30568 -3092849336
12239 -2248246442
-52612 31718860
-30609 -9457257702
8460 -9059373516
-76478 -4699137035
19031 -4317319214
67968 -5943936996
-21609 -176105094
4663 -758355758
-88028 -1544020316
-19890 -8387925243
45567 -6744968982
-86664 -3791113212
89916 -7146175704
12728 -1324799684
-84100 -6039945908
11546 -2786220407
-98506 -3175313519
-53080 -6817591736
65330 -7505395751
-64686 -7176593235
56754 -490181583
-52392 -9182835048
-84444 -2325915600
-23717 -8159542754
123 -6683608650
-3460 -3039550532
85602 -589314675
-15501 -3514286238
-52384 -3551341604
5650 -6604053467
70312 -5289554156
-33740 158042392
-24489 -6960222426
48978 -8762701875
-67588 -790702004
12152 -8622421220
-99705 -8906004102
-6738 -1348395027
5106 -9694389615
7914 -907815903
49998 -9124712811
32292 -2786431440
-89820 -6821413992
96180 -5384898792
-88750 478513345
64599 -6457899666
43080 -7674429792
85228 -6013771016
8571 -4434583854
-93740 -6859283564
-39352 -6599479460
-18974 -9171964067
33012 -1244249580
-93620 860482216
40547 -2009870966
35511 -6373779234
91120 -152327576
-76264 -929836124
-89472 -1696251696
-29138 -6377832563
67018 -6446039375
20251 -2056775966
87334 -5329237199
-87462 -4760749971
-91701 -5323519914
-45917 -2082993326
-7980 -8767908516
-37801 -116278310
62519 -1482034730
14971 -531186566
19491 -9634191474
-8148 -6647070828
88118 -7110423695
-20324 -270107648
-13156 -8622631808
69718 -4311826859
97882 -8138700863
-87740 282915352
82239 -5486609310
30412 -8098065128
-95817 -4804753446
25440 -1795500816
29587 -1066717202
66800 -6757376600
75983 -2117484014
-50533 -779336558
-45402 -7605927675
-78093 -8812238034
50107 -9373358750
-4342 -7713355319
-74457 -3598890006
64836 -6114981288
62423 -7909887242
99219 -5037520734
-31597 -5694319046
-23934 -9245196099
-52757 -3953180762
-89453 818918986
-14298 -9872263227
60679 -5757900194
-25269 -8336510382
58366 -8030530655
-57637 -8889459878
-62798 -5240770499
31470 -8666311851
13399 -5244005654
-70844 -5573737544
27516 -9256688076
76872 -4361024196
-48237 -3557663826
-55896 -6564258984
56227 -9672582422
-31837 -3235565822
15814 -7591412783
19071 -8249813730
-80554 -9426609419
-43133 -5609694962
7396 -8112979040
40120 -7265285636
-14160 -9829676280
-3365 -3909757634
-98612 -6521804768
-52144 -4652618516
-66253 -8738184482
-25753 -2167711754
46606 -9579142571
24702 -8877036687
-10274 -9547456403
-61684 -1686655196
-57970 -3711826175
6023 -3558733850
51792 -3375236928
-55484 -2547077492
-48510 -2881785795
-41045 -2284779434
-21657 -136177362
-11770 -8565031235
70683 -5821485318
60262 -4210939187
96047 -8209479614
27039 -4998751626
-92476 -2211247604
3387 -3990890562
-77808 -5285746824
15884 -7123252808
85019 -4287126446
-70765 -152926310
-67202 -910076915
-58194 413576025
74091 -3180001494
70296 -8366149128
88188 -3047465808
-33956 -2867845736
43306 -4779245015
45984 -7757941308
28867 -169054454
-71040 -3376384836
-21984 -829362276
-41790 -776466879
-56936 -4802490968
39480 -2205823572
-55352 -1985617520
-63389 -7455600278
59628 -8574896496
-30165 -4680073050
50451 -607699506
38934 -3239187315
48580 -9460244984
34580 -8473138076
6468 -1942422264
36644 -2300907308
-12061 -9571655918
-40401 -5925637710
82827 -9653779938
-58697 -2032625990
-46353 240827538
-68324 -5183654204
-62144 -4238187176
78383 -488810078
-17166 -8973240327
-42994 -6306134771
-73848 -3553011432
-64904 755198392
-63348 -1855038528
-31857 -2236259994
51 -5848621734
-15069 -101107002
54152 -730419752
18952 -4699923164
29352 -3273966048
-87696 -6972137340
-4666 -1808768087
-34736 -6023071796
-23828 -9875461568
-96517 1381703398
17976 -4626552756
-28698 -3332064339
-50393 -338541686
81635 -4476750362
-83410 -9870613811
-29560 -8346482564
-46997 -4464529166
-27092 -2865227372
70327 -4248893594
23948 -9694227044
-8829 -3458844186
-38116 -2716176512
22159 -2090924234
-66078 691016061
87356 -6368135804
-45876 -6027094368
53054 -5095336295
-92150 -2017670735
-63674 -1290740915
-52669 -98932766
66400 -3495222212
-40017 -6536345238
64855 -8370410042
-79506 1345418385
40608 -2208779136
-67746 -2352989511
-55336 -8873942360
19110 -1708883883
21294 -3164144895
92212 -602271932
15592 -4286466092
14955 -6566044278
-98444 -8449637900
-63328 -7983241640
21026 -4841691275
-11070 -9672294507
-597 -4083688578
46308 -5086946460
-38761 -6077004542
83914 -3686882387
-18008 -5680540952
52258 -9403053251
-41908 -5519989868
-12308 -3666329060
69506 -4083474539
-27558 -3171051327
-45913 -2834137490
-24334 -5299605407
-13896 -957225528
97899 -3759710154
14084 -2465299136
-39868 -1832357204
14672 -2208237704
-84770 132899689
-37388 -1467968972
34491 -3161840022
-24638 -5667283319
-2644 -9305230436
-95368 -1623366104
-54454 -2755879007
-82676 -4260210380
-81629 324826594
-3376 -6386500136
47611 -9307519406
59964 -8214968184
33004 -1415025728
15 -8435330622
-63138 -5672147055
94882 -9599965715
-43857 -5786029722
31555 -3180617462
-40066 -8987387075
-88173 -1067105814
-5896 -7559194388
847 -2588345630
-77222 -4921873559
-9822 -8488393587
77334 -4549264299
8464 -5283616172
34347 -6769926042
82340 -174961496
-2074 -2693742719
-55442 -2189918483
-36546 -8199738783
65892 -7529643456
-43052 -946352516
-29681 -4132046666
-62000 -2640998828
89910 -8448801111
90324 -4099413192
60779 -9325824182
26838 -7925437839
2232 -4833620700
32340 -1966737036
-93386 -8168033471
-75474 -268951803
-2668 -938253320
-25736 -7019092256
-51389 -5171157758
67111 -9143359766
71010 -4992573699
93895 -8843933210
-40088 -525457148
16274 -5301120959
-14613 -925658202
-72428 -6330407864
57246 -3848055639
13204 -1037095640
43607 -7888013318
-16748 -743749136
-74566 -9346339019
-21726 -5652357987
-56041 -9696583646
18323 -8510154242
89915 -7822113254
20388 -6404000100
-46454 -1266859919
-777 -6944438922
-13565 -4813413350
-19828 -9573728468
45854 -2342752367
-67916 -6891019520
74015 -7571091290
40560 -4800986292
89284 -3922689872
43006 -4727501987
-42218 -9824490575
-28528 -9226743992
-80522 1123610149
75748 -6778217504
69147 -8797530990
89084 -6131194724
-73329 -6438947946
-63398 -5605257047
58575 -6161317950
-31061 -5533380890
83082 -7979746683
68815 -6847298138
-28409 -8751426338
-13308 -6043568484
23928 -5471339220
71867 -3643342346
-8493 -7845159606
77582 -8082940799
87120 -6775641132
14966 -7917832379
11454 -1547379303
61623 -3968701254
-14024 -2097737132
50126 -8439600587
66864 -9632344188
-44005 -1836584450
-85949 -7464841634
49248 -6140462976
-32529 -1649156562
-79497 -6092366406
-96769 -9286650722
41043 -7953942282
70874 -3418437839
39367 -9912275234
99750 -7722811719
-72012 764265396
64764 -4297484160
2958 -5819522955
19551 -6145888254
53435 -1398470330
-98448 -2927990352
-76140 -4180376676
97844 -4411238300
67779 -2210358450
34776 -1578220572
19931 -5227081118
38942 -5932577675
8846 -5228871419
93168 -9704335944
-10374 -5070345615
48774 -7004328087
-10873 -6873907910
7012 -6022703420
36547 -5420764394
48868 -8589172064
-39166 -9220620383
-845 -9422927390
9344 -9617620652
59787 -8951296350
6895 -9954382346
-73138 -3217966439
-43778 -9545520515
54040 -7393690292
-68354 -8014133279
-46658 -7972669211
-52826 -4394117855
-87882 -6088207395
-52862 -1543301627
-19676 -3356878316
-83790 -2261179383
87111 -4114443702
88636 -8560747892
-91536 -339851568
-52656 -1297072608
-51028 -711655904
-11008 -3853943384
76123 -2067315842
61738 -8338784171
-93858 -8008392711
60827 -9988266734
-89640 1955065980
-54489 -9017587830
82971 -1452786390
-6738 -2380694079
61858 -7304038931
-9734 -3815094467
-55714 -2425221935
46660 -1792091936
-3053 -3450908534
84562 -675285083
-49901 -4328475086
-16832 -8223186896
-54860 -7160052872
85912 -7095752024
83523 -8137784910
-92525 -4633920074
-49145 -2548450922
-46520 -6918354704
-13992 -4671896052
52600 -3134445320
-54264 -5670205956
22599 -9984245982
90411 -726631758
-77509 -217724078
-30474 -561950967
7040 -6271433648
-85818 -7570057779
18615 -4662810762
91624 -9981057476
-20558 -971684699
42458 -1873148471
33826 -3654017507
97836 -7733897124
-51194 -8619420299
62514 -4831061427
-60429 -3324333570
72274 -7942394891
99010 -8420165351
-32348 -5427225800
20679 -2854418862
-52996 -8722674764
-29806 -2917772183
55503 -3491242770
-16340 -3156217004
64366 -903308099
16991 -5021684210
49678 -8468742803
26 -4639632995
-41226 -2904218727
94103 -7627887158
63531 -9875531334
-44517 -6769457526
-418 -6871634843
-9888 -5597238768
97395 -7875357162
74662 -580066043
71696 -1028213468
80094 -6135131655
-83150 -7513322663
-98896 -7643111792
-92144 -3133840076
-63297 -8642388090
-36458 -9004408787
37827 -9618070278
-58152 -5931927588
51930 -4937532255
-23886 -6938386947
-15633 -4803998418
6022 -9588706967
-88842 -2206672947
8339 -402633818
6566 -9032369255
56583 -8683658610
62619 -5091149274
58202 -2639951255
-89790 -6828064623
-24542 -6372658199
-39629 314700790
29160 -3399700284
48859 -1530221774
88163 -4686021938
61391 -8681364254
83400 -2405620296
16140 -5411214516
43950 -1144246911
-13917 -7958174862
-65457 -8427988350
-96968 -3030827108
15127 -3381189830
43594 -6457873199
-63656 -6037779284
5143 -1283630342
-69765 -1354666578
2254 -8017976435
-70644 -7392722256
-19878 -3192992127
-34732 -3718862528
-33662 -2384754395
-51132 -1334803212
91010 -2231386775
30540 -4862574828
8144 -404093216
-80288 -7955279840
55710 -5449868835
-59581 -4480217714
-14214 -864258123
-6881 -5462228954
-24317 -5348670254
-95942 -8691635363
-92776 -9003761456
-68022 -7495341423
-78822 -9217982403
-96222 -7138214931
-87142 -2465146499
-64642 -6481507787
98744 -9542004812
26020 -6138349004
-53393 -6083640074
62147 -288841706
-51368 -7459038128
23766 -8832794367
-35574 -7656873687
99308 -9752805308
-55405 -8253051422
-77106 -9490703583
33052 -2089207820
-92812 -5121869036
27220 -7571943824
62263 -4912750106
-6886 -4921532003
-29090 -9365074451
90150 -4602581511
-88449 -8594745162
-67516 -7406125796
14863 -264980378
-22682 -8030768687
81355 -5653913942
-17526 -1044050139
66367 -171456290
79046 -8458969487
-69090 -1171373139
-59578 -5669490395
-52764 -352696656
86400 -8385875412
69195 -2080498026
-32676 -9863238108
95874 -4739121795
7775 -2867009918
71330 -6821688551
-62980 -3736952072
-3705 -2004709266
-66280 -4013117576
-28137 -4704781542
-17286 -8841090243
89010 -8092787691
85734 -3663736515
-56188 -466139408
10248 -6719450076
-53802 454511829
-52416 -8967736524
-22150 -6337775387
-3528 -7009929384
-52188 -2847375792
93834 -4520953167
-95550 -7888687515
-7054 -2446209911
-6480 -5882103072
-55697 -940302446
94044 -6219855264
-29505 -5981489586
23808 -1516523856
44658 -3076967283
13051 -6501917114
27079 -8437725638
-96082 -2967919715
52966 -2419256915
12550 -7650247487
-12989 -3774509258
-63485 -6072030686
58272 -9470896884
50154 -9466325535
16 -9503886164
-3750 -663858159
50347 -4500365858
43416 -7033231392
-84549 -1538624358
6882 -6790854039
-99201 -4928227842
-28726 -2583268811
7890 -4667679807
4251 -1834699626
-30945 -7912637130
-95806 -1045743491
-97992 -8713938480
65154 -8306013471
7186 -250836539
13091 -8099938322
57067 -6446852486
-16149 -6534119142
28454 -9344609207
-8517 -8521271562
30267 -4598976678
91719 -698829222
-61646 -2626133339
-80050 1073870461
-60744 -3806196324
25351 -3826444778
39759 -5669481450
36704 -8631149120
-35470 -4223032571
-67000 823007944
-72582 -5088547527
35632 -5172907724
88990 -8641360511
-99700 485726812
15334 -6300306995
69430 -8945076407
-50412 -3775291536
99618 -4422015723
-97665 -9732608370
-63846 -2926270611
-68660 -9836493884
-56298 -4850144907
9164 -7897553876
-40926 -3195184515
-29118 -3195441027
87151 -2654990834
-61236 -954391440
33806 -7692192659
12670 -3268838159
-71533 -4375264970
24248 -8237221220
-61000 -355857488
51646 -8452381883
-74630 -8556496151
39799 -2317906982
-57936 -60785544
27314 -3601531199
14606 -6551524307
-56861 -9022607486
-89357 -8202318986
86342 -6988056467
22964 -1709154716
29064 -5767729152
42062 -7045614851
36950 -9814296527
87208 -9935463104
-41989 -7231409726
-33625 -2386755446
-49116 -9071031960
-37520 -9880240880
49956 -7311664380
43304 -2397590900
55542 -2739671787
47068 -6364205540
-8782 -4359312407
88976 -2017780724
53588 -3877133480
-28260 -1942736244
70136 -5007960200
76639 -1204689674
66111 -5263901178
-57769 -7380557822
-55038 -8953122987
-6264 -3502487208
-76341 -4661693286
71647 -4437624110
98398 -7621032671
-63132 820534068
-65529 -8730860766
89463 -6942548166
9488 -1223025920
-29350 -1052872475
-33096 -5809108740
-33392 -4681367600
45284 -8384050400
24888 -9911298912
-64420 -4847520716
67275 -6632291442
-54084 -4849234032
41444 -7235027312
-5333 -528968210
-50124 -2629001340
-73160 -8279175476
-78252 -2920812708
-47826 -2223133263
-15956 -6858775748
90412 -3971272388
-96313 -2532345926
86824 -8661010904
-33802 -49552355
-95997 -7792582710
-99864 -7070034864
82066 -9398112611
32040 -4012298928
26736 -9745539780
15134 -7298733779
-29585 -8972832986
-14282 -9270922835
-69684 -5113243884
-52441 -3287471942
-98457 -3953119782
-69890 -2117422091
29982 -6894699543
-7580 -6271742816
-29592 -9048418656
-42729 -8804078202
-34808 253902292
88614 -9380051679
71887 -7774335302
-17217 -7457228838
15104 -1388182664
72667 -206852186
22574 -3230738279
50815 -5846170394
21018 -9672467211
41743 -386236370
86151 -4129477566
44578 -7578637247
-48901 -2428893674
88726 -6198206231
-43417 -7716400466
-2426 -187260899
-373 -4240968818
-47046 -1148011779
48468 -4011326364
-13325 -2596075706
-56332 -851442428
86959 -5083893182
70818 -6497187003
-92825 -1963277858
-43960 -3057114680
20615 -2136343622
38859 -9571396254
-58246 -2822929091
83778 -4610916927
71822 -42635591
-78017 -5566593938
57803 -6423172682
24031 -6169007870
-68725 -7789929446
95116 -4999684124
46207 -8301235094
58392 -8383921416
-64133 -8317390742
-894 -695002251
56462 -3945932927
48244 -8543203796
88798 -2002071731
-84582 -6949344003
-91904 -4467998912
-43593 -4087125930
-41274 -9747566979
42954 -77036127
96270 -2588980551
-3150 -6264810447
-76053 -6032201238
9840 -9969485544
-73132 -133980500
-82638 -7310573379
-69932 -7328385152
76435 -777844706
-69141 -4013930130
-84861 -5830195926
2196 -5883906720
-46945 -5780712566
-13296 -2298345276
-26216 -2092412432
93263 -4348734002
-5010 -7705020099
34836 -2610022152
-52369 -1791525458
-79700 -7266172460
3430 -5505789239
51779 -5451395138
11631 -4055214558
-10602 -7862480235
-20980 -8147013872
-67252 -6369930572
98496 -8968870392
9675 -4648578666
-94161 -204882090
-97225 -6518164562
-7385 -3556335674
19054 -7210565315
-95905 359150782
35415 -7368735870
-88050 -6007218279
43332 -9354740136
-98334 -5809502091
-58913 -2993153114
-6402 -2595560763
25778 -7419589391
-15268 -8801775872
76727 -9700872434
47310 -8473817295
52012 -5348593640
-36013 -6004703642
86802 -3065968647
49242 -3731505099
-71541 -6676568718
-49534 -6805244567
83268 -6043934280
-42858 -5018500599
-40656 -1983300576
61575 -4487122818
97582 -8706493703
-76708 1349943856
-105 -2723659410
21194 -7221430199
6658 -6168119867
75923 -9631309106
-45009 -7638832110
59199 -8850846018
91298 -6474086531
44299 -4413379646
3636 -4182245976
25776 -1320424008
68858 -709797503
-31685 -2812905398
-65709 -7437010818
40646 -4113801719
-82172 -954058244
-98212 2140894444
-43305 -9383168322
-54621 -487050426
98428 -2068039892
38178 -2529393459
-82001 -2858726186
-15284 -643196912
-77021 -8941331546
47712 -3875101512
-85878 -7062201243
-2424 -9117299352
18342 -8968626483
-6954 -7384559883
-3610 -3840206711
38802 -9027760863
-12270 -5099488899
-29636 -8274601388
-95610 937166421
-58216 -5032509512
-95936 -3100479152
-40776 -1298660796
32011 -9095650970
-88248 -6391086084
65418 -1513371087
41275 -4656044006
-94914 -2114369319
8628 -1907075940
11036 -8906138516
-46314 -4503779811
14379 -1598784222
-26802 -6192031371
-19373 -4958842622
61418 -969105599
-22078 -2416218539
-41110 -6399175103
77682 -3048648831
-46650 -9986083791
74140 -4655709152
82206 -9331160379
90043 -3916424726
-85552 -7913993012
97452 -6330024600
57535 -5898889142
-26908 -4537455056
-49442 -4186021907
-75780 708077400
-21664 -8453995952
30235 -6365942894
78780 -363063960
-81724 -3260659004
31986 -1045758591
33030 -9598439115
-47781 -2451866826
16639 -612704930
57028 -7214043380
78684 -7881606168
75298 -683513195
-43666 -6609727307
5570 -6378855035
-51808 -3796260656
97947 -9872589582
-14738 -9954055751
-81709 -409524626
-6357 -5915308590
-23681 -3762313154
-58797 20991654
5823 -3693404922
-4346 -8261976383
-10458 -3770303139
-29480 -4665918656
-87430 802396633
42846 -481674903
-56530 -5201745935
39704 -3803803412
5831 -8271397634
-99744 -7064255208
-44669 -7873221014
21850 -4960222091
-95342 -1702693895
-7945 -1216660106
60963 -4361943618
-38044 -1448094872
-64352 -4111780100
17562 -9050363487
-55914 -8157645147
-67385 -1309051886
-852 -8961391680
12560 -2821462172
-14970 -5873815887
76536 -9121440480
91596 -7644711228
-85986 -3768196011
34260 -5764271796
-61521 -9727999326
-18197 -5627178002
-37333 -2730659630
-70006 -2131231175
-53481 -5766520134
-40110 -1342677339
-27817 -2659090382
-86682 -9176731719
51866 -8937954419
-29642 -7594951235
98478 -4067576439
-48093 -7337382894
67932 -6631698168
-32630 7484065
58512 -985393632
33642 -5257583427
53020 -7130940776
62056 -1393300808
-27616 -8096946632
-51398 -8786522987
-35466 -6326955495
-48981 -3414397566
-12805 -6095017550
-74762 229247713
-38354 -3111897179
-86386 -740217275
6787 -3959711858
-74730 124186965
83456 -553337888
45238 -8950757675
-42865 -4481192078
-92786 162965581
59010 -2608451547
-42393 -2559554334
7476 -1385136456
99782 -8100073487
90840 -3313290372
-33804 -3218874636
91330 -6462171383
-77117 -5558950778
-79084 -3224955260
36938 -9493282007
179 -7478261834
1608 -2261382300
2548 -7084691696
79855 -90281222
50054 -4201473911
-78400 -9354220664
-40845 -378988434
31008 -9820570776
44220 -3438080064
-13268 -3626028548
-44877 -6578791542
-54178 -2303797835
-62190 -5433195183
-34422 -6186968103
-66300 -9143586480
-41601 -5804014314
-51740 -3303737828
45139 -6353931938
-91752 -405929376
28103 -3243639230
98718 -8084805495
-5760 -9298650792
-91092 -7566797844
-75908 -2516468612
-70790 -5333075507
-60542 -6411098711
13863 -6308585166
47747 -1861637102
36462 -9613104699
8266 -145716239
-16550 -62406155
-48717 -8290113486
-82542 -7145722167
5154 -4465218531
18222 -443168331
-29246 -7734757271
64710 -2409748539
90123 -3838514898
89026 -4349099615
-74076 -5813150448
-17080 -1941661952
-18182 -6430803731
-55080 252290316
5340 -5249504280
16947 -883735062
-10170 -5721750171
-4396 -3541446392
68724 -1327508088
4382 -1781256695
92780 -1867695332
-87836 -1280945072
18944 -7138256324
-83793 -2783828658
32528 -3998095544
3307 -7983630578
-39028 -3639205160
63748 -6499800920
-26712 -7076141832
73672 -9016929188
-63241 -3526927382
-65641 -7188217154
-7794 -6781102839
19340 -3737511716
15422 -7739927135
28468 -9642493064
97188 -2018600508
92192 -485298968
-23532 -7253502048
-47802 -3333154011
73047 -623792982
47722 -1615629359
-98425 -3920605718
-50021 -4457518694
-82712 -7176715460
-98010 -5356873947
-13294 -1498010159
74994 -9293766135
-84828 -6908942448
-64264 -350788148
17843 -4531730822
26031 -5409789150
-46008 -9205112364
-52170 -2611118211
96474 -166456551
39744 -1806073704
9055 -1286556578
-62696 -4785449324
74132 -7341703160
-7681 -7937459666
-73738 -4197471635
-87604 517195360
15896 -3204330488
51455 -8043253010
-75412 -6850693568
2520 -8636837940
-6021 -3500279106
-98938 -122333531
-16193 -4268904278
74432 -9623376836
82722 -2446060443
37886 -2329955195
58788 -174830496
95596 -6622235252
79280 -3389758484
-90676 -4014119180
-18349 -9781981058
46411 -8675868554
10294 -1578869447
-64886 -6202292699
5510 -4991945519
-40852 -6381247160
54920 -7769205092
93268 -3435099140
80712 -3501766968
75488 -9022469408
92335 -1572384182
-74498 -176420675
48464 -3927641756
77420 -985995692
2614 -1836546791
77920 -9383841980
29915 -1010742014
1366 -2279532851
-18024 -9921791100
-5372 -8046503156
25595 -1350295238
34235 -4404286406
39940 -4024777184
-49448 -8593947860
36158 -5168122763
49711 -7452289370
99814 -2574569171
92860 -2858262404
-59436 -204602964
35156 -1671647768
-30132 -9154993248
74363 -7649239382
-75918 -517709511
-3373 -335880710
-27840 -5953861164
-95654 -7776142295
-32505 -4353837930
82008 -4733208624
-71630 -3182027339
47262 -3407119635
51832 -8100726068
60384 -824996652
-98002 640305529
83184 -8846096172
-2940 -2060065596
-59904 -445039236
-67313 -7445002814
81168 -5859919008
35416 -6370056944
1892 -8573307320
-73800 -6169734252
55023 -7411652430
71692 -8768745320
-99121 -8595683186
-85362 -7445527443
-37332 -8609366388
-86230 914474893
46104 -5695831212
98339 -4230977714
-16746 -2842624767
-73230 -356176155
-65768 -7860024128
462 -7749257907
24786 -9750710367
68700 -2442554112
41643 -9397903122
-16353 -2120163498
87062 -7989479483
72802 -2360960039
-27373 -9822440498
73148 -877505360
-85036 1329667204
-92392 -9512204156
66934 -52340051
-47137 -6230215142
60306 -5637515043
-93252 -6031879308
99064 -8678182160
-8241 -6437405610
42747 -526833018
-72902 -2691648647
-81726 -259885443
80820 -6913937484
-25164 -3821035692
89795 -8446896062
-78936 -5555812332
-76274 -6116706683
-93642 1642331145
92488 -7055732516
-83482 -9472832039
-78560 -190511840
-85533 -6025766370
35743 -8664626306
-41476 -8924300072
-17032 -6842898716
4908 -7452794076
-15042 -3878872143
77586 -1237371063
59464 -442175120
14675 -454663466
-25152 -3306380880
-31517 -2285020298
18579 -4784232066
-99396 995496324
54146 -9646764239
-12225 -9081807906
20271 -9180842190
-10074 -4231974459
33152 -2886341540
-23946 -555341187
-2118 -7920557811
83404 -7013985020
-58774 -9019160459
-71992 -2266638428
68850 -1432814991
42084 -349225572
-53872 -4770583352
-24101 -5831089982
3030 -2540980095
54935 -4508341214
-17648 -2674276136
34652 -1175241800
-64118 -7891791587
-33254 -7646533271
-50978 -3102694559
-12609 -9768562998
-48289 -4519113566
-18792 -6794327424
-5133 -6482464218
-7824 -4918324164
85212 -9271565916
64107 -4310848194
-91413 -9332796810
93239 -8869879886
71051 -8723442446
44402 -7643338883
97319 -1916692514
77082 -3716566611
-23464 -916290416
22784 -4099665464
82500 -5483626116
89458 -112998419
-13425 -2738061654
-3330 -5926264611
81456 -887958720
-39097 -3938874734
-9349 -7901920790
21516 -6691762344
-68845 -1378526954
-8492 -8414812256
65667 -3518162190
80340 -8089093488
12107 -491715494
13626 -8874585807
98914 -4637902871
-91701 -4265791614
57428 -3530749928
-90648 -8767616748
24410 -5751563735
59874 -4053501351
92907 -6607936746
-9777 -4902988110
-11553 -1400961798
-19345 -4076790794
2830 -8473332575
92488 -9120257636
-41906 244108777
32516 -5621171612
38112 -952431912
-71580 -9604797636
99468 -5354367876
-58794 -5320219455
97492 -9275340776
9243 -8547199458
-83273 -3870372098
-38184 -7799187312
-61753 -1930865594
-36402 -9093034959
-69880 -2059736000
-76109 -9626910914
-96968 1595395216
25647 -5600559054
-93674 -6011310623
-85322 -1681941767
44731 -924355538
16535 -9442851410
21494 -4216655891
22482 -5826437031
48028 -3565720928
65562 -3641830839
-90874 -3846748511
60347 -2063760950
-49656 -9179056932
47751 -4799412282
-50193 -1701414474
-70776 -5148494928
-51616 -1459406792
40251 -910272306
-72718 -6184153799
20915 -3564917894
-85158 -302745747
-76854 -2994124431
-88922 -9598782155
-97862 -7495007591
76994 -1316006375
79906 -6801598019
-48234 -4209548211
89119 -805647746
-55818 -8214500943
-10384 -9101104064
71755 -3114231314
-1818 -5502601371
92228 -2138904764
-51705 -404134122
76528 -4327488476
-49300 -8675368076
4759 -519725546
66030 -2414570211
49119 -6076924638
-30885 -4588775922
-13353 -6786516402
-1158 -8526242379
-23653 -9534890486
-92722 884426773
-39252 -364257288
99966 -5521417047
38180 -5801577356
-56445 -8859048846
-32880 -9045684204
-90105 -5671107558
-43593 171743742
-13254 -5549193819
68016 -6192447900
45942 -2603116827
-53878 -9409366499
-18321 -7739874738
58448 -1374570260
13754 -9009763811
30303 -3934881846
-1074 -376393959
-64065 -6538361694
-68449 -5300425178
-38993 -7332908486
-5022 -3169834947
-30090 -4039359627
27064 -575350424
-53242 80884393
14667 -3452191506
-97878 -8984375583
65664 -3815469672
83011 -8237544266
-5205 -6429978090
33387 -9429574206
13939 -1388852522
72802 -7928750627
11843 -2311310570
-26844 -2401513332
-68069 -5898297950
-36533 -5689332410
-70329 571540254
10 -1966158647
-65386 -6665213795
50811 -6155566830
-13078 -5532927251
-16249 -1393597274
-94474 826885885
68243 -5931753530
55976 -5408350172
-88848 -9535207308
-21534 -1006199187
60328 -2924680052
-84476 -4886895164
24424 -8727329312
-30986 -7982225387
58958 -9205392335
73923 -8749477830
-56616 88806948
-72406 -3911595575
-6121 -5577436190
-98521 -331409654
71015 -542461946
-53778 -9027075291
-25617 -3414984678
-34685 -7082320814
-38366 -8728531163
60726 -3541261587
-91258 -7563007163
20396 -1100788616
-82941 1526512482
20514 -7461345675
-19186 -1237661867
28911 -2452269714
48658 -9121267211
21712 -4897640552
84807 -8541326442
86988 -7230485076
-27584 -4512391364
97858 -9555040487
67426 -4814409047
93982 -3509912495
1920 -2887992276
-38754 -7621771683
-65625 -2656063734
17884 -3139936928
48499 -8846349818
24499 -5980008194
-37280 -527861516
94098 -6404495271
-79401 -5606017110
32403 -2876553138
-6608 -6112543940
-30810 -6808126467
32940 -878404080
76744 -6172787456
89446 -2450870411
-44184 -8716608768
-5945 -6231441458
-16452 -3470400924
-46796 -4414843904
8215 -3192746774
51488 -1496774192
25115 -5979545342
-31833 -4150983534
-9240 -3406209084
-59362 -4539078683
7171 -9030130010
71067 -7174380522
38759 -9232937162
-96633 2126564034
-28558 -7124702423
-83077 -3685999430
-29581 -3262672862
-77197 -8565371990
-13728 -2745518520
-48802 -2515660151
-1968 -2808643980
73723 -2262412742
-20692 -4154907692
-36993 -1376912214
17423 -1873425578
-55285 -1694829926
-47594 -6922779071
-86932 -9694535684
72411 -8168990274
-48158 17449741
-86937 -9916848150
43759 -8867350982
37252 -6725603720
-44445 -4007052306
9438 -546826335
-71973 -2377857846
86766 -67240167
-82304 -8914881908
71652 -7636928532
68611 -5157343994
-71542 -7760873495
4819 -2872376006
39399 -3735695526
14292 -3057570924
26678 -6965260319
-56370 425900337
-12554 -6250541435
-59281 366479458
-98780 -8104061408
-90394 -8382242015
-78173 -5003631278
-62565 -6305007126
-55053 -4514510682
55918 -7109099363
-19149 -123592374
14566 -3067397003
83694 -6024179235
-60012 -2338268112
-18720 -9850376244
-79929 -7927202970
-174 -7730880939
-43373 -2154345974
-38713 -6997609610
98943 -2660198010
66232 -6033500768
-91950 1203791073
-91218 -5869385715
-33012 -9548489724
-75762 -565633095
23446 -4007537747
77547 -7574347290
-63381 -3460822830
98691 -9377370450
-88344 -9713899692
56190 -2791437699
76976 -2728291784
-18149 -1010753258
26876 -6362433692
-76609 -6357138350
-52928 -2130362036
-71934 -1773499791
67854 -349573491
-11396 -4088889284
67539 -2076572454
25238 -4651156583
63774 -2611106091
75714 -7788352851
64210 -9146146991
28290 -5174042091
79315 -4338497102
67554 -8097940467
-3066 -2605990263
5974 -5448598943
64074 -5082266367
-74976 -5223236844
-86686 -2012081867
80931 -3943909146
86748 -9105581592
44523 -8683118430
-90192 -8513644236
32516 -5011239188
45286 -5013383963
-31401 -6613694850
99703 -3607746194
-59536 -9722342552
16499 -9012932270
80240 -2373493712
40715 -2373295406
-7984 -524014340
-178 -5914352711
-76053 -2585819178
26524 -8706672224
-31493 -113958998
49124 -3235989296
-40548 -6764734764
57184 -1265444564
39892 -1390961648
-64484 -6267329936
63720 -4233928716
-20290 -3925565639
67671 -6660279918
-93280 -379225232
54936 -6533003916
-91405 -2172924758
-53013 -5350691826
90772 -2227421852
-66024 -1413065808
-76078 -8639033495
-73680 -3476006052
-90894 -3195537843
-50433 -4365036090
-80896 600920200
54507 -9563319942
-92282 -9133288043
-42248 -3467702516
-85681 -571352186
-95633 -3306688694
-6244 -7248019736
15716 -5793969068
327 -3583875186
-69777 -5478987630
86346 -7719962919
94931 -4148178626
68823 -1441823250
-25193 -9250272926
-72253 989554606
76770 -9110050311
-4729 -5637393230
-66600 -1523352588
50308 -701165348
-68616 -6941559024
-38810 -9454014959
-45737 -4885099778
-30197 -9682503890
-98802 -4330525071
63459 -1562421750
-67250 -2415516287
96915 -7122956634
97904 -3552241844
9100 -1288481156
28296 -9990508032
-24893 -5651906438
-69974 -4142723843
68968 -1244086544
-3137 -4522497242
62712 -3042856188
-24668 -3494923136
-35857 -8012779490
-73833 -7106360502
-43298 -8354444975
26519 -5857882934
75100 -6145856636
-82241 -3979873226
-76848 -8672772300
71552 -7938227360
85059 -9728912346
-94196 -5538501032
86404 -8388817616
-39568 -8563192268
53800 -8738148716
-2033 -8030290418
19851 -7704568770
-31332 -9416460384
-32490 -622184223
-44853 -8567659326
84210 -6575457591
-66584 -929320268
50842 -2877780635
-41897 -4005564254
-6666 -3650381187
8998 -153850163
-23485 -5660535662
-52548 -3122777916
-55450 759145273
5339 -9613505738
6686 -9225349859
32534 -6845201987
-7674 -3568987551
62376 -7454563224
-14274 -1708500267
73803 -708601902
19947 -5212599966
-77046 -6694667439
686 -7190008535
64760 -2502248504
30191 -9592679966
81147 -5295582138
44703 -7393943394
-10802 -6783229967
-89464 -7522648352
18742 -3630574103
43131 -3067167102
-57301 -795774422
80379 -1414415550
-23894 -5908190579
50632 -3531820208
13543 -4062846698
-66705 -5086061574
-6408 -9287383452
29671 -3646854242
25767 -3723489894
53712 -1320576084
14951 -280862846
29466 -2961573723
85407 -3446362818
29791 -4176380846
82543 -1913774738
-56112 -5265993516
638 -6251650499
63588 -8595185292
52956 -3738098784
-60614 750433141
-58824 -3054118944
83988 -2476819608
55790 -2696599571
-80465 1605126190
-81980 637425628
77268 -3671368884
-72360 -4586242104
-1526 -457185431
-61316 -9117435080
-57598 -1217161451
-54628 -9024405632
95595 -2389220550
74392 -2669511500
52675 -6962364134
-43441 -9396957338
59274 -1122829191
744 -5893765140
85063 -471241850
90506 -5015826395
2952 -9524843868
74834 -9067217675
-8852 -5269393028
-96862 -2091450767
-25894 -2860928159
-59913 -6091528062
-34964 -8589333260
84214 -3517584839
61450 -962282915
-68008 -344097116
21019 -8297703554
-79728 -6177496620
-21137 -5784451598
24570 -1088474907
-76713 -9965349126
87880 -7271315948
-48354 -6761093511
82926 -1655543487
88979 -5943416714
-38789 -461373158
-97006 -6492793163
93458 -6859305695
60134 -6193410575
-33690 80064921
50036 -8432632580
51812 -8228225648
6832 -4072304468
-12126 -963120939
81848 -4442531384
-75510 265419525
-37620 -4311418764
-22741 -2026475102
20520 -4907907780
-65966 -8594503979
99346 -6211216427
-67268 -1889970488
72000 -8192938152
20588 -97704764
59146 -7587356759
26070 -3758880399
97758 -6799987827
-26010 -4565970303
-90572 -9141073904
17166 -3617500047
139 -9166425518
-46934 -3699064547
-20490 102202041
-73606 -4339288583
44503 -7507352150
44282 -6198329555
-67185 607682382
-95254 -3629392019
98822 -6636148451
-45774 -5075769351
-13497 -6357294582
42770 -6675056027
49830 -4096062819
38688 -8110299084
74010 -8698085559
8266 -3024864275
44368 -9087293780
54083 -239825582
12356 -9952417712
-83041 -7197127850
-441 -3545898786
-61254 -2391771663
85095 -4729632954
84472 -7920247064
92844 -3688004688
-32484 -19929756
-47077 -6301888850
51831 -3222986754
60252 -2370473772
-99918 -2724600387
-12732 -1499472360
61708 -8866515128
35568 -7778739564
-80342 -2853009623
-19028 -5390086568
26032 -5716797404
75403 -9526529414
3514 -1680758699
50130 -352988271
-41820 15702756
68839 -3177847202
-9313 -5880998162
3032 -1081492556
33063 -4936488522
7232 -8059447556
247 -4801369142
-39933 -734016654
45432 -2458092036
-51912 -8911535604
-65097 869813166
11424 -1118745024
7411 -6891560246
95848 -1416815684
-5134 -883681703
-45093 -6670473114
-5681 -2927293190
-90029 -719240822
3570 -6719281707
99780 -486129684
-7334 -922644803
-5529 -2657629374
64440 -6002581764
-74793 -4182740166
41026 -5624097971
72087 -9165021438
32946 -8225388747
4251 -9797628270
-93812 -9085981280
-36638 -3204275303
5887 -2443809350
-66006 -6572479371
18735 -793740558
83771 -5163232730
47468 -9061206716
-51954 -15297855
28896 -8734021812
-33296 -5045641580
56587 -9414248306
97770 -8143931247
91222 -2953570343
-82429 -5078588006
-78885 -3914034894
62495 -2837447006
-77116 -6699834224
-20768 -883410152
-26281 -748789274
-44778 -748816503
-921 -6878581734
-9481 -5453693342
65020 -7090335680
-59158 -6730857203
54195 -9016122810
50055 -3785163906
34470 -2755859883
77243 -1532996402
-45853 -3704611790
43115 -2475132902
52527 -7694020470
89707 -4572470954
55467 -5966378982
-36009 -127564914
-22192 -6478088264
32722 -1567221179
-23116 -2578151672
26336 -9112739744
-37029 -7179162558
-62280 -9141272544
-91512 -8482213308
-64201 -278637182
-84241 1085531350
5784 -2573494704
-22518 -3351326127
90378 -7872754827
-23685 -208611342
24144 -2760206424
-44232 -355285140
-19589 -2315518994
-67556 -1023822656
39050 -8868415667
67724 -3999829196
21018 -1287991959
12952 -7057551332
-1646 -4350947543
49775 -6004610762
-66165 568191090
-60080 -2524667564
-79821 -6646623306
-94944 -4820903712
70402 -3756887987
-48034 -1158592871
-90821 -6608933846
24679 -1257626438
-59686 612078937
-19102 -9133452755
89018 -3703824347
97551 -620261982
-6617 -7648623194
56431 -1263322730
30466 -9838417931
19020 -5868043476
-29220 -6991932732
962 -6810581207
97796 -5085213572
-63156 -9785251644
-24632 -733246676
-40921 355125778
75432 -6844568532
-43578 -5310397167
54446 -103526087
17478 -8294081439
-99360 1304455020
97878 -6924714507
-33584 -4969345460
-85950 -5125628595
2643 -7509965058
-54324 -1840877676
-19010 -1115821499
-38622 -4698819675
-24038 -9912620231
-42432 -2237237268
30256 -6643813496
20472 -9262548744
-74029 -8115611882
50178 -2461967007
63104 -1280886452
38014 -9082871387
16800 -4568580084
16015 -3786517778
83314 -1253721671
47184 -9011420028
-9784 -9556970072
-29016 -1325296464
45978 -2307935931
88179 -344767158
-23994 -3408528339
25226 -3588906407
71256 -3837872364
-44562 -6734833527
-12166 -5839084487
-27800 -2448835424
-73213 -3001168982
-55326 -70650027
-92233 -7333391882
45155 -6168054206
49358 -3560218067
-95730 299300265
4922 -4639576307
61726 -7159237223
-83040 -5307588492
16176 -1191429216
-47670 -3262369539
-11406 -6505321347
85811 -7895177654
33944 -8409469784
-80558 -4531825583
-35397 -1355196186
-84817 412392742
93599 -3865252622
90827 -7090864454
-36105 -370773066
68815 -2629745234
59344 -6992079764
-44670 -962932947
-54442 -1823797967
-12482 -2238460643
-15936 -7973931996
-37805 -8348515490
-57816 -8648905500
41315 -9951619166
-85717 -8434539770
-55148 -2018235560
38746 -5828479199
56379 -6318272946
70528 -8663204396
-67638 -3503143935
-80008 -2639693996
-23502 -3050631219
-95060 -6268593176
-58857 -1741441206
53628 -1830628992
90571 -6256582610
-91949 2008425094
16890 -9949136835
30927 -9111773274
56678 -3318194735
67791 -3532800978
