45993 252620966
94920 325179040
65684 1008036184
65170 365790925
72925 31118750
98630 2256976665
77117 1296184266
96086 2263423629
87866 1422381069
90858 1496069401
70134 88117109
95900 601880560
85972 960530996
42650 348705765
62273 490461526
75840 1110610420
75118 114567241
63760 133501720
92533 1365001066
39229 59425374
49684 298914824
82740 331966460
81848 1554661436
67965 873979770
21332 66256156
93232 1218194916
66144 1080324284
70981 1021517754
90101 625245494
66536 929732744
97385 2153112210
96740 20955300
43928 145341376
29114 154291029
67414 332716329
57916 403070784
88748 227847016
88964 142474624
41169 24425994
97617 1600759766
69098 553579961
70673 611884606
81253 926640846
93688 841949636
79673 831085126
73004 1299451504
97850 135880545
85962 1052666561
81050 709544565
98525 1380445830
91541 740090914
32805 91560030
63904 699135084
90372 727959116
46248 81750836
83534 1374788089
49660 196136520
63604 486790904
66546 384622169
56248 10441216
88500 643378940
88937 1468598946
98020 1922970840
82778 1198241961
79316 326508764
63732 86458316
88388 1922473176
70877 377310386
87817 1504175026
99129 857006654
98446 830688909
55697 352371146
70180 538302540
66133 921823706
51388 46783576
65512 762921836
98180 304692180
48493 254487386
88708 1937519896
57398 812639161
83542 1306619141
24246 41519149
83653 269420086
65216 234735264
99545 356269370
55685 133502210
88273 1811036106
97085 752294250
73276 847626224
70446 36368009
92030 1267073185
82922 798740861
42509 421537734
37374 19268229
84821 470296534
94654 154995889
34501 124127894
79640 309987640
96304 348868024
85712 1432838876
91394 253426589
88780 1270743300
86902 1472199841
93629 1362944754
76796 7922904
91312 2079738436
96397 1021658046
77108 1003583856
87281 1390344514
37477 55145646
59442 351906101
91681 495166454
73417 565643986
91340 1218297800
74480 712372740
71525 152415870
72306 130378229
83537 1716870486
9538 12342941
92153 1844787126
41565 367715450
91506 490649189
92618 1613204281
93952 373567816
96713 1895147946
55345 405955290
65942 223701681
70878 927940701
84492 805870336
97177 513373046
85433 1013667346
97724 2335572664
58226 433848949
90976 209404824
61118 659491281
42476 42317784
69973 916444086
59610 127765445
90118 1651084921
95605 301635590
13197 23370446
60984 518152924
94830 1005096785
76470 267342805
67177 1061424786
96278 218045761
40764 318591044
97106 1330789
68617 176845386
68564 1173484984
65808 391520976
28685 67976230
87560 1648454500
32040 18425900
99604 639954684
92602 398881421
98721 2226719134
62205 517191150
27430 163329345
60896 648964044
54344 687852544
84850 971610685
71885 1228516350
69545 235912190
89946 45990009
82493 1664341786
25002 10973321
50704 522907164
88417 1023555806
92918 716803421
99068 1549681056
64645 1028889870
14401 6698574
87566 38435769
75262 893693801
98113 2299033566
82277 404126446
92584 1442994524
82882 255735781
69396 489123304
86178 153897221
47926 320937369
59272 511642396
66934 507250309
82476 1018707644
34162 276259221
52585 402602410
98278 1424138121
99790 268791845
66165 862299070
44148 417255476
86180 297237480
89464 1891047184
79218 1082208481
54676 149805764
69913 696697946
94432 756650196
44848 318067436
94566 2071193509
98785 168665650
45132 225697976
62428 741799336
91989 143692474
45377 29787186
71878 320096101
96896 1328526304
93433 1500006606
62736 71455744
57413 16159446
90666 449082409
60788 504278396
45264 473204924
93718 1492379361
36220 314435340
95616 1480730444
80553 1300230906
53222 248308841
88769 1589702854
65557 687498266
67228 667201636
90541 655989954
65524 126360104
81858 67715081
71317 1155940026
55294 537262729
83710 362186585
44930 382658945
51600 71309660
83970 776946205
49160 280156460
77658 691567581
85290 921117565
99480 2329528020
30850 62914185
82098 1039484681
69249 195908114
89864 776121924
92724 561578504
60376 677894724
74694 747229669
94694 1377862789
62373 294674206
73008 157613276
92205 813121430
89229 1868126674
68637 104497906
72412 887754196
99804 447539064
57501 229350514
82676 198818144
96745 1166548190
48749 456258014
60744 602236064
81738 48090461
72448 231689516
93154 798124689
64520 398795160
95780 1137241760
86696 684121804
74641 1327361514
83625 936516250
99565 2107384430
88037 73114846
82562 982866681
93652 577822696
91253 644859526
72480 571721880
85733 1450048806
88052 940759636
95868 1318994636
63920 919152440
50886 236794229
88825 451744990
61066 854165289
96329 221472154
99722 600123981
84485 840031590
83922 327478921
80500 362251280
88577 1641600426
76729 1149057414
68885 844713770
98338 1363143241
65778 744189061
26396 42818584
34506 88600489
56250 537341645
65297 693447706
86424 163268204
91309 175419714
63404 273535464
57010 366799705
92233 941964546
94881 1216281214
62372 580823136
92377 534047886
82709 72643974
82509 788514394
98704 533931024
60065 812734090
88062 74519121
61392 754953956
97793 2379927066
71618 799447661
78713 1173087226
80565 817264270
97580 1295091760
95450 1474689825
99014 956795229
18040 71528280
91834 1902608949
81925 528517850
99348 246592036
54929 607349974
30340 59545800
77501 1385527034
38701 46857274
24785 140118730
81334 86570389
88060 1831168360
94501 689444894
51769 591648694
89572 1783312256
96410 1833419305
46610 37898645
99421 1898053074
84896 470756444
80944 1577443584
90854 480070329
59690 308781945
94216 755491304
71486 963896769
78638 876278341
60457 513397566
59613 588806786
47493 184230146
46792 506986236
89469 762889094
84006 1267759009
73681 114139574
95178 1716956661
87293 1217449446
89348 731425936
52474 547933089
91189 1518168374
90573 451918606
55538 248318601
70989 271484474
91836 577839924
30944 12836704
89977 1046142266
31328 195499296
62685 771931810
67102 611886821
89494 1944773369
52105 493375430
68372 1090464436
46336 518028264
55348 395194656
76170 849543245
44917 245192886
86444 547157844
34349 241434354
48968 583066856
45634 431804189
93910 1477657505
69132 378739696
85160 313147860
65178 127081081
65873 765721726
28810 15850685
81293 1540060786
82769 70205334
69061 127597294
54382 234515441
88365 1600930190
70061 833721774
93014 1293538649
59868 562503596
44830 119499345
83536 495761464
87446 773268869
91049 1146999574
57644 367859764
33029 60053974
88404 1817479304
80522 595354761
55906 748236709
82677 1485983346
72204 377384284
64445 760897070
72225 1124943370
98814 1265345409
91220 86752080
65214 802973269
52030 601465925
29484 16299164
75304 953573464
56162 543844681
61609 484429594
26078 33015781
64325 966435030
87894 1009665409
85345 373649270
98104 99439624
96260 1835608260
96134 1416743789
32562 132438321
90890 1684217285
46848 247770176
95513 2215034626
57864 637927424
96977 1501188526
95621 2082989194
85241 743991754
72821 682596054
98034 754120789
99308 97932916
54821 49826194
41990 261797805
84916 144511984
87114 55866629
57592 283053156
78814 675306829
80377 401673526
92922 1495182521
45349 185098514
71593 644325486
62940 904080880
28829 38828734
95514 2012313209
61614 360889209
59044 512640504
93482 1801103021
13490 526145
93346 120791029
32350 225833725
98830 220883205
74138 74630841
85226 1093790449
92086 2078076969
28457 95356466
87768 1529736916
71284 172429084
90250 745664185
97360 2166668680
99637 695754206
75289 848458694
99720 1847416480
45762 263028221
55673 292448826
57512 781326096
61014 393257809
60924 922409144
93934 230187509
68214 546757829
88088 1310043396
77428 240002036
28626 142811109
94881 1038827654
98782 1109146041
93858 727368921
76993 1067482246
40330 372466525
82780 608581840
60580 534125440
92402 621366841
43673 119701826
93428 726684256
82646 1544499909
90777 1521639066
99126 2224130009
87837 34431786
94944 430552144
74957 252170726
86197 1636721966
73213 614895566
72414 142312469
80290 622602045
73926 1041720669
52841 51524094
92981 496461254
55596 568686344
97552 1102529736
87553 608226486
89402 953306501
66069 54655154
83324 1266398344
97156 301063204
57102 16154841
42572 176099996
93584 576126064
96310 1662359925
98745 411451130
79586 113732069
71465 242209210
12070 8496465
75809 1066260814
47590 150845845
63837 19585406
52788 694910576
85136 504280144
95786 328855369
74626 60405389
96666 2272104109
61332 141692876
63648 370951516
94320 1280034060
49080 257024640
95064 1298111004
92353 580794346
79230 1359199045
96008 598522696
97841 1700157854
56358 165623901
92022 1041933341
92216 815428264
32402 65600501
99128 606483236
96286 1693824989
96653 1803915846
27086 51528589
53818 268003041
80294 519065009
89525 1929076310
71718 370303261
42128 325656336
78212 704575096
56509 499979534
78094 678945109
71948 1183468216
58521 115485854
81650 983882285
86146 38879209
97845 2147442430
99993 2490600306
69129 322988354
59528 299434856
75321 759865034
97005 871079590
59309 737271014
39234 75288509
77050 1448710785
70549 776385374
75278 923337201
73585 770885590
62744 167275504
79552 253586376
93425 1408043370
96542 328043761
96726 2136314289
98754 1488799589
72934 1278443609
79082 455561381
83021 549502574
90114 1433157349
94025 1057638630
52317 610857266
88941 127031794
78494 554892169
72005 147942650
89029 867805054
98012 1347521056
75285 1110652350
95514 1686553969
92048 1939123236
52334 219335049
76564 59101504
26574 87682349
98037 576459726
83316 525370784
49997 495871106
85856 802445404
33114 243758469
34126 144667589
56324 370421864
99082 2370188421
88696 83774884
55161 414958114
88486 299249449
77805 1512756090
67310 260661285
71340 526475600
82905 1497162730
95096 1791705584
81202 1107687861
99050 467119345
71917 321275326
89838 1209212241
67448 1011709576
38352 4478496
99014 1991536429
87385 1380692990
91286 1964558889
89916 575151344
66248 562394976
66654 334306009
86453 1739052346
98794 2257442689
96994 1209010029
77222 942229861
85102 1667664301
70008 1074552676
81828 1536011196
55993 484642166
29054 89926509
98330 484221125
22640 104258220
57454 404822609
94554 160084489
98829 351222754
67174 734376649
85636 1542266244
96998 906176401
48329 188401874
85293 1681243106
99258 1236426921
63744 579533084
62770 121917265
58604 45315584
64748 152049076
28169 123123954
82346 895894149
64113 515483266
67953 559649926
97853 1338442246
99838 1277080121
70005 259824490
89708 1507007616
65076 718211164
67992 326699236
78858 494911141
77910 275403205
32217 74743366
97377 37316446
46569 385574834
48545 235322630
89249 943355254
38673 361876966
72277 210601066
78228 209251496
79553 361932826
70436 1153195104
38868 302547216
94592 738760356
97612 18057236
80501 1016776574
84261 1730597894
94470 487100025
81793 861724066
55645 381801830
44125 102255910
93445 1641075530
82561 534467054
83113 1179529366
33616 171719504
84028 627765396
62018 740700861
85461 862430814
99264 1485191524
73817 822612066
96096 949566624
70650 868450645
81589 1528647034
51800 365872100
44722 158887541
90192 792136316
42940 325093520
56249 547407554
34878 286342601
65702 918643301
92701 788124334
23117 12296066
54976 521042524
73992 1004984476
89544 1954041764
86270 1696534065
93186 1621019569
96762 620736861
61250 735861205
80692 382505156
78760 1151833560
60088 51278316
24777 11329286
35401 83481394
83226 1562341189
79025 1078702390
92748 106168656
85746 398142169
67813 321866766
56274 67880169
68861 495506814
40612 351391096
51086 505542349
68186 262268489
71876 255064144
57345 28452670
21896 85404584
92545 1960860290
99242 1309757961
50644 73461764
71945 352767570
90450 1189429125
76724 94859064
88894 1813919969
99864 597971484
87894 1234748529
78157 91346606
95196 2035008984
66625 944822370
95840 1012337520
78782 193565421
94669 1993974394
92862 109238981
55877 68118486
71541 730402414
99085 1070149550
62866 693703289
44129 169715774
76128 425858336
70770 435248265
96434 1787560469
77204 815385924
92930 444823465
76058 1158999881
84506 1559230309
77210 1233422525
99802 1616252761
85654 1355789109
52862 244726521
80425 426679270
90149 480566374
69621 204485974
87049 444447294
91409 1345275434
88884 674501384
67762 313933681
85956 1270151604
34453 213541786
93438 378272241
90938 1494091721
69620 813839460
90169 700846954
74657 1151268626
80216 210470684
76124 390073104
80908 419571096
54144 412404304
87773 596639926
54309 672714074
64060 657388120
96972 1941688736
89854 1131837429
37412 142299696
97542 997325981
92209 701116494
83644 419421084
61306 663143809
74106 548491829
51565 653629290
67970 402142725
95473 1284540726
88544 1002776764
7325 4354010
96528 1920917976
93785 374012550
63953 79289686
75440 595355600
96273 279093086
74173 846443466
95197 1621284806
95690 942326825
86006 1085173249
86314 290148769
83300 1566354140
68289 966632734
81344 57801444
50617 440939506
78697 808125186
21290 111520125
53666 366714829
95813 1725588826
42966 23163169
91630 338938085
78776 1402005584
73496 966132024
45620 221588280
91556 1816685964
74270 141410265
72149 198705694
55169 706789334
90121 594878434
48761 366978614
68164 499321904
94044 2104303384
53400 448250280
98361 2119949794
92984 1066414344
82980 448201240
65884 639239164
62996 155923744
96553 959332886
84717 208701906
79709 94035494
33009 220202814
95680 2208809180
60150 309594605
45280 383349600
92777 535199786
79768 1449127536
75168 315164636
85180 917110480
94450 1875141885
92545 54706870
78624 616373124
93896 1816844544
92834 2143336469
76926 1092760989
84206 137436909
74220 624758360
92340 327665140
88090 1794831745
83178 281582021
98236 1948184404
93152 1270943596
42114 137416629
62944 877725444
94725 1256215410
65797 740858706
33753 36239186
16552 12807336
91510 1670326105
70214 175466049
99676 2155504744
63293 396046386
84326 262887049
72364 651668704
70326 165429949
86097 337425866
86745 1175215810
95978 2134486601
75540 627602420
87264 1340936584
35749 147747114
75338 700899661
47648 121488436
79018 1388682541
67508 419944276
44142 187354641
23248 31922956
96360 926978520
70636 663931004
80470 741546925
40517 94770166
96201 1402961634
78561 196665274
88028 1901398056
92725 1804968610
94046 765667809
71660 554242100
91145 1489266830
54897 78378766
83792 495170616
58649 732613694
81934 1000401409
51172 385488496
92800 1246802220
73012 1131520696
72252 331472876
71646 236748149
74597 108126906
97753 2325485886
93896 1698123444
52392 564098316
59370 72040885
74728 881024336
90550 25413625
90318 823474361
93056 351121484
74668 486907456
95577 1212516066
90632 1418031816
85554 1499470709
99344 1360399284
67241 183222394
84874 603101029
65664 1070995144
72164 289955224
73940 317709180
70893 613471986
69922 611389321
62146 876631269
88501 369426974
91872 1212714936
78248 1520555916
87758 785699221
54712 616435596
76312 647987096
66254 623333749
60130 552789445
65797 220803966
56909 567607614
89192 210129756
74713 59557126
92000 1280077300
95180 1411685920
89513 504852066
41165 131966730
91352 352682336
90510 1949859905
58405 562547890
80782 1016947581
82069 585298194
85070 1200048325
90336 1215466804
94264 1533589984
54770 226169805
83122 525436361
99365 881146570
75110 1215286845
68754 236770709
80852 686727536
83336 516749344
69484 1108751344
90125 1675381330
95394 1394983189
88965 497644390
39874 364602049
85828 1571883136
77873 842121186
30958 140648401
94268 1584610156
72468 131869356
78174 526333249
60186 787576729
51133 181367426
73101 1244869474
79706 227413749
46113 90541386
93538 836871121
50281 110929314
88938 1840212941
84069 1583835334
85025 1610162890
81237 585409546
61994 233325329
61740 754387120
84145 769520450
84488 536635496
50045 14671570
85689 875988874
68570 367989265
51688 147019376
39078 320476001
96884 1538695124
82144 1030561704
84089 420684374
98517 25570106
76936 628183404
53449 293925714
97006 1288318829
55545 721841150
92265 1529007430
85017 54789286
68226 137451049
64142 667193801
44796 345730124
69378 327789721
64458 368664981
61834 580036869
97918 1089060181
95626 420928469
76306 1439069789
55452 435280596
92545 769640190
94966 1676001229
84890 1411837365
86869 447973814
24889 54746154
34438 136442101
58433 293985846
53985 583312970
75833 254205866
71765 656826610
71312 577093376
71306 104492729
94610 336957945
56953 647765486
83845 204119250
78493 604181666
82569 356642814
95600 991878720
81668 1530846716
94722 622277461
41809 398639434
72024 575832104
98938 134042501
96109 1243437114
68829 792792514
80097 532050066
88454 1139283849
34313 85788246
68653 330609786
55830 362231405
42288 120981116
97377 1898737366
45589 405297154
68790 947468165
26049 83001214
80320 1419408180
83336 878403104
58284 614707324
31792 30175176
95892 1879053016
57101 731105694
63176 285151264
27069 125557914
93428 1971866736
40417 254777786
87890 675344425
88485 207311330
60061 188304394
43650 117079505
89058 1466167901
50061 218327754
50722 185169621
36513 49957366
58106 446049209
76380 1251628880
78069 1041683894
71876 670511124
23057 90472546
96704 136109984
96093 847322946
99742 2058575001
48333 308416726
40810 366434905
78745 685039010
62558 603374641
55129 165174154
98762 515182821
89600 428837220
84926 912942989
97560 469362520
62073 823449906
78325 1417892250
65618 233849521
56597 793426946
20652 32689476
31264 193711624
97616 1835675564
68328 630015356
49382 384050321
63309 693008994
50168 177451636
86322 899943841
91052 1123886176
97110 622799705
80521 9382634
63086 336198969
63680 138957520
83357 1198287726
71552 591054796
94261 1081472394
91453 2085727046
44954 222254009
73328 824092936
45450 300181885
56894 752816989
74904 468691124
75417 27384726
91953 1661139906
83533 577860246
69778 202813401
58377 796919986
64244 907457784
40110 219251765
62300 76150840
68222 490428541
53197 496025506
82477 332122466
89024 1080378604
68470 537306605
91141 676440854
60933 277673906
90313 248649166
93877 1081010286
60504 531338204
98746 1757240109
54708 503297876
72144 815232944
99286 2118422429
69852 439961736
82752 590347836
74048 1169587016
81172 971231816
56132 113232096
82550 1083895605
97956 482327104
96170 1318606485
84265 1019939470
86008 183607556
85473 774695726
95401 579545194
82516 229877264
89922 1356888721
88613 389073686
75238 839387361
68389 2480774
77822 778275921
77064 516063404
87176 8547684
98105 740731050
78756 1485990724
88246 445919409
60252 286017096
75213 1384273426
56524 103818524
65641 498662534
63018 394767681
67522 246753661
73212 1066716356
58686 642044149
74997 1070760266
89696 1386221884
70826 207825609
91556 1936435304
86801 1841384314
93426 425705789
80758 931580281
20912 95414196
81133 1569035146
91096 675865904
51042 88452861
98770 1426289065
57742 346564561
98780 303745000
61798 856573141
66854 1035008729
57756 693823124
82214 436374169
70501 147674374
52592 643016376
81296 433506824
72993 504166666
90601 1414091994
46632 263896756
90730 337602225
84246 1626677229
66421 646135534
92140 1611670980
72044 231293144
91100 125118640
87217 207041826
89485 1029065730
58392 318020976
39362 353496381
29838 98548141
84124 827860404
91125 385792870
83112 1387423296
85621 548690254
92408 567021176
73764 1252782304
74718 1286960261
76598 280336541
67957 663987646
55589 652799194
83313 678414726
64794 356388829
56624 294717964
55461 656860454
97576 1137558864
69234 432027769
97332 192061696
90545 1408867930
70197 552962106
90092 1788414836
66230 649711545
90953 462983826
80890 617134525
98964 214515844
69962 757993181
70876 979310884
73750 398715365
97458 1191123901
90260 599811600
50189 32777774
67909 1079099014
97269 643378354
49149 153389994
76108 757610856
50770 547152505
88041 526121454
86989 1088394194
50714 563119229
62816 418326644
91584 299919364
77832 1280329276
88728 904573456
31200 238480100
72409 225048414
96962 1696036621
70078 316559401
41110 200762365
99429 1620103954
52433 203933766
89641 91075794
91225 1057082710
50034 544423709
97010 1220888385
42013 257244986
93688 1527933696
89552 204444216
96792 1119390856
78457 212427806
98574 1741273729
64412 692413296
99093 2355550446
68298 639897181
93058 1430986681
96305 1494017730
88180 1820255500
91778 250309981
99572 383692016
51534 6330489
99378 638632181
93566 769753109
89932 766411876
75268 913729356
77854 755126389
74140 762563100
66705 437904230
82001 334600014
95880 666384800
96692 1063549676
81900 831385500
60541 226722554
92497 294020506
86110 679048705
70580 612343440
66585 1014101870
95201 948435614
93249 1724673094
77202 89951401
77702 135698761
86101 840390774
99613 1479230566
40618 300089841
36361 98451254
74598 363103381
92802 50251741
96781 2232229974
61953 804607946
84125 386270910
76016 464382604
41588 31834096
80350 421170025
69161 249630074
96316 166790444
92709 154878914
88509 1826543294
88278 1873232081
40072 101878596
96074 109766769
93512 118597036
50889 106292354
92056 1832895804
92480 1042849600
96862 575844661
85420 1715870540
67908 43045616
64188 716267516
73409 666806214
98238 1931969861
88229 505234154
94529 1020212934
77638 1083922701
98394 2392927289
60621 640322834
88292 294180216
77374 1155534889
87542 1404360381
94744 1858942844
64308 54963016
61314 768523409
78557 565470366
93765 1222793130
96000 1833505840
47856 57814464
46665 281262530
91265 780850990
99241 201293994
99645 300035270
68973 629776926
65038 1003250521
54310 436368305
79885 73748870
41949 112920054
97404 1099100264
79741 1555999854
69549 1194095914
92501 148792094
85626 619762389
49532 501314716
62588 535278836
39996 244160404
73769 840220814
92185 782378050
77085 544999430
74989 445439634
74336 500941864
67397 38029306
53393 324139886
95426 679108569
74629 1201786434
93708 823130576
81632 598514016
61700 716568560
52720 587274360
45033 288225166
86525 1347336390
93946 1402342669
91160 1940954800
80498 798353561
75962 718603801
65765 795830410
90970 2050149225
48916 364367104
66926 125490549
68317 867441826
71106 149650829
82833 1306866166
66397 619817306
28869 172365354
95450 2083094545
87526 829597309
10625 26929110
91300 2051820060
93516 33966164
81350 394250425
95337 460378386
86078 1147458981
78716 779028504
95105 2112507790
54957 472662526
78221 1070962394
87536 1849069404
23770 64503885
84184 116356284
14714 44208069
90201 814021574
92449 1160831074
44132 51722796
58485 532161770
64610 825554265
75022 872952021
95114 508739809
97170 1708494325
99236 1344396164
78640 846363180
45936 386524864
65893 911076466
46312 273936876
94261 681748294
10520 7936780
87340 59284220
90340 1446692800
88340 1874178320
57110 581776305
78364 733844744
34802 34136121
59742 1673581
90861 1245609874
90984 1215430064
80044 223790344
78513 982564786
87422 1079274261
93850 479466705
69389 571275054
72204 658233284
95376 1089567264
99734 1385732889
64650 854819905
89405 489029010
80066 710819469
37810 279509565
35030 19624445
76656 1079906604
74896 886825644
88069 1284859314
14369 20267854
98969 252028714
75141 1019510294
99884 312897484
91752 2055000236
31680 58139860
90844 568352004
99540 172756240
76642 554548841
79360 1236817420
83929 974374074
69478 590291681
65305 964359990
77278 1223400861
98076 1824109264
66562 474876221
71020 553543640
63840 1001220920
26746 65776249
87901 85838794
85996 1144378424
96525 854787310
95974 2214238269
90544 994505584
77649 906925574
92392 678893356
87728 796813276
87270 941442785
88006 637614949
77864 1344406104
91857 795162746
57484 385943084
69360 827562440
95710 1385916865
83301 1681995074
85249 1125126714
95733 385101406
79044 1282620604
63548 427886656
63678 225448921
84550 1220570745
70213 813669626
99028 2029490976
75902 611010701
72165 228424470
65236 243806224
74386 1212053329
96512 839614456
89860 1923868400
88005 1801440130
91033 1777987466
98360 1512261080
58194 566070329
58617 277627906
45270 436669285
80717 541304786
82193 394040886
64270 622543305
45870 233090645
92873 1293741586
95146 1505416569
83812 820929836
54906 523811349
95844 1597581804
39838 105242661
97008 931698076
92785 1466967010
58217 169563066
41433 125066246
83196 252951444
96814 1614731349
73640 1109588420
58426 675179449
94324 870612664
95338 1509345461
96114 1466653229
76710 186772485
28209 2169074
75534 220801189
93244 1328577484
28877 35493586
84573 818358866
49130 28426725
65705 36777630
64085 978766850
86138 1054488521
28449 165767354
68122 498978661
97734 2143493069
95858 1135944581
94613 159845866
97048 701401216
75378 105146021
96101 2208896794
48070 100246545
79688 298126376
32453 103559746
60758 919586621
67541 224488794
36285 225745050
67793 677641066
76617 573914566
48293 382482186
90870 392247065
16697 24325286
67642 1117596941
69317 368877526
91880 1623253260
95332 179758216
92118 1222686761
50736 282546764
76022 262908881
91109 1324476274
87997 243818566
99892 664032016
89472 99568996
52260 330114580
35885 166293910
59702 584157021
77040 1298953980
78736 561758104
84109 650188074
83873 1318752966
67072 891062296
82558 96209741
46029 66938474
69368 577827016
49928 466407756
14120 4294020
95168 1666803656
87630 474526605
25424 133211624
44058 422394521
98988 1981321976
85308 99134716
67270 253388805
89312 1433107196
84980 278062260
49946 443070469
98710 490856805
86082 1220268881
67117 522269026
64508 294987096
76245 303178430
50461 462878914
74104 746029984
58249 576738954
68393 827860706
73981 751818134
69088 199485876
65642 387146101
24225 136394990
47876 228491364
76797 1386740706
74818 474852921
85958 412707801
81353 197756346
54305 86793890
93230 1961294425
67874 374624149
80842 953684461
59568 384751796
89181 991379374
99258 373722021
61353 372289406
35630 314744725
62457 115354126
92374 197537189
53314 529423469
83017 673254686
87845 963357610
79013 207519986
60610 271705185
78810 900904905
71972 118456696
95245 1150653590
70154 1143520489
81514 326856449
78849 1275658774
79296 1178729984
97716 882328264
84130 816345865
79173 481074326
73666 1342325009
41498 283249381
82202 621367021
58354 479171829
65221 625318794
86641 368686534
97210 427713785
18560 36476360
75037 1192852926
95966 474825009
71278 666418001
97545 2281490030
85660 3291660
94036 2147916624
92096 261608004
72624 226705744
96729 246261874
51349 317860494
88492 1273983176
83588 494163776
85340 101323280
83758 67510101
53257 648784566
47284 401685364
95844 1899850484
96242 1625870961
89605 76413890
96013 2122446386
68524 19790104
94581 79821934
63122 315140861
66793 298113106
90498 1476672461
62290 927319705
84104 1609564284
60358 88407201
99746 701701969
81789 1567993354
95524 1767179764
55348 55659036
85608 415133556
93592 85110216
71822 256630081
95265 1856315510
98780 576216440
98949 1876700254
31740 156615060
96192 1244248316
91146 1879966709
85654 380024629
60718 97009921
86092 1447429056
68133 440067346
63508 235944696
67678 282509661
51401 340682474
92509 894937374
79490 266415405
86441 1572706634
96994 277982989
75484 746563324
39478 363600401
94830 2020940185
96689 1151781834
71830 824447825
62188 108613836
99676 905658124
49494 599087809
87856 1349049604
96178 1722967521
56798 350075781
96094 1059786489
64493 17650766
78786 522153349
97325 2070388130
74144 709463444
62925 541231390
58494 384685129
82478 221395981
53309 378344534
94268 375071996
86941 1300633994
82333 984224006
99989 582168054
86434 290782769
89312 1296429656
77676 231800264
96500 1669752640
99317 181522926
53512 611868336
80462 111257701
66026 978767469
90430 1205588145
67068 166608256
90185 1654994130
81145 900048270
75377 930287226
84802 337115421
88002 440789641
76109 224328014
51934 134529249
81946 1200310829
93065 1936486210
56904 559513584
97922 1013062881
86409 1554470774
95370 1372955005
96001 242207774
73556 1944404
95961 1788589094
58845 585001110
84625 609366650
83145 1236457130
93449 2092187774
72865 679991110
99296 323149744
39628 31747256
65000 969114420
93254 1658326349
80345 109619170
75706 1114050489
45290 366671425
72814 1128173029
86284 1384523844
31992 188556016
15905 5655790
96650 634906765
50408 104490476
74310 405344385
40394 381185309
65066 1001399309
86870 157320865
65354 879420029
83385 516432530
73528 553849576
95321 528518534
85025 345887810
57200 57748200
77496 61466884
88557 159961566
41533 60442226
83666 1674438629
97321 687236634
99126 1490998689
62274 645594589
67241 803500534
88469 1918724914
68626 54321409
78810 1489505925
83006 639697889
99948 1178539816
62664 590521584
51762 248629521
68413 731698466
54612 11923456
73496 873738624
23908 123076616
58685 641465930
99206 861579029
31920 231723440
88424 373246644
91625 688857130
81170 905870465
69510 814013165
81680 779385900
63041 180187414
94594 1891187109
88358 909120421
99490 328332305
68358 145538581
86112 358548176
95873 620370606
60008 93672476
62668 865197556
92108 1051406896
91510 262785505
72258 1164122021
88501 1790787934
81685 1181065210
89026 661201549
77970 849330205
92001 264028234
67626 117473109
89288 1798419436
83636 442575124
98210 555077565
34450 174488845
32549 124013594
42144 165905804
70310 1156497945
96310 1258917585
56428 144960656
95356 946077464
58157 183332946
52346 346881409
84256 473267904
85422 1587550261
76284 845766544
98301 1479482914
99368 570718056
81200 1206705720
37016 23160144
90340 1332375600
98473 534022626
99729 1021358554
88844 1008802184
78522 286728541
60101 22265114
81728 114260056
76513 128624646
58074 318141469
48673 369739326
90774 1275375529
63806 908460949
81632 1036435776
94154 176772449
93988 713870116
99890 1507814285
81290 772538845
80850 814798185
78956 541322564
68348 109253016
84760 1328797480
92664 1402162444
86768 309938136
46773 291591986
87828 1795592536
86409 1112362294
78860 333647100
93469 690102014
83428 1717142696
93008 201529496
97789 2013062054
61282 705549221
86552 67805016
76949 1074065774
81916 1480522544
93614 1368262249
50272 299082716
82057 539496966
91192 1518062456
49442 493979041
87169 355346754
58109 465163034
53298 27947941
66764 998154084
99198 1423712201
94344 1694884784
51924 198248224
82052 843925696
73513 1327587486
85030 762347105
76085 634762130
40946 142342109
93792 379308736
36278 113123961
49597 84037986
75677 1249322926
75366 426072429
27828 192336296
77737 141337686
79989 674483054
78472 1359213416
49534 587585089
63073 734484006
96880 1518075020
90749 534205854
82089 558560534
47552 377201576
68234 575024469
82609 1600405374
62624 469355744
77296 792091244
99506 338296549
85742 1483161601
86796 1022528544
66950 1060583705
84232 135581776
83949 324842354
65470 312812345
64264 665190484
89910 381150545
92302 1160259001
74637 1255631706
91622 612968221
86858 1122508821
87536 1882113304
34849 75099274
75402 700284201
65053 320623226
73784 527252444
84769 1469476054
99842 1024496761
92948 251536656
56342 131267541
76500 828901640
88724 1386127324
66032 572591356
94604 401156924
77376 1102674884
68905 821348630
63225 551014550
83900 1543858620
64653 882152886
94054 854134789
50032 104797316
56642 116830201
97932 1931684576
97073 769178366
23369 104041734
48737 492061626
68401 902295114
95341 1857668654
57333 199852966
99026 154445669
91668 1015798436
77521 155326394
88988 344450536
91814 221971149
86340 186725360
89204 507228584
80870 1367403185
49845 143207350
56726 236629089
81166 1569035769
64008 1014514596
42421 237368334
90665 566253530
84753 1067189986
42230 10982145
53060 559294560
98953 143399206
29453 131168206
31180 39127880
94861 305885114
97190 1116770145
95590 1498746085
58708 341001696
88956 1951011204
63100 746433880
98840 1125563240
68050 505221185
73045 520892830
96336 1193843024
60206 674857549
47161 384945514
71130 689805925
75294 974270909
80588 1092508836
59745 338816090
62257 178902946
38990 231381885
90692 1469880676
38789 111724974
83456 12666884
96585 647327630
73954 169554489
79870 123241105
64526 278247009
79882 640158881
97929 1796578234
86537 275574546
98125 2148556730
93302 1440222261
75641 569504494
55765 530151470
93309 133140934
35181 61122134
40012 215116056
37862 26811101
88609 1640553874
38822 121362141
73182 644094001
53530 525172145
77780 1305467160
93466 1919224509
25776 84985084
98009 2177642074
82833 54157606
65189 918881474
83214 1034942629
83885 611155210
29373 139370566
99590 315708265
94418 1142329761
47874 384884329
86785 379785010
90374 1348265949
79520 354390860
88685 290724270
89634 773028089
71078 796081381
82460 39931260
89720 1681272840
83432 674710116
54613 292969686
88865 87374530
83109 1382593694
95248 1004226416
92410 1311683745
47209 2267714
82021 1443574854
99118 1226920321
83930 1366843345
86724 330220864
74961 1331919374
62786 556886149
94832 1135437676
39117 274839466
85380 31854020
99928 25869756
81640 433012180
83117 1540711386
61738 609712161
98410 2182114105
55512 50952856
99121 2044262254
39665 220630230
81066 163585369
83950 1249386525
97145 1776777810
44928 259700976
96069 1946917434
95161 577648514
30014 136034929
78366 453859789
90773 1822266966
99828 1133355536
47732 73433376
85344 905565704
83734 574938909
79892 1232551656
78861 28259314
84969 684934694
59456 316106264
70581 71253574
92686 1196310749
94468 201291916
79969 439217294
86837 1245523826
67926 444291949
89104 1750491604
86192 1627962516
66761 528032474
58453 393321806
77668 480836096
92504 1107214364
99978 940760761
27326 46966549
98953 2342974306
66970 1074661825
63565 262335990
72584 85219024
75949 934756514
51041 374332214
82249 566390614
49774 174436689
76377 181601346
98981 606624034
81662 492362721
98821 276136494
72702 763186841
83848 420544476
93870 1717548805
90325 512716870
85384 1025879844
78962 1165801121
85088 1594095836
91717 1624152886
44868 137719436
65858 10347081
93522 649381
97958 1304961041
71080 1205286120
88929 1666681054
70452 1195624876
99729 938508354
93593 501256306
86976 1641582744
39017 134139826
79730 296512485
94125 182995310
71540 933285900
80436 854481264
99953 2315167906
23384 66290644
72637 216427306
79265 1435527170
68574 1162776049
79408 1166218776
68745 245537470
88185 1751546170
29062 88588801
87501 220479934
60148 468787516
75292 1231865076
49121 532445594
69121 704012134
65658 944061181
89173 734141206
92932 2127945596
89849 1060313874
63212 65084876
94841 1776164314
60490 182847305
58654 179214049
63482 632644001
76869 394038114
36804 144839884
78236 514994804
90874 1995318529
91844 1595482764
85930 1647423725
90668 1984863116
94013 509201026
91421 1149074734
73024 1055269024
98964 1241324944
69880 255931800
90210 907531545
92004 989740064
79985 779681730
41665 6390610
95454 364037829
52952 36072176
70680 408007960
23258 61664881
97092 1666285416
73692 39820036
96516 598027784
74630 52470785
82950 1380325325
92202 965650221
89864 1305557144
86869 1567397934
83981 1015455234
86238 1332589561
78432 472228216
70825 311712770
80802 548001721
89170 673518065
81718 966876921
84442 514445541
87621 100411274
51998 487179901
95622 2056467861
56869 767817694
40416 61634884
82814 772087809
81648 336785176
82692 1696757036
95734 2251250109
68494 255470429
71697 797790506
75042 207909861
99846 1073192769
43717 70082806
87072 1590276816
92921 1253783834
91562 921759321
33201 101269894
74900 1344906700
80698 127219361
54134 120779569
57597 331660206
87185 1758428430
36164 52991904
85240 1371362380
63026 990525509
63257 618440026
97878 2253839081
86174 750673149
95308 986618296
78904 1471262304
73748 755923256
59045 361158930
81893 1265105846
89430 918551685
26837 101445186
63138 846369561
96230 1660880665
50000 587565760
48194 407899469
97428 2215122176
70596 662160744
78113 911139486
47553 270905386
91506 1014445849
64798 683921961
95158 673123241
96892 2381036
95205 999337670
78557 1469321346
82076 1029456624
99256 288874184
83417 1078535266
64309 17379634
67556 127851984
84438 179641601
77777 1146318686
65954 766285549
66737 302683106
54440 703480420
31945 194010270
70501 66738134
57469 132664954
66560 102072240
50568 572760356
75314 249288329
65729 759429914
51668 147301216
97297 986532486
91326 424277949
40306 236580449
94798 135066001
83588 950715376
46389 411676894
49001 73550534
84648 1242440176
54381 238331354
98769 1851663594
86676 1752576984
91758 1029436621
90037 939164386
65056 243900864
85280 616673080
42606 207982149
87825 151046950
92185 1192448230
70181 344564974
61013 744744326
89694 654848889
82109 718032234
93606 530337109
87988 540491916
75748 44353536
18246 9385369
87668 1308218656
96518 211149981
81257 1384161446
80022 1180847021
99258 814524721
30632 213080196
97929 2334205634
92636 492237064
76028 750586456
45297 96575746
68864 406449924
91288 912764016
79808 1295156376
82701 319429494
86320 1655337280
95457 2260417466
95842 1389750381
76465 1228512850
90085 1437803670
61726 915087349
73089 307645434
68816 396666744
61053 697565646
57736 437823324
96984 2178636664
58388 16127776
99384 1040158624
59698 232344961
45516 84369064
99965 209533910
96425 1502353790
96264 1580799384
94476 1063551844
72118 240813361
63738 602057501
58316 141012644
33664 276292784
99094 1783528189
77945 1506003350
91988 912527116
27993 71117386
39229 367858674
53118 205898521
66817 967404806
52366 198112369
96940 1258567460
64084 447584484
90121 1162749854
52453 165323906
86488 1059843416
89094 1632669909
95769 2222459894
95382 569351081
96228 1513181176
64788 675586616
71497 315171866
97366 1594891189
91136 1333289424
69408 314193896
58929 129159854
75400 1082852560
65357 975427426
69304 359231324
76478 113534161
57110 685366185
64166 735051689
83590 1651442925
76118 821587561
74705 848610310
73970 277232505
78056 1307881064
99932 1527107076
82076 1652179884
99734 2356381709
89849 1393188054
55905 640201790
52802 497921341
28174 97411969
97786 49706769
58624 163233624
99482 1455017841
56810 64343085
58636 114634324
71362 352884781
89689 1599056354
95885 2053549410
98274 452496289
60070 865329665
75280 1198108360
95640 1798752540
95058 1360109101
91022 1923746421
97380 835323400
92586 27193629
19473 6407526
86358 944740081
68245 124368830
74130 1208378965
19004 40540724
88552 692430216
80294 1535674769
83865 427277750
59598 665727781
50866 252581869
95958 1243773341
91605 518794350
93085 1047264170
89329 353021074
50838 307611841
23976 3410824
83222 487556341
84008 406578416
56616 451086564
91933 2072105906
25268 96521616
75574 1065336869
97034 5064589
55708 330940716
97208 751026376
95433 248472626
57293 254585406
94341 367021834
37372 16703456
90574 1130953749
79954 987855949
44140 463459200
86917 83390366
30948 156740956
85310 1669870745
82285 264282170
67553 857521006
86690 1707160965
65748 561022476
84900 1648009360
98564 1885993224
98138 842985461
63804 769646524
54428 309511496
84306 183289429
93865 1432270130
91936 887639624
88366 1384570609
81249 793439174
70496 112968444
97473 1174190506
94149 241176454
60064 123205224
73921 442826934
46058 525386981
86289 1629226534
77990 441859825
93496 1514617944
92778 1157700521
74664 632732184
91618 1991076361
92114 558224629
65320 892672820
63278 461146161
93284 361237124
63120 654642760
77053 1417066506
66309 607447034
63262 486000461
90482 1197509281
99317 481157326
75276 127266584
76672 1354797856
85317 373970906
55956 450417584
65626 502424289
85010 1457312385
69412 1120717596
95836 1512297824
32328 205959636
75614 811961049
34120 115454780
87485 720474350
82889 1593930534
72485 95293530
23634 32736489
83832 511089676
88430 1770426465
51858 562169941
54624 470738524
80084 1415816924
89304 746810364
89918 847729561
74825 179214650
72194 555097629
78636 795760004
97772 236498156
65064 45898424
95545 518757790
30076 45687344
95954 179969209
34285 284012490
56088 298093376
47424 545118324
82220 1295589780
71840 1100893700
95166 1274525269
38820 35017480
74701 922878394
45124 341182204
73001 908892914
45174 446244969
70806 1221705629
87205 1203654910
68140 481918020
48018 112067341
90930 1312958705
93916 1802258344
84334 1173974089
90604 1944803924
49480 249214360
72802 96612121
88657 1746199606
39225 69007690
94606 549197709
78365 1053331490
90010 1649777185
62840 543808640
78524 255293764
61422 291876221
96012 1269785656
80010 1119017645
89209 170317894
83062 355858121
50138 162548241
85077 276567686
96829 1955279014
2580 716180
94749 1589844474
32530 150950685
93242 1742018801
69710 847475525
75129 275464674
99944 1570314404
40940 6981940
90993 1350139966
60240 467159820
89832 1215106116
62297 609050806
70634 986814789
45060 479695660
93370 145407385
97178 2304247161
80089 304446334
89678 1884331901
82397 875036546
51920 455624620
92222 1055885361
55534 550508189
74393 180641206
98116 843707964
88468 540226536
60094 328872169
84214 1330047609
90905 1103561370
58577 481964386
99105 984670830
85902 1285705301
64285 1000368790
80820 582832500
90476 108543064
77909 1425378434
71530 1086881745
97141 1241036554
85277 241458066
85493 1720221986
42705 337097590
26861 53319774
82710 785872865
63217 732286426
68629 240553374
87985 577345670
86834 516997669
91410 1959712885
99001 1587019094
84489 1182858554
62697 792848706
94980 1256253640
48268 428764056
97714 2272891709
69781 17320534
86309 741495414
64530 859644725
83148 908328316
85312 253429276
64273 255592606
98750 1313825605
36826 110158709
71956 1156502284
90674 426696569
91028 1950747236
30146 159674469
82042 678731601
80880 574590700
23005 63787250
98398 443546301
88988 1800334176
95674 1413633649
81885 1432520350
99930 2172019245
84968 1323080036
87433 1668973426
66605 828334110
99373 184923826
74780 1363639560
87850 1035166025
99616 148413664
74921 396061294
93434 1689125089
77762 1035826081
58753 144937686
78013 1004390666
85878 151022081
50570 167576125
74130 820997865
89308 1082568316
80189 956307334
49729 129933514
68190 230766085
77081 176144354
87610 343450785
64893 1028874646
53960 203406500
69717 567937126
99597 1428960386
84965 524574470
52592 310097076
77333 428803566
33022 140998041
98074 2045916629
93981 1956242614
49206 557770609
55408 691062696
96350 1402818645
80506 289113949
85650 1004134765
73862 131997801
84716 909223384
94474 971921089
85308 1177856056
40580 88883920
89768 957250896
84356 1589697484
98282 487910021
69276 97795444
78696 272601024
62525 948931570
88737 1271757286
86781 1823227554
48081 236273914
95070 1390865605
63749 766460614
83029 337248454
39289 194233674
77324 983489744
94508 326588416
26902 109947901
58154 734959489
70446 743313749
66032 813158656
88145 1743058810
78516 1080314764
57909 369479594
98878 285152601
64020 710864880
82374 304233089
51632 372799996
94732 853157996
52661 403499794
81682 565835521
70664 963978184
83229 579619514
94032 540202356
64249 777218414
33773 213927366
89348 1715644056
85196 1184903684
68332 511618096
92014 1729637049
95878 126995401
31952 122949696
98262 1149007261
96750 429141285
45089 383496834
58156 30987464
51062 87799461
98016 1781285044
94041 1687025894
18980 13636520
54089 725769254
86369 1158414434
91742 1798691261
93614 1402095829
45652 500444776
63445 466065970
98176 565650464
98234 2141257609
53890 208465885
76300 1254336120
37038 98940201
94182 1873588721
27618 50096241
95770 600152985
99753 1920075806
98296 1822031544
54040 465496060
23962 9786321
87896 153164924
69286 258031969
41509 51620994
74449 970626574
83453 1103667726
29637 121087346
81580 933206680
88708 393468796
77560 791390300
94714 1042704249
85301 118625034
50365 504166390
66638 180684321
94754 1477049229
75653 540962206
80372 1058308236
85901 775959314
72016 386110184
70221 1075489234
95752 1764631416
79808 45078996
46528 325979096
76812 1186634896
36994 255774009
46740 119892640
39397 250980546
73733 275655646
93233 1850749926
91621 1427921734
84604 420323364
90564 413184704
99846 1117759729
98240 1802794900
77628 294178796
76814 980829829
43253 430328106
70528 235054956
53896 526270984
97910 2204353265
97838 2186152301
99545 1795440510
94770 684940805
41770 21684205
62966 560840609
69814 1023890209
86821 744599654
80836 1068325104
56834 166893249
39708 241794216
97814 2102609929
32905 262117250
61882 915001101
97052 46400876
62996 435891944
13089 1568874
70970 940226845
40022 177727541
83101 184808774
79469 421499114
96800 1101618060
95977 2044359166
81060 1593393200
43766 27160089
87886 644017529
91445 1333020750
91296 1899332304
98522 1346558141
91450 958187845
31221 233300134
89650 552041205
70073 360120806
43793 56002746
98897 234862986
96997 989463186
48745 428809130
54506 662109389
53669 44483734
58474 321060889
97164 215149384
65350 930016605
98812 169169556
85742 1268052401
84974 685414889
80870 118296865
87729 280878654
33770 43223465
74297 107770306
86010 311642985
89921 1669771094
63770 813802625
61573 166424506
91818 1780356361
48128 305413276
74452 1027580716
64706 94919449
44341 376029714
23852 8830276
65270 300337125
70165 333219390
76560 1409703640
94317 1197022086
40620 347178360
62360 615903580
41274 318174669
74029 1189611054
83589 252103954
56241 522416594
38340 129021700
95072 1678718916
38369 307153834
88740 1638174600
72176 1212999344
75162 1260153601
89656 1407732624
90481 7163934
69798 40779141
86766 1413706529
87348 1676811936
39500 20887740
74026 409898689
89062 824760881
60745 436313990
97964 1526912504
84260 845394380
17733 59282266
71281 966681974
62909 531614794
94660 1635888320
96602 2323421101
58222 376348081
69698 162212501
78258 40049781
65033 766500726
77989 417799634
92210 980747945
75690 765221705
51652 142083636
84956 1098208364
86352 1309543996
58860 852813680
87769 1486916354
72360 105807960
96122 272737261
65489 482524394
51670 658780405
80530 1369389165
95056 59111004
90349 1415018514
67810 817279845
50152 598669776
96246 1328555149
87066 1415002469
86610 1547785185
61540 433200360
94862 1330122901
63590 755291145
96949 1539669594
42808 324517296
79204 441641904
42869 73709554
85773 1119101386
66757 1047127046
96660 818668220
84508 602516996
81874 764341649
42713 232106166
81284 99373844
93570 260565445
93596 968498344
76976 861092584
71208 20066296
94030 476198205
93137 800954846
46465 359482390
89454 455979989
97973 1529439726
23308 85489116
51952 19159896
66102 778064441
62756 795338584
33780 134195780
40736 409542964
89376 1549222724
53116 396081804
93697 1363615666
53846 315767529
78850 1262250205
94280 849804640
79805 1312296030
17257 43552846
84824 927390704
92129 531358534
92738 1257605441
59924 690194024
59456 669357884
47660 353086220
85388 1738691216
27652 16481036
87329 814940134
82710 130245165
75416 89205484
58197 91969966
14696 37730704
85044 176953264
93802 1625028421
88946 1298153449
51222 272094081
77165 16614530
77598 867982561
85368 1053507216
85782 418887641
62410 463668025
90160 1022334940
64417 679987066
82581 1629384034
99920 358689120
79137 535995946
99462 2209532401
77178 1170033121
45164 383729404
77797 196492146
77922 751748141
76337 1276220326
53402 677211441
70638 709301921
72210 883216505
76874 1203961329
78916 343882264
64118 366408081
81629 1368389434
82132 765599896
93326 739530989
93668 1600601536
86376 1223452684
67040 890912360
98708 1883091696
82806 928766449
97945 2357307090
48217 542889606
91781 1988904354
89374 1388223069
54973 274312966
88312 1283915536
28697 37442766
98926 2079232669
87684 1438458884
65542 264854041
57082 221233521
95260 1963925620
48320 299330440
83392 1058010276
81966 93707989
42954 284652289
97822 1345845881
94948 708328556
66425 182068870
88741 1146493194
52221 513449674
72746 1045756509
87697 1290266306
88872 604839896
61646 65104149
85453 467325946
55034 283442509
57364 232226224
84894 853971589
86205 76271810
78925 831388070
69997 306701006
71953 109523726
39105 119435550
71414 979030729
89140 721479940
49933 338785666
83830 537062285
74665 636188210
86306 954958389
96889 768708074
91596 1321132424
30328 136067256
32508 66141556
89132 68235576
72060 712120480
51044 564752684
75365 1289270910
92142 1755741861
77924 462979044
90862 927174181
82581 453443474
79037 737999626
36440 253799860
94620 1890762400
77720 398129040
63845 637252230
97960 692988340
85710 812299585
54885 738933790
99374 704666369
80324 142533124
78973 409162486
75088 865714196
77232 199541176
87920 1473306000
46280 333943040
78197 368320266
79548 1566988456
70218 1208299141
98622 492160781
16616 44588904
77194 131480909
82494 56157909
89606 999080389
86124 738489104
51225 125094630
97452 1253644936
82773 36853066
76388 565715236
89197 424252966
82853 481398186
68746 604346069
53010 212699585
59921 424902794
80440 35580920
83974 1324167349
11808 17551656
93321 886567554
73637 95757626
45801 264355494
79793 1260786086
84780 311871860
98766 1984032609
44254 15209349
85628 1377538396
92021 1861874834
90737 1607112206
99437 8011446
97434 1843631089
98381 1514177754
87570 1397735885
42725 215453870
39914 78773609
93094 1885464469
77473 910514386
75501 530024694
54638 368168041
73702 256546461
89368 36449436
39214 189954109
86490 1699479205
44720 162857400
95740 1510494400
73709 541059074
84085 1041423890
58817 510496686
96296 1136101544
73498 860862081
38708 342955496
95528 1425453496
92577 1458502246
71238 1232603941
86286 485175229
88845 1171801870
66964 116754984
70858 1010426921
71840 267161460
67525 529742610
35948 257930616
94228 1639852576
83977 307270246
82522 880545241
92980 2084327900
44042 373802461
79457 895650506
95042 1939634601
53332 8983216
80245 1544503090
69470 456054745
78786 1248840589
47824 436419744
53482 616300621
88150 86182645
97393 1467919746
97516 641287204
81692 267495336
95437 1052515986
75220 740399300
97160 820796040
72892 1143802276
90673 602218706
78361 1306576954
71665 541791810
59626 591747389
64354 397214489
83802 747825661
91553 925714326
79645 832258470
29465 193300930
26553 97011826
47025 447782850
92841 1455834554
71146 3321269
86728 981891196
92549 598897914
98116 1299538664
96464 1438635004
87052 1108234236
77390 1430239145
80308 921233676
20782 60790121
91582 388395901
74920 345631680
48974 188358069
40776 361974044
80989 108933294
29098 160510561
93874 33544329
66484 400622124
87686 1499710869
98844 1417501164
50700 137075300
78829 82714134
68492 883349016
90170 1376094305
57853 74917826
96318 34569641
66209 172946614
22346 25924329
64645 33450630
31773 68141026
62530 944995885
43065 286493650
91493 1057011366
99601 1538203374
43553 178670026
92218 2070340881
88824 1001124104
61725 655188950
85012 669333576
89060 1047505920
53388 421185076
53393 591086086
57286 650923249
66753 291714286
95764 1355714044
61084 562659144
27892 23789736
59748 526466956
98317 1314241686
77820 466052180
75400 1142681380
85864 1097224204
79790 7490125
95021 2047215674
98457 1161688726
79300 801385760
63593 962196386
99068 1273219936
97440 1843407980
89765 666859090
66324 616243524
70776 476594144
14642 42806081
95436 1876068364
52585 601878010
12594 34505409
47492 353185116
71661 774890074
64164 23109284
33765 70453030
97205 1647219730
94050 137662645
79877 83221546
77729 223733414
97485 2018108730
91678 1926506421
96152 1898644916
74741 1117072654
45978 82663581
73396 132468284
67229 577299954
91808 1237690416
56829 574696234
94406 1755062549
99840 1130443960
82696 917053524
95253 415870106
79736 1331856044
95398 69652561
40176 105551984
90521 1924483774
91546 727293609
95021 2218414194
96730 498129825
81890 238765525
87554 1593563209
75624 743603624
63118 871476561
41325 250476710
93697 1050342846
95950 2143790625
83980 297617300
59789 105394974
90169 523458494
76488 411499296
62138 350621761
93780 1731095640
78081 207657954
27229 82724474
17606 29636289
60034 783056709
80637 458742826
76192 1286051216
67473 167638506
74309 246080214
70077 1208304046
67600 228904320
84752 700511396
48797 206306466
88406 1873028009
88937 650553206
21944 73079744
66156 328263264
55718 136935781
82096 1310371704
92830 1373117125
97260 1369295100
84238 72418501
90246 1175451549
78110 1236552165
90009 790195034
92393 1590491706
57728 774514736
94981 476979114
41809 322119034
63621 434903954
95394 2177456709
62654 970284249
98930 1534987065
73977 337328026
70754 166723989
64581 16453134
90033 1202346046
79174 485403469
68413 1081210326
80193 675819066
66801 225967674
9640 14785480
39816 177132564
68430 725206685
87609 1630505874
40666 30115789
86612 1045126536
91266 1606133329
97621 893296674
32350 29841145
58720 138375820
98918 381161081
78576 712701144
60152 644205176
88700 468347680
76090 693291105
81482 237020221
84838 752415841
90384 968347164
92338 1768658721
80960 1568300860
97464 1936644944
64737 545535526
51569 29253334
66934 548495869
42838 294750121
88882 1810287741
42832 20972396
91113 1083465246
26785 80720290
84529 894816234
98870 2155649885
96768 50606236
56626 444411289
73988 782248816
87204 1586802124
80804 1220621924
62441 903533054
89748 1422787016
78598 1180195001
33200 104184500
75793 568821546
75340 941585660
87736 1110184824
79182 983240741
60545 310681130
69361 281267754
97818 2185312781
65937 697100726
89024 277937344
93788 1789620976
24404 128292424
56338 590320461
50408 23400676
74048 1285279176
63560 1007313880
63160 207158920
76957 808962526
93069 780917834
27178 41330481
80005 977378330
88653 141920146
75768 240832796
96910 653004745
57149 719795374
70780 1124183660
79788 188284076
63949 689139954
74142 957928361
85018 25147841
75861 263686194
86070 1801860385
87509 526743294
81816 811440784
67798 6769001
86806 832239409
45944 170225644
46509 521677534
95841 780531954
72085 449152750
90262 434711601
67722 216325921
96752 1138764096
83577 1088507366
76754 238677749
80456 456382964
97346 904993509
66692 913410976
79284 869808484
99905 2171662870
76204 113423464
49098 99345561
87957 53542566
78125 673794350
93058 1720243921
35062 188697061
87133 1347091106
57985 146424590
59953 793987746
92350 1895297705
55360 307223620
67612 705111876
93212 1812033996
82137 1386962206
62813 885168686
24618 150505381
81438 1259638361
98742 2026876701
82557 1111436906
58301 792080414
85758 541905681
96720 396773140
59365 747244070
88624 219899664
54445 54114570
60528 818082956
53862 148551301
77132 404692896
76818 486919861
83830 473765205
86253 1532359146
70178 309471281
97520 1701479020
92410 546468985
89849 1573439594
80997 576567346
95352 1224700896
57210 494228905
51330 542744345
93525 243573830
74838 863801221
50110 370648565
96956 2099159384
93845 150687330
87210 738061505
76496 502987204
96378 2054527501
99940 2077443720
73434 1024288289
66260 47110780
95988 1319374376
96101 1368553214
69020 724793760
52436 165484644
79352 110640196
88338 1125957741
22780 85862520
54686 183242789
97226 817564589
37260 39444660
43065 291014350
95893 1575308946
99270 2064699965
81585 1151274970
78074 321863829
72032 1019221516
64084 85007184
47364 302315024
82750 437933565
83414 875914549
66362 412658821
77949 187905254
77405 462065350
67164 986853904
68258 619996681
79548 1437922576
66537 360573126
84717 242567466
89822 1486280061
39604 106993164
64480 528224900
93445 1223623350
90244 1009619644
71393 10779546
40593 119223066
61881 861631614
81209 1088451834
64925 542620050
98314 621606849
31156 97684304
85966 536551989
90265 867270150
93117 977902706
73160 868975860
29138 168595941
89510 1221599605
97526 884038109
89298 435582301
63010 230985265
63317 970861206
99725 1213378710
66276 335615724
98826 1740268589
55206 30309029
97266 1605666869
68012 1143370676
98600 2141229780
75866 450064989
56350 465263085
89149 1614496774
93514 770758409
26762 136785661
74890 372812345
80157 1417072646
81874 6335889
93145 1286727710
64241 674096194
78278 477553901
35710 171259045
68262 1147319501
84234 1322478889
58392 839693236
97238 823459161
73404 753061904
35129 299838654
77114 1059481109
97250 370928265
36038 54740021
81229 672862934
89025 91360630
60585 581861530
92592 1163137876
55036 628371204
99646 1926437569
61424 891096704
63666 488068489
95514 172679069
92437 1973588826
88857 1722397126
99788 526523376
96770 797667065
65501 639216134
78905 762040550
44140 240549080
63896 821638984
93741 674588014
58533 317503926
83842 1224163701
41670 190488205
56544 76542004
95420 185696840
94660 900612420
56633 120395166
59884 568763344
53601 367191614
65820 424211860
45221 193760254
91468 1271026556
74317 1290606566
89321 1147299094
84601 1507241094
86554 1175225349
79173 148205106
96009 1406218194
88262 801572961
96573 279414606
97498 1287783961
84068 1159065596
88829 344450874
76420 1372064100
91641 475018814
82542 1398119261
91184 1318549124
64678 435980181
85690 1823651905
64305 924613670
83006 811197409
83202 111738301
90221 1602250434
91313 1139755726
81749 474796694
72816 629014664
74301 265550314
89460 1316570080
72964 981121904
98469 2046200534
95846 187660709
78760 604489300
67753 142637286
98700 1081556440
98980 665956240
79461 753901754
96732 727142056
98025 795620930
81489 1008425474
47553 212701906
98132 307885356
88202 1251871821
85902 432653261
95338 586566501
87074 1596040529
80885 437797430
41736 384169204
76056 1375961804
52485 325516670
60262 626689781
94096 565167004
22478 65104101
66100 479338880
83060 505766320
98460 614187500
88442 1624189361
83210 1091040385
74325 1177044090
51426 498017449
39346 379320109
62254 327362429
90829 359247054
39366 185383169
66610 989357685
70526 619284049
32766 82103389
44760 70960460
79856 39985084
37938 266806121
79458 1510876921
47838 188442421
93598 456134881
57853 147126906
68068 1092915516
76490 606774085
92056 1458065064
43456 29824524
66448 72882836
87112 1303423056
48522 105180321
84033 291586066
88520 1284059460
48232 342998516
57293 281945046
84608 1216040116
79452 444095396
91464 1948752724
74096 392072604
77732 370320576
92724 676283664
32534 205694749
76558 219919421
93765 2141732350
56170 262905825
99236 1147973744
89520 563938400
77361 267022754
97944 2327517464
90394 345793109
75682 245444901
69820 864515220
73802 462817821
51800 211805120
84854 1397838409
96216 103308204
16266 15400209
61644 306815484
47065 500475210
72713 786584146
96222 1065157341
72436 481736464
90964 17793244
90368 77552156
74446 412497609
34353 292748126
82690 1314529485
98537 1774448586
97262 1706379401
94505 875966630
94940 1441864660
52696 330646644
80586 109636849
81161 141903294
65946 500085429
54204 591985904
52340 13639400
50510 58394765
96812 1959604276
93205 237163570
86917 532784966
68545 862316230
67672 1033183896
98078 89856681
88824 1188252724
11252 22180796
38230 151796185
76644 915228764
67054 564768309
85370 607698745
97492 1078137516
84718 317671321
90626 2029475789
53710 356596285
16008 48421056
85568 1390963416
77100 17749760
66190 274725605
46664 217964604
71336 257125544
76146 1264326109
36374 298128849
94726 1517110869
62597 311991866
11718 6651941
34738 90102621
94557 142937246
72682 32177901
96245 1279658930
76369 930616314
92548 1922801556
95588 405038076
89909 581618094
77818 362202221
97750 2285422405
37894 179300629
95130 525143065
65589 377691034
79048 251801056
50358 317193541
66414 685222409
66029 562601774
40292 50510056
92808 87877556
99724 266971964
95804 1786058104
80221 1474944874
98272 242424196
88354 1677400689
76993 976763586
80086 1272146689
77608 145053076
91876 1989073824
97766 1192145289
89213 1045975846
52800 415316560
50438 362681001
95777 1246369866
67017 374112426
90033 655707326
99857 1010850506
79542 1084395941
59780 490772880
95700 533409380
94178 1229224621
99302 1730821501
91973 728280126
89858 1331276421
95178 412317821
92741 1893246114
84814 672891749
94805 1996535770
56320 316759400
98660 1803414820
54841 564657734
52302 229938541
82428 1381569456
45164 197432284
35904 165808024
93605 490488050
31252 3810096
98721 1931656054
96656 1936615484
82545 169539390
85990 691991185
95997 1821075886
91497 1539229066
93145 1165851910
60266 305542609
66045 446951490
84946 708727329
65902 656739961
99600 1257574780
70678 1002192481
63236 939245964
99145 178550190
86700 1338924000
89122 995568581
59288 296176116
48240 324585180
93801 823268014
84388 1212654996
45198 252081841
79613 1476945726
52189 373891174
93404 1752239584
73657 1141211326
36304 178190364
54312 680909176
30065 171593770
84545 1683622170
86818 753317841
69056 916868504
85792 650676936
69730 253427405
99012 255660676
86248 10424236
75946 755862329
96080 788100840
89521 1078053474
76348 276008916
88986 1725566969
90286 1606187849
91265 1077711630
90940 1449328500
84472 1117145116
82620 543454460
92817 73294066
69785 341411390
79118 515849481
77072 221923596
69729 607452814
72024 872669924
65526 881215549
76193 51567086
87192 1371309056
87458 800365541
45584 101590864
94701 740464114
84782 377854321
63925 142200870
58872 424042456
69624 86535324
41590 363256505
62018 245735881
92149 402939154
97313 1740015826
85454 1584641609
86165 1322227210
84478 340636581
68949 979349614
47616 38545144
50878 604252681
91520 2012869540
53117 100697566
92720 185207520
80056 462731104
97041 1462628194
99200 1893914640
63172 626548116
88774 1431679629
98437 1502806246
83134 164781389
58601 761888734
87581 1841745614
96621 2231157994
84208 216098456
21857 96712946
64284 431483144
94765 1999547910
70284 487507064
86164 1236490224
86168 945551896
87537 1617549106
86956 1272194864
98242 357934761
90384 1216781624
74006 678308729
70812 1170379496
43700 135802100
75185 1134371750
26137 114413806
98286 1542475789
83618 660980481
93962 85117881
89778 343405121
91964 784121924
70673 609531626
73409 554730214
68740 1102673740
51604 627954064
45814 116083009
71066 517477329
86505 346309590
84309 111083714
91758 1142244721
80701 435723274
72530 821321245
95969 2208344394
78589 266108894
98238 1002318041
13744 31687104
55085 187809730
68021 394540974
53026 365149509
49354 466040449
75842 589410601
68504 679314224
49512 473673676
96432 1934207496
99836 969956324
71176 36859384
91702 975326341
96406 225979329
68192 399172036
41349 379484194
95814 1479186329
32912 96423436
71218 789723141
82153 1077540726
65966 763414909
99017 1179910586
97426 1822374069
93285 1179314630
75302 1180039221
80762 1379719561
80160 406448380
64314 40855249
89609 910070334
92801 1953873314
93821 91635294
99182 853528841
66478 444954481
55118 284461521
97748 368344156
99850 232321705
95421 892516634
96173 1824097586
37681 68525014
67174 61008729
95817 723612286
86796 1053703004
89270 1563159405
99918 1635753481
85974 1109224029
54614 417774749
28593 183406346
77760 398394920
80710 1372745185
89613 1571532486
68258 696745881
87161 1163591854
38848 222361156
89021 440312774
89968 519882616
93816 1288464644
33618 163778281
45524 68466804
78616 1089459664
98960 1584790480
95689 817407694
55830 110467585
61037 590201126
66398 338565881
92205 739877830
32802 4450801
91328 450225836
99740 1967119220
44793 54831446
38458 12595021
58861 189068894
96177 2185666946
52906 49874209
41612 413878036
19902 9303121
84993 712991086
68616 605884244
81334 99280849
81917 172661386
77428 799546076
99580 971570480
94064 1640834084
51940 443772480
48944 339939344
22230 109190765
77153 823806026
44096 193416304
99949 2478701014
77746 206572449
70688 88327716
93886 452963029
50254 349290349
96580 769458900
66717 680598206
76436 916295824
51133 361431426
80918 1375931381
66601 783191134
60421 537464754
68050 365422225
68974 387772489
88632 376726156
86080 876240480
93713 2036260886
95933 615760166
76810 1091346145
86049 1412449594
70028 1031727996
83806 812638009
89810 1666441445
93105 36836910
68790 539483305
78797 1320239486
55380 290408640
85634 1659338689
76593 762775446
75924 785854824
74725 76629430
65620 312301300
58772 627104796
66598 311676181
57480 440593580
68460 53004040
95158 338577501
59838 123019501
85582 1296052821
84445 1151198990
87418 611847781
90892 390042836
93880 119970600
83906 370530489
85765 1075440390
96222 1049490041
67461 649273774
77554 105398709
81357 1521405246
37690 29995605
68110 323574205
70864 903729424
83270 359751805
76330 855902625
88040 792550700
95028 405915596
68672 657207336
67085 224403650
98516 860416104
93676 1414720924
99021 2441495374
99814 421191329
56297 55019386
97081 2082400474
72420 440601380
54842 282483701
82514 631292269
46916 334411684
90448 1002669936
95129 565294574
76720 306093800
74024 923134104
46940 422582780
99886 1579882169
66025 212647530
91372 1998283696
88918 1374598921
93088 1438514576
77225 386541090
80936 1432554924
65108 1018599096
86464 1029186984
84384 889813664
94886 1854672589
98609 469487494
99041 1363108614
84669 747811634
75589 1233130674
81910 1466981885
74028 1232115656
67065 1048231910
85392 123652576
73576 1240366324
86925 264245230
63241 422365154
30540 205514320
99806 2239125029
71324 245933924
55982 555939081
72984 1098417484
71330 916191005
88474 1190998089
56749 793862314
70960 738425200
77972 731237496
70125 959814630
61994 830949109
82985 777454570
47920 471270900
53972 290428036
98145 430115530
56973 434355366
81218 192504081
78070 1292329505
59034 572005009
69912 916719596
24342 106460461
68609 1141979474
90128 1549760676
50636 195377344
75617 940700266
43944 438715444
63864 24638044
59153 328797306
85833 1266741946
79169 797199814
98585 1591986970
78949 1200275954
92110 1180997065
75368 718762116
34412 25605036
97089 785692774
89313 1920578526
91382 493876841
58470 716063845
93609 1333020934
94033 1771562106
34241 165041354
68040 314433060
97061 81005514
46969 369666314
67740 394005280
92202 1680827321
85346 1702480409
80584 460446384
73256 1005880284
55069 685391494
72185 1103587910
98098 1306642461
72356 1036090364
94010 1214343865
95621 388096034
83550 1209532645
49489 107144834
53490 44136645
17794 12759469
86554 257805109
56417 188333886
79752 1561219436
91038 1659979301
81464 1031586844
94856 269569764
86945 807139450
78805 21169710
61821 657676754
90820 823132560
90386 2025656249
97944 1958968764
94538 1627183701
97769 666479034
90956 145141364
89030 67329545
26072 2623936
83129 8016174
91177 1365932786
91121 689992574
76886 663348349
92929 1270160754
51036 67059604
75245 1281534250
65221 853691154
99429 2197280834
21613 3969246
93654 1441277389
69368 1731956
85246 912524709
81662 229506261
52733 173410726
91845 510629550
93684 89857664
80470 929700285
75416 344553784
29858 75292481
59544 663339784
49590 463328725
99296 1483758724
98032 1508239476
69393 893392546
88270 985059745
74632 246109216
58584 407891184
77313 989108186
98656 637043784
43717 379328766
78826 1122143909
82669 166721594
89214 133456549
78002 888639141
71557 1249683146
91170 1102628105
51342 575423761
50164 471723744
71433 983179566
94517 141072306
86344 1355637444
91841 763955314
95634 1586400209
31493 74476686
86846 583947469
29217 93473426
62228 206208996
98044 1142291004
69745 529530210
18457 50406146
85532 1801903016
99252 2052821536
75649 317764194
79917 607492666
88361 912756174
83328 1414677036
49834 586289589
87377 263659486
94245 1398826650
63642 926353441
40824 25132064
35090 229484405
94972 1828015156
87082 1759762521
74269 1302519594
60165 514625570
90036 1057986124
95566 1260036669
63690 377807425
74144 406740284
53665 153523050
96590 1514203185
83500 171620140
63545 966517030
66258 200662281
79610 1443767605
60020 435175040
52597 450779546
78836 579317864
45977 524649946
90154 447270109
58570 712664865
53945 695986070
74370 1183511125
90561 1355591674
73940 1234144620
82801 924879834
79308 1551153276
98048 1219837516
51992 139629116
26874 13893049
72190 590966945
23038 12479721
69929 256979874
92021 1297120254
87752 866452176
94608 689943976
82294 186684629
55993 124009986
85980 979683760
90557 1121980846
87401 476358794
86017 1694811586
92981 2076293234
67720 470365760
24789 22852154
90412 544850276
88746 231804749
89924 1447093944
61198 480967041
85522 1629515481
58882 698075341
85406 599096309
85833 1518435926
89433 370592146
46474 56016589
88468 1283694136
75236 885251304
56704 76487164
70130 168856305
92006 1969856849
35664 126033404
47226 295710809
91130 1026462945
88152 773199536
57833 318757326
88740 1726802800
45985 132909030
49037 11773746
98136 292345164
97030 1211613345
74342 695691261
75146 1220039209
78377 893954226
58393 200767086
75696 1212137504
93961 1800816094
85120 1730661700
40834 284348649
55492 658460336
85220 280047620
58836 704050624
91881 523876414
62437 105177006
55225 446792770
89250 1567910365
73400 219237000
86217 1043033566
84617 230852826
86917 136074166
49472 116020396
17092 2249436
74009 831854374
66208 231967116
40462 260098561
99742 1614218601
89430 1300509545
91562 940541861
94890 586783285
99458 201613481
30013 33655566
97928 772595656
71181 223562354
66622 405962141
90129 4106454
89065 1513220430
61720 95276220
52966 242286189
76370 927456165
94760 2215630720
98498 2126214841
86277 1537490486
74322 1091443061
83054 988806329
60588 299246896
55268 414008136
86278 1414979181
77321 921434194
65658 914072501
99138 2376225341
68156 1142578564
54980 719299720
66005 164353590
47234 272062189
87905 1765212190
99377 337743226
99090 813842305
98561 758228814
67192 166184936
98938 1016573661
49876 332037284
98194 651135089
48781 415425354
89425 1344857230
93800 435285000
89569 1023199254
49860 424005620
97260 2143428200
70640 457211600
88798 1177925001
66952 652102296
87294 1533707369
59456 363512564
30692 217741356
94881 1666822814
89938 931048361
83545 617334430
65589 8500454
81248 551664576
64600 19797040
79848 665180216
96897 2282164246
71614 171380829
97596 1970886944
48472 434342016
72650 892147145
49285 424224430
49441 383202114
84314 1017290369
68165 1129499690
81514 982690149
57501 388352094
82344 1200789204
61942 650073161
74300 1368004860
65837 886133986
21348 75316316
90525 795038790
49889 104818974
79902 487610741
64632 453921856
30140 88642860
90610 1708308625
68816 26314204
95638 873970741
62928 321819596
73212 1184323796
63586 119634169
69670 866083025
52317 477039826
35272 118473036
82489 1169984034
91405 782997450
68136 688393304
64248 140704516
96630 1231312525
81464 1397530084
37261 40528754
82305 1583677930
95302 1283269261
92832 155898376
90680 1315190220
54982 73392141
86334 94031809
85364 1422548124
97492 1800242256
55009 325209294
65672 796402836
58709 260693494
82225 1391564110
65490 739132865
79181 1560938534
55749 124428774
74276 899484384
61349 143407894
87961 1278718294
87650 1837809205
96766 2297773969
63350 710590825
45654 210010309
95540 131929140
65116 114800984
83402 502446901
42981 150737374
45468 74082896
97936 1851473624
90508 1915538916
98582 1039958781
83437 437135206
71542 1140294781
89520 1564241700
24173 27752306
69245 671915810
67806 562140109
99181 1365103334
83497 141233666
96848 822504316
84064 21887344
71922 36467881
48392 552580436
62181 43229474
83321 1476925854
57562 477075681
91921 10272294
71282 215292901
69184 994132644
65456 168774084
82345 1022062890
97344 1544756784
96402 1386130721
53024 270775304
97013 389794946
83462 47211821
86173 290735386
57638 613193821
82206 61549189
72934 574100069
50321 363152694
80094 319239669
78350 479308325
98528 940296596
64705 759727770
84252 1275811796
61205 395144990
94390 1487262785
16152 9425676
71900 698605200
82730 1331325825
62556 467949324
89594 495357609
75330 519932305
93138 1713651601
89901 1534003934
94288 655901116
98849 181708854
76609 440493534
60129 298023454
92166 1400559769
82649 1483462574
97649 1252375074
99340 25435380
32825 252504790
91724 1428464524
76184 749437524
52861 354932174
29033 23638666
90366 1236948689
81234 1523834349
93429 1423934234
90346 1577830909
52284 494037884
96929 1258461754
84720 1262598900
66506 620969449
62314 561619949
91910 907412805
79337 661395406
67816 653818444
64125 412582010
38384 256642944
79278 329531661
82285 1346041170
83828 1702839376
80648 1337234116
93913 661368146
59365 330531570
92466 1906900529
27566 140181309
95317 1100288026
39085 61601310
63942 961701141
90777 572813146
87340 951963600
85586 608179089
90490 1988227325
65534 744495909
72910 951065045
90108 1211195976
80752 150147076
87253 691764846
58268 243937516
90521 1668571074
66770 997624385
54965 134434450
73440 1005973820
74378 516701661
96477 294024986
55244 466052164
73100 1247829780
82114 520943849
79208 952838716
71525 463306450
87305 896776070
97932 1882410016
95030 1603662885
78989 769139154
93230 71480205
74041 942040714
85514 515035429
81973 1425226706
77681 791634634
84582 1577257601
87084 323532144
60826 254471889
86173 1467731866
65878 912538321
80628 2153556
49561 592618494
39097 7635006
65584 570128184
66388 254714936
60540 5940820
81269 608792754
48401 335398294
51685 106597490
94860 887502940
27980 143368720
55085 651622330
76518 1040669461
88680 287279420
56093 408541506
88725 1925857970
41060 184054800
82028 700778896
79774 1466436849
54394 95756989
68129 800182754
58832 590231756
63185 756615370
97310 1491167905
98788 1785299136
35810 101908765
82925 148622590
72608 1025675916
33704 159985464
72273 68374366
73837 383878326
77294 124161929
74145 850298350
85814 873444169
70673 681010486
95908 532069916
67745 885256190
73450 1168813045
55472 659533736
97905 618560410
58680 566802400
21989 49900694
55876 486820444
57885 619244310
43288 305508676
60173 489601686
92218 203750381
99489 2459595034
83841 342846694
72145 685191310
71545 502623370
81665 1439081450
57408 589568176
90064 1297741224
99693 390620366
80328 58950236
99864 535039084
48498 33067361
63240 410520400
27392 133403416
87296 1480945384
78921 808860754
40272 163986196
80381 303588014
78749 875025314
92014 1400264169
94674 1088961049
93797 1851634586
98153 921663846
90652 1127182736
93749 1812813274
36185 263759230
64280 371717740
42065 12120670
40750 40540085
49792 576213716
85836 1794881224
85465 979613650
54948 325237436
90614 1763154209
94330 232591345
67082 810946541
54121 175192794
78356 76637484
36533 125410426
80918 776347221
91282 2080138521
94020 1677764100
70609 1195275934
88260 1416493300
85758 1464814201
55508 746808056
53382 429451001
98877 2324289526
82710 373107345
63152 378806576
78570 541084445
36612 304669136
86948 805667436
66697 780665146
89338 3197461
96529 1079049474
93632 94608876
87080 245778740
91458 1177278721
98524 1069744924
67637 149961826
70568 106523516
63145 177075310
97388 1222720936
82441 1679339754
44841 252361694
94604 1346061304
81180 707957640
68924 858707064
89724 1773475964
67337 580751786
89025 487717430
90081 1600417834
97317 2028394306
80577 1531135046
81325 951832410
63144 223665004
94762 751988521
93149 1305048614
39776 214662284
99170 1716210425
92992 434179656
72022 91676921
66553 1083544586
67116 621528684
63630 829098185
89958 1032038321
85205 543522650
89154 156329989
89522 902294281
8788 12039676
96833 1409932926
57557 204913826
63769 912535934
67414 815822569
90048 740261136
79016 1019648164
99333 1259490946
65336 140635544
49205 35422210
99281 696790214
62873 423387586
66421 810577234
47774 34717749
71468 317034756
92810 868361025
60585 425796890
92020 58847020
88730 353649165
81774 537068389
90093 149545506
99648 672263536
54692 710741356
48521 172653454
72174 1295244249
40685 386314870
67065 349123990
86825 191203010
56144 480192664
58040 124121900
43817 384198866
73865 1007880990
87401 407845314
87965 1294241550
72005 733241330
81530 1492975325
49688 316573396
57660 735736320
84366 1315399769
90494 675713489
55781 464995234
51640 79293360
98308 732940596
55733 278475246
97625 1064633910
72129 798549574
98896 329871344
54312 256629656
75340 312654980
78544 822142344
96989 905968054
97798 1656436081
89049 1245483394
81369 941462714
85938 1778292101
83868 403712316
87218 1453175841
98316 1748629064
39782 110089101
95425 1460727170
99862 23449981
72425 1049571610
70720 345487200
67362 462478301
60078 729588821
80681 950267974
71120 1225696280
51550 89731425
55874 184842989
86249 543563414
96326 1215650049
75729 1295925554
99081 282786774
92488 716677236
98328 87211356
77122 412670261
70205 1185768550
92346 1868064469
50900 200072060
62465 526378970
76532 400193076
74098 793723501
95905 109915810
78002 1425877241
86517 782920226
56404 582011584
60545 197369210
96377 913433486
54721 686146254
56609 69854234
81617 1377047666
68690 52530005
72984 651759664
98404 1826451724
96042 1568895841
73324 132467804
98836 2120672944
56410 437680225
61430 925645965
73992 519062356
72633 145796966
83342 644733701
95901 1217767814
64638 488502121
64926 262576149
89432 1613555096
52221 82606154
56513 302814426
84412 33793276
50312 462250676
94256 754394724
76177 1069414366
88528 605440776
38372 228851656
98940 2081100120
90084 323582464
75353 736701626
99497 2347760106
68920 1147566820
77329 718511474
95130 1532550265
98108 43555316
15116 54864144
92656 816456264
94252 1431762376
94724 1189795264
56446 87894829
83857 1058478726
69434 1084001589
67616 8535244
26636 50203344
93988 1274104876
34434 23886049
56586 81709989
99365 1526239550
89272 261130336
93261 11846854
62821 249340574
52965 529582670
87413 5034846
85150 1009292565
67942 1126700061
89596 601133824
77993 478147146
94400 2140398060
65790 946555805
81212 1521701936
57744 181135784
63814 196260429
69898 10588001
27038 86782641
83032 507834816
83598 1651516441
35805 167775190
17461 33850074
97281 1122425974
76608 782342356
27730 118937965
82725 986910310
74228 630389376
95880 1938728040
62026 10075569
54673 657125006
80136 1519883824
88641 132868114
78776 846693384
83094 1638887389
74613 934793826
91290 1229332705
98385 1079361310
55724 571360524
72393 81287246
82882 1420089281
49096 157742824
81842 1286033701
90720 1380546960
78726 315809069
75809 582633194
67926 977158669
85873 821644026
85570 1820921705
26062 42390401
73168 414243556
69516 148163244
67914 482058449
79948 1557903616
67218 909847861
93636 899283344
98205 506990350
62440 505733740
82450 153215885
89480 1242688000
66022 389564821
87796 483054904
72464 894748744
62044 506797384
92808 750956896
84509 1221366194
56252 381723116
99241 1710657994
99470 284691105
84273 989534906
97996 2271760724
63196 574241344
67914 938911309
63800 178312480
78028 609295636
85976 1188635744
94649 1735833754
72408 648035976
84962 1627515261
89160 1203733840
92176 897265764
97368 520748716
86688 602864316
81157 1330781446
66670 296635985
53689 95890594
32565 115810230
72070 1234412505
75354 205963349
93113 1923799786
88236 1764615764
30286 33897729
64622 277320181
74177 934670086
79826 1355886969
58438 487645841
40013 284473026
97028 1621773976
92837 2090268206
48888 357080816
80308 1141392356
83186 228207189
98234 644681889
85693 1323570106
97796 1495848744
54382 575218681
61820 700362180
84234 153104649
97537 134850886
33873 232196926
90646 314282929
89056 1918241184
88848 977805656
96598 1955775061
94666 1851224289
91016 1265194804
93962 670495261
54416 416804
68802 945054001
96566 1427252969
86022 1028603881
69262 146674861
48108 270965496
97225 2133551290
64572 230810396
80560 764187520
58290 603721745
90225 1529793250
62933 365376266
89433 502324746
93913 1888266786
88656 869262204
93916 1780290784
77849 1448170694
89517 310516486
97637 50740146
77105 1206563330
92880 1193678920
90566 1943743989
74590 301736525
66874 611207169
96560 336064380
61370 256042625
94672 1301698136
85701 1234115074
76088 591706776
56598 639816501
96629 1439559954
89412 789021956
90574 491914529
74574 720254089
67404 998239864
82717 1090697766
85170 1759851285
57576 354752924
98996 1428892524
59766 861837629
74696 400520044
92814 735289649
93157 740177366
90068 1921833116
35045 143295550
88981 105500814
94653 1813727526
99542 2392375061
69042 752227561
67860 996336700
69474 53153089
89648 218539176
87613 832737686
35864 254233604
95060 1183220860
99624 1286346144
51846 311107069
98010 1766003005
83922 278809541
97720 1601784040
99490 2448155845
69372 1046620096
83108 95114356
91170 268454185
85937 618601786
89869 495452314
84420 121185680
98428 192132236
92601 1559744114
93478 1063487281
94356 77251484
62110 154194245
64061 1021615174
87753 54328526
54124 281771704
87388 1435289476
71018 1256911561
96116 94218364
90250 760288525
51037 195010786
39621 161214974
95358 2040234881
98868 781823896
84986 981663549
58748 332154356
75640 596048360
72232 563411876
49657 555289526
84908 285225496
87101 1338516734
87392 24690256
30657 119072366
86373 1836033106
49140 139365400
55964 226010004
49949 227261154
67336 729684424
55873 405171826
65720 204660940
75356 617920704
63710 250953825
71518 997374321
72896 584237804
34017 109058266
96984 443744444
76654 1198105309
99084 1821785884
67752 580675916
87870 1798557225
48158 354579001
93756 1908934484
95286 499499349
86193 1832651146
32064 252984224
76914 797055329
94817 1000975686
79524 1458681364
73808 355335216
84214 211961249
90457 1244138826
52345 243964330
91272 1399364756
95876 1519690244
68725 164095750
83822 1018214541
35842 76897701
94872 982406756
47078 529629481
88194 549062589
74461 398825294
91865 340258670
93298 984905601
91376 1976364124
59674 668276989
78186 150874049
99784 77557164
79890 232040245
94576 954484764
98004 711787504
77984 1234588424
93201 968617894
95757 263773606
83637 1522053926
19666 23787109
78068 780326496
18014 2867829
96264 2270209384
68040 241733780
75493 786600546
72272 462887356
96826 1914868049
83777 77401366
68109 130967074
66050 544090185
86445 851020450
24497 89659546
44558 188193081
42316 21745644
51554 257774429
45178 191468161
94144 981078384
96837 2082671746
81748 859425816
92236 1586141704
98157 109472266
67130 182441205
60616 672578704
64698 646116861
93425 1234050710
96414 1168160629
88898 679919181
54520 426389860
89538 11981321
58230 1296245
86026 1194852669
96921 2029664374
95570 524667325
54529 83890074
53594 493955189
49397 519009846
98437 260582826
90981 955137614
72550 401984785
76237 238671186
68508 14597656
95726 2183822909
79404 402132004
22109 36372274
67168 473946356
96086 1656727289
68556 188962064
86332 1559444716
58292 392345656
22508 7434576
68168 1107339596
68534 164509889
58916 155447744
98114 2307334869
90290 114479345
78806 305273489
81077 1226276646
77924 1161514764
99338 1529649221
87916 665324804
77058 230399321
77377 175945986
41165 143224150
55586 137190829
59998 638912981
87828 970171536
53809 578556774
50416 341166844
96616 1560531904
93496 2113436004
97132 109166456
46084 440059144
95348 1135386176
