-28879 -6616716001
-44416 -7853322506
89104 -8293204091
64179 -7410335426
34789 -5235320496
14974 -3610333881
19708 -3229821429
59622 -3340595554
14687 -3379297044
-90220 -5086820745
51522 -4505552829
33920 -6657110045
51866 -6536736881
-78 -4204206894
65462 -6219440744
60906 -2591334201
-22187 -7351902129
-49365 -1279219095
-46380 -8657255025
-79636 -1447669841
-3970 -3132914325
-92812 -6808192349
-21802 -6188237809
-14760 -3895169965
64737 -6276075724
-45803 -2533645804
56701 -2913575601
-706 -2261254841
-72514 -9208526261
40020 -9415490955
-29054 -7598974976
64907 -8427252079
35301 -8898432316
-30771 -1217410441
15075 -363523150
80177 -9105282404
-32010 -604719385
40524 -4424996311
21447 -7611082659
62506 -9508941576
-46805 -3741849740
56663 -7007773879
-83465 -5664922200
36696 -6378896741
-96409 556671594
-98974 -6554656741
-58668 -9473399854
93957 -8767687329
48840 -5500040975
-11696 -7619638011
-81834 -5768717021
-42413 -5029987994
2140 -25067615
-21757 -9967617479
-31249 -5638344511
-59581 -1676270156
-92132 -2541488334
-21148 -1685648099
26569 -256753261
84904 -8598312971
-86936 -4826604931
49553 -6122769024
15153 -6408743204
62889 -8242560356
-64140 418654165
-83647 -4387906564
77760 -3361706465
19059 -6467362106
12074 -135885986
-96634 830491734
36324 -411905821
-60816 -9928425526
-35840 -6432753505
84015 -4006539875
-60808 -6916319174
75722 -3699124604
5019 -6970963031
-86336 -5344228706
-67286 -2016320966
25844 -9366493761
81469 -4109039316
21860 -141804750
53931 -9465110211
69106 -8265609336
58587 -3382289224
-12019 -1297172976
73186 -5146503306
6922 -2316568709
-92366 1728178274
-48172 -3245804429
-27026 -1386852986
-11296 -6477134146
55695 -8761950290
78494 -5456626846
78340 -347097815
-17753 -9687319764
11848 -5535578209
67961 -3567579176
-51961 60465909
-41826 17723444
85555 -2491972655
17363 -957146204
96098 -6610739164
-23325 -4642732470
16871 -9342895116
51937 -1036547869
94854 -692080726
-22244 -8348951966
2726 -7174893286
50252 -6824131839
-78423 -9907618789
46745 -1090891265
-98961 -609714546
68148 -3413167214
-34494 -234930601
-39004 -2643837346
25736 -9764986911
-67945 -9064090370
-50045 -2102673935
-47089 417805564
-2717 -7141794454
-25790 39059050
51310 -5068208430
-10499 -8590074736
-67460 -6444028985
-72446 712721484
-63590 -1120197200
-83817 -8323264424
-83006 -1279695466
44833 -9308410229
23191 -3327692486
-16376 -4664137686
-48338 -8632722704
-53036 -3758088691
-29577 -9236426994
-305 -9895748230
-58670 -783992505
-47320 -1239962465
-49903 -9448374529
63823 -8782447439
-19030 -9494900520
-90333 1506469366
-31626 -1813415506
-23030 -7493172120
-42693 -8005179844
-12215 -1483712545
91643 -4711051244
-91334 -4561211136
14664 -8643524491
-74668 1079577271
-59838 -9782630029
44871 -3837244016
-91869 -1413457386
-87420 -1751547995
76145 -6583075720
28919 -5299146896
-13150 -9020874440
-90197 -8977947224
-17131 -5092818541
86707 -9145926974
98685 -1841944820
4664 -4907736101
81066 -3065209536
-2260 -4058474550
-65068 -8532385309
-816 -3925694981
39687 -427113239
40235 -5729552360
-40746 -2751556641
98995 -8964366890
-1271 -6003449096
-28897 -6257120144
-14492 -6523853734
-9762 -9708690854
61012 -3390944669
-96749 -4564433256
94934 -4496561486
-25045 -904700520
-56759 -1915187516
-73036 -6385943506
99385 -2399602725
-66913 -541176764
54652 -3772254959
-9580 -1882089105
-35316 -9807463061
-15154 -1559373446
-50201 -7160471996
-75705 -4345301680
-34112 -3315421179
-67559 -2230391641
-87428 -4436861079
42180 -7482793445
-8357 -8404829734
-62917 -9571630779
90530 -702280245
-74553 1179281216
-8907 -2163353384
45556 -5577544211
-69378 -8427265034
-16206 -1707830006
-97904 -7013885991
-23368 -5959081659
-38710 -9986714600
-27290 -602934125
-53639 -7452120796
-4238 -4249094249
92290 -9555222540
-42373 -3841970724
-36837 -9369539884
51958 -3131616274
22056 -4116337246
65168 -4288464929
79177 -2762985084
41574 -3692815481
48989 -540018781
45880 -6088136405
74584 -6685073291
35426 -4523645306
-76812 1161042391
43411 -3520695446
-66913 -2960858944
-92818 -5345124529
-40436 -9811563446
-27598 -387388264
31820 -40058295
75617 -4094509309
-1519 -3082426721
12275 -7877873490
-89935 -4318418660
-64672 -2531882714
-72139 -1717998976
78198 -7269909009
-12137 -2993632434
54964 -3357540701
-986 -1310417716
69070 -9749286485
85254 -5637523646
54864 -4704979346
-3540 -4047266275
34840 -3192696015
-33181 -2124286256
62022 -4263744689
67094 -6113914996
-51121 -5563927266
45144 -7684604986
-61161 -2664093676
-15684 -1794019061
-88342 -4277582074
48860 -3848535230
-70400 922674885
68147 -7914786404
85191 -2406607216
-42284 -2293076591
55492 -2290141409
17875 -7044430795
31905 -9350234500
-62321 -4570318491
-62585 -1258614475
25927 -3493160239
-72016 -4754154541
-50882 -1726381854
-58454 470773484
-43911 -9679114976
-82971 -3178844096
42822 -7401368654
-59404 -6467413551
-53270 -9741691470
-77302 -6179401009
49427 -4830159
-43434 -6119456086
-292 -5647387509
6005 -5441301260
-94744 204238454
-67257 -7476183139
2676 -7132027726
65898 -8785761984
-13973 -8930731364
-33350 -6838766765
85249 -233347181
-26434 -2881639721
51356 -2742886061
90890 -1416282470
79498 -3772558089
-81408 -4589202809
-1171 -9038197676
28870 -9614205465
71678 -5197428794
91722 -6661108194
-67638 -3011300214
-79291 -8723230681
-66565 -9658893575
65911 -480854906
20017 -3736132989
-90194 -9388998366
62692 -3393109669
76645 -8894582145
76178 -9397983594
-74333 -6543090794
-51634 -3947586606
-59429 -1451094876
99367 -5610562914
-52974 -5213155926
-74767 -8803805584
71925 -8413323065
-43346 -7445764041
-19410 -2903587705
-12708 -9223448689
24567 -6334997899
6766 -7306549781
31811 -9472068736
26531 -3079198886
-89166 -6720040636
-99805 1153590070
44822 -9521387169
24656 -1755513286
-15662 -8718991889
25347 -2181409959
-12782 -3435127714
26646 -2077305901
-3681 -4261633571
-23872 -5037570219
-62248 183014011
-10379 -9136960776
-9930 -894700520
-98966 -407620466
42721 -7747479576
-84201 -4625707936
30836 -9623254846
83360 -7756094885
-63033 19052176
-75357 -6530784454
8525 -3176384360
15319 -9491327531
-34102 -5459475214
-90033 -627277324
46350 -2286690160
87588 -4240323029
88636 -8896603431
-74671 -2357933901
-53250 154245130
-15221 -1660368496
43528 -3272658394
21734 -8530307701
-53616 -1729809811
2418 -7456221364
57079 -7412876466
19938 -7974447614
5282 -3425425974
64636 -8178387411
-32384 -644446061
-27959 -4585259816
95523 -7748520639
-23743 -9409401309
8358 -4777975024
80720 -5387401955
-25066 -1885254136
-6020 -8045034905
26394 -9244489646
73221 -871916856
-14203 -3807716029
25115 -5963107550
-29568 -7766606134
-69716 -8988236666
47080 -2138204970
30859 -8624352366
71536 -7582548261
-48278 -1815991434
-95585 419408230
93520 -5783225110
91932 -166469654
11287 -657557399
98864 -3771265421
28103 -8771247304
-54310 -3496938125
74451 -9917702266
-10986 -8048050446
72918 -6335776764
30264 -5077732981
17949 -9518105501
-80711 -8224415076
95500 -7545557375
-52637 -2218306614
-54925 652376290
81103 -6897345254
-3084 -3522746371
9277 -6052147589
-98724 -474551861
-79785 -3179119375
-86031 -8035327321
26399 -5553978671
-80287 -6030393129
-81782 -1903587894
-14340 -4519325405
97911 -6010012151
-78254 -9904472981
-36881 -4760240031
-76108 -6390263334
-61244 -7297314866
-58365 -1367870600
-22514 -9177674361
-50213 -4397433314
87338 -107602449
6588 -9858419479
-51267 -5107239429
65935 -4490172970
35710 -4699225710
-8873 -3710267514
53582 -6663788709
87831 -7347547776
30311 -2774307511
-79882 -3619220184
10817 -6378220109
42088 -5019572174
-74505 -8610718310
-95910 -3073070550
53903 -5964828839
44148 -1621984034
48819 -3437283956
-92593 1133481446
70595 -3111353840
-1205 -3306240280
31558 -4821396009
-77335 -7204846165
17159 -2183877766
-66886 -4885904841
-11425 -8724442060
-34308 -8776036919
54150 -1272061420
-94036 -624515021
32234 -5100188726
-46348 -9525771529
39814 -1884242946
15107 -7486223159
-35472 -9364067939
-95127 -2005362584
9952 -601895799
60963 -3229964964
10064 -8337810651
-28122 -5805002454
62113 -4031686404
-93860 -8644508650
2607 -1547020804
96006 -4478547396
-76083 -4577129069
-88746 1500835324
17435 -3367225150
61531 -9540312426
79294 -3867016041
99772 -1845273494
-14028 -1017229669
-17386 -6801348381
38631 -4653144636
-92535 -2757180000
62709 -4253841256
91959 -3290822326
37592 -974610019
6108 -9219968479
-85723 -7873646564
-50114 -2645217886
-78785 -896637470
7079 -5622827111
65984 -4123769591
-98038 -2478106214
80686 -9932764876
63990 -498949390
8277 -5672341004
-47025 -5925778330
-83806 930572459
-11510 -1097198125
49754 -8672639161
-65059 -9952939381
56502 -5220029564
32204 -1655437011
2692 -710379174
-11349 -4361907366
43170 -809613565
78160 -9590407375
63094 -3827734981
-91232 -4454000454
-13486 -2975293996
71503 -2983502054
94455 -2906138455
-28618 -9228239394
38447 -8364780759
4092 -4538901889
-23902 -4591812674
-32886 -955726976
-12910 -4645130110
-81250 -7861243785
-61037 -2124666039
-29682 -4456413169
-35297 -78572239
-86356 -9283270546
-41461 -4235177351
27495 -2861329960
-73538 -192762964
-64020 -608756650
-94335 -2911336120
6617 -9460271409
64310 -7056604770
85040 -8087471245
-94319 -9551097816
80783 -3889260559
27465 -4275469540
57624 -4569306646
-81974 -1934229501
-52280 -1216800405
-74033 -9495642139
-7577 -1328972339
-68774 -9707181756
-89685 -5342797810
55686 -2055895376
-95821 -269462691
-38036 -9647205301
-48279 -9549271081
97689 -6219373676
-6427 -3094385109
85292 -1590751174
68253 -1845891069
-36063 -5215956564
46670 -4738794930
-58307 -4430535989
43748 -5056998889
84259 -7787268876
-65444 -8542531601
-64572 -3458271174
86002 -7042527549
60095 -995297835
60091 -3476378366
19404 -2762483961
84963 -9380393324
67980 -5292915610
-90858 -7957650494
39130 -4375877300
39543 -1139822559
-92445 671977545
-36404 -8633019751
-25724 -3439040501
-66157 -4631304034
71414 -2241195226
7367 -7946977894
5691 -1678364191
19872 -7325842089
-5093 -1644773034
-35345 -1280697500
-49940 -8674125570
12056 -1545106411
-17917 -1621180924
18416 -6778532981
38574 -8756207756
-40741 -3834209166
-97342 -5597485384
14663 -4362183904
-62372 519564446
31903 -6871039744
83639 -2912981096
96419 -8770799546
2407 -2552622759
-47466 -1839455966
-87339 -2134605161
99600 -4317939250
87593 -4915480169
99430 -9341940840
-81662 789314896
-15993 -1722074079
73790 -9380272700
-54052 -3644825649
1980 -3901558505
-39550 -6042626380
-97439 -2042933676
-73128 241960471
-4087 -5415547264
33 -3072298884
-17768 -6247480299
47265 -9438137720
25106 -5563965701
-1812 -7693130574
-11950 -3944636590
35526 -5186663336
-77168 -508766034
-81806 -9106701461
-25071 -2088677136
42799 -8115173456
-42666 -1136530101
-84216 -9325008006
69684 -7791448441
-92679 -5507936121
30829 -6843084701
-87214 -7257026056
3296 -5358817466
-71432 -6000348639
-25285 -3217742150
6412 -1110279139
-32799 -1818050056
-60064 -912550531
-90205 -768081335
-94300 -7801912695
-96518 -69825234
-51685 -9732980780
-15787 -7723890524
-51633 -7054618274
-20668 -6785266634
72664 -1568183091
58343 -3289377034
28298 -4772417869
56994 -8433378346
-98395 -8461513705
60060 -4052968130
-84481 -1740409456
-74393 -6548196024
88299 -1007292851
-89646 -4643212826
-47661 -757014806
-61229 -6348296151
-47586 -4544612406
67907 -6403165499
39280 -9025039335
27731 -5522022111
-39584 -6553013746
90266 -4807137296
91334 -9997578556
-77377 -3179416899
38780 -3155536550
-89488 -886511574
97755 -1518967080
-12519 -1554815941
-8426 -2303274686
-68313 -9353748004
79642 -6865007744
53980 -1956529750
-17230 -821955060
90396 -5783167241
13379 -5451135776
97501 -894547461
-12307 -938137569
-54024 -4324002231
49868 -8659497359
97925 -4659958345
46208 -2877141929
-64655 105613260
-95899 -2210060076
2755 -1996147780
70848 -5460561389
-31534 -1835599881
-93838 352383006
-19658 -6461810969
83947 -3575703339
-84121 -1308299351
-71177 -7175906274
-14841 -669449231
-63183 -3467266184
-9725 -604862135
65424 -1363349181
-63899 -5810162256
-78706 -6970587756
43253 -107220164
-72109 -5345681856
-77833 -1747684414
-66663 -9702541289
66439 -5753904346
2489 -2427581476
96299 -8438504051
85608 -5116980934
-24838 -2674265769
87420 -8694678070
-89565 1225584120
-88575 -3574901980
77438 -9524006604
-34428 -5231541334
35374 -9971620586
44737 -1628429544
8848 -3248863909
80522 -9427175454
-10610 -5092830825
61856 -8449096121
-99087 -2992225849
-62928 -258181429
10251 -4608537051
-1328 -7875407309
-42016 854739
-30315 -6178713065
-67076 331002889
85618 -3441990034
89652 -8147235179
57660 -8895888070
50904 -5152724041
-18493 -5247192284
-43480 -9599830170
57283 -9707062184
35212 -9317273439
-54911 -2223741181
12582 -5566969249
82988 -6133797914
24971 -3032314396
-30267 -8061910724
32622 -9701071709
-57729 -8038832571
-67838 256933126
-76984 405250294
-5986 -186082741
97087 -7099355119
38373 -3378153484
-41974 -1350530076
77591 -9845680866
4692 -8208165999
-81117 -965075599
-79453 -8805600514
-66725 -6928087830
16798 -6538425044
34092 -4608235839
45552 -8545988499
-84086 1655517404
-45668 -6463163119
35174 -1168816601
-94424 -512882081
-51592 -8401345959
-38415 -7283559880
-90173 750649216
95564 -3710058626
96569 -7005294296
96316 -5258252666
-90615 -7991318585
-98929 -6923270126
-6806 -1046904961
-30304 -3503475621
-38386 -9953336816
-13067 -1094746709
-48613 -1211734674
-70605 -5109867950
88670 -3875659290
-77261 -5221730451
19211 -5859919856
-76420 -3894650755
-30997 -6176160604
48947 -8860147539
-12529 -2012891826
-56212 -4258340929
-37163 -4265814169
72406 -9100453946
-1315 -9218434065
-59957 -2445402564
-19301 -9993302271
-15737 -2376086614
-86879 181694719
88436 -1013152931
-68785 -887418180
-72141 -7996253011
31600 -4540145910
-54689 -5513093126
74127 -3414595034
-89445 -6102126915
29471 -7565912806
96671 -3194330976
15440 -9524120005
1792 -7356177059
-23473 -4687043484
36033 -7295895104
-1732 -3869202669
23435 -6171365780
-45517 -6251118834
-45312 -1319918079
62202 -3357866249
53438 -9488649689
66256 -1436006661
-20109 -6327748931
-88568 -2702074299
-15601 -9299831606
36816 -2819986366
-55846 -5801639746
-14159 -7484037661
-95728 -5407171454
-34181 -2585855071
43168 -6617904534
-26510 -2760434240
60619 -1882497631
-4260 -8156252690
55575 -1257573895
-61488 -1752467579
73448 -5857230534
-7133 -6773650164
-80828 -4934060969
8741 -3565918736
9416 -5617033366
75760 -6471723125
-45805 -9716965450
-72694 -3310585566
63926 -2952935961
-75082 -6701319489
-20970 -1872792545
20887 -767741294
-79233 -1705146874
-43138 -1979464274
61062 -4629721589
-3310 -6185584805
93250 -4195382285
-21725 -4745261375
-13372 -8915632529
49787 -3535132494
83262 -9777071669
-66989 -5862878871
-41761 -8381721571
-75642 -5055307854
-9509 -7233119886
15228 -1709235389
-49833 -7353829299
-5335 -8195837320
-84304 -1299927806
31354 -9387050501
-89614 -8948761661
-71481 -7913525786
3801 -8766270481
58880 -3396262895
74646 -9125232606
76927 -9544981334
-78833 -9398135434
48543 -2089579239
-27514 -1008464981
-63654 -906368421
4886 -1879925581
26975 -7396929475
-16476 -9588736806
-21650 -2316587825
29360 -709079330
-89893 -5981009054
40856 -7637814011
62883 -6339287434
31183 -8231298779
363 -8048151034
-63576 -5112887521
-95388 -3834231019
17403 -3552685924
75886 -7662110656
-68837 -6864810039
-10764 -5135143161
77647 -1224244664
78842 -504649874
18482 -284596449
-66905 712953620
43435 -8076448070
31886 -9295089781
849 -7067638336
93606 -7365385401
2448 -4907974314
-84312 -2063532429
33662 -1573371789
92349 -7925266576
-7968 -5791067674
-86340 -3414095290
-9970 -6975470270
-40821 -2169354626
-40456 236656869
20432 -9097955954
74243 -9711515259
-21773 -1763317059
-69897 892940846
74695 -3711137675
-89116 -8681553711
44063 -2892919004
93326 -4718786936
93199 -5287085436
39475 -2761053275
-52518 -6397540494
-74022 -8494805589
95123 -1355808319
-11419 -6314235141
93265 -5044697985
59785 -5172286060
30352 -1818662639
52540 -3494649870
-32632 -9713290519
35 -4794564600
5535 -5260552150
91688 -2313962649
-78679 -6941129681
-76099 -8344283941
24450 -3405239380
71568 -9288216179
-27634 -1001487096
46230 -1067764690
13458 -388924894
69356 -5666918451
33378 -6956605694
-21652 -4916368069
-84675 -6065103805
26549 -2834934376
-15429 -6962770671
-71120 -63288650
47870 -7743350050
-93480 -6697035815
49530 -5501842005
-25608 -4868054639
25770 -7063905590
-13923 -8113326804
79840 -8953064735
31914 -8567262066
8109 -8748788956
-75413 -2203760919
-19179 -1500817516
16165 -5454351425
14288 -488897929
-87953 -3151615804
-97353 -407806564
37008 -7263845909
-19441 -1419644636
-56903 -2752493684
57197 -4050272309
68211 -8604549471
50941 -5765929821
27946 -3295538926
-94786 1423294799
-9043 -2916512909
32794 -7287409046
-18724 -9231446966
-3161 -6520521556
29226 -976012916
-46294 -1271158086
-23925 -1251233655
-9358 -1360030269
-82768 -816973679
21827 -9225974479
-24268 -955682774
72375 -5596559795
41615 -667480375
-27593 -8568862119
56817 -9674082764
-59077 -8799645074
-62378 -7790565464
-45369 -3731633171
-17127 -153027644
-66292 -3711394079
78124 -6383158726
-83979 -4637811881
76539 -45860096
-47858 -4209648064
-26338 -2760516094
-59880 485356525
90715 -8891186735
-63044 -7658608591
30271 -4476320651
-72992 -6761314554
-84196 -2169465971
66515 -107670395
21702 -5226738629
74291 -2987171391
96594 -6154876396
73112 -4992892639
-91991 -270821241
-34851 95981799
56704 -5184089761
97330 -3923001160
75009 -4453198876
39614 -5595542781
98808 -4975480509
96925 -5705920025
-96794 -9709677536
61601 -7414481181
-2952 -9518740299
81619 -6380047436
90092 -8889829634
-95382 -161776714
4153 -7213023329
43781 -5595856916
-5642 -4185577694
12508 -3359588374
88643 -7434757239
-9822 -7242777464
-56665 -101417650
58481 -7431739141
-20022 -9615417254
-60761 -171134196
72302 -20412384
44111 -5284039906
-71406 -7862447261
-50318 -9244237229
61408 -4663280474
-92228 -3836743719
-12553 -9715116014
35604 -1512348591
27833 -7575175624
44959 -189685386
-44216 -9678794601
43571 -6517842746
11021 -81860541
-10608 -6255506809
80423 -5702386494
46425 -7458133700
-19842 -2942992574
-26007 -4013901084
12574 -606810261
4238 -8986654104
1151 -2563840336
-24841 -5983178906
50044 -627621831
83150 -481374805
-33431 -170187336
81884 -5635036786
-28474 -5845465406
3359 -8162376116
82612 -5712800174
92463 -6305429479
-61525 363658045
-49289 -1527970986
7179 -7770029186
-65896 -2363102946
-5296 -4388025651
-3145 -3788977660
82838 -7185906029
48956 -1394594346
-38855 -3016016505
-76123 -8894143464
-17738 -7105386574
24293 -6493274529
-11593 -5401765319
-78287 -4111308129
29092 -5320034439
26948 -8155760939
21982 -336676529
-99181 -6062251066
-48880 -4183634675
-8452 -5239046819
73983 -2816975524
-76961 -8376800576
75162 -978799704
-77193 -3621655184
-71371 -2941202941
-59881 -4259044131
-371 -5898205921
12958 -9880697184
17580 -7325007745
-1160 -2481737250
-50438 -5397810414
79253 -2120245069
-37344 -8303007391
38211 -2282897806
-11892 -7497504694
-34121 -4414424496
97386 -8086020486
-28990 -3555246640
66896 -6027075051
72750 -4277491790
47139 -9356051366
-91791 -5924717181
11364 -7859700851
-94304 -9931016541
-93005 -1634992360
85431 -1010161551
-95553 1176151616
-95354 334371999
-1082 -9347867254
-6840 -5345623165
56984 -8278314001
70024 -7189945386
97432 -9432856334
-93029 -7340775596
22205 -3231114160
-96685 -4344128390
1094 -1150370481
-57691 -9046080956
-90211 1317106404
-54740 -1412404595
84816 -2322183146
33684 -6197484391
96065 -9092962440
-88355 -3910603425
5132 -4027299034
41988 -8223526079
-71094 -9057622226
-69850 -849569540
-71484 381634339
23900 -1619302485
7211 -3449133731
42429 -1470483761
77942 -6810117564
-5216 -8803290586
33492 -1478316109
-58691 -2692414536
-85466 -1866704486
35230 -5089076725
-58595 -6005253885
20915 -503941480
-61063 -5062092549
26380 -1678125605
32009 -2149186561
73309 -5169318816
-28827 -2456375949
-18478 -4585636004
-16416 -5349453266
-68005 -337211290
66281 -5635615301
-53302 -7612428734
-10022 -5319754344
-27001 -5571422911
11239 -2020605231
20270 -2798887925
-39394 -2738377446
30358 -4103496169
-53641 -8412478851
83744 -7142106411
40758 -2373277754
38077 -9139479349
34711 -2148593706
69157 -1488201644
-56535 -8842791325
-53548 -3821454579
36190 -3598416025
-14872 -5862052674
-50487 281846136
-90301 -3762818646
-15460 -2386103645
61467 -842184724
79223 -2567561814
-83889 375768164
-70965 -4141618375
-59369 568585924
49638 -387101689
89235 -992381270
-73030 -9743040920
16418 -8273991029
-49225 -1204030540
10706 -7643891646
-83503 353524471
-39703 -863203304
33347 -472170794
59682 -2354772974
-4796 -1190527341
20244 -3850395986
60454 -3833892021
-64496 -4018743526
37841 -8329752521
36519 -6057507736
-8764 -5148255001
-29737 -3717129264
-21272 -58526069
18527 -7983036474
24692 -4875707459
-40003 -215699584
10586 -8638352786
64338 -191622974
-15964 -9585127821
76972 -629290569
-79564 -4334312871
57008 -6659466334
89329 -3530382141
-24549 -5929361511
76669 -1360381341
8099 -5123763171
74560 -220694385
-405 -5656744300
61488 -9939185134
-59037 -8405813359
-42602 -5881383664
-54421 -3191164026
62807 -6337384524
-68812 -3161523629
-57068 -7125554134
53918 -9903147564
-80410 -70748980
8035 -795003720
-21850 -2006577740
39017 -7107196349
-19956 -6928478986
47955 -2083548175
80220 -4571773085
62204 -7581471161
84014 -9710230781
-67768 -5408065394
-32802 -7250895434
-37542 -6450297234
-35661 -3252581271
55488 -9579318754
-98604 -6702001946
-17982 -9562430789
69903 -6883416864
19923 -6126429439
55537 -8529355929
-37187 -2014987004
-16148 -2557612999
-88181 377815464
84235 -141762455
-87761 -9006293251
29044 -849732111
93539 -4539552851
75169 -326207741
81839 -4276254726
-3936 -2206075651
74949 -5164201856
34842 -6283448709
-420 -5425612265
-88218 -2051910849
-18906 -7312953706
-56204 -1260229806
-4235 -6514458245
-44092 -8892112594
60261 -7429099681
-10896 -8098404101
40782 -1316897809
34840 -6152965455
-57059 -1201841561
4827 -9864362284
-88994 -5238015516
81265 -5804701645
-61284 -1351937366
21493 -6566341164
-13308 -4576663999
42500 -4465708650
-60876 -9499043506
50458 -9909147584
8164 -6228509041
-33629 -9567585126
-95013 -6098265324
40953 -3228952024
99159 -3951248436
-80734 -7138905606
59138 -9976337164
-96683 -914042169
-24910 -7351852110
-13752 -2339234694
40142 -3658394994
6189 -9738760976
-98094 -4487091136
36849 -1497860836
-51152 -7461449674
18466 -5024191536
-71737 -7338653459
55474 -8099803121
26485 -9213441225
-64641 -8804515726
302 -3074035174
-63752 -1555575759
-89438 176223911
83945 -1847293740
68334 -4124151116
-18190 -8621828245
56408 -2564580579
-16862 -239392209
-74913 -9220946919
-66414 -7391415376
7834 -6603357366
-65784 -628615091
-75099 -4484469256
-43269 -5214629186
88894 -2644839356
-48868 -679623549
-14946 -3095997486
-91853 -614696614
-66316 -1230249751
30973 -7353825669
-26248 -1501494709
14010 -6718379105
-95915 -2559907160
-39166 -702618401
-39994 -6967120866
-46089 -2410011351
-75622 -6301332289
-69442 429174256
47885 -2994473280
47344 -891172181
72401 -4015011781
61984 -8024000111
91699 -9849245171
-49879 217863344
77112 -156286519
-38258 -9643427434
23803 -5310758764
-64425 540436220
-30046 -8821580586
-34444 -321031901
68419 -826667036
-85677 989318461
31967 -5011303359
97834 -501657686
-72692 -8180118374
15815 -2230331480
-1283 -8696261009
54834 -8139412006
68621 -8141409521
-27645 -6886644560
32119 -5363138066
-61738 -4229800624
64729 -7743050661
-97446 -5448548641
-15967 -9663438804
-87168 -4339278574
71188 -993256214
17130 -9853555045
-4067 -5705713524
52844 -9177996786
-83042 -6095984154
73799 -2717170686
-90247 -3854673389
99280 -8597271735
-72581 -3242782436
17319 -8837275906
38738 -9441942864
21328 -4131505829
-4597 -8990230894
10403 -1606550594
-38891 -9062167981
37998 -3441615714
-76577 -7074508919
46085 -1487109285
-23648 -6434404414
-88654 -8732685356
51886 -4201382661
18117 -5602415509
-71098 -1219492934
47545 -4425536125
-35955 -6567228385
-80010 -1643937190
-40894 -4888116966
-93304 -5608211971
22777 -6685798889
-71370 -8534716880
75560 -7231319215
80103 -3168870099
15914 -2869896446
-43936 -5416710171
68709 -8633348016
-68367 -3284419784
74979 -3758804551
31790 -2489247345
-95111 -3601308581
69481 -5520500921
-49493 -945779019
-89751 1454691019
44859 -1181372666
-46140 -1469382690
-86514 -6183919661
-74899 -989573956
-12381 -6037059436
18700 -312295990
-12735 -7788181025
13355 -699951395
21977 -3242255049
-69315 -2379577625
-45393 -8090179144
60123 -3793883834
38356 -1410441086
-15038 -6024142374
31181 -3692143941
-6388 -9621195454
62822 -8476330454
-49939 -5167868221
-38470 -6107560145
10556 -7925879351
48889 -3964679956
6168 -9806949834
-26940 -3878976610
-10418 -8666991254
35444 -2047718106
-78913 900353681
9306 -7332042541
-49057 -9887010194
-87226 -469774581
-75105 -6822282000
-15507 -9498009844
-10920 -2720707115
52428 -8624295339
76505 -4141157800
-71965 -4624200780
-90374 -3889971116
80513 -613427664
9874 -9672978421
23822 -5686451354
44370 -539583965
-1144 -6531293411
-50330 -4889064345
-90501 1593514654
-15736 -9958379346
-10910 -953211020
253 -4469729689
-34717 -232485044
-42362 -1315615574
55700 -3095669715
-99334 -1714445936
70775 -3843016255
-31417 24312846
58103 -5023880819
47164 -7328713066
93233 -7142100569
-4630 -3780734310
-16205 -2227700055
-62337 -6179812124
65894 -6745166086
17655 -5286453635
-10978 -5231307169
-5226 -9321727961
-50325 179231905
7232 -2036961019
-66535 -9593720545
-91256 -1503021791
29359 -280806176
-49701 -550984031
11397 -5276958769
-24016 -964127726
-97696 -2201783821
275 -6386712630
-25522 -193724224
-98936 -9320726941
-9473 -1398234699
9535 -1775207030
68552 -5817095234
-80273 1534812946
61174 -3365702956
-24998 -9757849984
2255 -5264914050
41379 -3466541736
61247 -5786457259
-28453 -4545001659
-71062 -8286967914
40867 -9476468244
-98351 -7183021321
-73915 -4391006425
54402 -3347469414
-2149 -4631822486
-52812 -6458626999
32186 -8206503126
585 -8602740160
87657 -5852130949
-53356 -9871794911
-81189 -6515529026
47247 -6548769479
-84874 -3080069386
-12964 -5994863706
-20192 -4179052734
69030 -5685129770
-19504 -4293082641
66622 -5873339569
14110 -6453485210
-96017 -7921014699
-71536 -8469705306
67100 -2382166385
1560 -3310559125
74972 -4263585729
-64442 -9720792309
51077 -8856264384
-99830 -9833102430
-44772 -5283983354
-67512 -6072569054
-93050 -5642208300
72505 -885868665
-47655 -4689645865
31442 -1796093094
16881 -4174396876
98068 -8518017354
-35266 -7975060956
-48584 -4130890991
-88387 -8485108504
39355 -6162971700
-15718 -1720613974
35151 -288838966
34695 -9589621995
-46946 -4314934001
-25766 -1795534956
-92314 -3441021456
-69962 -3178925514
-81801 -7726567411
81542 -2943549174
52419 -4720132956
-94988 1523841711
71943 -8766560979
8021 -6540564716
98404 -8075269461
-4049 -1312800891
37754 -5517735586
99171 -4298036326
9348 -6743033434
-56984 -4335260366
6065 -1295456725
98303 -7783302054
25582 -2551117809
-75985 -6825092290
74632 -2496048074
3205 -1507450005
14893 -3229903629
-85711 1469862684
-30785 -1633207320
-35314 -8915917576
-66426 -2441048576
91400 -7198953055
84314 -2906540521
65730 -93856485
-29014 -2129199121
-79172 1502348971
-50546 -8864818986
-1896 -9569899046
67298 -9059461334
27106 -5349105946
8152 -7036203799
14100 -2560784085
-80172 -8475389929
26268 -4542682994
86068 -1003542829
-66202 -9629781569
23674 -6689435296
87558 -2460109349
-84173 -7462077854
-46028 -3974692589
8423 -8881954959
-24815 -4151733725
4972 -3043323229
-53364 521288114
97245 -2897031685
19948 -6864634409
26480 -9611833075
-74320 -3817426775
2960 -5159647275
16425 -9910672020
16868 -9500368879
-97349 474421314
-95103 -213557704
-65706 -8265058886
80633 -1272050349
-46761 -7137448451
-27208 -6264496949
-19402 -8667598094
-98867 -7438416509
-29079 -576753601
-68553 598850006
-35767 -6297339529
5130 -8633113725
-40307 -1489611544
-33797 -1862399204
74075 -1406295815
2914 -4729835326
-40615 -9371093545
52271 -4299409131
98998 -9919381289
-43922 -4061331969
18288 -8982245699
-73709 -6627784656
-46121 -8046475391
-93428 -1443122909
-26925 -767240360
-66253 -2176942604
-52933 -2142972719
-54295 -5430756145
-16647 -6873860369
5108 -5505080934
48377 -1332037164
-63234 -5681746346
24464 -8647029401
50784 -2363784531
23864 -7643949306
8654 -7496875541
-89556 -5327533531
-51930 185643870
-22971 -6597509841
41524 -7344072471
50441 -6847124236
-92901 -195864851
-61546 -7839452741
-99468 -7538335759
66100 -3404392895
-84737 -3034809274
17696 -1432258466
73135 -4450108210
7888 -1550007779
61305 -334511700
31834 -7182538426
-88170 -1510700380
48996 -2919876006
32985 -9685323820
71658 -1188222294
-97165 -3902863780
-32508 -2712708849
55940 -6782118275
73830 -962516010
-99354 -6455869201
31462 -9095123694
-62400 -6895474350
84382 -7042295649
74472 -5743162194
45689 -9889398821
-28779 -8122998396
45095 -7938057370
-96220 -8499846095
-86509 -8079837536
52492 -6392333274
-65196 -6012953551
11683 -5259091784
-39594 -8076525026
-44590 -8146291265
58729 -2908023901
-53301 -5342377276
-6747 -1284110524
19068 -1872741794
29463 -4958850679
-66963 -4041264264
8094 -2802820321
-2386 -3443788746
15861 -711577636
1394 -8619441916
98309 -6568386961
11878 -4311764569
20637 -616863189
20850 -7206617525
-56534 -3809601696
-51701 -6469448831
87684 -8932195106
48013 -4952296904
-49359 474675319
21025 -2268070000
90610 -2712280740
80086 -9839465126
-67476 -7697996421
39889 -6763341796
41902 -9329026004
-52437 -5383467999
25604 -8055291601
-43918 -1335260869
-35823 -6786018009
69637 -4876141464
-79024 -1085962231
84805 -3787158180
46106 -5853128336
46868 -2302271089
56835 -2201559375
-52988 -4663828529
-65918 -7376989474
71102 -7053192109
-70285 -300924635
90292 -779168214
98683 -2663078079
-39884 -5188174166
-66980 -3826628510
28509 -2254827661
-80085 1155304100
89772 -9360757014
-13726 -4891417281
-7248 -3747437929
60976 -1237722766
66369 -4879245036
-60647 -7203134369
-69238 -1666362404
47721 -6986403696
34087 -3473837819
-63545 -4461745155
-31592 -4144232649
37046 -4748940196
89546 -1799669506
-95604 -7307822866
-17587 -5681322784
20231 -5101180776
-56110 -3441624770
-24209 -3435676811
-72490 -5923565560
95367 -4422437474
17772 -2234527814
-96505 -7347150995
11440 -4237326485
99245 -3818605340
95820 -2691319885
-28876 -81157086
-30920 -7554938810
38811 -9080507051
80655 -9913573520
93155 -4128670355
-55627 -9707228689
-81776 -6028247306
58066 -3468138786
-89822 -9406375974
-79729 1479190624
-68234 -2046308336
-37067 -8565329884
-4528 -9494415589
39213 -6326591729
15378 -9858284964
63114 -7905423676
10960 -6381737055
-24557 -1707098119
-82690 -9880651810
57744 -8832759746
21379 -5341536166
75636 -7446747886
-87776 -1288811186
-80732 -8652495954
-80324 1261518534
62510 -4343593970
51414 -1642428816
98068 -5956519719
13352 -3020179979
52735 -4748917535
44343 -2670797054
-43679 -5806014281
-40140 -1574439285
-9140 -7258607035
56014 -8533898866
55371 -1762607651
-3181 -3888300656
67135 -8303528075
77610 -4865130030
-92553 667346056
-73501 -4186921131
-70184 -4588989066
-20178 -7218410384
72267 -5925065019
22631 -1588127211
-22836 -3890271241
-1426 -7259966956
32834 -4647825136
39364 -3702000181
-71749 -2605240511
92295 -9801997610
-620 -6709866155
-12273 -4560566414
-7897 -9544039154
-18345 -454677470
84314 -5827119466
72548 -2832398509
-72287 132784516
94959 -3542163536
-20779 -4536711056
-26890 -7573011005
57152 -1438138359
-59055 -5915253605
-58646 -4457706336
2362 -7156574204
25860 -1665180235
-17655 -5231378645
-95408 -2607216919
81262 -5202832744
-37474 -8999232861
-43087 -4494775889
37477 -282073809
-15557 -5174436164
-8905 -3939150310
-21388 -2409365549
39784 -993580211
-52460 559560230
-57530 -797930565
-66735 -1240665060
-2281 -3026831471
-30825 -8020952895
-86991 -9328553141
73656 -6206618046
26701 -2436344736
50247 -6570086239
48526 -2361169126
34276 -9246692266
11466 -6236164936
45442 -4558492069
-12099 -1300128976
81212 -2389945514
83215 -3450885040
1728 -7357647739
-74419 -2378670236
-1937 -9560744634
53744 -8001893286
25795 -5480360395
18394 -28087041
-95958 -437442644
-38750 -6482796720
-99180 -8041458665
96461 -496661001
-86674 -2709727426
-4430 -2527301085
9595 -5309246950
94339 -8331224151
13938 -7321150984
-2115 -8997547860
-91167 -7135695804
-55100 -19835375
-88531 -9491203141
80195 -1197765210
-14071 -2915843361
-24597 -8486630854
-94046 1177109539
-57695 -6027654765
-72369 -5508076971
-47719 -2071431821
25192 -1791604369
-66831 -5146341221
32825 -7296508640
-9257 -5422718264
-3926 -1370405676
-50057 -9447965744
14866 -7471434956
-92998 -5402538774
81581 -5558622316
89512 -9986120554
2579 -6663022596
72760 -1408506515
41424 -2930166706
88392 -3956752219
53151 -299722036
-63988 -18664529
54020 -3443810430
34584 -1232423561
-43269 -2610254246
83496 -3716554306
18073 -681207609
29719 -1094842811
-78720 -3234185385
-18286 -2459007601
-20522 -4056547344
-5861 -1453713716
11218 -474427284
-58683 -7477374049
48567 -5070287494
-61039 681311579
-52504 -7764738321
33911 -3594982776
-70458 -479347789
75239 -1666696571
-28597 -7653625214
89099 -3231525346
-5885 -8383378740
-74257 -6218931854
-30397 -3614065619
69093 -7461803104
-77105 -9123420700
69280 -6978111675
73333 -7008483504
-3528 -412996619
-82851 -400052176
92332 -9008723059
74850 -3435539570
-72459 -1146885336
74902 -3458153874
63274 -9444776721
-64120 -6866085850
74676 -2604823486
-63372 -485890354
-82658 -8305253009
8221 -5351835901
-5571 -6888685176
-81154 -8703218796
40681 -4177807696
-87101 -7568975846
63125 -9751402680
96178 -2429951769
65117 -3247222884
-38162 -7867474664
50930 -2702117130
48102 -2158303374
83668 -6683437494
73036 -1226154346
26008 -9232292109
-43612 -9420800959
-11410 -2332849165
16336 -3510116801
17322 -5595750064
-20384 -9921908541
-65480 -8278025025
-64930 -4969021430
-67457 -7598843319
66209 -2328591481
-80802 -7824867124
46434 -4099764406
-37769 -5587157726
-37740 -305956855
-9182 -913350084
-70081 120803964
-12738 -2892818574
99024 -8812225306
-4882 -4286937069
87152 -4167754454
-23509 -9676718136
28972 -2958838194
-80091 -4192246916
-29962 -7259209704
4242 -5652710924
-84971 -7123331661
27238 -7121425884
73488 -2069532354
-71432 -3675104639
-88753 -1864186554
39954 -8293907866
6964 -7725879346
63821 -5677685321
-59491 -470948061
47920 -8839910870
-71861 -4697421306
-77952 -3893352694
-42639 -6336867976
-83347 880161056
-31382 -4004037314
75798 -6917210389
43773 -755382509
-34515 -9488568220
-4570 -198579585
17858 -5346832209
51268 -5644868354
37667 -523315959
-42693 -549859254
-51536 -9512097231
87108 -3945363054
-77864 -3641299421
-87229 -3110947956
1070 -1683710590
25172 -8162189179
-65021 -9942206746
-94886 937530384
81880 -8876420245
34806 -9520995961
6579 -5764502036
-65663 -9319691849
76480 -1843282110
71858 -2329110844
74488 -1357748229
34736 -4144508286
-7375 -9898641560
-92478 -3252333069
78582 -3438563429
82579 -6955622496
-60965 -2243463075
-95764 2105508654
-17890 -3179653720
-68990 -6846674870
4043 -257403839
-77068 -7240946759
-66218 501267891
60248 -2614771874
-16650 -6017437660
57613 -1924577084
-19062 -9212547184
-5650 -3779512770
73836 -4316197921
67513 -687775209
73889 -8449614556
-65729 -5656336616
32416 -5441232266
-43258 -5414732984
82065 -6928621445
-99643 -91568809
72159 -72618356
-82134 -9453285846
-24448 -870564939
96775 -544526895
48209 -3262127316
20842 -8500112724
9188 -3589535059
-55407 53498896
-54493 -3168821074
2188 -3430657379
-50658 -6151980149
-28982 -5367967969
-6835 -3598705900
84850 -8987719440
-8100 -1656145045
22740 -2535771070
69572 -9348964389
-67782 -6454604594
88775 -8027462860
81715 -9710590535
34839 -8612326966
90361 -1627387901
-72634 -4101793996
-76440 -6627330290
3538 -5335202404
90060 -4653020515
74180 -8513749290
-51505 -7329268690
61029 -8167251221
53076 -9886220961
-6687 -765055224
84042 -237196444
68492 -9245521869
-15330 -5051759265
81322 -6313449929
65397 -9615765804
51487 -1755834844
-70868 -7085177994
1680 -9181103235
-97896 -2448450091
-2073 -7351162299
95130 -5399931205
37209 -4159791836
-95738 1946942606
-66454 -195611901
-78342 -6517222354
-65369 -4551069311
-88066 -6904536401
-99834 407016434
62797 -9579138829
-86511 -3719391121
90524 -8069836926
35616 -7917639231
73716 -4270472071
23688 -957678834
-21136 -1666980451
47603 -1742375764
-70250 -4650255240
16185 -6330574520
-92678 -9276133394
-57705 -673388555
8229 -4369450596
46775 -6089107515
7458 -5500500904
-8077 -5904659684
2206 -7292077776
47890 -8886506950
88726 -2565303236
-78137 -5131416084
-4845 -7964904170
78151 -2426330276
38027 -2091264654
26475 -4067086370
3980 -3633394365
15805 -4114729845
50800 -6496679245
98845 -3655612580
33928 -9229517839
22390 -5414271170
-3185 -201189510
-55526 -7832923281
-4821 -1552984966
-396 -7757188186
-75700 -4503121425
64175 -4490466850
17275 -3706269300
-84397 -926273039
-83839 -743964321
-54238 -4555873144
-76691 -1212979761
-65880 -3597378205
-11799 -8263522916
-29285 -2751365855
-57417 -6812760694
79839 -870874906
-80854 384279844
-14507 -6349538509
-65497 168597521
36667 -8246808639
-21751 -7387374896
82847 -9236695284
-82250 -1824644270
90323 -7022864124
-86677 -6754548174
78259 -8474662856
-99343 -8538257144
82695 -9981840040
-9211 -6642374576
60494 -1777377406
5443 -9276777864
-44901 -1630215371
36663 -3970924084
88361 -2464865901
-92092 896833066
-14410 -775256825
20415 -5811976335
-53032 682434691
-57569 -6315644271
-27661 -6465458946
29974 -1499010861
-50497 -4626215894
-23356 -7425316386
-62588 -5768689279
87568 -4463861769
-91232 365884181
73719 -8909274446
-25008 -9492843014
81387 -2946600974
72031 -7967850471
-56682 -4207294614
72704 -6954979091
9176 -235252261
98316 -5757814631
-60425 -6952904180
24419 -177541656
-96523 317306296
43073 -3520635289
80661 -1013018036
26592 -4937947489
-17220 -1170072990
49402 -4138262274
76843 -3832430159
57625 -3919184920
23318 -9846704054
-25571 -656093121
-4536 -7609992741
2330 -4235454770
40079 -5764940036
-7428 -4926130494
-24041 -6001181526
-1194 -598063301
62599 -1166322506
-24589 -1917174786
53862 -4229593774
-12648 -4129643409
34757 -1294899424
3738 -8347301029
82161 -9059992396
-55294 -4522863566
77929 -593607421
-27130 -5484004065
20520 -6237434795
79612 -4663339229
28935 -2835260690
97467 -3797967034
2318 -1059582029
22005 -90808385
-20075 -2734900980
-91138 1557102596
59070 -3225716630
-74133 -49878314
-40819 -1039517321
61668 -1047712554
-26270 -5859728745
68695 -2942761550
87198 -6200766069
23924 -1987466526
31445 -6316285585
12166 -9949054816
-30546 -3764282996
-22635 -6159191860
-95370 -6113573470
66228 -7681205049
80336 -9077722221
-39990 -1108796350
-88885 -6826524695
80547 -3603877039
99784 -4451616826
93623 -9629827434
1410 -8026515185
-58123 -980023949
-9085 -4350763260
-31181 -4027216386
19054 -8731983936
-21332 -3266567234
-74365 -8320143435
-45657 276201056
1281 -1180067476
45088 -1864148039
-12161 -1061387216
-56969 -5788785376
77162 -891794569
-88312 -6329065539
94259 -7929337876
27194 -4702700661
99397 -3850042204
19923 -6595829959
-47969 -2365320771
36688 -6163031549
-59396 -3730752566
74348 -9602595694
-85405 -1935995530
22403 -542053514
-90363 -9023567544
-54169 -4456954076
-73960 -8739153950
24376 -5988394986
46930 -6614414145
75448 -5685716409
-63346 -7501512276
9822 -1989181104
-38594 -7418510936
34558 -4395518334
81548 -9456760349
-26605 -3476482035
-41411 -1198809816
41423 -5411157659
-700 -5151647365
-95563 -2375881949
-40779 252114704
-29665 -8997353560
14857 -5720404229
-84578 1202838016
-19544 26031154
69634 -1388723256
32617 -4391248244
-27887 -7806317984
-94228 -9555776054
73994 -7187797521
96065 -5423534385
24922 -3860566409
-74925 -6938001770
42609 -9775964681
-20890 -4066535090
-83185 590310185
79311 -4594594476
33582 -8154656204
-20686 -2516993706
-2402 -2518145434
-30698 -2706051929
15041 -2694604336
87803 -3082604679
62738 -8627167424
-7056 -8908399911
75853 -4194943849
-2462 -8377256549
76927 -7094506414
-88937 -2009784124
-33002 -4813182834
7453 -6535470229
-96752 896465041
-88750 -5291369000
-95444 -5142586501
-22200 -113980210
60047 -3660644459
-37428 -1741309909
55160 -7210815835
40021 -8219078501
38359 -9889658431
44730 -3325099980
46508 -3181826769
-34125 -8110713560
-77912 -5888247949
52835 -4835043755
-75508 626332906
31302 -346797314
94279 -2670547251
63763 -1379498879
-99035 -4240391965
-53401 -5781816036
16001 -8030357876
13246 -9540398156
18936 -3604466811
-68320 -4510429565
23300 -4915332215
76948 -866756349
58084 -535649361
90754 -5041032841
-80256 -5124885281
11060 -858441925
-13002 -9828972214
-62180 -327243475
80060 -7213391970
-79812 1027079851
-24143 -6032372744
-98725 -4555962700
-6031 -3809135441
-54058 -8968807934
35379 -1934570866
90399 -989737876
-90384 1087044229
-14591 -7984153956
-75884 -3237699431
32094 -4083910961
-1865 -7909885755
20308 -6897291399
-98045 -6326530475
-61747 -5073708389
9863 -4214931604
-98010 -2246703160
56863 -3812266524
-33912 -1885992614
-14570 -8271917670
-70165 -6390222550
-69418 -8523910744
-91552 1872537641
33826 -7745070076
35944 -6762580266
-4956 -7351727681
34027 -554655059
39931 -8034017691
41972 -7523152929
-7869 -3005191746
-64323 -8281410924
-5465 -3216177990
-94487 -4037614189
52065 -3445919525
57547 -3315862834
52307 -1829649524
83639 -9414681951
-97531 -2966763916
19450 -3403582585
94263 -9468412339
72357 -7048491704
-50847 -4969035544
68109 -6474564281
82893 -9167414504
-9820 -7763955990
-57888 -279925529
75756 -6234622661
-82226 -4461072301
-73494 -4562497246
-89985 -5790746850
-59796 -5538438561
77185 -6228432885
77619 -7015326231
-8188 -7047904294
31040 -1447268075
-85835 -512818480
-93221 -9342944451
18040 -2955116065
44822 -9245992904
84251 -7803453266
-43141 -1837991076
78361 -5698185481
-96191 -6613058076
26679 -1902501676
-8748 -5243703159
86866 -3306560486
-61026 -8964961861
46489 -5094670521
64160 -2605491395
44469 -4955632916
-48352 -3375393969
93927 -8166993014
-55634 -2481554361
60964 -3778111271
28391 -3636616646
51391 -9835807096
-48616 -5017924406
77960 -8008224690
-94693 -7004666479
40904 -610035326
-25674 -466984816
-96542 1275017896
82437 -1247005244
-16721 -420981011
-98142 -5596572709
-56147 -7655826049
-74329 -1637756206
-91859 -7638859856
-20006 -1361561261
-82895 -2392861945
-7604 -5028238731
-21702 -9953741344
-4465 -1339493520
90904 -3612088151
-15022 -5707916294
-97325 -5523927815
-89333 -8366690559
-36449 -7693615491
-39408 -8886995594
-54276 -1437979006
-89668 -2579800674
93335 -9370560690
67621 -6506586041
19860 -6317518735
78806 -1983929896
-46821 -1596150726
2498 -6614176574
-71256 675541054
-48056 -5496870671
-39363 -25341724
66724 -4506087581
93492 -6377162999
63308 -1606380349
44371 -875040966
60194 -1627215496
-46936 -3573678626
-80285 -7080081475
6730 -2630097920
21509 -8659187341
-11238 -3051144754
47756 -542764101
96487 -4863183899
-87712 1106459771
43125 -6243535285
91387 -4001271174
79624 -7255193571
-63064 -2163585271
-18546 -9354746201
31915 -9166815110
55610 -7516073360
-94490 -877031650
-38578 -5839010309
-90969 -1734934136
-18700 -6084171010
52780 -8527516250
97184 -786575331
-81879 -4804907921
39451 -4366565136
-63165 -3497728875
83830 -7142491565
12626 -6011547266
33709 -5131268901
58480 -6092732030
-62016 -9788083601
-62160 -7492091975
12490 -3713665680
-85231 134252119
31621 -1227673641
80983 -6868084854
65960 -1364892330
65879 -1897378751
13879 -1335286596
-15874 -311957661
-78316 -355873366
4698 -4147197789
-64129 -8481767056
-77119 -7712610116
6703 -203376479
93480 -2797006965
-69381 -368615971
-40311 -5449168421
1202 -435759264
38455 -3855045370
-21928 -5791484119
29096 -6367562331
-11937 -8986167974
98920 -1519065215
-86508 794142731
-71216 -4777342131
81491 -9798451756
-84426 -9479624596
81736 -6420744726
-57858 -7430104614
50330 -2741237925
-82873 -7874017714
23802 -3711168289
64562 -9264422664
-55272 -8647629649
18839 -128798006
-2057 -6626908039
40851 -3139778091
93688 -4276764774
-76925 -1627526210
9086 -3073507756
-75025 -8803524720
70231 -3827937291
-79434 -201777206
-12641 -1531956256
-96715 -9238191665
-2764 -8136416306
-41028 -3725616694
-36413 -9620696944
63212 -9090416639
28449 -8357638501
-43380 -2797948450
70060 -2063947750
92544 -9299292091
-49195 -5327701200
44226 -6638251181
37775 -4062988435
-70652 -9986519069
-97810 -5167464970
12367 -4515846324
-23281 -4756325446
3604 -3762687701
-44171 -5602338336
-42493 -7394015159
2423 -223907964
24395 -5705597860
15727 -3679104774
-93858 -8462359034
-82913 -5797436714
2582 -4700607334
-78637 -5365000074
-79769 -7889022136
-96599 -6029564316
-76489 -5778449006
19663 -8470730934
12073 -8645548689
-85860 -1472812375
-78181 165124429
65095 -8178150570
50840 -9681559785
-79502 -8279943264
94336 -5266560861
80991 -3022336606
-98668 -914846229
-93575 -100848920
45327 -3728509414
66085 -7131939165
-92923 -1841431189
46694 -1651829946
-89951 -1188510476
-26437 -1650731504
-35190 -8684124520
53549 -3248117321
71148 -5149714669
-28788 -5263792214
41905 -8088973065
-11065 -105171195
-88473 -3086127364
33011 -7027941346
97774 -1186599556
-79257 1435216736
-73086 -6103501826
-47306 -7896171896
36539 -5920046066
-76247 780455371
92581 -12802001
82885 -8654564625
63581 -2899542696
-36496 -9334161701
-41809 -4826215786
-67909 -1875875706
-28485 -909971630
-84320 -6445682690
-17725 -7960639850
81620 -9177463030
-59553 -7302662539
-86068 -9433891874
22368 -3817832959
71567 -5670387014
-45140 -6876950130
-55012 -5051202139
73738 -4300331824
-26104 -3594136121
-88958 -1796764989
-62831 -2292288141
-14346 -4135218241
-63794 -2817510516
-82089 -6365676996
-39353 -9292262204
10011 -6831404426
59796 -970015621
94415 -9819146580
-61193 -4060037179
79123 -1516522794
-48265 -6503949940
94936 -2920841681
-1721 -9424111666
-83588 -1800171974
-59448 -6190342709
-10334 -2059035241
71483 -4804246779
-96894 -6382228086
-43572 -1363484554
31397 -8901882704
-42686 -1596525996
-68063 -6061381244
-77142 -9366745029
17648 -3158220169
81853 -6063732704
58575 -401982870
46060 -1634535245
20319 -5042954436
-31567 -5011685424
2442 -3371461274
-57102 -8880095949
-58869 -4403756736
-24591 -2486073816
1441 -6157564416
-67737 -2207979979
59044 -5933538866
-56142 -7358684444
71486 -2657972296
60788 -5845068414
-95609 155443764
34095 -5984441615
-51660 -3532958135
76680 -2358460890
-4819 -9325385376
9444 -7682023531
-19091 -4812037316
-71142 -424178894
-75093 -9811153524
75654 -5562464276
69890 -6911177490
6799 -8011729346
-36844 -3374085241
-61619 -4134047001
-48004 -5052835421
-22533 -4261538134
-58034 -3138364041
-76972 -9994648269
-16650 -4974670980
31053 -3664031689
15278 -1671587249
99392 -8907676919
24797 -1386991364
-69214 -96922746
-56205 -731423955
-61953 -7476986814
-89038 -2592959149
47963 -9374136639
-92368 -6625929949
-11149 -1584070851
44160 -9280260175
-19480 -509062695
-76874 -9926418776
95963 -8701986074
6779 -2714329166
-13993 -4224429524
30459 -3278654656
-59480 -661683770
-4121 -4551644211
-72196 -5124525811
-28021 -9812068166
68480 -6636474705
-89869 -6573567671
-85513 -9692192624
-93750 -1170196610
-48890 -5437624325
-58428 -8931759719
19300 -1100716865
42190 -5581404530
97690 -7792369630
-52123 -6340077009
18884 -2134333666
-90000 -9503078185
-69739 -2836715496
-59433 -6685283434
1765 -6237351800
61100 -3290760555
-36270 -7598329145
12015 -1690797420
-12393 -4292373454
24382 -9653337594
-17298 -7530487964
23295 -1631996620
35875 -3833738215
16672 -7241631819
-69396 -3101924861
-66212 -8406510734
-25576 -1645432231
-49989 -6286810396
-99703 364924991
-58780 519441610
57410 -9264029505
70226 -9315640176
-20078 -2061043794
-58696 -7736447921
-55229 -266884071
76076 -5053995541
69544 -8942823221
27282 -2399128069
-25699 -5782036161
-25894 -3533503116
24930 -9864302265
12934 -858309581
68936 -4601507506
8202 -5910020554
60049 -2380979021
-9375 -190279680
-63852 -4317360914
18857 -5474842409
25364 -5467765006
-69972 -9539911729
14866 -8261413996
7995 -5770396520
89071 -7796685771
-21860 -7546420870
-75287 -2452432749
70583 -3967184059
37652 -7535414399
-7421 -6455589096
-46120 -1596101290
-60524 -6073952326
-76679 653059919
-52246 -3287901626
-7216 -9449843791
-96167 -5339014049
-88512 -1173338209
99593 -8966123569
-7422 -9822349024
-91541 -2955240991
8108 -2671178674
-6574 -2981512101
-58903 -9205129784
63866 -117276766
48888 -7525729499
-38811 -1306092996
-61976 -4358642221
6112 -6465135319
18548 -767752509
-36585 -3934513035
55394 -2269176721
-39494 -4274686246
-86359 -6091790896
68446 -3100414146
-85981 -1016590246
31400 -6609017445
72707 -2507792944
-38087 -39146149
-53125 -4687208695
31619 -790945711
38400 -8470987835
24867 -622120914
-16405 -927049115
19867 -4964295864
-72907 -1845365029
-56585 -8235839650
9647 -621559479
-36111 -8866788101
56799 -9463990906
-89280 -8656633290
85599 -8445219411
-74453 -7068487584
52979 -199806171
67693 -5231786029
-53364 -2548694881
38270 -3631862985
21913 -4509275129
-90885 -2788765695
38109 -956134441
-46100 -5762495285
44756 -4217078401
61559 -4291323536
18584 -7577353681
94126 -1893918176
-33310 -2380547380
45060 -5813814535
-24398 -4655714114
67035 -7070143415
-48145 -8952948675
63799 -1936708406
18354 -2124568236
56531 -8024534076
45483 -1369714384
26457 -8070597709
-14394 -4264882866
-61902 801523476
93784 -2485679741
-71413 -7281973124
-15547 -7417453164
-2384 -9598751191
-85006 270249419
-6240 -6666047025
52480 -2511929195
-23665 -6204446110
10250 -5964791760
-48907 417825356
73355 -2178921755
34584 -8341364306
-23437 -1543473514
45532 -1004223279
-62980 -5729728630
30953 -8182537204
51494 -1439017036
8538 -8936188854
-57550 232840555
59040 -1386714810
44149 -5712737201
-49742 -8938592024
-80284 -7139370121
-66798 -2477046749
-11623 -8852039424
-46214 -1738988426
21885 -8794718685
-1283 -2344752789
58922 -4226765989
69609 -399536381
4329 -8872805761
-82374 -472862681
16505 -766526820
27879 -651677651
-23585 -7666819995
97577 -5375117664
-23150 -3816069345
-97609 2303294569
-83460 -825440615
-90497 -9465872564
99440 -8512380670
-36144 -3781389871
-89914 -3135422626
-32130 -1575756705
92532 -2219637194
-84740 -1390110965
4536 -2204299721
-80221 -5867681736
-38189 -4022943411
-68988 -5917088099
-23205 -6752448020
14712 -8702799299
-68383 -7634379249
-40659 -9618217316
92387 -6029065454
54442 -369143624
-88359 -6778131821
-22839 -8797696521
77280 -6989546170
-29954 -2418541476
-18147 -6372113724
8472 -1849714059
85034 -6883674616
-72740 -5941559010
-41710 -5317253325
-57571 -778037376
78847 -5802704204
94887 -7079571819
-77875 -969941440
-20535 -7614597245
65686 -3229437446
-94861 -721322616
-51791 -1450915216
-95042 -6129409904
-7582 -9767332584
-84915 -429498805
66252 -90688039
-96085 -7945068590
-36292 -7772450679
-26421 -7669040786
65590 -8764644165
-97089 -9437588876
64645 -8022098700
-94999 -7953450576
-40278 -8939499814
29896 -3316376031
-64083 -8829982384
53875 -1056385235
-54991 -2397386776
14624 -2632906701
57807 -3825890759
-55237 -7757788134
38744 -1847140661
78534 -928149076
-1090 -9517429360
44374 -6818860436
69228 -870831179
-26185 -7035807440
-39379 -9826735916
31352 -4520285929
-63982 -5070787309
-16149 -1099953136
93872 -2609426634
69723 -5713014959
-7992 -2948189159
77568 -4488988889
51516 -5182841281
-37729 -8306119531
61750 -650078925
-70918 -2341495594
5180 -9349045830
-71354 -8248572306
-6678 -3669717509
-74320 -2253966185
41983 -5771409934
-56597 -3737907044
-80190 -2094617685
-86401 -4074780011
-80005 -5860036195
66075 -6057371990
7578 -8909898264
-99156 -8635265511
-94997 1516217476
62711 -1417719451
51595 -9055167600
80600 -467059775
45527 -8904183914
58070 -8629955600
46175 -1533157320
37098 -469987794
80910 -1414211925
-18112 -7478774759
14291 -4943031531
-90183 1321238636
-72735 -6785310265
-80353 -8425615419
-89422 -4215612204
12107 -9573636424
-80772 -1462669654
-20617 -8056497599
-84973 -7665998724
27266 -6891834296
9038 -2753818449
-19210 -7628029885
55756 -6868657441
64520 -2432024950
-22506 -2971726636
-69657 -212647484
-53184 -8927168571
-37568 -4228356399
-49160 -7648272315
-20875 -1374215745
-33856 -5668476741
-84683 -4254366584
37734 -4602815941
32915 -6891991800
28038 -3623733004
-67400 -9747786530
85260 -7991623535
68055 -6957067115
99514 -625407906
1563 -2237846314
-37760 -6304461435
90428 -9858569839
-6538 -6885473294
-79856 1059484269
-22063 -7934587789
-22022 -8643881089
86150 -7871554945
36762 -1461345089
-49283 -9865091764
-98017 -6472714944
-29384 -3331356591
-46527 -9800738049
-25680 -5927994645
-26997 -1919897639
-37764 -9164301071
-17089 -1855244236
56616 -5119027381
52134 -9009934801
-59550 -7436344090
-80381 -1639967356
76099 -7827850106
91675 -6987657580
94922 -4586744444
17546 -3922121376
97498 -7171930809
31246 -8989153866
16576 -2730586886
38830 -148745910
-38194 -1410842246
-84901 185621504
18660 -4496220725
78457 -3648034829
86786 -6355876896
-68307 -4337585269
89501 -1071659676
-8753 -5818351419
-65523 -4424461704
21130 -382384190
-49099 -6495721676
-19325 -5285063420
-53471 -8165574101
8649 -5753196881
81167 -5629504144
15691 -5727829886
70635 -5353550070
58166 -1821247586
-34873 -8398552739
53459 -7644735291
98045 -6214103365
13711 -6825690431
50756 -3366648141
-59077 -2403654444
78964 -1472550146
73907 -9747179684
-34342 -6683533529
9492 -9722997334
63173 -1180647809
-90880 607693885
50511 -424054311
40023 -6221287814
14548 -2657596689
-4262 -5418623229
-55472 -7016189199
-66600 -9883819085
87928 -2131973049
-60140 -2098362315
-74879 -7498087941
-49327 -2328449689
75971 -42391606
-98408 -3069608494
-34512 -3538342054
-45855 -8439758480
-77479 -991807256
-86800 -8260447055
61592 -5868508799
29267 -6598277099
96900 -8454331590
89606 -6838240946
-26884 -2965098466
60798 -1129506284
-71461 -201033226
1009 -7802315681
-9845 -8067621895
86893 -203192484
-60701 -4528698511
27419 -1171064016
-13928 -6045717054
-28716 -6438179261
-90056 -7864535461
-15031 -6828220656
20029 -1589237576
-30756 -8154844246
7210 -9981179070
52543 -1982236259
40118 -3600201634
-11268 -6496259674
-71501 -2200402976
-70910 -6968276390
-25020 -587017130
93219 -1357888616
-18094 -3431395776
-73852 -3164596209
85443 -3131877514
-51913 -5479728474
-79368 8748791
68683 -7735707794
-21585 -7012793250
85839 -5506823431
-38366 -8391105001
-37117 -4367392199
5956 -2029328246
5304 -5768514226
-10418 -610892594
95272 -3550104189
-28839 -3463528196
22310 -5064069485
-64249 -3344960531
42050 -9981728245
36794 -6608192046
-60672 -7793956339
46636 -7159374281
95562 -436472744
-58580 -5252239735
41501 -3176298261
84010 -1255516500
71102 -1410690704
27524 -9767811461
87082 -7024703824
-3881 -6360188256
-91180 -803058070
-18040 -2312766375
40609 -8345315741
-66932 710140121
66947 -2548641334
5085 -1185174480
37322 -9714757584
-3628 -9083593739
97283 -2093925604
73714 -1118107521
65120 -5272102950
35117 -1000887109
17259 -2836554376
34965 -6349168440
34796 -7398546831
-15001 -2298807651
-75477 -5412716999
-32763 -1691041949
80573 -8084486049
-54011 -1013968741
55559 -7826979026
-20438 -5963655529
-15726 -4777949906
74794 -6097691686
-4088 -1722855914
28243 -1971374154
-14158 -1572245024
-42666 -6383245241
-48752 -2607118209
-46802 -4544504424
-34606 -2186801661
58960 -3167510405
-69724 -2367296086
-73237 -3892168954
-1894 -4573811416
69112 -5617774729
41539 -695176271
48948 -5400829099
27577 -104209309
-70661 -6063341846
10580 -5649347005
34267 -9847686924
79080 -3291321995
-21270 -1854656180
75853 -9462430569
-44774 -1073371961
34942 -4433125494
74744 -7924491891
-58904 -2902332666
8486 -4937095261
-28553 -5430173319
-27344 -3978134186
37496 -7556045306
-36366 -9896580476
-30946 -7172791041
-22455 -4347108385
-90923 -9632148784
62251 -8398576111
95187 -3020630954
-88423 -9447670184
62411 -5019247051
-8038 -4591544614
-87929 -3102015726
56723 -1183999259
53522 -3269232309
-10090 -7531641790
54900 -357921905
54868 -5565284354
-21414 -6878342781
37648 -4066138794
22305 -3225008300
95866 -3045128716
-7057 -1829559839
-34465 -1746561490
-10034 -3832077421
-58250 -9396109865
-79171 -2519977676
96729 -441449776
55036 -8504152986
-45760 -5803277750
-42510 -7243375550
-42195 -2422708505
55266 -8412515736
37822 -3350484654
9151 -4285951816
58481 -6875987521
17348 -2141785494
-14712 -9338576714
5964 -8330939251
-95270 -4807004970
-30056 -5620021666
55698 -3145028869
-11131 -7850714281
88350 -1932870940
36978 -5701842994
14328 -653877999
52065 -8959078780
-80505 -2906489840
22705 -1725022445
-58674 -1439592226
-31727 -9095575949
61082 -4227508344
81765 -9576244300
83488 -9422489654
-43112 301299971
-95308 -7063385269
-56061 -7886381356
-66396 -2687881646
79720 -6206811585
21713 -6219445404
89535 -836584160
3635 -542952790
-51625 -4911967595
10995 -5426325770
35280 -1722921255
32488 -6401905649
33055 -8847315915
49121 -8663386641
-34114 -9158748761
-13356 -4657831986
-4382 -974809314
-19344 -4123961366
-21261 -9918554276
-15951 -4292112156
25099 -6216007396
-81411 -2168733121
24170 -1270953185
82658 -3163248609
-44214 -6206268786
84841 -3530384921
1999 -1992607211
-53851 -1075016781
-31053 -3589516634
-30708 -2499476909
69155 -262562390
78455 -142396310
-23685 -3024411020
71863 -8418900164
12428 -2384223719
-36100 -501016730
-60869 -6058967346
-73820 -287653295
24017 -8857748569
-74288 -4648888719
92171 -6014450431
-86880 -5686475695
60560 -2562046285
43276 -872778906
17968 -6899755489
33611 -4497869931
-85205 -4052935710
87108 -253601159
86555 -2268581410
97060 -2250454450
-25012 -4378771509
11438 -7860437724
-58263 -6986743369
5432 -3320479019
89680 -4632994130
54114 -8447788841
30546 -5087086766
-67729 -6045400816
97780 -9701840375
31120 -380898715
-76386 -2112586026
-43335 -6994979865
57389 -6138200396
81515 -4313820530
-33453 -591040144
-60124 -6811587066
-59783 176673111
75163 -6712279334
-93949 -6713408616
72375 -7661704875
47747 -2853945504
-34890 -9360595685
-96634 -4065064841
-73519 -759027296
-82344 -3806010266
-88345 -8081076735
55265 -4162882960
18932 -5372939774
-60353 -9042494819
75023 -6592869494
-15633 -7553501299
-96605 -7970641155
9320 -3478404305
24608 -6606648699
-86957 -5075614884
39288 -9059876454
-27281 -9367347686
87700 -6739863550
16670 -9741907430
42342 -8594059549
-44492 -7620041599
44448 -6621079474
63227 -6627017114
-17960 -8200208050
3024 -3565876261
-72731 -4499340396
-73674 1033272374
-18608 -9494363469
13825 -3855523565
34430 -9990647070
-92701 -5408176386
-76803 -1837702169
-605 -5693929650
-97674 -3366068376
-43957 -73974319
-24610 -1666185965
96230 -27427080
-73805 -6172437020
64052 -9511423949
-960 -5765394985
16985 -217392640
-54240 -5086550545
-31335 -4052995960
48561 -1798627076
-80071 820056784
-9640 -4119349415
32844 -6117258511
4155 -4469959300
9498 -3323411224
35330 -5893958910
68967 -8222956939
-79138 -7225129489
-98846 -3932573021
-47337 -2600312914
-24673 12984861
-29301 -4471286331
-75663 -3101307444
91540 -2407855375
87062 -1942075554
-14573 -936647984
-97899 1996650044
54268 -7168682034
-9427 -647542524
31414 -7202230076
19455 -8849003215
-20777 -6329317824
-49413 -5757975514
18291 -128445046
-73712 -2606106879
92449 -3494467501
16782 -708387244
15345 -7883206145
-70800 -6565233210
-57974 -1404584706
37227 -2546439364
71952 -5489286899
80570 -2934399860
39851 -2948361311
-79266 -5285082526
-652 -3946606419
52790 -7845658970
56111 -3491946196
-55350 -3746979620
38532 -5988306369
-46514 -9121010021
84481 -4237909196
-48244 -3535633051
-69351 -5591072861
52352 -3626590449
-92139 -3359439921
4641 -6069290181
-94536 -1732007566
87647 -9315496539
39213 -7443705809
-20243 -9969843869
-77873 -9203171124
32493 -6046310869
61344 -9582007446
13573 -8409484844
90705 -7474146940
-60974 -8132688881
17960 -2888245
77794 -3945473261
62438 -7542801704
92204 -434451741
-56947 -287255444
-76843 -3442271549
-88742 297755016
58268 -3472703054
-63010 -1177503350
-22820 -2234636705
32447 -6599988084
-67580 -1006372430
-97324 -7371703631
38936 -6507091006
-94711 -5864545941
-84535 -8143510345
93764 -8071972781
-42930 -3651034510
24145 -4486289445
-23597 -5553875279
27980 -885136005
54180 -5990580590
-68348 -4058273879
-79370 1071584170
17314 -2881681701
11372 -3136371794
-75893 -1408080784
55548 -6525135619
7330 -1271754045
19295 -5855032940
14020 -6278095855
-58829 18645194
5753 -9634150324
-70441 -8709603751
3897 -3616643304
-54069 -5733546451
-43280 -3136140990
-72602 -7726378309
22015 -620155235
33727 -451247224
1535 -7092387070
27635 -3181774235
19879 -4971560751
16739 -4282339171
-68970 -498279865
-26392 -7247836734
-94344 -1939929726
29335 -9040649530
-56841 -4241048466
-99058 544035411
-6983 -8416141369
56248 -5809299859
-25954 -5858678996
-41889 -7746603176
-90865 408737465
-69106 -5895502016
16790 -3816159585
-3570 -1637706130
-51522 -9350852764
-88587 -2676679164
96472 -4842404214
9449 -8694491836
-40237 -3859935974
83719 -7354871196
-10086 -4485670041
-57978 -8804688884
69136 -9997286226
75123 -9955755499
-42541 -6340232716
-89357 1397988516
48029 -5102248236
-77409 -7135098196
60919 -9420291116
69800 -3933799305
13798 -6290379774
-61770 -3169913170
-36431 -3843071661
68649 -2022435181
56410 -7878151145
71718 -7857500154
-80429 -6338119846
4119 -7190234386
8600 -9562321405
70396 -4756111571
-95114 -5167348286
92875 -4567156850
-17584 -82720131
54944 -8023728891
88791 -7484359171
-6303 -2391568684
-51164 -9330699701
-6442 -6503999629
-32828 -3575670219
-88212 -7983328079
-74034 -2346625456
-91254 -1361585446
36300 -6514628815
-38854 -2720460106
-14371 -9510251541
55056 -2656984661
-42942 -5595497344
17569 -9649828856
-19740 -5314578205
-46875 -9216591400
38979 -8909782896
-26026 -6069548836
37927 -9737159184
-67169 -9487036396
74473 -3240535189
18895 -6978876555
-86641 -9832933906
79949 -8930738936
20175 -4683862970
77329 -7488105341
69748 -9753295519
-89803 -4773573609
-23293 -1665932084
18753 -4929624
-37824 -9889564001
-86866 -2697965286
-84303 -5720533609
-42805 -6433365760
31592 -3377516759
18672 -8555807189
44700 -3096748115
-80082 -5651612784
-14633 -8388153734
-59976 -9748632461
-99539 -7473628081
42395 -3842243550
-68028 -7549657709
-16689 -1230357826
77236 -1660804051
51421 -3091345116
78660 -2015146570
74160 -1222442150
-75577 955189486
-71388 -9207091289
-19793 -2316018304
-17168 -2976314174
-31004 -3125229406
-98602 -2914001849
-24397 -8588626899
-88266 -710435616
79417 -715175424
55358 -7907148384
-95162 -9636388814
-79073 -1156548174
-75492 -4236783679
-49615 -8159943185
54408 -2005797629
-91849 -6675593676
-97709 -343390211
73852 -4997038554
93244 -3514069061
-39505 -1875379735
-70513 -212160039
-73540 -3345124350
51373 -2636624869
15722 -7452543389
-72090 681493195
13583 -4695057194
-88201 -5436919886
-82395 -3427945725
61906 -5973045821
25204 -1835631246
92398 -1015332744
74482 -5661694449
10789 -6802267456
89496 -7490186346
9484 -8745472891
-55690 -9491420245
-10103 -3657977589
-58924 -6196539801
94943 -8636103064
4071 -6755824451
5952 -8089163439
51039 -8887401151
95349 -2112426961
70986 -429397806
-41060 -999542475
98022 -1658100529
54913 -6553883389
52472 -2543119339
-75633 -7542782899
-78991 -5968691076
4031 -2857455491
-77964 -6575853931
-89206 -6518844646
77419 -9505693646
42723 -494152714
39596 -3977070451
-60858 -7006258094
-18729 -5192745416
-45372 -2639106479
47721 -2529890601
78790 -8867386520
-91362 -7600561364
-89239 -4660019776
-85980 -2537939625
94420 -6658999485
-93021 1541664949
-20257 -1066266204
75435 -7368496675
7016 -1994897966
94241 -4268797521
-50534 -3493915296
5463 -5564983464
83844 -7522635266
-74745 -5791448855
-7892 -7946565599
-47357 -2687584644
-95552 -1539469214
65320 -2135821225
66203 -7738030754
56577 -1763147309
-80574 -5581898076
1661 -1887902156
-82976 -6326712681
-59803 -402325229
-15501 57483569
93985 -669131840
77272 -2397571019
96077 -6032128224
-65774 -9586725526
56167 -8942870874
-94010 -77805
-35042 299769576
-5507 -9502235004
58545 -8134892045
-44991 -8689968716
85914 -8371705081
-93815 -3467046380
-63797 -7770240194
-39652 -4614801709
2366 -2390055621
-82678 -5123887189
10729 -3760386841
45891 -5924745371
88866 -8981244421
-47567 -7118922249
34021 -1328614376
65095 -1221202820
-79640 -1869874505
81180 -9934866605
-72660 -6672223125
87158 -4428071884
57624 -2352010706
80612 -826968239
-793 -1123538004
-85646 1437267634
-41118 -4178171884
-68896 -2113141366
-96699 -8726004756
-18576 -3691646211
-2499 -8550731316
8010 -6166549820
44270 -5316856920
61954 -5216753426
-53799 -4620827536
-27606 -1930847756
-38541 -9174098276
49650 -9537626420
87359 -2131591366
16344 -6498282766
3703 -1566296394
54827 -2775105954
-23476 -3660254946
17913 -3162685709
-90921 -7848525886
30357 -9102666529
55962 -8263399094
-20205 -9357523550
-8962 -7786976754
26099 -8380931786
-74602 -6622136749
-13024 -9517369191
-77510 681510735
14094 -6189642766
-7589 -1541585171
-58865 -7414033820
97058 -3918282804
51872 -6422020509
82164 -2234701721
-18417 -4911016099
45686 -6674564646
52055 -629884250
23113 -7711904404
98019 -3464593931
-73652 -7038921069
-99758 -3559180144
-87797 302034996
-28355 -4301321480
-99060 2061904475
95716 -8522287211
34774 -3451941786
-35394 -4356679886
75080 -6039416045
-87620 -7645570145
-3505 -7532349415
-42197 -1548230694
-60811 838705844
-80333 -2508136994
-76512 -6660435139
25380 -710704515
-53493 -7683316744
-16314 -526486526
84731 -1668968976
-35805 -9887143255
-59746 -4797207286
20511 -4540376576
-29811 -9433690256
-7872 -629561154
15901 -1419578676
25990 -990068400
32780 -5196048285
-94547 -795916364
-34331 -7986941496
-58800 -7484577055
3805 -651930080
-49240 -6702645990
50937 -6905708104
66012 -9327348414
95001 -7489909356
-24461 -4455327806
-21436 -5984460646
-24492 -8819338679
-65072 -9605137374
98058 -4799547844
42663 -4175047274
82330 -8703392185
-78816 595389649
14455 -3161942470
-40730 -4371721905
68651 -9329044331
-10441 -2563758856
85092 -2376053799
74352 -9824084089
68578 -7705323864
-28567 -4436116384
27422 -30095204
50553 -1841382389
90191 -6961209546
74337 -6456866069
-83998 -9959870129
-90708 -3081100519
27612 -187857379
41668 -6446570539
-22380 -4654072605
-232 -5291779379
-70032 -8295638819
7323 -4066613324
-55012 -1643197179
-98702 -8977765069
-31179 -5048287481
73991 -5285582991
-90333 -2773297874
59105 -3604858060
-33878 -4047651604
-53062 -5661314464
-30397 -8452263179
65432 -339474719
84851 -4862951726
947 -6768006754
54321 -5916050821
-20377 -1219952724
39570 -3667236200
29913 -8379423164
13486 -2164786956
97442 -3312159194
-78564 -8257365171
54531 -3262591076
-43317 243698006
86096 -210556026
51141 -3523377536
15562 -9584994904
-75344 -2158365411
-8484 -2096598161
-78665 -8571444050
26062 -297627889
-22832 -419203394
-24387 -1364865564
-76899 -6946846701
98111 -3373035876
-55165 -2285901235
24656 -2060424486
67877 -9415960209
64321 -432177781
86554 -2125474796
-81655 -5104856905
5534 -9623727266
-69210 -9458038960
56855 -7898993410
-69223 -1586093449
25006 -749703786
-73248 -1545850329
55160 -3624365425
90546 -5254296926
52200 -1359253865
92745 -9400147185
99902 -1387167714
-52557 -9278859839
-22408 -1113392274
-63328 -2435248489
-44930 -2696367930
50799 -2980235256
25824 -7944521206
-2263 -924622869
-25016 -5959336226
6158 -4974373024
-50172 -5618276094
47310 -9815499805
90301 -622852241
-79065 -8513116995
95081 -223150416
-44865 -5874822800
91338 -9440345629
-55542 -1592309474
-79245 -3829555975
17163 -4251417079
-76910 -3685375325
-55741 -4297755866
64272 -6825239279
-68125 -3779060160
-75908 -3314443774
51931 -8222442966
51426 -7296697556
-78446 -4406563241
76679 -1615057711
3019 -1253739846
-12613 -600610639
25658 -6757422234
-87653 -7659498434
-79116 -3019877826
-61961 -1147889776
38889 -5572131101
-15278 -1961457204
45536 -9462319506
72077 -9931044464
93333 -3546467204
-21829 26828009
57536 -475615811
-75297 -5893600624
81035 -6052643020
-35975 277294895
40906 -5966068066
-53458 660474216
-18041 -2482654526
-84385 -4862719250
10836 -9275086946
45164 -6049129781
64027 -9690408654
29454 -3509768241
-30619 -3302960221
-65570 933777195
-20282 -8038166209
72048 -9104934149
-65514 -2854620296
-12502 -8111973344
30876 -3459057651
35025 -3096465245
-74140 -5543153805
-61876 -7273801251
97831 -1076330266
-35482 -5361765854
-65806 -2470281416
-46044 -1241043591
-89570 -9478991885
88653 -5608669964
85465 -5754935385
-95904 -6007171166
33100 -3896009295
-4364 -4116587226
-5206 -5530826461
31205 -8390556240
-24288 -3811239994
42689 -4806648301
-45517 -2572121834
-37598 -7469922029
-80186 -2431026596
-29009 -4635321166
38948 -9108743459
69803 -317511999
-93661 -3445448456
55894 -1844102316
-83538 -9654829254
-51115 -8190003905
41978 -2308811249
98168 -124837389
37295 -3894016310
-53341 -9794175751
32315 -7156747670
76613 -4219216584
33590 -7864845410
-2100 -9460680115
-90593 -8053216099
31000 -4807328150
-2194 -1511429026
34258 -6835184574
-65041 -4407136451
-4762 -7883598224
9851 -1944223456
-79936 -9463568591
-49723 394804111
-157 -6525828804
-51593 -8397796219
99015 -7692949350
95630 -8953364605
76159 -6909679916
-35777 -5215320334
-89296 -2877471541
6185 -3363898720
-43625 -553552955
-96310 912600080
-50968 -6429364494
6339 -8824541051
-6207 -4428001744
96570 -8530739130
-64380 -4514775995
42961 -1574300221
19808 -2535910919
27198 -7489611824
-56635 -1584620885
12687 -2780968904
-81625 1217767390
23984 -9468487081
-48129 -7218036166
-1486 -3137239521
97026 -7279218701
-71406 -1994477656
-47562 -7600329354
-90223 -599423029
-94236 -6127563946
35172 -4217039019
14629 -1717693541
-33349 -7146544331
82333 -655767844
-27355 -8426381365
-69743 -9044091229
-88343 -2133277569
-42989 -9755324156
-27971 -9161065001
-67726 -1401281306
-32353 -6148850554
-72165 1212575570
28152 -865931814
13075 -8498017515
44674 -4850666046
-52964 -2138364471
-31166 -6824786301
-94385 -2846409950
-68657 -4380509164
-49013 -3046028894
-52941 -4381898931
-7473 -1199215384
-2730 -7658235065
92044 -401519781
-43202 -1022890609
67874 -5915082956
92360 -2781884325
50575 -495665690
23010 -3042378500
-77085 -9868509660
-63405 807101565
24211 -3181117671
-38446 -3467584296
87276 -8230472341
21676 -7796544901
-42175 -8156981525
59333 -7363770149
37908 -7820026599
-77050 -7354350265
-50145 -1754969295
32422 -4695111734
66799 -698678596
65383 -667369954
-38916 -7353423206
-79444 -5271149166
91758 -7886399849
69870 -7580341550
-66510 -5403688070
88931 -5435011066
-79021 -7753490976
13752 -7650886529
17414 -3234276716
45069 -7254644641
4425 -7953507585
-13812 -3982167634
97411 -6113732171
-29692 -4345218959
91976 -4841346111
-83814 -375178996
-46757 -631982034
64756 -4492201366
94063 -2288634774
-27877 -7495635494
14967 -4091323014
74395 -7517057200
-1777 -9044914734
71439 -7585921546
59067 -5623931899
-45867 -4316679684
89009 -7163898701
-37061 263307329
70440 -2629215955
87479 -547701291
49174 -5869329376
-54304 -2624546841
45310 -8634926190
-33635 -4593765720
85191 -6428077056
26382 -378929504
-34623 -3307390909
50669 -5394809921
-38746 -8957014686
-79646 -6318351836
96571 -2861569106
90336 -8114033181
85838 -3663409464
-83344 -9403877326
-87900 1679069425
20913 -9821040404
-96690 64655235
-77045 -7687096115
16816 -5313171821
71439 -8715266426
59180 -9938629425
-88340 -1204863525
79304 -3391696686
-17233 -2502952399
36208 -8299708029
67339 -2725188906
-99367 -7591219504
-86148 -5212214579
31045 -2042294345
65755 -4086226220
69973 -3589627989
70730 -3487630110
54096 -5425295366
-3086 -240393146
-8218 -8897577894
-85848 -7140221679
86920 -2633889345
-84828 -7375796329
-20550 -1319130780
-3260 -2697638570
-71425 -204998475
21661 -5886222996
44459 -9923732976
46240 -8755548705
33147 -8728527204
60314 -196297046
-19220 -9662666985
-19644 -9349199746
-38798 -7301011204
98561 -478421536
-56914 246383119
-23777 -9797708994
46380 -8465377470
-62220 -7751720725
-39646 -8304293376
-40531 -2318722336
-54724 -9276863791
74548 -8188328534
86278 -3736605329
-92700 -9322670785
-76670 210180640
-86690 -5045966765
21405 -8958898605
51995 -8806406155
-92415 -3223070765
-49963 -6355337629
-82720 -2021293230
-60667 755991996
-61999 204990619
60834 -3490847706
-75408 -9516474719
-7811 -6130076096
40979 -2027699386
-89565 -1171580590
66058 -258380824
36721 -5156263716
50160 -2846348870
-57449 -4941286366
-50124 -4245611981
78375 -4530517150
70660 -8889109355
37431 -2815249476
-45625 -7152025090
-13784 -1789249171
21307 -396124204
-32471 -1116963821
-42393 -653061724
-22570 -3842265830
-74538 -2885153929
32317 -242087184
11466 -5683605966
-93470 -3485511500
41744 -885307391
43597 -8921734529
73911 -3972534171
70883 -5217707899
16650 -160678880
77006 -9374565986
-71464 -7993304331
-96540 -8216002875
-26977 -4272412219
-19002 -9913875334
-67002 -8677809349
89991 -9594459371
-91491 1546724559
-45569 -5457094491
-60347 -3183093869
-57391 -3229489861
7277 -180818404
-5255 -5164267060
42645 -2452457540
25581 -8200926196
98193 -825831069
-71799 -3614047436
31224 -7798508786
-11070 -6567239170
-81211 -7005791821
-41358 382526791
-62287 -9525289289
4541 -8968696736
-82892 -8407728509
24496 -3116472681
13922 -2065619869
39879 -841082551
-72508 -6728402389
-89550 -8962002720
-94640 -7490842925
-32721 -8688887576
-51652 -4053100714
-79942 -4583222984
32134 -7852323881
-18521 -5771322851
38737 -4898376424
96257 -613452124
-73573 -8795562799
-95415 -2950080020
65164 -2678548191
-97623 738473471
-9674 -3351077876
-50872 -4474258839
91082 -6994267869
91671 -7503615266
56412 -2319701394
24880 -7644172385
-9956 -5226467691
65542 -8810860374
-69063 -6102062849
-24494 -6795071916
22849 -5580317696
57978 -4085528164
-40995 -5784074600
-38688 -8228853899
97917 -7899779344
3440 -6346511925
-11737 -1184471274
88879 -9110646646
34086 -6286543886
-80946 -7103439216
12789 -6525822581
36724 -4161420161
-18076 -1148783531
-32405 -7274758120
-49559 -1935519316
-14059 -5388355296
28682 -8284607574
83823 -7691612274
44623 -8754311314
97352 -2597835874
-4690 -8203128160
-83251 -3985155476
10615 -5774186390
6096 -1146193671
53885 -1241805605
54874 -8845758086
9279 -3238527591
-3840 -2011681730
-97651 -3691022876
29461 -7417503036
-24397 -4773466879
64665 -200993285
-79663 -5628823204
-49704 -1843751091
-5092 -1057884529
-59963 -2813987689
-61514 -9887003346
-89303 -4310526264
53096 -7874444681
-90496 -3493471691
50153 -9674508869
31683 -7925724974
-83862 -2102179009
-45979 -5932591476
-916 -3354382266
-62446 -6466448296
-81796 -3960543746
93995 -1880462995
-20399 -3727431481
85322 -3757029384
-76980 -1440415545
64707 -9712101394
-81486 -3543697956
-26741 -5709967336
-88237 -3917933084
-58596 -6932131091
-56712 -2687729839
-12907 -7172354504
23101 -4104001136
-34691 -6668022541
-59092 -3896461359
48369 -8448104756
81255 -697183115
-85879 -4509207441
-50648 -4219830949
10441 -9291406956
89306 -8940537921
-69677 -4286290784
-51617 -1370957744
96320 -5997224475
-36058 -7755415349
-47775 -5957145740
-39992 -9826812059
-95208 752089631
27978 -5979482714
51365 -7089850985
-74674 -1983386986
54331 -581155811
58996 -3517731001
51755 -7011246590
88659 -1126867336
-52851 -3417968221
77896 -7261240721
15342 -7469721034
-42120 -9713726605
-12135 -6947542125
-56197 -6615333214
35716 -6865219686
-36706 -7556063486
-44465 -5245299790
21784 -9365680811
-47467 -6466809969
18889 -2537621901
11080 -7512470835
67456 -2846265441
77105 -1783277285
28026 -6142554106
-770 -803839770
88846 -8226788181
16760 -6429498570
-41168 -589937369
-54157 -7980292314
7553 -9326132604
-90504 -6136996646
64581 -9646950416
95643 -2984667159
79816 -8604931521
7008 -5131233819
-62284 -6816800381
39951 -3121516331
-52144 -7910396341
-86361 -9895133391
-19258 -7248522884
-76330 -5448934430
-86569 -1586214166
-36810 -3498057545
18532 -7990330854
-24904 -6618029941
71683 -401264924
-3574 -7182774016
-25216 -6397107941
-54687 -9429205509
53767 -8387628144
-12595 -6812754360
-25762 -8867263474
-8076 -7495056751
17784 -4023338131
-28063 -8335045769
54652 -6833098314
-91007 -698073804
-188 -5037187619
91651 -1247067966
63103 -2338482874
59635 -6062692455
51123 -656826024
-51384 -1357771371
-58176 -7745316106
88998 -255141784
-15374 -9024539466
98335 -7433586010
73523 -2300119324
-29035 -2550614300
-98466 1404653214
-58384 -4954436521
-33186 -5049761801
-54500 -6768634550
-21612 -5940929449
31904 -8942834151
5385 -5482868825
54494 -2931317266
-86986 -9211519681
87999 -2478884786
-24042 -5874962204
32235 -8794632275
21771 -5661333291
-4566 -3200322176
-2041 -713998306
-73690 -8322206625
82588 -8514108879
23897 -4660874744
-25117 -2712865874
-85422 -9282795824
-49070 -432739185
62411 -6097007256
39033 -325178084
-94024 -8465510266
20976 -6979323191
-84242 1147097646
-14802 -363176994
-47306 -9786699141
46159 -2301535931
-41695 -3913382385
-77297 -201183799
42779 -9837803886
40315 -2718704775
59606 -9504567116
-28737 -5013424199
-90852 -9254059589
92975 -4035858440
25695 -4627298830
-53008 -3024994689
-38358 -3951079609
27797 -8401368769
55115 -5951534560
2169 -3798090221
44322 -1914436089
76556 -8150115026
-39505 -297323590
95576 -2427896691
-32516 -8316890966
-24365 -4907531430
-30333 -2577629174
-76937 871184121
-1975 -4898745380
-60046 170636899
26294 -3589325946
72326 -8879802916
-90446 -5784357686
82801 -6450668641
69850 -2468768925
-51906 228110039
38489 -2028925041
94064 -6444894166
78238 -9233551474
6192 -1741595219
-85529 -7500069606
69764 -9400562081
84588 -8986249634
52775 -8034357275
5713 -8831628729
-73212 -1633529949
34514 -6666379001
52776 -7880704986
-95977 1415900801
-22680 -9449582725
-94051 -6795721656
61696 -5822558101
61353 -6376862449
-24473 -8237772039
28100 -6917822475
-42435 -714202985
64968 -11132054
-62026 -8518575886
10421 -4725587321
-40342 -1490587429
-47279 -3766523116
-62602 -806401909
59297 -3541399704
55430 -5545429540
-47016 -9390202651
-43915 -9027755985
-20304 386554
92179 -3180882716
-40062 322417766
73619 -7847299466
93155 -4725892275
49655 -5255084470
34923 -5959654474
-95598 658602011
53285 -6061141605
63538 -5008725314
50659 -39745711
-30790 -2667383065
88022 -2225269734
50147 -4960408094
9874 -711022946
-99693 -4479213559
-17308 -1691681934
-69125 -3148254795
-55245 435105390
26968 -4854549634
50805 -7135208005
-89117 1792699226
-68054 -7791240856
97592 -5382759914
92192 -8228465314
-31990 -1624442570
-38614 -4139580306
-88582 -9181370294
-78803 -4579405289
14114 -2122220646
66391 -4902309686
93280 -8822353265
-86742 -7145578034
7785 -5216933560
15259 -6607959726
17990 -6607589365
-63806 -2134567821
-47809 -5082521746
42899 -4471040931
-69341 -9815913276
18263 -424502339
20578 -5459896629
-58916 -1331103231
78118 -1973117504
-77241 -5901105016
-86534 -2758102596
24468 -2517203769
-62145 861903710
-29680 -8544031715
-57489 252935929
-48341 -6492887176
78523 -8445326239
-11264 -6050634606
-89117 -3738153319
-8059 -3676061221
-29512 -2823827214
63480 -3389165950
65680 -2056583605
49996 -9654988006
-6677 -9322048774
-88053 -1828038444
25544 -2832289971
-85570 339873835
-97582 -4310658944
-87376 -9378038631
-7432 -223498209
-9766 -8032398036
-86349 -6724042451
-21253 -2531774254
-26688 -4480495999
-89689 -6718425971
-55440 -6567065810
26752 -52455149
58658 -7570736974
72003 -224533774
-72680 -2725354215
-76545 306523340
47847 -7313688164
-63155 -6448298485
-17683 -1724219209
76639 -9242793426
97391 -2693323966
88706 -3115449486
38580 -2841234335
57354 -4681543196
-25707 -7623154544
28983 -6439404599
-88338 -8111364704
-3511 -6270702021
53758 -2379521069
-80245 -7641889890
74944 -5527561811
46384 -3564590501
-61097 144410146
8448 -2157347619
-85847 -9589273929
33854 -2134246576
8224 -8084387351
-34234 -5227139886
95424 -3544488261
-38353 -7461873454
-40564 -2110846721
87771 -2595811616
43996 -7619101551
72263 -536634924
-63657 -8910890739
-41950 -8084964320
-64279 -9270640381
-71081 -7957170916
90894 -710299441
84254 -6108319096
42050 -7245092770
91203 -5041179619
-28434 -8930666196
-93126 2122300224
-16243 -27825784
-32163 -8080122144
-53438 -3913866004
-70776 -8861309846
-57623 -8474454189
34094 -920702666
-27665 -1379362730
-22791 -8549732436
15456 -2527918341
-84372 -5861488699
51983 -7537702034
60739 -5547304146
-21224 -4226307301
-93881 -4764411531
79300 -4356530125
43593 -5573057884
-42664 289986154
-28188 -7389657854
-16972 -3245784339
5657 -933737804
63587 -4787005799
-39749 -2991314236
-53587 -7843310989
-76456 -5428553291
-98689 -4021058106
43703 -7093361119
44220 -6972700375
-42107 269138596
38703 -4153510554
67536 -1474014046
-50950 -5256324840
51779 -2141040111
33564 -9030763541
36370 -7929575100
-99092 -302872359
51091 -6607830766
-26511 -2543804376
35722 -6039250504
-40555 -1499595145
-51187 -4837308484
85171 -8860483851
-46456 -4537773246
-7461 -8553738346
61798 -4159802489
56037 -2566548604
-59392 -8226738294
85918 -1127659694
-24675 -4625967500
49596 -912137371
14476 -675935751
61060 -522632095
85861 -7344310736
57035 -5572198140
-25144 -4857434821
-57811 -7392136781
57730 -2676788720
41412 -5369825539
-51756 -6066419191
-55667 -2018648024
49942 -5658449694
-51076 -7986105826
99436 -8389095471
28518 -9818108334
9700 -6986175030
29159 -6010673791
41999 -4525739736
14647 -6280646994
91241 -5521377416
-62026 -6325982201
-92171 586474839
98663 -1272291639
49432 -1468534374
-53531 -3518756296
-49536 -8589054491
30725 -3725519365
74526 -936423076
-65603 -3373894329
50187 -7297262419
-84233 -7034955299
-98681 -3726950006
24621 -1509075141
17320 -6313762330
10019 -1387163191
38665 -6045065400
21157 -5556027209
-73191 -2293896236
-17072 -2253266739
-56894 -3688559521
-25337 -5139713204
-97176 -1424582581
-86640 -4222817315
80679 -8242043216
93432 -4388078694
-98865 1902653525
-42635 -6844020560
20625 -3534086785
81403 -2168505039
17543 -6172555014
72048 -5792912134
-79838 -9519864049
45943 -2717521304
1031 -1588048786
-47958 -2520790914
-26121 -6292823166
17039 -4713042146
-88950 -3147357345
69138 -2253929249
11699 -2185625196
10398 -3273189789
-6078 -6702512389
-66590 -6560731010
-44540 -3227160635
64799 -4197244836
-93232 -4546684054
46986 -9234860696
-27440 -7986090715
-70788 -5445772279
79638 -5463670204
-76698 535649911
60403 -2192461299
92543 -9596418354
45387 -9565127744
-5089 -5534947496
38118 -9518330744
47840 -4366906850
64979 -8674670866
-72106 -7243966621
-30365 -5140194190
35686 -5531109476
-59864 -338919961
74402 -920778204
85640 -273005325
-43131 -9359981636
-41318 194087856
-53356 -5422431241
29504 -7525084886
-77755 -4822774825
-24247 -2243984129
-13109 -2466666311
15039 -4370944816
49367 -1600301624
34121 -5960596276
76102 -8527903574
80375 -4198214175
-73093 -9607456619
57768 -8160693494
-20901 -5071280136
-10277 -352308444
18199 -5168811531
74862 -4109241054
97098 -3561400514
-67556 -9969917631
-71891 646020724
89312 -5681677449
22835 -4087249815
-90962 -7247545914
-66101 -2641885086
-82454 -7403897806
85242 -1103805574
77289 -9903533656
-38911 -5297173756
88746 -5134558921
47670 -9601797350
-9212 -3643198199
26516 -2122275461
14663 -5352788714
34494 -5545563836
65222 -3768182044
26027 -6600022239
-62452 -1786978139
-63960 -5193735350
-40163 -4363543529
-87512 -3192580074
-12843 -2925443404
-25340 -6971328085
74635 -9249466980
99410 -7986070645
-15318 -6861212594
79446 -7815554516
50237 -2228505929
-12901 -6320234846
-2315 -1411199720
-66938 -1400511644
-40808 -5984175149
60144 -6165567546
-38626 -8056868406
-84270 -725118660
-74876 -8718197801
-58614 -9781228486
84861 -9156194321
-84789 -2463841106
23917 -8334268644
-2738 -3549444049
47500 -4632136735
61110 -7919684940
-65357 -8506592894
75635 -469943550
-58379 312965304
16699 -229246656
25339 -6233975706
-69179 -2089044996
-18238 -5526623074
-31090 -1516600610
-17634 -1270777096
-32638 -9908692264
-78909 1541335189
51408 -2041590909
-23562 -4657025854
57377 -2542340309
-72836 -6496132706
37724 -6228345351
-96697 -1099068624
-30926 -9735142106
-97953 -2880859384
-84568 -383840379
4239 -4745694591
-86988 -2887177654
34253 -1831664864
34318 -4427444654
88183 -7266512879
21312 -8970463399
5143 -810259904
-10009 -6185404436
-49553 -557647439
95017 -8316813184
-47049 -8581855056
-21653 -1047588294
12919 -5956380346
-83429 -4467807696
4993 -4394446889
35596 -3440350071
95412 -9901519854
23145 -8747794580
64680 -9201698575
-89995 -4240880860
82355 -6916024595
-87020 -9216108575
63522 -6166908364
34693 -2210499409
44142 -3032446094
-7926 -8949343906
-81577 -8271798844
50534 -1188408106
34492 -7855898619
-23304 -2195832271
-22869 -889972976
66718 -207052054
42927 -9642859664
-77134 -1258150406
9157 -2358235544
-80409 -8476969416
-42382 184139236
-5333 -2148333974
58178 -4176069574
6246 -98222466
-22214 -3340763081
40414 -8538192806
-72353 -9921322994
-93851 -1760075781
-57900 -3816512125
-53513 -1123962454
-34718 -5253530594
-38445 -5178187255
54739 -3878946776
-54023 -2411154404
-68697 -7822541639
68843 -784644679
89250 -6637632520
77915 -8764533800
76858 -1895233554
16944 -4696963706
2740 -6307303485
-94746 -2949241136
86528 -990182589
-7508 -7418131439
-12830 -1817863020
-72719 -5978420841
-90820 -6799300850
83255 -4356739515
32455 -8994625115
-88057 -3002668439
-83426 -739200546
-9115 -1909370380
-91544 -9125764386
-52571 -7530255116
-18234 -9864370161
-10652 -2066758049
-55114 -6200057506
-20337 -8650685779
11407 -8095830944
-49658 -5961689989
-83434 -7075793941
-25665 -7880237960
-75674 -6241781141
-63073 -4791929559
-75607 -8323255769
56070 -1364255185
58659 -5000972091
-21196 -7114664461
36527 -4548766599
-6100 -6433472615
-44372 -9854174354
95201 -2416115656
969 -3442663581
97992 -8606275074
7033 -5690561569
23126 -1425649636
-45529 489148474
91946 -9042955246
-11568 -5414704854
-44340 -2367760315
91262 -8750635814
-59990 -2108924685
-6123 -3975496584
-26474 -5201775426
43651 -5604127786
64666 -4839973781
70735 -3792808935
-88291 1407954459
5151 -473558106
30063 -5463709604
-67320 -7860435245
-41180 -656128110
-32464 -6901217446
90992 -1593084774
-82980 -853177250
-1236 -3202299081
-51702 -379558424
29735 -4856632235
-37370 -3351966245
20029 -1935617741
24969 -718701896
66305 -2217197720
-2914 -5250937506
-27449 -7173037466
-9798 -6061461034
49439 -1394194506
67463 -7296696154
41220 -5273772745
-1179 -4856786121
37575 -6621301570
65478 -3088373649
15121 -7599230596
97816 -5713331961
19131 -4261092746
99862 -734822904
87598 -2980816714
-56689 -9024620111
-75071 -8387590376
36088 -5921025659
29412 -6495825629
-31744 -2529564011
27090 -9161640310
2598 -1262422174
61928 -3855541314
81947 -5199119054
71619 -7108201611
49313 -2951107804
-72756 -1670936161
-44534 -3047885356
-41887 -8836477004
84155 -7773407175
-36774 -5733128961
63483 -487461404
57248 -4601619614
-83043 -2267792449
39404 -3640426371
1586 -8687052496
54446 -7757593281
31714 -8306794716
93155 -876343710
54173 -7466370949
89771 -8784930316
16523 -6788210899
-3673 -6253025934
12883 -6613467819
-35078 -7300131789
6396 -7690945731
47891 -9454146646
-5745 -6970831650
-25372 -2112627374
89943 -1252127294
86735 -8065339430
-87508 -3225895814
73116 -7839030441
22923 -3349189294
-43646 -724277516
-24273 -2496547179
22361 -5218691701
-1597 -950232794
-96417 -8326373854
-46973 -9994390224
99925 -8996160405
62603 -710692364
-46424 -7048736541
-39957 -7281321584
71907 -7047634844
-15686 -5449796406
66054 -5737110086
-69693 -3933642479
-90426 -7800392761
1074 -7394580926
59988 -66864189
38672 -8689985459
18317 -9763990384
-80064 -7394100921
-71979 -2860238381
61854 -2801795386
71256 -9466739621
-41801 -9224695856
97132 -2913905699
-46949 250575889
-12688 -2336671694
-91096 627618354
-34666 -2500404356
-52530 -1642259845
-35501 -9852608676
-41748 -7509448199
55319 -6025325436
-62702 -91909864
-41676 -3506720246
14316 -6064991511
13657 -98511404
-7374 -6376869281
-69726 -8732936501
-33154 -6100015066
31498 -6923504034
-59093 -3573367544
-29601 -9289800856
13218 -431657254
-31249 -1748443976
-83170 -2779236605
61798 -9450517094
-62095 -1488830060
14892 -9310286189
6663 -2819312279
-34281 -3670604031
-22665 -1186766390
53489 -9206741416
64715 -6364150350
-70724 -5166110701
-96282 357300416
96331 -5062139991
-8250 -6687399860
57140 -7444891365
-89894 -283593296
-86867 -560045469
-23661 -625190266
-44998 -2543971564
-33625 -1969380370
-36732 -6587358029
-94997 -4168186694
54389 -3944022996
29797 -1294479884
-67921 -6226505796
36340 -1282753230
25877 -7354769529
-86751 -4011453001
69483 -4731311684
67803 -9442485199
5315 -3664811495
40711 -9829204926
11820 -289494345
75669 -5691389481
61904 -8387021026
-72867 -4126103024
-53205 -8868137835
-47857 61610896
-69745 -6498079560
-43072 -9008399569
74098 -5789957874
-90439 -8441230801
11001 -9089103716
-72353 -9004922284
-74968 -3076603949
45519 -6364442166
75460 -4561128930
-97348 -4976532354
9326 -4343077361
-89179 -3610156021
-34597 -414734764
-49489 -314217276
1993 -14881684
-91314 -4994390096
-12530 -7723330805
29968 -238074869
1322 -6280075304
-9663 -9699929629
-50928 -9926729539
-39477 -5480056294
24667 -2251797814
63027 -8547695064
-57924 -8825917801
-65060 -5340742985
-82319 1471840799
-33650 -8392425945
-96718 -8531612394
60126 -5449798906
-10760 -3237135925
23650 -4914289820
-88188 -7214827049
80569 -2972765836
-90418 1006209006
30645 -3421998425
354 -4350603641
-83861 -9897775451
91301 -7104505181
43631 -8391826746
88400 -9930776635
-96347 1921798771
-2579 -8367843941
45206 -1016812661
59675 -6423853920
10955 -2782324860
-78937 -356645939
-61044 -5190935386
-15709 -666925936
-56625 -4738489300
-37985 -9846930600
88218 -8581496994
-99432 -5264316754
21078 -2163828374
-95322 -570747674
15967 -182033224
23323 -5111760444
-87308 -88861089
-26465 -2112237290
-84751 -5244145401
-31744 -6956202401
75329 -9660671701
-52797 -8062335014
52223 -5342310614
-90788 -2601912189
63739 -1064714066
54262 -9540197494
-23194 -2048279301
-51962 -5458651814
32610 -2987386720
-9105 -7062800420
-7691 -7919853701
-4654 -9875720656
9097 -3211430264
26345 -5955385880
-8672 -4882519499
-98254 -1423123356
97443 -8707287319
-91605 -3317249570
14574 -558441556
-51044 -3930566591
-394 -3252435441
-92533 -9236127894
-35733 -9043813539
-19295 -1371726225
66215 -7550391995
-54948 -3806695534
20176 -4554878141
-55034 -8013603006
91826 -439167636
-90690 718910155
-75702 -2595660469
-41965 -1853316220
-97378 -5339284614
46354 -53102461
94359 -7311756206
-63485 -9338901710
32417 -7666608024
-77305 -6500686955
94936 -4979425961
51055 -1318319690
10899 -9682767576
63995 -8565821890
30443 -6440087739
-83897 -1086872294
29138 -2858183034
-97058 -4411593474
-97060 -3847887830
89300 -1570713230
-18352 -4715973509
-95106 -1992779941
12459 -6512074786
-50523 -7581121664
-58347 657855931
-95081 -7314477096
82000 -8818014830
-36855 -3855998365
7219 -5983192716
-63579 -2924390256
-42696 -4015707991
-3236 -4232983821
94321 -3669011321
18540 -7271364590
1476 -872624191
-57803 -6943487189
-12319 -5034216261
-36703 -6037314929
10456 -6747415961
-61735 -7982425665
-728 -3584979114
47696 -3876752201
96816 -7917172441
-79606 -6084835146
88181 -3856780676
56805 -8228787740
-94100 1808260830
596 -4202349226
-29126 -2285579326
-10613 -1275209319
-80964 -4528176926
-18971 -4624043101
-92890 1576204695
94334 -7833077466
-78137 -48334839
-74204 -9988050171
-29519 -2032057301
-46459 -6299287021
-31155 -7388593760
94151 -3317175316
-29795 -3021966060
70591 -5311554446
-38630 -8442195350
18623 -6659063244
64907 -4152344034
-49249 255984
14117 -1762880949
-29342 -6710229094
-34122 -314997674
43166 -5657398346
-7359 -5793422716
76163 -9553237079
-71895 -9865879745
-9036 -9531121471
41191 -124302666
-88610 -8898436870
65925 -6989390245
-66935 -9262679880
86893 -5803974029
71931 -3429438236
-62996 -5018056391
-97818 -5766773344
92670 -5988555870
-48722 -633163729
-61049 -6184795076
29160 -3585745625
6309 -423212816
-34722 -1836533394
