-65271 618616698
87905 7360921690
-88788 8932371672
55269 1256558718
-88191 6375130038
6597 578908602
94982 1472856247
17069 4412978758
-6246 4902762903
-84291 2588441118
86600 4580433280
53700 9598598760
86156 3346702648
-60748 1548286292
-47932 3873422872
82125 9009768510
-15927 9384727062
96578 3066145627
71940 3109084680
28092 903061092
96425 9422458010
-2376 5953091508
99992 1562954932
410 7699943515
58976 3519213548
-19075 1918342910
-1308 8697886872
-62566 4223278663
-70611 529943598
-37710 9989493435
86846 6373331363
-71332 2044983472
43434 5729488023
-48927 4819652082
-45475 7376101130
-58923 6284068362
87501 9817173618
-70960 2654285240
27080 7226280500
20348 5529318532
-57612 7894960212
-92362 760527487
-72775 4567777610
-41476 8082109928
17376 5215580088
-5403 1142555682
34742 7974786007
-340 6747996800
-93912 6118755252
49005 4188075090
-2710 8996849095
5508 3836140992
92472 2459942652
149 2059196098
37908 3377873112
55994 9489736343
36564 5815027668
59745 6169724370
-95947 3185157862
-3115 8800086370
-68587 4474596242
-60454 1879049743
1442 1525013827
67073 6583815922
29480 1368352540
76029 542725878
-32980 9599015440
-88602 6320051967
-94030 3706338875
-67879 4466518838
37364 8476025608
18998 4411655447
83180 6860885900
-76312 2086091432
-45976 9231874948
96420 3946126860
-57336 4506702648
89456 9016390468
-67990 4116205435
-59290 6463669055
-63796 4007249428
-34294 6720612743
90629 755276918
58274 4517072123
-24439 4865059678
-20719 4659416338
25910 7566057455
49524 9783011808
77210 6784631735
-93835 2919722210
4562 9436717187
61764 1491944688
77090 1134192475
46277 2767769662
-78370 4953535355
42518 277562527
-35532 4213037352
-86043 8010442122
58881 722529918
89408 8216674112
78894 7009119183
21686 6318269723
49832 4720877032
50372 8031188212
-78439 7022733718
51696 6335154408
-82200 8937482580
-21091 1982659438
-46072 1080623932
23508 7363206192
-3295 3907134430
-65583 8171613642
-92575 4946451290
-81487 4292085562
44298 1711300047
81545 6020167870
-17086 3258454283
-56220 4910726700
-52243 2644551002
-77166 8028019023
-37336 2817041608
-57760 3375604000
-21910 4573004575
-44334 2488626783
58889 5934488038
64452 4978934592
-82350 673735455
12686 9453360503
-676 5163884188
-43290 598478415
-17163 1576083342
19365 6404694630
31022 9348697007
78732 4509071052
-98814 1966723323
-74758 8708083847
-42163 2000332442
61190 5891360975
57386 6181459103
7404 2221038528
85022 7981777007
-42390 2018588835
24102 2076766767
-62863 6122216422
-77734 3774434083
-93775 7205716810
2708 946750972
52157 5674948522
-86128 5235076132
68265 3245890470
-20659 5624777738
-19734 7166205903
27518 3036941527
20040 6594818160
70250 4960507195
54120 1552388760
-92166 1980415143
76844 4907516428
-24708 6393353652
35358 3700118427
47508 1226807772
-40408 5759944772
24938 5280771707
-8790 9888391275
17930 3797316455
1782 1513981227
80258 6845044627
-43644 4121578968
64662 5601481287
-1023 2570672442
99606 2129766843
-53724 3801284268
-17704 8447177168
-85647 9829358982
14958 4604461647
37100 3756694160
-56734 4382571263
-69120 7254888060
44954 9078972323
37452 9243764292
-20983 2576527102
-65311 5867947598
-3144 137241468
-81364 6404866348
86124 5198187588
-18639 5982815898
-90106 5627622943
-56898 4671055047
31404 6815746608
52302 6908511447
-63067 1182757742
58848 4725252432
-54067 7712845102
4476 2744819148
-33211 1755112418
-56476 5193202328
75377 3737763902
-26844 3569931768
-57508 4043552672
-57088 4462315592
62040 4725252660
14376 3833502948
38966 3352419983
-66295 9740817530
28866 3533293083
49565 5925836450
-3715 9895849810
63894 865857783
75248 2415221392
-58923 3910144902
950 9526534975
-86170 4908139975
-73843 3226379362
-30328 2334076112
41204 8721923308
-30622 5357884787
-48703 6244275842
-40914 1016841183
-32476 1289839988
-34495 1884966310
-97416 6808655268
45464 3172867048
-83100 7491513120
19497 5844952962
-1188 6760823892
90956 7978147688
87285 1862330250
-65692 9663902752
8297 2951055662
-72171 6391024998
-24142 438665687
-73779 8419007778
-95751 5087061198
8222 4985146507
-50910 1351860795
-20382 4455664167
-33291 5169628578
87896 7144603468
47762 5283339667
-85576 8674420808
91622 6038976467
-58498 2815406227
6474 2708071983
86180 8387685100
90729 7456680018
11556 1735710888
75161 7633888858
-90598 3634497947
16736 8144035528
20552 8328443672
-97566 4683315843
41052 3377367912
-76186 2774551963
26538 1323591507
-65571 1074660378
-97998 6095986227
19362 4257206667
8378 9210222107
96716 6268914988
96489 9174516138
75786 5742690123
-3112 1186830352
-96243 867438582
-38010 4397368875
-19600 9341376680
52565 7072241950
-58779 1745347578
54585 8856674310
54050 3954163655
34826 2075470343
28658 654065647
42809 2193061798
14948 3728122172
-75855 7067271930
-42627 9347112822
-26218 1248044507
-62914 9910074143
-49764 5949165228
42228 8071742172
78356 6843739388
6264 8273358408
-17710 4189035695
-59758 2243575667
-22176 6674378208
-52555 8628555010
-98698 5502239947
14201 7176556718
-92299 9728704198
8580 2786065320
86429 8507443258
71265 1581055050
-19702 4237798567
-47326 299944003
-703 3861536782
-42271 8243295478
-57231 3332365578
-19132 4596947552
-72795 7703481270
63597 2205955962
5594 8565116743
-6220 2787212020
79341 791616978
72138 800210187
-10068 2108476152
-42364 8286642868
39209 5238246818
11708 9984916912
-94354 3156508783
-13011 4629000198
18606 4734813543
12378 8164238127
10290 4855606095
-33462 1710957687
-59622 2042919207
30920 4389615980
-11116 5547781688
-655 6011113970
98798 3560747687
84069 8634132918
-96916 3213827668
-64492 3369212372
-28810 9352874075
-32536 3291861068
-6999 9938535258
-46330 1394619355
-27468 111843432
51068 2366051932
-17212 9420809192
-76638 5692493307
12902 3233637587
-79236 2827200408
6246 7544679663
-10120 7190715160
-35115 5413348110
72180 782103420
-8230 5473726615
-7783 707037922
75857 7305110462
47726 2259660623
-82687 2941705262
88805 5474271830
52877 1869636002
13550 9804613135
57405 9688438470
20693 3411621842
-7300 6212219000
-43059 890786598
50318 6276182207
-37596 8058428868
-69399 4311104958
-4840 1825257920
57062 2640367307
-28888 5787332992
-90268 3805577632
8556 5934051228
-27396 3791332008
-70234 5907122803
-24067 4675102702
-62667 6417038562
-20700 6679617300
25406 5310383143
33821 8273683258
-53446 1401851783
47397 8870515302
-45336 6629860068
-88183 6160340582
38229 7687598358
97445 8118225970
7614 9611690823
-71551 7948857478
78624 2484887748
28248 6539891412
3398 2440916687
83618 7043827127
-15990 3051635715
-26134 8906319083
-75463 5477996522
89786 6365046643
64166 6984561203
90014 8082341743
15717 4321240482
92325 4580705190
55664 698324048
-51294 5401142703
80642 5951956147
-89454 1798863303
-16915 390297410
89321 9411795638
-84954 2450682783
-20296 671897528
36605 6577661030
67974 7126502583
57660 7495377420
61781 9351734678
7620 1839118680
46842 923356107
70610 1835192195
78950 3088358575
-66520 2773933540
38054 1380094603
61421 5519263538
-13872 7534870872
50805 1504343490
-3456 6265337208
86354 2208497423
8162 3446739607
26889 2723521458
-31335 7073386950
-11191 8083300378
71642 2098683047
70764 451183908
-26715 789920850
19937 3375906622
-45076 3170956648
23006 6731675123
-26746 5309264143
32733 3883558662
9092 8743177472
42216 8224059528
-58006 963031003
-82036 9857610788
-9319 6594003238
-64836 6386946888
-29415 8967231090
-35968 7209846172
25322 3735688427
76572 5695405692
27321 6782935578
35114 550370243
12446 1669320683
20345 4240189250
-52843 5960787502
87726 1783800963
-40339 9149342498
-33360 8280497400
75282 3960172347
15470 6207418475
-83902 1119582667
-55636 2624231548
-46467 2571916842
79577 2055152462
-32059 6429332038
326 9385318783
-35874 1045732443
-77851 1010749598
52361 2376997978
-63751 3385593398
30090 6642857355
-73936 8439244288
26532 1796045952
96402 2520758547
-49890 7099472895
73233 8614699542
-15768 2204648532
-80811 6058302018
-72568 9104977472
-65436 9708338388
93812 853888132
12704 1840772108
55049 5487175178
-22410 8830868175
-99931 4868695118
-89614 6042865703
-23184 8005606608
30206 7905554543
-91570 1631995235
-34999 5779608698
51665 6652758710
-21172 8530141252
-91972 4722223432
58764 7796023068
-1968 3472907652
26130 1581463995
48506 4622120363
96749 2995545478
99458 5833410667
97914 7804330983
-63535 8956085510
64865 2486360350
-8730 7434372435
-36118 2246618807
-11551 8696925998
-32190 137926515
11189 3525713758
-88666 8549227843
-33762 134386467
-24811 64920238
-26112 8448205212
38181 7815197418
18138 2637603867
-52422 6664068027
77453 4318131002
56406 1299249543
83705 7874112370
25424 5295264448
61349 6802746938
12998 7423394587
-98838 8192522187
-80959 2495038178
-82555 5240081810
25676 3512000708
-99730 8600865875
-48067 3071388202
-84558 5181805167
-44359 278786738
51125 2795191690
-92728 7955052692
79953 3565513722
64637 2294756842
-70912 3268402852
21821 2166512638
61190 5857500955
-89296 1971291008
-38806 7253862383
-58446 1045586043
-38035 9644844230
-23536 4902448208
90162 5522522187
41046 6217729743
-84538 2934483847
99500 7940819060
41142 8772099927
-40915 6629323730
-57702 1966828407
90068 9313125392
76176 3898216068
57176 1164250408
-33258 3699240027
-29134 9206682863
-61627 9594455062
99530 5043288275
8645 9773114950
-76530 3305704155
-55659 3501168498
49860 4868849400
51894 2686305543
-21475 3872286310
-55650 9210459975
-96684 4548709608
-7048 7321838272
81144 3185118288
-62928 1878542952
52253 2894849962
14810 822172115
-84666 4289791023
-78480 6639059940
61749 9315290958
41036 3334190428
4352 5713451572
-95403 6284968902
-49140 220067940
92982 8646638187
49826 7798890823
33713 2448580342
-75171 1756398918
34685 6516060370
-3259 535380278
6270 6716653275
-78444 7055009448
97632 7311409152
66800 8467510840
71790 6598384755
26618 7424035607
6702 1552759347
8412 3237862032
13064 5974893388
-52636 7297884868
-58996 8535404348
-94699 6117033298
70425 1488363150
53297 9250012102
-29094 2992743843
773 2473014722
15650 2580897535
-98203 5177839562
-61494 2861595423
-32442 6495676767
51417 9604815942
47285 2367335690
-26004 4848382968
-11826 3309927183
-12874 2437799743
-12370 3398453495
-52152 3790671492
218 4647978047
-5334 7606092303
-87202 5317360267
-48427 3735449782
27665 2122954990
-26922 6685921107
-57571 8207008178
22964 9981370088
-74719 3041225998
-4047 7214741262
-5290 6171265535
63852 8508275652
45369 2191776618
-16374 8383089243
-11254 7949387143
-74274 2044700823
33069 3853761018
-57054 8297357463
77084 953678488
-3844 9357946748
51968 3869762032
-76828 5535604592
-84808 5881014232
-18867 112116942
-29382 7754568747
-82942 3914689147
63485 8238397850
75806 9563871803
53412 979072872
41222 4653250607
6629 62605478
64121 4860904978
-91059 7851690678
-16419 4012926978
76374 6254792403
54072 2737386552
68790 6563511435
54314 8851907623
51504 7346101728
91310 8819446835
-90636 8583182088
-12360 6347637540
63962 7166075687
31572 7242515232
28818 396943767
14270 2376716915
1058 1013982067
30194 9118747483
84717 5776967142
-99907 6873910142
-13567 7809497342
17093 4972705822
47957 3137047762
-7944 541470468
56864 1327014968
75017 8447231242
-37902 1780945287
17612 9178574612
69938 5589539987
47594 6797135003
-58279 4339873118
46281 6533295018
51192 5827274892
27989 6020666338
5214 3611121243
-37915 408765650
76922 3915275407
95421 4557506238
-7939 8700398698
-67384 5221913228
-23070 7286025315
-24016 700826228
33020 9866645860
-85687 6256111802
-86556 6487735488
-38859 8466920958
-43627 2500971662
-56116 2723577928
71960 5996993660
1838 1595651567
-96984 8705717088
-44335 3802499270
4257 8081954322
30704 1342855808
12152 3573374392
4466 1270079903
-17191 8644465598
39617 4993950202
40725 1887513330
-71038 845342647
-6904 2818555168
-41970 2309988375
11130 4283369355
-31960 1783197580
-63094 4033671023
30693 8951084382
80900 1634558560
-87258 5169145407
-86412 4190154012
33612 7281401772
-45750 4224358395
-2803 6060146782
-29095 2291029070
-16066 5708443643
61496 7231947928
-4650 2971585275
-12363 5814212742
36620 6132056920
-75931 5864675338
38261 5039564398
-37911 5110244838
36914 6556655143
97304 3947391868
-630 5532581655
11484 3437651628
-25140 104491680
-36030 9363854295
98526 8520352983
77198 7324548587
79596 2608103628
-15130 8615474555
-66123 4985821302
2454 7775131803
82130 7098833675
29942 3062911567
47030 7750397335
72092 8671413272
21660 2796408960
79305 8961931950
-62995 8139568330
44280 1357340640
64622 4781013787
-99390 1451710875
-9207 5413871802
52140 7060054260
-17866 3553119143
-26668 4939570312
11300 9385180280
-97551 9993892158
2849 8035333078
80753 1613514782
-72148 6895728652
5720 2635328540
34493 7452882182
94124 1626582328
56528 285406132
-95644 5471027428
-5722 4191921947
3800 9322943780
35082 6046729587
98432 871597412
61632 496759632
-4098 744775587
74121 785047338
-25500 3316125960
-53691 5387623938
20349 1719358638
-51064 6581038228
-30595 8105137130
-68059 1145425138
37052 8106730412
55694 3724157903
8408 6502914452
-3627 3781082622
-91084 1465096508
-51036 6429977208
-64624 9152227768
72144 2288998968
68993 1907294542
-97884 5206109988
89648 6657119612
76433 3393321322
89840 5976965660
-20827 933687742
16758 3365252847
-38514 897004983
27006 8527279863
28037 781265822
-67423 2502638662
-14923 1076150642
-59632 4385381032
-6286 9316186643
-73356 1003608588
-16987 6534971482
96932 1725988372
-85380 3299784420
-2139 117872358
-33564 8036885328
-26023 2502344722
594 6145952943
22454 2383279843
19485 8105474910
62945 9189189670
38748 2309658432
-29620 1907851360
-33970 960493835
-51703 4497801602
40893 1350714822
53877 7608409962
49134 4824826023
-14248 9731195212
12432 2753147352
6873 9216535962
35465 1082236250
71510 5306530355
-65362 9963301427
73430 7255728035
18860 2259072740
-89334 4403524623
-18432 4834619172
83253 6551059782
-63112 6960173332
50604 9852009348
35046 9994042503
-68610 3112856415
81848 4568272732
50400 7954920960
-19252 1524305732
53585 6804716030
-81087 2680789182
-65139 8646671898
-94176 3811452528
60545 5811942350
94298 9924768787
94877 757697642
-46756 5640022228
797 3975220162
12393 6933391302
-25674 6133459683
-42255 2555171190
-89964 1914032208
74609 1683430478
-98200 2498701460
-86031 5250517218
-24831 840671958
-45834 2650793463
67950 5642418195
44220 9400431000
-35340 7417310640
525 6489523290
-19795 5629390490
-86619 9475303818
-93094 8879942923
38090 3078495275
-85255 1660246990
-85327 1560730622
17282 8216528887
30462 5915787507
20000 2460459040
55658 2126503387
-46494 3874338123
-12322 4993352627
48290 683039335
41652 907119252
-23494 5892113963
17945 1430529430
-47572 8631952412
80180 7380720700
-76518 9679892007
55737 5505222762
-92758 5709787847
-66835 914611370
-4654 7237559363
75002 4909831627
27878 7658769347
-36655 4614697850
33288 6569848752
-29986 7818580963
-327 219495042
51065 546356650
-19294 9995143303
99996 2183702988
37190 2328501175
66260 2086714000
-98730 2795051835
23306 7869818303
22622 3399514127
-94132 9458387392
12792 5922975792
3893 7978301002
-58486 4023530723
69645 1990379310
-25204 1728897988
-46222 8472128207
29112 5193056472
-25582 4381824827
73212 2077563132
16946 7169033183
43244 5439510428
-75064 4980843308
-14047 6718902982
93774 874197723
-31758 2061843627
62925 1760222970
-9931 6107827958
49374 428037303
42888 4597741152
73218 6853067007
-35872 301464212
-38224 9447838448
85340 3762383740
45645 3965653410
15929 9311487718
71024 5866782988
11738 1323539267
81057 4253460162
97598 3164967407
99254 4410206443
-67114 8191614703
91881 4894507038
1577 2002103642
57317 2274120802
-27667 711708242
64685 2532193270
-77956 1097891708
70502 1253819587
-38224 7627761808
31028 202858172
96461 8734820858
31038 546962187
91022 3339641207
-9840 3305450640
5852 7878641812
-8943 4562518302
8768 2976467252
-25810 6810368095
32136 887201628
90578 4426799087
18462 6227337147
-97488 6160126932
-72076 4497508388
96722 9397497707
27714 546062283
81830 1266334615
-19228 5152233952
-79483 6077362702
-8794 2380294103
2289 6864968718
26480 1264904300
-41287 8190976042
-4444 4990960468
-65074 5257111643
54396 8799643068
-14248 5736654872
66905 5701137370
-21610 5705702855
64674 7335263223
91964 3125919908
35954 6879672643
28085 4990169110
-34414 9741690923
-90747 6514292922
-88518 4935746307
68246 4219526183
43082 2284892987
-6270 7152576315
64610 6198067555
78509 9664964498
84978 2793050727
-66435 9319872990
11786 3631265023
13160 5082587440
2124 8412525888
41976 216380568
-1447 8290618162
-17194 9100418003
-60219 7070182398
-3276 3530589348
23360 5020925480
43370 5491764935
20174 1973985823
-46924 5930535508
-45036 3119988108
-82560 9600880620
-80986 3062746363
-22174 4863521243
39965 703394110
-32703 5089782762
-44824 7005264808
54576 1177462788
-5431 8381211758
51476 7127331668
-81819 4191084138
-62607 1952220282
18329 1520249518
54746 5672688703
20324 6562476788
73548 6344411172
-56394 3191458023
52874 2801191523
48062 7686980447
88728 9213253272
-5083 1517810402
24224 4032070148
18666 7737082023
55217 5865215482
10452 4692310992
31305 3721673310
-17571 2245915818
79389 3184192458
-7867 9249693602
74172 4007542452
20652 5816401152
-55219 1020557638
84161 8766453958
-29536 6616691668
36090 579122595
-2662 8063697227
43182 1591117647
-46642 1248450247
-43975 6177115570
-42246 6253466943
-39942 7660154787
59318 8607759667
26621 5071866218
-73687 8646257342
-33255 8581837770
-4336 9924975308
-95926 5378588963
86028 9796164912
-90390 4633230495
-50887 7000858202
-96795 8142117930
26402 3656859527
81848 6542868992
9554 9600491603
-12504 7571613168
-54258 6169969527
86174 8177178703
-92467 4801306642
39852 9300810672
-53355 7386000210
7116 2041794288
-24019 4542258418
-66526 4187691523
-52624 2134741468
-6799 6664049698
49182 2931685347
6408 3806958672
26441 4198690058
77916 1443085488
21033 9674891802
-67491 1203634098
30516 6452854248
-12532 6812593192
55881 8629483098
-96634 9550894163
-87559 5085493058
-22320 3227731020
813 3302167242
-56464 3163626308
11673 5345905422
-1030 1002573575
34586 4187540183
70644 8658452088
-4063 3732016222
40058 8999836747
-9790 3123964495
89532 3324810372
71348 9193525472
-34447 8712351982
-53331 7461479538
-2968 9859251272
34664 9698566168
-74464 8326421228
47768 9210062672
35564 9216034568
-83764 3244602668
60074 7054127923
-37326 9223163223
8898 2277454107
-13963 6793372682
70053 3548294802
-46231 7182664778
-4747 2478325162
5582 1247655047
-939 8070680118
-11274 3409809363
-43026 3063028263
24365 5239119350
-66148 4877155112
-70896 3553776528
44634 2251007643
-25203 5570497602
-82371 6736171518
-90340 8430708800
84384 9402882288
19758 6634072827
84524 6530304428
74697 9557903502
36570 1892618595
-68004 1717271208
23010 1085710815
3141 3250889658
-35347 8065788202
-7290 9733480215
85968 3680042592
-61863 7628794722
-81024 5061176748
2694 9073334283
-32290 1981311175
23570 291388795
12993 8538715182
-77514 9357997323
-70 5841769115
45174 3248436663
-83851 3775322498
35109 179346378
-41928 6295083912
20900 2658972380
88277 5337386122
-80632 9453174152
-9870 9151686315
-19318 4158267347
-72555 6757264410
-68670 1665970155
50985 1687238490
72702 9740256627
44045 7247008150
-16218 9032502147
-52120 8589346600
-40459 4435542278
-92839 7614614258
-35488 860180792
-82810 7405350235
22998 1950420387
-35151 4232511258
54078 9031103847
-94851 7580021658
-83368 8054754232
-55942 5804196167
76413 2056570842
65550 4398867015
-70330 2460070835
-58771 4285384298
71469 8021726418
-7092 1014957012
-37342 7751476447
-21078 3122784627
18386 513227843
-13036 7380060808
-23056 7073502508
64658 1367282387
-63162 9147863427
5300 1345202320
46076 9940148288
5661 3582718698
-12780 812431380
53985 8652784050
-44584 3571339208
-89350 3782587115
42800 8988747700
81140 6947998100
82833 8414421342
79472 9721316332
14142 6531675927
-40572 4786051752
94686 4714458483
-32020 951716900
19428 2361186552
62840 6720093340
48713 7098303062
-34714 2987744003
22178 4270616047
92282 6754470907
16154 2005777903
64329 7575217098
-3564 1516961448
5561 2735065618
18834 8438173203
-34171 8143042118
60374 3533402503
61116 2586114288
-55258 1805355047
95216 8942118088
-46168 6480806032
3981 4759481898
72572 6185533652
-57510 4905493935
46820 1257450940
-13872 4601776752
-50608 4243206392
-15631 1728534538
-99210 5755835595
-20623 7730268142
97881 9549380238
7265 9126997030
83897 4307313842
-18003 4093612542
-48387 9855573882
-23016 2713956828
4169 9091215218
-2631 1450522878
-74254 8475912283
22682 7182446587
82769 8403222178
3449 9325308538
68013 1107794202
50700 6272064120
-90316 4505297048
-74398 4220422487
-47632 5437689092
47501 5708887718
-23430 5602968795
54833 2943322922
-45616 8844525728
-77035 1885921130
-95235 4013212650
81725 2515772830
-33510 9470467335
20084 2818003888
-40072 5493505112
-96292 8000751812
15540 2307187080
8333 5807183002
28497 8883723042
-63060 2567983500
77529 6470714658
-12 7564570932
28796 7277894108
81009 3006488778
20954 5854759403
-66706 5213925943
86348 7415460572
-8298 8340190467
-82278 1095982167
-11170 9025286695
848 6161310892
37154 4047809603
-7570 179774135
18896 7999994708
-63019 7695004918
23709 5434229898
90321 9623960958
11852 4797170312
-1698 8741005527
-42918 344868027
-26383 5959732942
-30559 6811466998
-48468 9930534372
-6754 8832924863
28442 2322307847
-57387 9306908742
63060 5069117160
76122 3369568887
-21958 5722902527
24225 6386379390
-2872 4223988572
-91444 5363322488
-26968 5262629752
-99274 9050953423
15741 221842038
-63202 3736207907
-99202 1486066367
-43534 7691747903
33140 2708870920
35285 8608101130
-65107 3586152082
32456 2173582828
81158 9800383247
38964 5702644248
-58264 2828333908
51405 2018216310
83798 4225567207
-7390 1750215695
-41776 6138047648
-66810 5724491535
-83236 5906837168
-93942 3644473767
93149 7794226438
-40216 5760166288
-53794 3890678243
-20355 7890396930
-81331 8558044138
13190 6483595835
60116 1963151488
7824 6224840688
-5395 7191129250
-14092 1857777892
80273 8722680122
-14568 1044197832
99645 4970747070
28761 1203144258
902 1600350887
-78832 8894973452
-37566 2009900463
59469 9139684518
34532 8767391272
63581 2358129298
1637 2031035062
75389 6331308158
61437 3001538142
72605 8842948610
70073 641085442
28712 4456891532
-46510 4696065635
47028 9858638652
45150 4227868455
-70450 4623354515
-64227 558085362
-12580 5940171880
89720 4731558340
68924 5568881428
97800 8948926320
-5818 8114888107
-52947 3589190562
37881 8720898738
71073 4025518722
11058 3019541667
7976 248985608
45476 3230513888
-96615 7994495250
-96135 6583164330
40604 6047178508
-42523 6002549642
-30558 2272789947
93552 1881366072
-49663 5615397062
-79446 2170213803
-19203 8404360482
77973 2425167582
68681 977269798
38429 2873640598
46893 2317931322
-88308 1658771352
-58806 9210510483
-86947 6931577522
21078 9744270087
-53790 2785092195
-54966 9894417903
-36888 303120192
-16507 4906083722
-7803 5155447482
67410 8995082055
-41778 8653923207
-62578 5782555427
12701 8891918758
-26868 2815733352
-4507 2521477442
-1576 4216063588
97220 5334314900
-25740 1469665920
-50215 8898928210
81410 3893875195
11253 3434855502
5900 6579141020
-13983 3211692942
68073 3967121682
-24724 6767406868
-79696 8638400668
-1554 5230382343
98612 3057939412
-19704 7825238328
-43732 5010938392
17636 9835488128
-21940 2533968880
81542 9579559307
74045 2723657150
-55432 7351519892
-86719 736371118
20670 3261883035
55506 6848168223
-13903 9324633902
95156 6463371248
86318 2716446767
-74055 4118257290
-12190 5216093615
62297 7391136562
9920 9602432080
28064 7327463068
-19900 5328770920
89582 8451828307
-99816 2291546028
-35448 8795431872
38198 9222049247
-65350 5588156615
-27859 2422854958
-12150 1146869655
96737 3820658642
-24204 9270862668
-93958 7273195427
-84618 8815443987
90041 7742652178
-77682 5731632747
-47124 8319105648
45452 9894067552
-23860 9181331260
-8064 997973748
-88732 5914950532
92996 5613357488
10301 1245114218
-1147 6043103182
86645 9865319630
31470 3273991815
-33442 779791867
39765 8510363490
-8283 8046703542
-60906 4624262103
46728 5500520772
34229 6703726978
-44272 3854083652
-10515 7075208370
29201 4168103338
88236 5184330828
-65244 7341973488
-76096 4867809028
64296 2988289008
54408 9809250972
61742 7472280107
46464 9475489488
62420 8871956380
-35596 1420351348
35409 2282214918
-39952 4264222112
19466 2162215223
-55435 5823090710
12354 2917780023
-70308 5829960492
87200 8779157780
-28639 3284370518
92246 7461765703
51408 3786202392
35310 1131565395
-25122 3568560087
33093 2905666722
38738 1326533227
-53140 397466540
82310 594509255
1124 720565088
-63400 4013231140
46952 8787958672
-53899 9698937998
-6946 1164834223
-202 4502516687
-37654 3552375803
-36442 8104706887
44406 5239551723
27696 5771643888
63308 1367264012
-78900 3532269420
-16786 358957463
-89326 8594434003
-66624 5996454468
3749 419151538
-35724 7479678288
-95611 7621565438
-10720 7294609840
67596 6885640788
-44499 7409038518
56688 2712530412
82949 6090846158
4637 720578242
-66967 7026638842
60344 6707063128
68769 626059818
35321 1719542038
6716 540508388
-89848 6791656912
3965 1727286310
-71467 8546618162
48924 3279859608
-50979 1740152718
-408 7400483592
-43906 3359446463
10730 5274446015
44898 7511706447
-31939 7881976778
60192 1076025852
20774 606882103
50318 921525307
-4627 5889910522
16689 995255838
42566 8242531703
-74068 4721734972
95516 4188103808
-48819 4689482598
-5487 5675813502
81185 7030373390
-31000 5484408680
-80379 9536079078
-75826 4762097203
-63951 4793536398
95678 2182567427
25928 4656273512
-82591 1080263138
17109 6337095138
-41443 1319613782
46265 8313074270
-21288 4805607132
92225 6652173170
96410 8294494415
76065 1421188770
40413 2583756402
28394 6724371443
-276 5402045508
-18679 187275338
73850 6052680755
-41026 6275985403
-75099 6128045538
-54211 6822367058
22281 8441008878
-41775 4645923090
-44394 7914204123
-84780 3375528000
51017 8000737102
-63076 6537148708
74202 2090700627
60813 5167178982
-98382 2744732847
-87171 1645242318
59870 8307696335
84060 4897383240
-33832 7392231692
51008 7194547892
46233 4386097002
-10290 6671300175
-77515 924010790
-90579 2322182058
-59944 1052501428
74082 6764385327
-89716 6222058868
-33312 3242428092
-23166 7174834203
36672 8000009712
51009 5184002478
36422 6237557707
-25174 3401048383
29844 1800054768
-4711 4382138438
-38536 7011675248
38177 3960817522
-12696 9965180448
85562 2299690447
52302 6867873627
26388 5296783752
61916 9272409608
-58642 1263071867
-9976 2711052748
27714 6185018883
-13119 4117209018
88281 6562007778
65172 7981576392
-19254 1898541063
-24628 2876893732
89525 2069926930
-11920 2566026920
85733 7849028462
1100 9639777940
24530 3633346975
-54570 3620983035
-63994 5118517223
-86392 6870561812
94053 989694102
-65511 7750349958
96569 8761507118
19850 2022584095
71888 9619467032
33552 5792598012
32762 193710467
3125 1119513710
85577 4944553922
-89662 6013051507
-80035 7083075970
12788 6854702452
-39868 9863094952
-72222 3409364547
87957 5650324302
-29847 6342143982
26609 1064157598
-9358 2421336247
-45190 252279935
85113 8410889742
-52498 5467653887
29690 2823184895
-40818 680126247
-89295 4673797950
-15366 2967595623
97781 1198599878
40940 1161732940
77834 2224023103
64536 990316428
23370 831814275
18660 7096624080
-68992 9737128792
-36526 2900444483
-79776 8475739848
-63762 6070921707
-44578 2827352807
-79254 917141583
-59458 3075650227
-667 8478030842
-21139 8538574658
-56160 9775709700
-18448 7252015912
-90939 3739603518
-1188 1416362712
-74551 7982387378
72774 6486069363
86888 3043787212
26165 9564280850
-87319 1323356938
35781 5789636778
-2923 4774578602
47880 2253450000
66897 3190944762
-8454 5049828663
80165 8583322010
-76656 4594828188
27378 2500949427
57584 2666837588
-59746 464457923
-97783 2516294882
-33811 1719413618
-13918 5085237547
41846 8175793943
65801 8329647358
-33754 488248303
-64744 8407313128
48648 3489112392
30590 5554585535
78884 9596635748
40389 1319394858
-36076 4485152888
99317 8375571002
-37956 7111067688
75509 3618220198
88641 4315879098
32718 1179270207
-3264 8310938508
6158 6817737767
-37242 1419705267
-31440 7143851400
61284 5381348328
-74155 9472001170
80366 5465438363
16389 9067521318
-82167 926947662
-53842 2156894567
95373 1807317282
-96643 3580591822
71421 2986740678
-7974 20234283
-16675 4075722830
32540 403480480
20570 8642827975
-3462 8304367527
13145 5495342570
55457 8637679222
-24096 9163153368
-6147 6936187482
30953 9051149162
12222 2545749807
23142 2070907227
-23296 9728286508
60776 2765753608
422 4327412927
-36274 387951983
-29626 4517455163
26042 2119420567
-41356 1256297768
-1155 9657261750
27710 7239021835
87050 3472260955
78125 5206105930
57309 2891042238
40872 3582100212
-64399 5834592038
-25567 4792033442
65762 2036109347
61728 9793483212
54440 8756192480
73542 1423877427
-79870 2954821855
40598 3292398347
20606 4789811123
78372 2748153552
84540 7446424440
-91602 2506330707
38454 3055090083
-8479 9481366778
-30838 8764626347
-55819 8983216718
66744 4374042408
-38911 1276998898
78842 1824120047
-42732 8584844772
-48876 4867281588
-768 2369323752
67190 5038180015
25458 7269131967
19530 8753039115
97805 5626840430
84020 1022129120
44924 6258280508
-68128 1918758332
55812 5106854172
-42354 7006388103
99009 4535586798
-41823 8064677022
1005 2778950790
-7732 5407377772
38378 2283299587
-46728 1901716092
-18184 4037865628
94674 5325648663
-12327 53902122
58502 548152687
66521 8416532638
-56179 4958088838
-7144 7998416048
39804 6570965148
-75771 3382331298
53525 9273909430
-42244 7585242868
38781 2727067398
89505 6309551730
-11650 7436800775
-76480 3485467940
76826 9039119983
-280 9283667440
82242 4201877307
90906 2330636643
18758 9034188427
-82680 989702160
-55951 5398097758
-5350 7283063215
1122 5325318807
56816 7326524228
-26038 1535076467
99320 7490345980
25997 8753085562
-23014 4863909343
13161 5451447378
-24702 9035147907
-4887 9034476762
-86635 9700722410
38010 9543779235
53096 2800991168
36393 8926677042
24264 2881465188
-43620 1037832540
16094 2402271163
-72567 6903659922
-47016 9067280388
-89839 8341400258
-63406 2078966663
16904 9956506568
-12264 8127111468
-19635 5770314270
45548 8482818392
-37795 3096668810
35570 1857204955
78026 4204773623
-23088 8313658932
17876 6605901308
93236 6684955528
-71932 9603330452
-12619 8188633798
-5344 6071934628
-15082 3844844767
15548 5088938692
23702 548971867
23957 6205309402
31940 9455971100
-13350 4110875895
-34527 1633213182
-68568 517139172
83498 6525919007
-36888 1739352672
-66666 2911111203
-82056 7976308128
97776 5834573568
-3406 6651275203
54090 5556976995
-21691 8540550718
78686 4661904743
15281 8810370518
-88930 5642894615
14232 5247828672
909 1006158798
23204 4006765568
-65619 498681618
-97560 7706402340
-16144 4948967728
-88939 3447709558
31718 8545543607
-90007 5678787922
-30 364280175
-51286 3324249163
-12091 1098825398
-45123 1855270842
-2464 6151424708
-42444 8868735348
-20812 3303402292
-10746 9059043123
-21010 3189219815
4224 7033078008
-25804 963207788
-56022 8647103487
-20455 7542922730
-43927 6605883362
64220 5121398600
-62499 3394601238
54353 8406919022
81369 3443188578
84434 2149676243
-13920 8704147800
16458 4921543047
59249 4583515358
-74380 9279763820
-74911 7632518858
62336 3786692308
-21352 1389058372
5957 4577454662
-10843 6692704022
2805 7271022390
21038 2107777627
-28884 4899295428
93669 4568119278
85344 5849501088
-71410 8782022855
33165 8461168710
-21123 8712869742
27494 1922584603
17549 5932241338
38504 8784683128
47633 4409190202
78144 6978243288
70692 4159778352
-48823 7368055462
87546 7245681063
6152 1864899152
-24139 5994558898
-51400 5620934860
-1779 5502046458
-40518 1077928827
-43962 1943039427
-16203 9525613662
46808 9529463212
-28666 3768004663
-8380 9668538220
420 3848637000
-62454 1349531883
-57412 8100995612
7592 5771600992
36881 1133397338
-85500 8929635360
-58800 6117669360
-19278 7488781407
65261 8790014678
53882 6638952347
-10734 440006763
19698 2398942767
-48343 4863080762
-9688 9521315092
30653 1452462262
-33298 8571970747
68762 2520789107
51957 8200007262
-31734 8017688223
-95086 6913178323
46226 7665916943
36249 5075962278
98060 3650811520
58793 674498402
-13684 9985432828
-26692 4587869512
-31998 7671209667
71225 6624050750
-51526 2520254483
-74175 7091957610
12560 5830841620
-86143 2813487682
-55699 4066553158
-62838 9886174347
-40555 9897534430
56066 6866209583
-74355 2147338590
53094 2779557843
-85834 693456983
62306 6556727623
-3438 5206145367
-7816 3446428088
83502 8655301347
-97735 8413930090
15921 9158637018
44154 8066391243
63885 382806270
40214 7466675023
42305 4910604130
32882 7367634247
-64291 9579044798
5846 6282199883
-39867 8963708622
-75408 7692413472
97214 3648490543
75518 7064613467
-62823 9214163142
71021 1769724878
-12246 8852972103
28269 8136866538
46658 3399251267
-22392 6324556572
-26947 2888216122
-69691 2974013518
-41815 6442935610
3380 8087896900
5276 7153623308
-98932 1246015252
35586 6120478503
-26347 7451769622
-81136 9616833248
-68922 2535611007
-21076 7585375348
88254 3589996923
38565 7078068390
4181 3022718638
73610 6613834955
88737 3338365182
-95652 5161978272
-77359 2715980258
-49582 1894167967
-4966 5109772343
71729 3026295878
-38950 6000581975
-66487 7357989602
-30528 8965545612
76896 2270237688
88478 2968108927
65270 6519473255
-71548 557531492
13194 5230524363
-68490 4115300535
-96012 8909207412
61880 6740701300
-36126 594050403
11201 9254124298
11114 453169483
53544 4498694328
-77064 9673964748
92708 7874336212
15609 3424713678
1104 9123048828
-78283 3305190382
-50218 8177766847
-56184 9545999748
-96883 5923595702
-38563 3025538042
86237 7367135242
95114 7129758863
-69334 5443382723
83709 6977941038
-36235 3936832870
-40552 763160492
34517 3406151602
-75892 8960810012
-60796 1531875508
10394 8923645043
-71236 899718848
-91951 8482344638
-13516 5973263888
88344 5876407008
-58831 2409766778
-88026 4000450203
-88212 7378640712
-78604 5704355788
9200 3370843000
52124 688517948
51861 6526540218
42314 9766631243
-2983 4083842242
84626 5859316363
58409 3943165238
8474 9972575563
-49360 3715568720
79053 5544572862
84470 5632497535
3461 3564258958
-5110 1549945555
46328 9879478312
-78262 9084354287
-18280 301752260
87297 5174475162
70350 3220984095
-69204 5050072608
-38131 8333657678
-88000 4256783060
-90514 5688287323
-30076 182068408
19178 9366785887
12602 4555206227
-97372 4344705952
41870 8381063315
5817 1318956102
91517 6828386122
-36619 1893614798
-46024 6531144368
6113 8398679582
-23982 8420001027
-98923 2168330462
86990 8522088095
95864 2097310648
-74527 3671539162
-68466 9724813143
-36532 1761683692
-31618 8253096827
67613 7484740282
6584 1341944248
30824 5970458228
13518 4119060927
55802 5688738887
70205 3053647270
7850 6757726735
-62670 5345098455
-12598 4662409667
-127 4944745742
1382 9716586187
-70383 7754750022
10989 3587274198
-52995 9786112710
72206 2645419823
-7642 1671886967
57254 673107403
-67534 9744872083
-46078 5532953627
-62632 2071690432
-41455 5654141090
-96135 973841910
-24603 4890613602
81848 7507772732
-12792 9205859652
-71148 5642401272
40118 3148144667
52898 1111534787
-19644 4889811648
-3072 4008840012
75545 9665445850
28985 7497763210
75510 3130526175
-7459 3136013438
65846 7987308383
86457 7235144262
-39103 5954794462
-14200 5755406380
21722 7587178787
21048 144736032
87534 2180936823
-3711 8429551818
65934 8405363643
5921 6612359558
61286 2413271123
17225 2564555290
72102 1524353127
-27190 160119935
-48880 2251895800
37478 314882287
2021 6874501918
-60822 6139880907
-17658 7328321967
-87034 5048967583
18470 9980952575
74477 6107666762
70709 2169671098
50802 8913361947
27464 6740982388
-92475 2206145670
23292 4238993652
69329 3021728398
70904 4769079748
81857 1276808702
-39439 3153611858
25190 6105976735
-85554 9317192883
20726 4542582983
-56550 6115843935
25818 7604411967
8826 3064138683
78977 8072224342
62504 945369728
98366 2902757483
-90339 2712442158
31088 7945150352
-15298 5531426467
-1242 5721621267
73877 7119010442
-37036 685775048
-34632 6200986152
-32023 7877877862
-79450 1360594015
-57663 1093253022
-91315 8737522430
18020 9542327560
30725 947082590
-62355 2664576690
94400 6357394220
99392 3095487292
24284 3594205348
-27648 4573948392
-97620 8642784120
-82975 6178491490
-26488 2038753312
31977 6842881602
9450 9338119335
86780 1792209200
8870 5345007535
-59023 1153496402
20505 7257338310
87057 6866415222
77360 9272407180
82305 663002550
28337 768617462
88469 9427823818
-30448 8010357092
-11476 2441558348
-68328 5804558892
16286 2793421003
75344 3925694128
14189 7615007938
16061 8933203718
-45190 8948934815
-18295 9386741090
-85476 4789567848
95784 4298259828
-772 5642687372
47013 4580203842
-70611 1938040638
-3244 9864660088
-51423 3404271342
98490 1371418275
98012 1116490012
-40915 8019944890
365 8672738890
-56167 8131942702
-32118 6431283087
-4702 6114555107
-46114 5262039523
18884 6761759648
-51847 9397618022
-49831 5655811678
57338 1418522687
-61927 3362616262
80126 1548996523
-97819 5638394498
6596 2247634888
98693 9965022982
-10672 8737863472
18845 339962110
20322 945024327
-2548 9918262112
-42718 4982752147
-38238 8971525407
-70720 8268774800
-73776 5746406148
-79864 6442817848
13460 772433380
52737 4625760462
77636 613233748
-57910 8719131475
-99910 1899143675
-92242 7434350267
91104 2061752268
34049 3300272978
-50310 568449315
42021 7397295978
35025 1925265330
29888 8338138592
56781 8052144678
89721 4256488818
-29130 6915136575
-83775 6934772310
-68079 7332759018
-18795 1712580990
59312 5340736312
75720 2851350240
-65719 2853761218
-99204 7725100128
-40104 1413134928
84741 8454485238
-3546 2823668823
83670 2904650475
74540 803128460
-31894 4122507103
36222 9120431787
-25162 9363230287
99468 8336530092
77774 6478651703
59600 7700309260
-79 1374949978
55869 9143033478
-88102 766273387
-62259 6857093358
-26464 5851975148
-66979 5920525778
37233 6588033642
-21838 5703565207
-13242 6746826387
46845 7797351210
-30879 777291138
-39439 3641571698
95672 9788460112
26 5830667243
20045 2253211030
-79923 4250116122
-98115 2486659650
-76080 3929805180
-81135 9578636610
61493 7990006582
91068 4396207992
-39790 9279301795
32613 9316451862
45368 5098976032
21668 7786197292
-44043 524055762
34020 4271714040
-45532 9824625232
-5550 8515714515
38814 9659986263
-91651 7820600638
41609 7387481138
48542 1223223907
-47410 2094148055
-18327 6635474982
-34620 4395350940
35856 8165070828
54165 2071980630
-87516 9911335248
-41383 4431305642
-19795 1087242850
-81751 5628744598
42674 5922807623
-70315 6680774990
-58095 2724235650
-51736 6137757748
43380 8581327620
77730 5479040655
93020 7835843980
20496 7090497708
-91440 1844654940
2150 4478915155
-45859 4482089158
95472 2744771052
-50811 2639502138
18393 854616342
-19914 1768186323
-78286 5554175023
-17995 1571144870
14816 3976223888
96597 1007590962
52193 5711599922
53465 1918643530
-43032 2544456972
40065 7727135910
86709 1347488238
-31231 4718751218
51461 4724416258
2582 6751594327
-36963 5279114262
28484 4851358568
-86407 3119344382
45476 5970538988
53385 4699707150
46121 9922214378
-53262 6136851207
-47503 5206100342
77210 2952476855
52238 4944476027
-59170 6583778135
-9043 9668006762
26886 2461486083
80805 1389488670
22466 7672338883
2006 3769192663
-54168 5688893652
-2344 1088261768
67293 9782445342
-77212 4966764812
-65475 8038767330
27086 9631524683
95490 4568665035
27074 988321363
98964 8531708148
-54211 4997884058
35982 6393391707
62897 2962695862
-26692 9165273292
3774 1829519763
54764 1359346388
24872 7547160752
-35344 467558528
-49498 4381224827
-37095 1276645470
-66655 9802476530
-80886 1448662083
30405 7100751270
2894 5358531163
-69790 7955695855
17366 9301471483
-89436 9861149268
96806 7127372003
52101 4720699698
-27442 9986272027
62678 6889072807
58908 1176930372
-10290 9555872415
-77854 3712427003
-25563 1770012822
2381 4385434198
-54334 4712734283
-71190 8482192515
-54064 1185661948
14942 6345516467
-83391 4138599738
1745 6845975990
-72090 4013936175
26556 5058775548
-33828 9225967152
-22143 8143717482
-8391 7092987198
-67155 7119953310
22265 865621390
24749 8479634558
54537 6765501882
26976 7235998008
-64902 8692185687
4149 6892748478
83157 8966532102
-30502 7469166307
-64888 2420201032
-4783 1741009742
-6316 3166360868
9377 6503369242
-98908 3291352472
77222 7068444067
34286 7474132543
-91146 918324903
-23167 2864894422
-65466 7679849223
1106 2602196063
85422 6669758907
83016 6717395028
-80884 7073333008
-67975 9862859050
51402 8763941667
4838 8204266907
90389 9895359038
-87598 9327313687
81305 8727364490
93102 4280819487
-68020 2195629760
-83335 3995253170
90893 2872133002
65045 3486502990
13584 1392858768
2064 17019288
34736 5783318408
-20590 5068718555
-88615 9656269610
-40776 2013584208
37686 6723535923
-59823 5243756442
41330 8487783275
-24706 2351916743
57957 9865555722
55106 2485865363
-15534 7160228703
38856 362017248
-53700 9201767820
4532 7606799752
62216 7639186748
-89406 6528587163
69696 831647268
18225 6135090090
-62058 7923024627
42605 4909470370
37121 9804682738
-52615 5432788490
63917 7136786642
4980 7906681140
5930 2301015955
15216 5577457848
-62758 7508763427
-97282 7670133827
-39642 2067115287
-78978 3942641307
-57195 7768493010
59582 7814964827
47861 360660958
22164 6677997768
-64627 2414656762
-2847 7160814162
-74703 2976850242
77822 3898604527
-84436 9359808968
-63411 388504338
76538 7720680187
-35235 6457967070
15929 5886179198
-94596 8198914128
-3243 1397609382
-32694 6909944763
14246 6246432643
74861 7071403418
-27751 5479404338
41730 5214535275
-21324 6215702988
-60703 7564089742
55308 9782861052
-75376 9064290788
-29530 9470349815
-53098 8236770847
39828 3529550712
4901 227970638
43556 6667597568
80130 1482179355
-9192 6319367712
-21502 840105787
-79459 719303158
12273 7408831362
26417 5112452822
-28111 3195455438
93941 7200860998
-49452 5814526632
-10015 3914270750
31766 7948195723
15258 1507968327
-33639 4971443058
-1750 5721360095
-29827 5806774382
-67135 8748235450
-97912 8778052832
88670 4584051955
38498 1225167167
61740 3799524780
82574 9597614783
73158 5922320127
-48715 2856262030
-96888 6596765292
66909 4791288738
54804 8723703648
-66180 531195780
-20919 1590073818
1766 7075153703
94070 7646948935
-58867 5096097142
-28224 9003325188
19185 497765130
-51315 5545374870
75089 6807764198
-28584 1586953488
-67663 5559044542
-53623 7168317902
-72127 7611971422
-77851 1610516438
73880 543754420
57204 547305168
2261 5305103978
-81288 8152450392
-67159 4619803678
99030 8912068155
-50382 6256648947
-91963 1411309762
-5128 4107411952
31592 5168320832
88188 4765096812
10560 6049112580
-72367 5944219862
-52774 8261872423
-67260 897934860
54680 3118668860
44874 1888585503
64440 7233559200
-20002 7311904067
-84328 6645151292
-74044 2074656028
-5595 2865974250
-64306 3634576243
-43912 2103551432
-9394 3381824923
49761 9573024198
5396 8702295088
-84084 1628890608
-66507 5355836802
-91576 835392688
46010 6199488835
-80695 8405773270
-19180 3045817300
-59286 4375780863
-55056 2685219528
95600 4876637560
17685 910392030
77289 7752432138
-81202 5283203467
46470 1764392055
-48058 9363737507
15710 561994895
54260 8380628420
-1740 1572544920
40733 3008935642
19544 2460388168
60482 9568514387
53432 9952880272
39362 300645247
56244 9902366268
-18814 5358335303
25145 3016035070
90173 1479701122
67496 2672499608
35772 3511973292
51938 7148719987
84989 5654063098
-80916 8684137068
-78963 2130237882
-77266 6643529063
48452 1641223412
46598 1090438247
26225 6578099630
93410 1220462035
52625 4538151950
-70656 1656684888
52778 9170620787
74810 5561822315
92813 4672336502
-51939 6688847718
-69726 4822059783
-92731 1693373858
-14100 4803957600
-76540 2558477020
38738 3657052207
95036 8507148068
70149 9362304138
-27478 9214022627
-61992 7764243552
-45594 2337693303
-38428 1510556812
40005 3564755010
-28575 3016341930
-89572 6303796472
20873 7459660382
-21459 1900222938
-93492 5691420972
92717 2281656482
-51550 3512979775
-39346 1721950423
85028 2710572952
53453 4812695002
-2274 590891763
-80695 2565915710
26468 592494332
58509 9960024618
73449 3892044138
-9186 8346966123
-11635 4456966150
-75535 2228155070
95184 5387459448
33182 7309596707
-41064 7379501328
-51591 5890688718
89822 3947046467
33993 8044134882
76590 9260643375
-3727 4108185482
-70515 1763206890
-11667 9340420902
-25510 1583905315
-81892 2737025872
72132 8510832432
30236 5308563448
-62524 2173677268
-47740 2011515580
4193 5052091102
-65551 2480045158
-94138 8955943147
-75346 1301878423
-54724 4341301408
34128 1404263172
40698 778290867
-27378 3747896067
-74232 1037195892
-46008 1770462372
-56668 7712891932
44561 9664509758
-43072 3920301052
85544 3264235708
48534 8634290943
45750 1819336935
97424 1024042108
63734 2635818623
-54279 2382561438
-70834 4287243323
52262 7892678767
-10110 1593476835
18297 2631180642
26768 9761704772
-26431 5641897318
-81906 3903678183
93977 3936093502
-35607 8512140642
-50490 6547429035
47681 2907888118
-28518 2491796307
-26434 3277400723
-72651 1630884258
-48018 3143889507
37985 8902443890
-18295 7840333810
99560 8806821440
-77674 5884066043
27686 8094660683
-54798 2074108767
-47730 6622554075
-31858 1360901707
62784 9014800788
75372 2457768492
-103 4183476502
-37851 5533100898
-50983 1604417042
-16015 8757253010
-39066 1712518803
-45094 2855799643
-24070 1584941215
-4506 1219358883
-16786 277551223
-52491 1584975738
95124 7806904848
32960 232315160
-79618 6378851387
17537 2138831722
34772 931340792
-77400 2421996840
62910 8121354195
-46806 5468565843
-9247 4047731282
32445 5505336270
-22392 278604312
-81892 7909189772
35400 6265299600
-12480 1587002280
41414 819243263
79793 9113966302
-75363 8890508082
3576 9417545868
-49614 5052752223
91494 1679220783
94932 8729498832
57110 1722836675
-43435 1549625390
-69916 1811723888
73100 7800637100
-82020 1692148260
31640 2810168720
-21519 5889927138
-20511 7039971198
-91303 5374533502
-94728 3536916852
-60910 5737675195
54392 8794211132
92292 6022648452
30564 2626964208
54077 8066152262
16304 8572792268
63326 6992412143
22914 3424622643
-45135 834711330
33369 8742004758
86882 5676327587
-31026 9303126123
-47322 2666472147
1974 1014434823
-36040 1907549920
-43024 166795048
-34822 7116337147
20504 4866481828
55910 1704431995
-71800 4440891940
48641 6527016778
-82980 8411785020
-28110 710163615
-80299 8680071218
69821 9238360138
-11310 6361757415
-63186 8455427223
-8584 4878846488
65504 428040628
-87463 9255257962
42854 7635049903
-98296 5462312528
-51490 7276874755
20445 6087330510
-39003 3805990242
-72054 8814309003
7724 2305970348
44858 4526452627
9096 3892535268
92004 5724117828
72705 899654010
77090 4894098895
-77728 4961378312
-48799 5185630438
64026 7421849823
-54880 5008266200
27920 245321620
-63058 3190266947
11000 9489606220
-12706 886906463
20048 6921132992
-17068 9639122672
-91560 5700330180
-99391 7890733298
-61002 9788545647
-48978 5850450687
52305 2262725430
1940 7127824520
80597 6186381662
-30619 8272711318
88169 3600188318
64074 4902429003
-11436 3654874968
-6711 8873106858
6413 3923531302
62265 3568805910
90884 7047090788
-98116 9066339068
-41304 9663182388
33872 7653868192
1925 3686342750
-23316 174146148
10874 6796231283
89417 9252346322
-21706 1313320363
67553 4562164822
94302 8525228187
24681 2182045038
57812 4484511812
39881 1773220838
20534 3578519243
-92407 1705874302
-97860 2360982120
-44140 3966263140
-98799 2329338258
84521 1514775058
40601 8092045298
-29731 1916223238
60306 5782628643
77762 5729837447
-22408 3149813732
-92166 6170143203
-23050 7622748815
45008 7671338152
50472 3920595492
42920 2924556980
-5263 4526790442
-35926 5924592563
-43456 8942629328
-64347 1701382482
-45556 8884075228
-62958 1216282107
-94086 5378864823
-72976 5421170288
25281 3825703518
17994 3753981543
3770 2887453255
83850 6547850595
-26928 2117203212
41922 2845938387
-1140 1314863280
96885 6773571330
-13267 8479915942
-44682 8264919027
-18978 6001864107
-23184 4488060408
-45939 2094766818
-1116 1600998948
-3975 5287557210
-23131 9941865458
-22390 1348439555
-63423 8939073522
-28279 1080401938
14897 8308274762
87378 6315915447
77666 6834704863
86112 4879078872
18026 8900107763
86744 5620920368
-73476 8417373948
-46747 8365555822
30969 6220894518
-35434 1021487683
29949 1004637978
10676 1741387088
8900 8692567420
-63 95879862
85701 7802447838
80409 7373785638
77930 4331363875
-14098 1775055167
-14718 3585772107
-59130 7426866075
85872 1551840552
53634 4724781243
88110 6970662195
14862 8277703407
-23083 9618933242
-75246 8949209223
-65004 4614107868
18005 4589011630
10790 6633543455
44868 2213309352
67388 6161994692
-94404 1962458808
-82120 4975935940
36326 8159110283
-78508 4243316632
18404 8081763548
92828 8481764212
12734 1145214403
-11716 1800892288
22557 3659565162
-47142 6183712827
11357 3665049782
97029 1025798658
35765 9127445450
-13830 7696378635
-65628 8584256652
-48880 7875103820
-56947 5273363422
-26332 1401527372
1376 9472199488
57678 8383023087
-47350 4385692175
27996 7401377208
-7666 8472571943
-22758 3504352527
58428 818976132
27905 6434838530
-61294 2014202123
12296 6862521728
30408 4775738952
-33126 9489065823
76460 3768665960
-14575 8327600650
8993 8414818702
-30342 7960367427
249 309735978
59888 7237781012
95393 5019805982
89702 7563748247
80754 2280039543
83993 4003882042
90684 9207481368
1272 9991522932
-41986 4524965563
34305 9868802070
-87832 1996903732
18372 4380477192
-38812 3151260832
-12450 1305824535
9872 775707952
19797 4199774742
-68955 2093065410
32034 6220077723
-95610 2067105615
59760 5750980980
-64164 2144529408
15585 5621124990
17942 8349142427
-27247 1334426402
-96312 2525359032
-62434 796395083
-88947 8137918362
-11940 9218117760
25905 7646155770
-60130 9181119695
39896 2311850308
-77287 6368394082
94961 1270337378
14061 4846446018
42098 3361210847
-7003 9783843262
-35622 9183500187
85710 3758651415
97034 7907557223
29490 1564658295
-95754 1050382083
233 9115167542
89169 3094084638
47234 9194426803
-68134 7628438263
-35130 6776776755
-70020 4357331160
89282 2478477607
-31734 1545556563
-93276 5790191808
-57334 7987214483
-56374 4017612263
64713 2972286282
-3550 9878762515
44192 2722071292
26225 3628185290
62684 1768704848
86298 5804196987
35945 7296598490
-66706 7004549903
-98194 6872952043
35249 5057669198
-48550 582179635
-8830 4171896295
96665 7121779390
-20112 3721005732
-19915 7266734110
-80292 7903452492
6821 5267761378
-58966 6974112623
-83874 8258591223
50840 3190460660
27509 9566513878
68858 5274638267
6194 8006131163
-82812 7681760712
-12943 7857244402
79764 1540637268
-23266 5346537703
95024 4616238008
-81415 9721785130
-78934 8295916583
-83928 5186754492
79665 6160721310
99105 5952197430
-17590 1021533275
-70174 6224459323
16832 2335017872
-43366 2976228443
66608 5111035612
68130 6559525995
-88735 5413865510
-60510 535610415
68345 7170485270
53574 581377383
-45339 1203932598
-63931 6156942178
-63159 7911106278
-31195 6741771290
6821 4905759838
-51790 2161796095
59025 3159156450
14693 179298022
8964 7034445948
-53043 9894861522
-44683 3275191922
67806 9906819603
-71131 8420533658
72516 4251352308
32057 2734779122
-54342 7787872467
5202 1181304627
-43942 2598648967
71960 7921082540
-27282 6495292347
-44554 6832607203
31938 9087247107
54440 9165716500
-10915 9283606630
28788 4485422892
92537 5263762282
-798 2360120247
69965 2903341730
40449 9057600738
-35808 4511348772
29874 3014870763
94397 5377489762
84168 2155551072
28830 5166199095
-76600 1174346980
-940 9178514120
-82671 7382527758
60914 6261838363
-23358 3686701947
-86071 7443845158
-81370 2439092435
-11094 4432371903
93605 3268237250
-26919 1445852538
-42156 4888215108
-61216 3752900948
75981 1503878178
15644 5340547568
480 133129620
80121 3561707838
-40635 5117928030
19773 4719525282
-20743 4905030022
-27891 9822992778
-59203 8267500742
-6126 2657416623
16605 1375846170
-71791 2863455278
85649 3973062898
-66648 2004435312
-66412 7034829812
-77067 1250472522
-60154 6147627883
-91692 6698075952
-31815 3269339310
-57330 6834713115
-3150 6288768075
-64276 7722552508
-55230 6667156095
74516 1609684708
8481 8290816398
-10855 2746585790
79406 5187009463
-11226 703933323
91496 1052452168
-94770 9536415675
73041 5885899278
22514 9354760283
48909 6367314678
27173 7479833882
13233 6338713422
72228 8388747252
75569 4331443178
70146 1827999603
-70816 4030106968
66237 1655368482
-82563 8821371282
15848 8038189292
-8622 6014117127
95714 2149283183
-5644 8497504328
55782 2533830927
14069 2512155418
53369 9714369578
61170 7692601395
816 2232218688
-25050 7215368535
4142 1028656667
-79042 8255000927
-29454 3776319903
-10936 1250589688
-31183 9147501542
-44226 2706224163
-58986 6996198723
52925 4004224010
-10380 9635099040
-37455 9396173190
84462 1941843447
-17470 6029810015
62624 1579853288
41478 9019252407
-29392 3248239492
-12868 2270526172
-30000 2660129160
-4276 6481295708
-37846 9583418843
-20059 3680127038
81980 6104891660
17232 6674810712
-12087 2158664082
-20551 8026617458
90237 4969856682
-10474 651403343
3650 1314867775
82298 9021915187
81516 4859721048
17540 8020846420
55248 3039804612
-80076 7221510528
45110 8358148415
-66120 2848807560
37029 8187838758
-47518 7682051387
3909 3295149918
-92895 9188666670
25916 9975783008
97817 4492538282
81345 4026744450
-7252 9927050212
27401 2323981538
38697 5194728282
-63351 4012460478
-55288 8672048492
45426 1429548663
-99894 2871576963
-64414 1506101423
26126 703717783
28424 7759961908
39198 9909617847
76172 4235091392
-90060 6036560700
-95731 7318171778
-8278 2977586227
18833 9970700242
-18439 9055928158
-81022 5293370227
19050 9747959355
-24928 833313412
-2970 410411595
-31555 8447604190
49181 9405753218
-16558 3947211307
-13387 8404282502
69626 6146163343
17856 9552477168
-8562 8714150667
-70716 1409292288
-81172 3592907432
61790 3059112935
-64762 8108338267
-87720 7934819520
-91975 6029422670
2334 466477803
-49735 747579670
-33246 5627781423
-65335 6451776310
27314 1355182163
-60136 4777961968
-97282 3346064627
-58120 6338274860
-80923 2903060002
9465 6041331570
-16186 1193208443
56202 2772712647
96785 5740380970
43478 4712081587
1034 8798201743
-97656 3265581708
-14020 3678195800
-90090 9007213395
60510 6360927735
-132 4713206772
44180 3351928180
-21367 4771972822
-11038 400266847
63285 3045667590
-43615 2916356570
14100 8218493880
36230 4748575475
630 9717991275
-96862 6067123127
-30190 174849875
29792 4129525672
29526 9746831163
36746 3259105783
15965 2751554030
-50719 5831790538
-54247 494972302
-58512 7727577432
16305 3414388470
52745 6132928970
63185 6875848190
28122 941208987
-6724 5495546668
60702 1223868987
-82332 947270532
1542 832775127
-31374 8832918663
-48799 4172596538
-48142 7086620867
-24355 5074257850
88908 2358616392
-97659 7349365638
13962 5981282787
86 8382333583
43553 9789761702
-67374 5339863143
15785 4461203050
-20098 8240368427
-67663 4351462142
12446 4899501383
-85791 4232317998
43764 3424977648
-70195 3987678550
83946 1250003463
-4699 1428943138
-15571 187681658
-43875 9752806110
78476 845404048
97100 9002474420
14018 9456235967
17066 8849609903
57752 7767819412
81474 9845040063
-84799 6574441238
-65236 627878648
-65487 897170982
35412 5166757272
49377 8153434662
98126 5980441363
-75408 5271411552
-25443 1882853682
-14404 7871510728
-32334 4712072103
33060 3453043680
35456 3002359648
-62890 2757482755
6137 4318507562
-69355 5390798390
-14940 6049225140
-41670 8744212755
30800 8997785960
88296 4807809108
61910 2138994935
64050 7129567935
-424 5307992908
6125 4426592570
-43447 3946293782
82998 9613080507
54977 2121646402
6429 3219635118
41900 2986305220
25448 6808022812
-70680 513782940
66813 5339145402
-65916 8670211188
-69094 2132552003
-26671 240878398
22308 8481399372
90822 9423773727
-43884 4693208808
-50488 918012412
-45130 6691455035
-19978 2926605227
22301 1954206518
-6480 5172799620
73046 9621592903
-94819 9734967998
-55719 1570890378
-12519 108488418
18570 8138367615
64509 6783450918
-17047 2931163522
28209 5350194438
84177 5471943822
-37371 6014394798
86706 2487120303
-25498 2073587587
32832 8792264232
-84811 2060798498
-15154 1547392663
-81322 8833486547
-17866 3528649843
53810 6769228795
40809 7151908218
-91650 7991899095
85581 7542450978
-8062 5393681287
99420 8335478100
-27828 1337378952
61170 1840160235
75314 980367563
-81820 8263649120
48672 5614323912
33704 2359020428
-41356 6839179528
69645 9952508370
-65856 4152406668
-45744 257724948
54072 1004017992
-14907 7589604282
-86871 1953828198
-41554 9237199103
87000 5549635980
94460 7017636680
-42843 9077713002
-24507 9438819582
32928 6795567972
30725 8033363530
-91434 6500672763
73733 3338318962
-91552 1682168312
-87147 2729234622
-12975 732399390
-16732 7954271692
77873 3798992962
21870 547394775
-6454 710205983
62052 3818797872
21141 7817872038
40284 7348338528
-5532 1246820952
-45052 661694992
-51723 9395335302
-27522 8424009027
82793 3267803522
-91282 9127231247
26897 213594382
-30055 6400710650
53348 6060149372
-34662 5943701967
91160 3958352780
-48079 5692508918
-16971 4878869358
-85699 6521350418
67674 3941253663
-43755 8402114190
-31543 9922434562
-84463 6833906962
94116 6964923708
-96259 6275734598
-74190 1117597995
9230 3147755375
46541 9900020098
-16684 4717774528
80429 4134417218
10881 6444064098
-67300 9716279060
-38826 3397102623
84861 4165610418
-64546 4760880283
36866 5057940223
-49642 1113928727
-10599 9649740138
68436 9687310068
-20382 5512695927
25736 8051153408
-48700 2691544640
2394 5479755963
83333 1468566862
35105 9774882850
55829 9325481518
72857 8048875802
65156 2618022368
-26587 256456042
7725 732318450
-65191 4264515118
-82647 3702928662
30032 5475267832
-55035 8617321890
13820 2427564100
68565 8662753050
-1695 42967290
32780 1278050140
-90282 913412907
54572 2575986212
10214 8966471963
62126 8573726543
69680 9839099120
-76308 2653475592
10836 9399376968
-29790 4114541295
-55303 2759674862
-93256 6335168488
-90931 3897515578
16604 943417528
28937 8874141422
-65200 8584265780
77424 3977617788
-52254 3651212883
-28530 5984259375
54906 3609635763
72632 4882667312
-34879 9799661218
-9655 8650813970
49928 6105123272
7169 7900567058
44805 3780838230
74006 4130881763
7050 4537723995
41030 1411295255
18174 9785097663
-92115 3472113870
-85300 7179043520
-24370 5104961075
-18280 6174888800
74873 5125424882
-48534 1241199723
-33979 4215500338
-26514 1391237403
-29880 1162029660
21494 9919949603
21269 4857127238
-86335 4211083990
16584 9432938028
-94395 9764549130
71937 5468619162
60962 9000475307
21840 2094775560
49230 413280915
-79755 8482441170
44292 6866753352
-85584 9526386948
-83002 4337481707
-10002 2059280307
-39591 8079507438
-51144 2460095988
46428 8923861212
-92683 6489599102
52074 3494573103
60017 5387323342
-11008 2938272352
-97704 6631861188
28014 695811063
45416 2183537908
65358 2938380267
24146 2411794003
7160 7431138580
-89571 3579193098
-54142 277211887
60089 619916618
-9000 6352328640
29282 157731727
-87891 1993715298
33257 8697572182
-9928 727563532
44325 2300381910
73490 6967383115
-63511 4790949118
81282 5324724327
-80287 5576948942
92010 4947216495
13808 8070146852
-75522 4484293527
69902 4656979187
-50842 6404879047
21030 9123683595
60252 6337450212
12053 9799560122
28337 4981949522
-17299 278326058
95813 5174361302
-9070 401332295
82940 2537229700
45590 5771595755
99060 6683358180
51866 5837801903
-5727 6043668282
64905 4743692490
-50112 3163374012
61470 3516134955
-88360 4623450280
66582 9990514647
-32796 9631623048
83360 9213604160
7886 7780434283
-102 5571968547
-37240 2415247220
-22546 310138523
42557 2283761422
-82572 5625412572
99410 4127329135
67361 7832178818
94949 1208701178
69086 2878399283
57206 4105344463
-77122 1822856227
-46438 6444615367
-30858 1578886107
-81844 5255339068
-86134 8677245023
25460 7872602000
2754 5980775883
20192 6328181972
42413 1680707062
-52255 2308463050
-63670 3454964855
-22363 861607942
-90582 8582255727
-30103 704774342
58929 3065473218
64820 6821471080
-30184 1819570208
29556 588270468
86328 3711168552
-72868 8399767252
-55474 7267182343
-67294 3477329863
-64735 9904739650
-13446 7736675523
-4719 1437263418
58740 7546469520
-12918 9339425847
23576 5546250388
16238 261198767
-4986 6585353463
21509 6214539038
14081 773646598
59316 4066216008
-49680 3147419820
-91668 2677251912
8528 9776954312
15600 8413893120
-89310 5887585575
-19083 6315904242
-49096 5836686808
85713 7840283742
-20932 4399220032
9242 1965792167
-43584 4310115588
91478 1827032707
89177 5942393542
-70116 4614480828
-28843 6909120502
-41143 6165364762
14637 6498910542
-6943 172440022
15830 1827078475
-20199 6322978038
-78556 1998638828
-97642 3156472547
-5002 5226309847
78956 3300581428
5894 1606122143
-94972 6467691572
-15760 2863716260
-38995 2307930890
54636 8325408768
-91096 8391781748
-78775 6687685010
-86800 6135059600
92733 3063067062
-78219 4575563298
41958 1068389727
15689 8030970358
-31078 5314131427
-68335 9281505670
42465 693912930
-38907 266264682
-78792 6806349792
48081 4258513038
25670 9707625275
-3672 5796664812
-82551 9837898038
-46327 5801986882
63705 469421790
-11988 4979155992
-71883 1024396122
-77190 8251293135
-63568 5885331872
-4647 3427087362
38444 637183028
-94614 7272300303
49878 8260380207
-47919 3284176638
45552 6979984272
21677 8037798502
-89979 8345865858
-59964 8435834808
47217 430471002
-93819 6898748538
-64222 815000447
51744 7498874388
15348 1711502232
33548 6335294732
-61867 6503460722
-86598 4981655847
-17040 180066180
-84010 1669661095
-23475 6701113950
55622 7333851287
-30622 9584705987
-41004 2035432728
-86818 5464275547
-26992 5994770872
21872 7180757192
17345 3805358870
83738 1707712927
-45426 1758790623
-53512 2963776732
-58686 8281715043
21906 8518229943
-12786 4179130563
-14446 7258833583
95838 1112031327
54789 3370988538
97577 8653229762
-48099 5626822518
-82264 1637390728
26996 4633298488
-44532 4075297092
-77910 7646953335
74438 8246951927
60572 8815100252
-41992 4476279772
-68346 4120324203
-70335 7115533050
-65703 2080768242
-45967 8384937662
-19516 7703413328
48518 7407961747
14964 5499778848
-76386 7444361223
-1071 9172883718
-15154 8026795483
57552 5981636352
44234 1936404143
-23799 5550182298
15561 6734519358
12476 4954650908
53840 2449538120
74213 472943102
56469 4045971558
-74095 8323815710
-48007 2790578302
78960 7908804240
-14524 1402580608
-45028 9665950352
-96759 4463320758
74558 9752661767
-20350 8231595335
-41146 8566164883
42285 2017867590
85080 3315363060
95028 9740932332
70601 3385012798
-12870 8341388055
38384 7524259828
81110 3416142515
-78178 9150715327
79877 2719431722
73293 2944414122
-9171 7257904578
-21748 9750481292
-22132 5604523072
-60664 2587023848
-46060 5418130240
4590 1710899535
12641 4588112278
15981 7842265518
-28923 6090657402
-58903 1217632462
-18415 9882151550
16790 199388495
-82251 4097060778
-96036 4293305688
-29866 9438311243
-94540 9927815600
83825 7732826090
-79131 7072925778
-25432 7826212792
-41776 6378613448
4773 5202681282
-73894 3445910243
-49396 6616070848
25386 5069458083
-19132 6139534772
-63358 7229379407
29348 8095868512
-64855 3603702410
-42250 6005680235
23706 47038263
-76656 6127638468
-27040 9547002580
-58290 6698656995
-8079 7856935038
-33618 5623959027
-11871 2767203798
13434 6694695123
-94071 2166685698
-56607 4334338602
6285 3389660910
-48618 499787607
-38952 9743199732
-32508 9545519532
-81654 962982063
92325 9887862810
65450 5245555015
-55336 6588956648
96926 8390130083
-19390 7323723235
-53023 3183320702
22544 7707598288
-25204 2230115588
-2412 4523634792
-64075 6515735930
82116 9947757888
-87856 4419565228
70749 6348738798
63041 2379514798
-67402 9456443467
66425 1348289570
-12007 739150322
9176 2521466488
-47215 4034437990
-12487 9686612902
17666 5173267703
-38451 5135391498
77774 3368249183
86864 6387059848
31341 3204630078
-31291 170009138
-76983 4530564342
-95212 6711686752
11633 1235927422
-90922 2988983107
8798 7828527647
61674 3219793683
54056 9733448068
95726 1256448943
-32983 756976222
-38332 2416348552
-25992 9882769692
63569 5566611578
50960 6861424820
-54688 5779483132
-99898 6752282567
-12631 2861708518
-27496 8153948968
8060 1535078960
-3300 8365589100
-42046 6255976843
71577 9854003142
65486 4758954743
-56155 5857754950
9764 755949748
-55114 2535063883
84720 9308366520
94232 1897197572
-16015 9073988230
-28750 3192925375
6701 780904918
-90295 7787259950
-22272 1774044312
-96615 7150070550
-41515 2699665850
51014 8663825063
-48256 4275522308
-85252 7132142432
51860 7826046760
25857 1491489222
16424 6547749988
65853 1712220762
-97978 2744272387
-10720 1038589820
-61996 1953108928
28065 9425768190
-36246 7936185603
-70648 2038861252
-90190 4347614615
55878 6493698207
37914 5988446043
72917 5301162782
-53394 9854598243
13073 3780019342
-66126 2458272123
-10732 820394732
94862 8521496047
-8728 6339605792
-9286 3825886043
-46996 306440348
25973 4720450822
50612 5278845512
41928 1170130632
-77190 4471046355
68888 6564705712
-46260 3558552840
61064 7215655508
71972 8822103692
-77352 9917354592
-62871 3120034758
480 4884628620
-18924 545581488
-20659 8810112658
88385 1619303950
71517 4147846422
-72168 622172652
87788 4482725932
-61024 1176755248
69621 6538856778
-216 7596894888
-37942 4792322827
-89926 2610014023
-55524 9773784708
40113 6795791982
62088 4684516692
10182 9638137347
-2415 8749305690
39050 2068842895
55445 9358393990
-86290 1192821055
-43932 255300732
-94471 5441057218
-23032 3084918532
17786 7209170683
-8746 410776783
-24256 6777291968
-98967 1464276702
-15748 5169908552
-83082 2439979347
-52971 2121954078
-59130 5171602575
5912 8925357932
-10932 2464295052
-61752 5557568772
79922 961139887
6222 3166452327
-45451 5365036138
-27328 3510868112
-5388 126723612
46892 7247648252
-30156 3419085588
34770 1413385995
79734 5218320003
-25632 3719289732
-6166 9036612563
-39091 9222728698
-37630 7193676155
-80194 1173189743
-84702 8517290907
14480 1054630400
-97630 8718585275
-89412 3637905312
-4684 5362705048
12638 6731363167
40244 2802112688
40865 5720816870
-30154 7515656443
-34863 9565401042
-49407 3087827922
57908 838824472
2640 7407840060
-98860 8764567580
-81460 5829778160
23633 3832794922
-26718 6980370327
-87043 5336758882
-23332 5821181432
-11047 5995670062
-58755 1417299810
-71928 2460619812
-42060 7490426040
-99027 4636960242
39578 9869406407
-71611 3798822718
-80286 3689679063
21000 3174724860
-24835 9614995670
37956 3516038448
-6462 6153846807
-24094 281644703
49076 5687243708
99977 9522445922
-12067 2027469242
1128 9637944612
-58744 4668689248
48437 7043137142
64457 8491738982
37958 858008387
53978 2353792807
1961 4676865218
44546 6579594103
87476 2671257748
-86200 4427148380
88362 8030370087
4554 8985963303
8861 7163625118
70220 8192208580
-58480 1128347380
-56988 5964514872
-94032 2234841672
-34668 1404537072
77160 7639652100
80966 9846268403
-61288 1811396332
8849 6688082678
-27364 3743022568
32241 7140563898
-66172 1625544872
14489 8745140798
52488 8271419592
81420 949375980
-4987 8450481362
-45526 9758625983
-90115 1830055430
72557 5285050682
35118 3881297367
-85656 7600314708
-38547 7781594802
34464 3293501388
90092 3408236092
-10327 4478274962
33980 7784157620
53933 5563693862
48650 9602316515
75369 4023743238
-69102 1873680447
-47494 3090286003
-45034 2844878303
83258 9310548787
70052 4835992772
-37087 2540418602
5022 5365734327
46614 2818484463
-20479 3731482658
-2470 8036712955
53514 9101088843
85524 5988916908
17717 793562302
-19900 6594384460
2630 4974349235
-82378 6385601087
96750 2051236215
-33700 1872390860
-36016 9922928068
54309 3342210918
-93450 3031584375
-24652 1715975972
-99126 2497254783
8405 2068066390
-71715 9347756010
3170 3499087115
-56167 7111493102
10584 3752854668
-37050 474555135
-69594 3615142623
-27507 2861194902
-43678 8554270787
57084 1834775268
77510 9067948675
-22075 6609064790
-30951 1896826758
-11608 7194778552
-984 3012414588
-66246 2893950123
64640 8835781300
-80598 7948183347
60233 6906673322
-70759 5709448858
-57423 5938760862
-22140 5150560140
62226 9310107363
-12823 301235842
-68388 5939738472
-93726 4538917563
-16042 60877547
20274 848902803
82268 7438857952
66584 4110700228
27158 8626700927
-27772 3955528672
-89475 9935239350
48314 2007879023
-72378 3311222127
25665 909821610
-34270 7206848435
37605 4019253930
24405 5939628150
43229 6318029318
34470 3236595075
-11404 1316370428
-38643 3587123562
-87504 6764020728
68604 6139924128
86922 8308558407
38174 4659825683
-62836 9629318908
19064 2749013308
38696 5935139228
-28110 2289352095
86556 8141751588
61296 6465926988
-98676 5799373548
-43912 2504049592
-82035 9041876970
80892 1443682032
-14910 1046391255
-79318 8353824907
60542 5479714547
9354 1281851343
71249 6626018398
29762 4081807247
-82990 4979436515
-78754 9831026803
-33739 8034632498
10788 4910165352
-48115 2642409530
28196 3200738468
7856 8762209628
72908 4562830312
-38178 2779150887
79952 4590084172
-23544 1937390568
73665 9205980510
35844 2968469808
64386 8968641783
-43723 1439303702
-32574 4322504223
26300 9404438600
-91380 6736071600
77385 1681191630
-76858 578263147
-45814 7012837343
-35050 5103090715
-12304 6429771368
9374 6568746463
34472 5667434632
45636 9686641968
67257 6681085062
-52114 245536723
-89064 1814372268
4209 8397323778
-92958 9312010047
-77719 8785011178
-15328 8585780552
42032 6209449432
-43800 4994297700
-66943 1287922982
68105 4022631770
11730 8088043035
-88186 4188313583
-40174 2752360823
2969 6797521078
85697 6065643302
-11790 1480366635
-61978 3224361467
-39316 8969082968
20009 9871253978
-38967 9860922402
82092 4829430852
-13816 4549962788
-22123 194217062
-31635 9562614930
-53143 9714276802
-90952 8387508232
87984 1232396568
38909 4492941118
-24820 6293502340
53133 849474162
-57460 3987666920
8081 8496176198
40125 8198884830
-57060 3066925140
93965 5463440270
-26943 611954682
-87979 1103141618
-6931 7584999178
-35475 4944423810
-55204 3838815308
42993 645077802
31682 7241261447
80801 9022275718
-96280 3066824900
96674 794654923
40113 3786916902
-93700 4440642800
44360 8142232280
54245 6892105910
-23782 9800044847
28761 4241854278
-17532 1823059452
64493 9991806542
59681 6109509578
-69355 8395141630
14430 2315664135
-86958 9261891567
34122 2681588307
-87034 7649696423
-12466 6657986743
-83362 6884665087
84945 1993330890
-59164 5806747928
81740 8153759720
92321 1769222078
-89452 3760248532
-39736 4029352568
54656 7978421528
-45658 2925505327
58412 1317410012
-61255 3532424090
-66538 6662565187
4941 9911784738
-17691 3852885978
13242 7702748967
37041 8509563738
-13612 2177259932
-14988 4834627392
42050 3278690015
-96358 5782934807
20802 363682647
89997 2856933402
38373 8389645482
-86220 8088226080
8774 840010063
-43491 8114873838
28944 4208719668
-33610 9269560595
26009 6834755398
-7390 97008035
62145 3380615130
-30874 1214099363
-13450 1605464155
39222 3049138467
-72826 9371140363
-81118 3825999607
64949 6946864598
-92466 4875733743
1065 9014631150
-40096 4096290848
-47979 7048896558
-19618 9575116507
56085 3876853650
98126 7497141223
-99723 7026612942
-34503 6345277902
-81459 8684646258
13824 9872908488
54365 4176075590
-64470 5976178695
-85276 4807023128
79049 2026049258
68517 2936610522
-76579 1197568418
-24010 3934962475
-24892 7237463752
-48552 7054233972
32768 5614101472
22589 3535578458
62408 3717829792
25332 384756972
-96168 8124224352
62385 6976903590
-53622 8235162687
60960 5406601260
-39211 8710375538
-95944 7661701388
24278 5479544047
15348 5064491532
62010 6882992595
-1387 9114459082
-20770 607485655
-1032 9706075272
-184 3625810328
22733 1830694442
-17998 2797126367
16208 8907596972
81009 9083292498
-92094 8956135323
-44931 8574283638
12392 6764859772
-40012 1765427492
-85423 8814992962
52409 1347870238
-34063 9799095142
42629 3223326998
-17859 3841392978
-56868 8385017952
14610 8951954655
-65250 1884914655
79124 4704548908
-48058 6364384247
-22108 9010254332
-39000 330020880
41532 7629168432
-3582 3175815807
-18174 3625458183
75141 8305744038
-3898 8416879447
75741 1091560758
3509 3540566518
-11232 6919704672
-38671 3983382578
-37414 9420390923
-48030 7474491435
88148 9347351092
-58858 3403726727
-92095 4953878830
-6594 5577602163
85106 8778047923
-73294 8159231503
20165 8962380490
-63112 1852098812
72893 620022542
-30234 3265533363
88713 2533800342
-616 5603194028
74630 5497893095
70337 5782565962
45086 1476839243
10304 2119022648
38042 3433535467
23501 297442598
-62955 6201783210
83622 7174834887
-67590 1761832755
3650 7238780095
-94368 7743004632
-68298 2854785447
94764 1565343348
-91075 2412178490
-17239 5312366018
1506 6663048423
9489 110738538
-54963 1370258322
89370 9906520575
-22023 8757488022
-10290 8823013635
-49735 8930762990
-45114 5399532843
-66027 8227480722
-82119 1379620698
62741 6034029158
38280 3221989140
-34315 8980344410
64148 3640359212
38652 5051456892
17480 1934671420
-50110 9650760755
68129 3976940698
25620 928220940
-64422 8035932027
-50535 2516121750
99918 4602350067
38976 8042932848
1121 6472541378
-33690 3366864255
-99559 8509858978
-68190 8689596435
-41784 9693378288
10733 7443372842
-60586 4613681063
-94222 887390447
89630 9828248435
10832 161490872
3404 5305437608
-78991 1938141218
8300 7940192500
-66819 5771308218
66482 7305046187
-26680 7238603980
94952 1266795752
-84214 2054803823
-55072 5926400312
15806 3631130843
40256 1146343868
64094 4868758783
-98064 5524145628
97208 1373457092
15812 192235712
-38067 6342791142
-22551 8078360178
83105 4650232630
-9360 2043677040
27596 2102614468
-56307 6921256782
-27711 4205704098
38298 5765487207
24440 6394852900
40097 5328513682
-84571 8542491278
-31479 3524735238
32820 807358320
28842 4146061467
-53770 4258149715
-24364 4475005348
60125 4068853130
80718 6666894927
-81507 3985849782
-88999 6593741258
-42547 8987089682
-636 8400363888
-2572 7695645752
85346 1554122903
-73518 517402287
-11839 7313319998
-19462 2905736467
-50290 1169040355
-37762 2743589827
61137 1778429262
-16854 9877426443
95529 8776553898
-90426 3653259723
83397 8514701442
-27831 2500069038
-40827 5470662822
18198 9184101807
99293 2729013302
-21378 3203949807
-43110 6316960095
94733 4147180862
-46624 3844973308
-75504 2427308208
-26854 2943125843
-87295 2264933330
-81252 9947476812
37460 9241127600
-5958 268598727
-69499 1247335538
86120 3079832740
-26079 5873534358
-94944 1415034288
46106 9712471423
68300 6951334720
69524 2955969688
-9543 7652359122
61104 4247896728
4008 6122061012
-18226 6939913823
30777 1872301422
-19456 1057003768
43706 5508461923
-51967 7964372662
21605 4932366790
-20403 8888997942
2981 4092166478
46409 9680973898
-13548 7501762212
40074 6367219983
-89656 4803917528
2472 267520212
-4275 7768486830
-58426 4908380803
9605 3871844150
43958 5422596827
-74415 2579818470
-28900 5893119500
-64051 670980758
-339 2505873558
-37284 6933494388
-11895 1556439570
2300 6542895080
-51907 5224605122
13814 1851420283
-69088 9339201332
11762 6809333047
-81367 6541654142
-96688 7581473512
32532 2032962012
-22123 2279078162
77316 8482222488
60170 6529950775
47550 5795536875
80948 4593597512
19172 9240826412
-57699 4818887538
-42322 4607401187
-42418 2692094927
-80412 3737593212
-39616 4360687688
-59706 4229824083
25245 8446942890
9020 8896702120
53576 5484960068
-52122 2394653487
-13591 6878467598
39876 848347548
-66547 3978767822
-18778 4316524127
-63790 9220703335
-48648 3575783472
-83800 4573990120
-92880 831586380
89058 2412949347
-53560 9344833600
86861 9780865358
-36639 9222959118
-63796 9663611548
33114 6845979963
-18363 3988423242
-73774 1000560083
56393 3705707122
-80938 7771713007
-3706 4757128063
-77128 7573259152
99237 5163704982
71544 9249723828
-11014 7107998743
-21370 9001509715
99530 2504494115
37154 6373258283
8849 1648153838
41868 2485295352
749 6418855958
13830 7091421975
-96934 3999893483
49757 6417109282
77969 3290601218
12458 8863624967
-73792 9896061112
-18126 9781747803
92394 3539416563
40104 3870449568
-80892 6076876992
-7507 487381342
1380 3901042920
-5830 9326938555
79865 1431922450
-68214 4357373283
-99495 7503370530
47780 2120591920
-17934 5179846863
-95746 8416943723
-65974 9941832823
-7978 8610593707
-61776 8968512408
7461 390530658
44910 3348075855
-93120 2792869560
67065 5715581790
-15550 2120213215
62109 4363999278
-32167 3988126762
78233 8879964142
-73962 8631776307
63882 2961156207
-72856 8590855408
-85452 4830634512
87368 2545343252
87744 7807632288
58821 4000268538
44001 9200973858
-79972 7949542712
38150 8326757155
41066 2449770163
-52012 4550759312
-41178 7751142627
-18816 516922488
-25356 7771529568
-29794 4843721263
-52707 5820813702
27900 1793613780
-19015 825784630
53516 9682294228
-69211 9978512858
-65379 9263827938
-17830 1550455315
-8182 4631548927
-23895 3573591330
7293 243421182
-36450 6200322555
53925 3275780670
37340 5631324460
59925 379456830
-20472 5167399752
-3262 8205726167
9713 1804340662
71526 4477067643
26312 1393429672
14892 3652398372
42525 9948443130
-10440 3139103220
64022 9985855927
-65502 6997420287
-40350 7133061255
98198 3631069087
38246 6379969643
-85263 1552743162
17721 8338006038
99798 3275463267
-64539 7684470618
-65163 7182194382
-45154 8138788043
-40975 7765202530
25370 9428724995
61490 686546615
-36382 7306829927
41480 6962148340
-3220 9851199320
825 104899170
90993 1093327602
93180 2584612740
-4200 2629891920
242 2737586047
39068 2618974672
86033 7217187742
-48120 4723976760
39465 404321790
45582 9969235527
-92167 5964712562
60806 916246823
-79432 4107809252
-77338 6906525647
19724 9913633228
83910 1145168175
-94179 7585861158
58986 6859400943
29840 221024960
69080 4602432080
29768 4194070672
83985 2688601350
89133 7572983442
6324 1246476528
-68650 7919121935
78761 2909676718
95330 4136403655
56910 9976549215
61361 4105386878
-16702 4658767387
91860 2039085480
39146 7253749403
-48648 500527392
86658 6335942787
-76147 8465396902
-47166 7841879943
-5635 3106086010
37422 3939996807
-73756 2026935508
-1078 7103616487
-87483 7891170342
-77791 9663538618
-94579 7015872758
-23238 7239620967
-83419 7804084178
10916 2014864028
-8398 4233569687
-6450 3332453475
-39046 7239892103
1710 9959473155
33390 3064079475
35690 5803561795
-66955 6788332730
53057 6695447182
82713 6960724602
6072 3792328452
14496 7262645328
-12190 2105070355
74442 9048297867
-84262 1619245907
54146 8126897243
63722 5182684367
99005 2107780730
55434 3730105203
-24295 1766993750
39830 6469626635
21132 3663819312
99038 8997181787
-67836 5885137068
-97870 7009228595
50610 4175900895
13092 7131922452
57993 1434901242
-71410 7144840115
64589 2969627138
-67519 1357106938
12110 5938044695
-30064 5726761408
95988 9495824832
-84190 4393370735
6693 6748950522
47748 1154146932
49356 2935029348
-98454 5262700083
71061 5839713798
-13035 5624228310
-17626 4787982283
39710 7019935655
85821 9389805978
47150 5185390855
25976 2557595408
74493 6624615042
-59983 3533106382
14736 1986903408
-11883 1200770922
-90354 9498923103
-37339 2861692058
15152 600140812
69158 562821467
84768 1619072292
-11890 9801080635
26180 2760963380
4580 5940866320
-71167 4266440342
8874 1097456463
95225 4852562390
4602 961041447
-44191 5112130738
3561 4694268498
-19230 3538521195
8400 8448806340
-22290 3624826815
-37414 3740670223
-46707 4915512522
-70728 8121282552
-2287 8195360242
85254 2670802923
-80563 5336157962
-41650 3655508855
-12052 1538800492
51164 2803497848
-34576 4891704148
-67404 2194301328
61398 5582499567
29958 793604067
3596 3722569868
-80910 6473491995
89486 4189639883
-5868 4377816072
90765 6739762290
86220 7998023280
40116 7581805248
-6916 1100305048
5000 1022119640
11690 4104434455
40145 9122644430
30201 7834682238
18188 4350228892
56561 8308006858
-88395 1574219850
87645 852427290
-39222 1136172927
81089 7391728618
-81639 808146498
50745 345963690
-79222 735607927
98484 6646419588
36461 5865229658
59978 7749784607
-92215 1890907450
36881 5440587038
-80590 8649882155
-88728 3212330112
82581 4706195718
-69847 1909296802
65598 8667007587
-95508 6921968652
30774 2422039023
-21255 7704535350
-45088 2633913892
-84622 5036000647
40004 1209628948
-73650 2938832715
94676 7256226448
-53778 8047988727
91490 2329642475
-18058 6668689027
-93991 7315165678
20618 7661067107
-60099 8747209758
68204 6759062348
-47010 5592649755
-77182 935915447
-60303 1507730082
39192 5674877892
60528 9656875212
-46147 2665235722
9978 7522487487
-10170 1744456215
49812 6234573612
13745 9186642830
-47590 737986915
-4444 5140373488
40970 651381035
-89283 6406299582
9536 5989993408
-86734 3833029123
-71415 2251515450
-41635 5045463130
1769 5812363178
-35239 1321919558
58052 3212618612
-59176 4026852248
55769 6087754138
24017 8762562382
16653 9377790462
-31960 1128770600
-80874 9900203643
-67468 7724369812
-92338 2202782087
8133 828781422
89192 5006404852
-26728 3166321952
-56022 3874867947
6588 7348345212
35264 5547805148
-99210 9114575295
-51496 7548440468
24965 1077105830
-12567 484203162
-53511 5833591398
-25507 6990589942
-42490 7811806675
95177 5670392162
40874 7506041863
44069 8091876118
51213 7710008562
-64870 5098598155
43542 4603631847
85590 3311346855
-50670 6661012215
10241 4469732638
-45967 6376366802
41882 3928028107
54105 5885587530
-42928 3405914492
18198 5287453707
-8302 6261139547
-7975 2346283510
24602 168159647
-46930 4653682355
49076 751472368
-15895 4867164050
-47920 918974240
94230 3029566935
-34267 3500396122
-50334 887204403
25997 7084462942
98006 2232988543
50502 8122257687
3692 4329208852
69896 7908046868
99698 5058032167
74450 5710785035
22442 1620674507
-43074 9788993463
-70510 3261448055
-23694 3342346023
70302 7717013967
77118 513977967
14685 3926832570
37188 3203554092
17936 6898522768
-67027 985162922
-83746 5309467243
-27960 7839391140
-11410 4066504855
88290 3771094575
26438 2257251787
23382 8204526087
83325 1758733830
-58719 7754052018
30422 669345787
31392 741392772
26418 2733432867
22758 2133435387
-21139 8867994478
33594 729369003
-66975 9311850510
92162 4894604287
88346 858444563
59636 6978717428
22856 6518347148
-5376 5712094608
6245 5164014110
-72462 2298398367
8618 249466447
12750 4181457855
22124 4515082628
-98508 8210635572
17241 2810797938
-15772 3397821932
-28755 6302883030
85872 7399880592
-87546 4598410203
-87988 3023100332
-90435 4770889890
-11752 2633751932
52556 4894076368
24608 1779721012
62388 7105702452
58641 9261353658
36984 6196093248
5088 2330707032
76998 1037912547
47292 5079842532
-32719 2336341778
-39759 3919893678
58442 5183657767
-98763 8846760282
15120 5527136820
-79438 7305096287
-22047 9813130602
-44451 3514155738
24150 3401498415
87222 5977278387
-24399 6489519138
58554 2431829523
43442 3359614607
40208 1507417652
-78610 7757289395
2676 1469579388
-75618 2314279827
-93139 8456592578
21056 4792843768
-37456 9132313768
28497 8932301442
-90436 7005624448
-40210 8301069955
29816 4930890128
89526 2658157143
2906 9328226723
42342 2998174107
-92563 2017535762
42164 1381221988
18914 7003267543
54146 3441249883
-41596 3324323228
-67680 5350235400
-38575 7691280010
-86010 6730064835
6530 1270520675
42716 5179751128
97034 5228080163
-82567 2003205362
77465 2529828610
576 920860608
22401 1086529818
27921 4748350278
-48859 9728255198
-6931 3408472438
12822 4627189827
30885 706800630
-99180 6221477580
-592 7000975852
44585 4214532770
62430 5682605115
13988 4606432012
-21807 8827411542
88868 4487655152
5741 6777844738
67421 9150137678
-93619 4687537198
95885 2807430910
-58654 4457637943
-17398 2147015047
-31411 217642238
79380 2768517900
-3196 3782262248
26306 776018203
13640 2966867860
-4234 9948966623
-78082 4479575767
2408 1446625592
-69423 6651971322
23657 4438086562
37938 4652429907
-5694 3269268963
-76300 1101150020
28338 4757575467
47538 9656351127
34445 8346609410
-56682 9861491367
-27802 1584294647
47232 906182712
2132 801508732
-89670 7947048975
75372 9755728692
37593 6048222042
-77370 4983055335
34248 9996391092
-67528 4405739152
-51240 4925912040
19149 9270434538
-31770 968963715
-53667 1801299042
39093 9977106402
-69679 1970356238
99602 7295490187
-73471 9400411378
-22006 1729135843
-75334 4811828303
-83296 5526043648
-84366 7919215263
38585 6445337470
24354 3727538343
77049 8801816658
4265 6878824150
-19539 490097058
19452 8237581512
12324 5468744808
-17502 3801771447
132 4508613312
90545 6027456170
5448 750138132
-26407 1917088402
-80143 8522993462
2862 7045871787
31220 6688967080
-48066 7559356623
43961 4907878478
-68547 6079686762
8898 4532772207
-77472 3330790812
857 4942894822
-7587 1632542262
21921 7541176158
5840 938103640
-46915 5768246030
-24898 1761218887
-95151 6830402298
-20094 7447638903
23760 6313944780
-96852 6862802232
-52738 1936414247
-22216 8470390888
88184 8213481488
27930 5438755635
-9987 5139481302
-19420 2603782060
-62338 3209548187
26729 6567560618
47786 6566084923
-30378 9560791827
44700 3819225300
78437 3858325822
-32007 5220488502
-90760 7913351360
51689 2699001538
-17299 7436111018
-14875 9636276490
71894 7623748103
-65668 6075431552
-12019 2641759318
87974 1414187203
-84283 3520266622
-25182 9650310207
-58180 9678818620
77586 1540211343
91265 7448692870
69353 3565702402
25802 633251227
-72711 6104783838
32733 8016424362
-27690 2969399715
-41155 3545376910
87777 4139012022
-9151 9758603878
14565 656404950
-80676 2275400508
81198 8252260887
53148 4640413332
-11463 2885919222
21269 9932296978
-67315 8239079690
-4776 3072843588
-36694 899247743
4949 7694762578
86982 804528687
-24712 7099369192
-18750 2582461635
-10990 4216502515
63302 536219887
73470 7756651095
-69754 6081307183
-50754 9183383643
43310 495944395
48452 4758640172
9128 7492017832
-42636 720220368
53568 778097172
81597 2899644282
42341 5283682478
46680 5421232020
48797 861258362
-31762 5348032727
-89856 3688959528
87284 6396570988
-991 15516638
87936 2434909848
-85671 6465987498
-55230 2844866175
2145 4585026330
-55372 6736385072
67680 6387119940
9861 867265398
62660 7353182260
6 6154973703
89345 3868900930
73365 3471145050
-7470 3271373475
-35935 963192650
87050 4805162795
81629 3481685558
-86206 5240836603
-75522 9106501347
53613 9763638462
35877 6005309142
-40315 2767695970
-4824 670193088
99893 8933280842
99593 9109029182
16181 2112442618
-53688 6637130232
24582 1414705587
8100 8644178340
-54820 2461050500
53786 8608500523
-37155 2635861170
-8947 6142093322
95834 5251458143
85700 8127709580
6348 6938485272
-56632 905167432
-97578 4948573227
-30724 1575185248
12456 3924356868
2838 2360197707
-91947 9319270962
-53826 8445404703
65201 5675589758
36356 2208048328
79278 2567596287
73349 8500936198
-82170 1073719815
-29559 8447349498
-44247 6269427702
-23856 4342664568
-27940 3111798100
87816 3889078908
71900 3101068780
-43264 4810045648
-73930 5219226775
-5398 3773541067
-37866 5271684243
35501 3534986258
68606 473832103
-65964 4984209828
56196 436584468
-98980 8243777120
-53259 3868672758
34445 6982165730
-53379 3538547538
-18663 3129768282
17409 5729977398
-32536 9061829108
-13143 3906228162
18990 3469478835
92682 2658673587
-79194 7664134323
-56668 3799567352
9905 142912810
12177 7227388362
-67536 3647678208
-42655 2401874570
87545 4660856570
-58570 2461979315
51717 6740241402
-26848 2074568552
-10011 6949776018
-31804 3547325468
74465 9553906930
