91987 178060783
94503 50256434
96520 754818108
66679 42277240
95842 559281699
87872 13650681
95278 744842251
92379 19251520
19432 4041248
90406 7890407
50788 143006381
79539 361324982
51613 100503004
91379 510471606
92797 597586478
88579 354870494
93316 597665867
82258 119588535
85045 115750694
87785 235778157
99448 239227258
82351 28977904
54640 118058383
51745 78025057
84441 248802070
83121 3239810
33095 43479963
94065 497313656
87138 17980415
68020 144581129
71782 372424791
83617 466146349
65698 342020200
97670 782198256
91994 660004377
38846 75665130
82890 310747576
94144 100875681
47088 111178999
87251 361120374
52366 20162564
67342 18891864
89461 138848085
96648 291241939
15637 16059233
69766 258987226
83020 363643984
96250 94783473
98392 71915131
28878 67965470
33052 56649020
80862 327529624
55195 83300524
84996 135774070
99010 586923551
64156 128598931
35436 35291086
85534 421692020
57046 178205415
82012 87460608
97500 766452338
58114 217188144
56737 127451229
92062 674044455
73038 57420851
62065 24217013
85918 535911591
72624 85862321
60151 281780007
50898 75567269
58728 208124396
99095 130711644
74989 58129104
70540 15368147
60624 282105844
85947 605074591
14140 14888358
42007 96868324
79820 287821548
29659 46483916
96340 770593098
92187 15821696
83524 343956351
20058 23291660
82681 94851846
94201 188726061
76411 442754314
69622 78373873
78952 194255425
92556 262277336
91862 122264859
28453 43653981
88051 229979360
51205 138058613
77881 323339022
91194 453746659
62578 39836055
56663 175168644
93009 185646805
54701 99188286
96994 631347354
84790 404620066
95341 221939081
49632 4881223
45472 80763069
82768 35127316
87694 530894949
98196 315030056
93355 230075838
81012 96451301
75216 387856684
99162 169597760
46602 145951526
57871 68483511
81566 73255989
60282 200496599
35970 105119494
90787 23960560
84086 154117335
81646 502979876
88928 309151038
83043 21022984
55296 31823935
63404 240475632
94777 87065036
84495 279982387
52234 88665597
96448 725021264
80198 317117046
88680 117243119
97052 586578405
74601 270647797
56272 136745263
95743 225177708
92392 214396781
30156 72261470
62744 297484650
80880 244034984
99862 79111876
87828 240941588
76156 126795091
52389 208795952
90307 113472039
72926 169295421
22799 32312430
68578 306559826
49078 40548578
90782 384925866
86668 502648911
89224 425366764
81715 62594808
93267 645764495
55909 76824825
61405 260364181
68446 205509209
95251 55881876
52140 87807538
72277 137411790
91694 580563222
95256 515499145
68075 42107679
87211 209688022
98949 155048681
41341 130682652
20157 7497313
93320 262642527
88578 570322421
99488 793407513
79425 147162644
68348 357881586
93624 143195624
89001 388152544
88396 290503122
48114 16179539
80128 339805380
57502 195464598
75759 325892314
63165 78282709
98003 220388379
72292 265610001
58978 220244676
48007 80059056
70313 396418065
95090 184629486
92086 304749786
94774 597325731
44641 53904106
90183 620071456
68932 144556750
82775 116033367
66782 240369333
74952 191477668
94917 121987256
97836 100738087
42960 2466518
69905 9378348
96325 587399994
79301 333269310
83578 275725909
33086 72373590
91881 295886602
85861 65941089
97930 234302977
98901 208589830
96326 147632484
98141 602355297
90952 395556914
95232 257424713
75972 22145198
29725 43164804
83907 412336900
78802 156242916
79604 494892657
91436 502048332
68822 334275813
79809 162004225
81166 356395577
73492 445922384
64055 149402571
57544 157554880
77121 308118841
75829 26559937
61820 232759278
93860 364434603
65791 226122460
98646 186958621
87228 49069258
56656 42494462
18252 21974698
53161 88219244
76633 74702764
60997 49687085
97584 277426397
34723 97865856
64114 110010040
99187 11434316
80443 384513055
45550 115799983
62822 111440460
98311 332234959
93912 75941753
96551 256640079
99613 17440486
92584 583026172
67174 298672654
93999 377658607
74989 311079786
72545 206434041
54478 130664891
41942 109331766
87616 80606976
93640 499349843
97948 118489320
70220 351764142
73920 345251201
56473 81756285
58369 82880157
98888 283753965
55601 45416436
47499 33773767
95242 105462999
59053 249178918
95085 466982437
69304 307432189
88108 526927498
89323 98210430
84598 549079370
85366 219537161
52504 66893296
56577 10866989
96603 735250096
49308 193358650
84748 543078988
89896 399033657
94996 432470157
53002 126397221
68107 285961735
60958 272598629
61940 80219199
78839 354180120
61131 144437066
95572 321520028
97441 459625422
73692 78037153
76074 294903086
99179 112598955
87901 386243856
96629 569736882
85953 27866120
93164 592664667
89344 527546510
38133 92480486
75156 334357886
99844 279616421
25156 6228122
73070 244878948
70144 178724605
83850 485911562
96091 188499575
61315 93681504
99416 503403750
83841 497278766
81829 155268105
56938 207233566
96214 501665480
60322 197835449
52009 815125
81094 271540305
66286 130781520
63822 91606421
86150 264467598
89995 206235356
60340 120042907
94517 519089181
86932 124749273
83319 299938075
94947 666757504
93214 722545324
92439 500937679
89065 330983334
51883 27850160
81260 512809083
41016 61344631
46642 39616424
67051 257829656
61936 292928106
79507 257179826
60583 37366875
65886 257074094
90550 600377227
93421 532027324
43305 139885997
83941 492873777
99078 678205244
77570 390225816
99592 37336811
99055 792970083
73410 307080704
84162 539458396
82385 309428364
62848 60950603
47454 157345400
99913 139726633
91003 661504306
90331 208561986
70368 30802330
43156 148040817
81670 270028128
78505 499418049
55353 3741610
89486 164118039
91332 491301970
79104 6077797
53086 187477792
32054 85180506
77901 452981782
99696 15962249
74333 345607158
47403 56120843
68849 249442764
86535 540487487
58939 272470019
92008 662321019
87841 394135726
70875 194883226
85363 313336040
96760 301318872
78901 78055302
97554 282792625
72393 200961556
94086 46786694
84778 322344728
61408 87447335
75388 356128901
58764 119916952
89250 300647312
66922 252006934
51991 112607912
83238 298049441
48275 130996344
46576 176650020
57148 5273169
93224 41982039
93190 277483851
99996 561280630
80386 261593600
86476 13763134
67392 28331431
52887 2036486
92399 666008616
76489 179566574
82942 46111579
99575 801279207
88798 156271630
90498 408060518
72319 148123134
83639 267288090
74614 319704016
89269 617428892
50254 206408732
80655 147307288
40153 29640881
65082 11801921
96093 527449393
79824 46686415
68856 85817312
48607 191658316
88541 650260917
93127 507898726
76942 390796205
79994 13566156
99894 447358942
86476 144494971
57178 86939041
39577 63952566
91707 188096479
67821 270511444
91263 283165031
90406 133249376
70690 356753607
98602 350903024
91960 642183201
95806 44014297
54487 55644671
90174 507827681
83634 271496135
65322 49820065
92314 20228986
24160 1739056
61299 152051804
72051 108042671
66501 216697192
88939 401533866
82534 121997060
90130 386741156
72166 71961742
43557 17736004
99925 267584578
98197 31780076
98851 786310264
57666 140793506
97096 688600716
67444 7810789
97477 137213306
84175 287406722
98108 703346271
73456 343565000
96511 597095772
90228 209451439
68722 114997176
74251 284792536
81704 59207106
73874 414533076
99181 563479806
88183 197618920
37267 97801239
58666 89168112
97237 93216344
73334 52233480
56709 110194846
76389 304262117
61480 269479781
83665 263268354
20952 12382558
58102 58217834
47807 7360338
56520 199495144
91208 171587595
90430 115681977
50962 71950454
67986 596002
92467 15828136
91861 454843209
77599 77709334
45306 112372727
58474 58917496
53411 6601320
87777 140918600
72163 242806868
97936 19104295
92389 617278429
77938 427551544
92133 53442344
94387 26454734
57544 115646867
96520 715972937
82092 467391158
66216 318068141
72126 197487961
80961 369784096
57292 27457658
99538 678551684
98173 288055096
96544 415284077
79088 384856074
98497 249633714
30042 41325250
53596 1403075
90808 180731333
95061 744476402
84856 593928597
51462 51049388
52901 179309514
96307 647319174
78571 383018336
69674 67904877
55876 1161000
38385 3585598
61368 239445811
47484 115035316
79021 305505900
62293 101093290
76717 16047914
52738 223670716
83998 197176498
81384 223416701
99772 288652335
83360 531328503
95164 583109942
96325 345861892
85142 561640350
82905 44697101
91223 497577360
75691 331249122
62316 82746142
83049 411995177
98370 194030968
67066 330921072
95150 207992697
87928 459905224
37987 93983151
74356 137842366
39162 10554439
84408 388373005
86208 369821275
76113 276779869
48646 93382224
11733 2534098
86154 606013820
84014 295261629
80566 23922719
93009 576666605
70771 108269776
31763 82439550
73118 59592930
47993 24503820
24442 41275259
83529 135240121
95329 542714021
56830 221202447
49432 59673583
84121 419611362
81170 389374149
93282 566014289
68617 345424629
62921 80053920
99650 59617608
73312 261547309
62406 186562984
32638 27205501
86594 345572919
89216 243184041
92920 545464727
88863 647164943
69057 299577193
64054 257160251
71197 323670654
69037 260874560
78336 234783371
97590 126458321
93114 3352187
23184 24285262
77212 140833919
48070 1961119
98386 390033165
85963 280012871
68364 378618805
74638 379123839
76964 457042911
62824 36458305
97632 557716006
98082 32125070
45354 89205034
92313 346649926
84536 502566501
26002 2439558
95713 320876469
36814 39151995
97928 325002456
82462 380480668
77671 262521499
92860 510084742
82489 516375717
87878 370662888
79566 170071960
73590 7342654
76606 456749579
59982 163200179
27885 50870833
28309 66563036
62179 209011060
98992 279300453
58617 123105194
94074 38260519
83548 274854869
79564 8311664
42608 97063320
73066 264597695
91180 299295692
39676 35848265
88072 301459109
64314 189500692
99312 333741209
73258 423495206
92532 85335125
93628 246578313
57973 242343689
99619 744480872
75646 93015441
39831 104523391
97764 360013567
60832 235767613
98577 215911921
78766 83708035
98606 116912820
94044 136363780
94717 509822473
98044 183848500
94873 641926593
67672 60478203
46921 131539222
92030 580817814
84270 584881711
75330 401979814
55848 102010028
88322 1866276
42916 36641429
97510 556135952
87280 154364146
49113 90777865
68950 54984454
73306 9354781
62874 205957036
62110 50205337
89770 475297652
31554 53637691
73729 421563280
75992 196806945
96490 306648909
13931 15591552
60575 58444806
86239 271315464
86929 26954470
97618 767808600
92650 9314316
73006 129018921
71698 403513439
73403 416666391
99433 747118510
78870 370740959
75877 164468056
40065 12894469
88404 545177741
51997 59928341
54702 194396401
32227 59291283
85909 550256961
68795 21556428
70273 338417605
72348 361407791
76226 337036581
96787 136055594
50150 128804427
64701 339711737
46219 77719867
81433 82445830
28975 3252951
69666 80089621
72685 304717092
62485 291837868
64160 254078679
72777 118633429
12576 5028626
88173 29309645
98726 116102772
58981 136158654
34381 6367806
66012 216834049
95277 209449276
92428 524305401
81724 36227369
91035 528237254
74280 382439548
89080 536868953
91980 564501994
94053 111528680
89526 184183796
72846 227912854
96011 435662427
74088 181258883
94744 156160457
42733 130713110
77294 457845321
87064 57968630
47292 178886546
30629 51959565
66637 29634185
98554 479090032
24116 34537611
65010 186339347
81206 406988421
77296 431967655
90421 407387701
67415 87518388
78649 478973661
87984 209571826
61668 242090506
92834 133834767
36473 83286408
77257 93922981
88367 503011998
62802 278372480
33726 5903069
93061 628089902
81711 132586516
79197 173618410
55405 3517921
63039 203421850
62314 128046025
64567 173745588
98551 136423636
69616 269896430
82819 251198292
78155 256417611
50569 140827590
95180 31186146
79408 200539161
99406 316671017
90480 271199539
95338 38260399
75148 350370504
73897 239334478
92374 478233757
93841 48904441
84634 174844009
89107 120859334
52186 96322491
37034 27359697
84748 511552769
80171 362547330
94755 590533834
77810 96466407
95279 525572742
95986 718150372
90694 326672849
97336 625153442
47868 67768700
91796 354095016
69422 231215184
89532 44027894
92751 73534619
90918 16379390
96994 526885551
87502 467040234
64009 243875960
58061 62845821
97528 721632215
76050 309714409
71622 114877094
62697 159860656
99444 365472896
45754 134174376
99204 779444611
54822 178623118
80582 85111269
97627 555278371
62326 295254936
79471 13302832
59274 62792479
58080 110523637
90225 52847732
85180 79346233
82912 562961761
97843 528248539
88088 378104328
94036 250505510
79879 226001510
82915 401852226
65776 262299701
99694 20423496
50492 64010223
32525 23596821
28714 40804290
87863 144606876
38120 6158358
19243 14258540
44232 57736600
92058 36998461
96634 710161182
93345 344971288
85908 383227603
85864 221534976
90237 325672646
90423 13442636
69238 374902201
64186 57267594
84768 238393681
84946 596372375
75553 270046273
92188 695174719
64567 72891810
21154 4376194
60100 35285133
92704 81758249
99436 746406439
82259 424074087
48007 185893398
72792 420159670
55278 149722369
31297 71322549
99508 49876574
44714 13860537
62974 132841711
66246 134246227
82414 173629145
93954 113135794
75598 252130794
82239 496472122
94997 282320529
68039 217944516
89715 573035108
77385 291785141
87784 548508635
46894 71991799
67327 252600710
82786 528371464
31443 1396735
23447 33306210
55975 59662628
72850 31058276
99331 650879824
90238 535282488
87760 154788513
83859 121952182
95239 409253152
91119 558619127
45498 69688588
98721 69501112
78546 125264144
66530 97784403
82740 568463159
83766 455952887
20020 32123939
77118 37662430
73125 102569744
67966 244758235
86656 57180464
61703 271567518
91281 625771234
84675 525587162
87672 615126674
82520 256561887
97830 81338969
80569 299944142
90547 4030826
83842 112049866
92140 503127108
95278 703751836
50801 149096802
83833 501352528
99192 381547769
95568 396761758
98099 338424084
95905 150059729
82192 510841645
95614 410391421
70389 161044172
60842 127988070
74125 404229878
83812 407103570
56065 233678469
87838 337126781
89319 529330651
38256 109463995
22513 1789125
25860 7589197
96453 373698280
53602 116460204
94838 748272879
88638 500787344
89616 210420830
83332 137846780
93746 284328264
36840 72916444
96399 499665272
87483 312295856
66803 302629254
66158 207849654
93870 251867881
85088 569114514
67329 46239580
68594 342078516
31449 42979550
98043 117071426
98460 537379706
86629 570271894
91657 373345921
69036 12720284
81402 274334848
64859 163268382
93668 462375339
89827 121080171
89620 316472221
96512 205428573
36697 73815849
96856 305685065
18803 1428918
73090 216401884
94132 364680680
77074 429122416
67478 279650709
75507 193964240
58342 33796213
65241 55955852
74887 80384675
86979 251195764
96163 238203538
85107 333859723
38220 111485999
94437 50966960
71380 323615897
85519 414460242
67915 165526948
77872 435156284
84610 60742918
77974 412278774
77461 34697137
63361 84190910
82440 293988937
68713 251725904
89370 173143532
79578 34393969
90818 664929585
77092 400076780
81883 142811430
65808 255863861
57877 186075028
81660 294889711
68919 51503110
58078 132637375
53230 88659528
61513 115016024
91949 299016681
57329 145942176
53695 218056403
89884 99718424
77805 194093162
97105 387746077
77586 339628342
89713 621724986
69501 236625904
96240 195912188
76915 307432207
90756 583659506
96131 151744935
95244 286104325
67454 283282602
94078 355241938
66994 155744104
79272 433709881
89734 290195125
79106 72063480
54895 95128764
75631 401806142
89947 18304884
87162 355912175
42938 104723925
79776 163768985
65928 331049078
80860 494557113
99658 640910476
81937 405415646
70752 402725870
96651 562934194
89838 124631045
79615 382530039
90045 85802237
27787 2081730
68912 210768351
66037 193852838
81567 78889544
43815 36217202
99340 177871998
89905 65140382
58823 253800954
83443 272892783
97735 6924743
61963 144134970
82485 408182273
99503 544188474
94114 339553237
94798 121850035
63706 123738880
68735 325334568
78400 126090833
38017 60459680
64458 91436888
62700 16374734
46099 112825071
63474 210347597
84229 395745180
92031 263535655
65559 241774736
93184 202424495
58269 11647076
79215 164114836
48580 161066174
89499 203366342
95830 487160342
82771 73832832
95435 282105216
40740 5816639
98187 240598699
77622 265710994
74569 441488132
87234 482844689
93418 316871840
96253 143974093
74742 286742173
77613 234673898
15476 10864512
61002 67411499
65967 262761376
76246 270460100
81702 467956721
67204 276475424
75542 106304109
83798 488952360
75320 282782451
39816 15982030
97119 379628254
31969 15246997
75703 77535391
37455 9263104
76994 402800847
71784 26125391
69390 187722262
63925 154721513
62068 72471008
85177 308881774
57265 124355089
81300 514741402
94120 117987479
68451 334016564
98885 439058877
84051 123118862
65413 71841244
83310 80109638
82912 35537801
82845 480789656
78236 417705576
51826 163320385
58494 97927676
89991 77012266
30427 30052940
93163 706047531
54104 37047414
54830 243624684
52252 196014116
37300 87182601
55962 168186818
88680 617594212
92867 11182704
65803 271870260
65719 198504931
63786 189027014
96141 412403077
76821 413262680
60595 37971058
90294 386652865
94125 185625412
79900 366637117
91726 545866797
62728 28898040
88866 434337637
77281 128894792
96783 50682578
90150 431186386
86973 302794420
97714 60607392
64651 163290700
98728 293869660
62430 113009974
97215 72637886
24967 3377908
50901 62732062
74995 259045751
96850 295914862
98146 276740092
91180 130514621
64313 81050166
73345 101380449
97522 277575914
60898 77683198
20677 31639608
47716 118551269
98008 678110018
45658 170051596
82176 346430872
99939 777844300
59329 172806956
89497 624020954
59994 198760480
61015 245504722
80960 350748831
33137 10356606
95491 367623484
70957 225002678
68081 124838121
12453 5212610
46018 35981001
62909 151360254
62455 122475988
68845 209283206
45305 57249066
95003 179111538
83833 184752734
99229 485757492
44832 118854214
99796 640979546
66769 94159374
92035 178206271
48313 54513204
81333 275004089
64800 273007076
41869 61611365
60507 105713536
75699 435718744
80482 279235985
93737 654361860
44148 68331815
66333 306998888
82276 542668251
93822 671540261
58477 257291669
21808 31452580
55096 21624945
93345 527097266
90417 662821918
65374 177126156
44898 63218329
56449 184295250
79060 366918262
90731 388313916
91261 601911756
84956 449250042
70658 373464906
82889 108631902
27485 32983662
75617 147222528
63169 22256661
71979 249548839
68724 38525476
75736 117776279
57846 29701295
21858 16962868
57829 220455512
44852 30256089
82620 88687166
91378 226139036
68189 247823697
46534 52677845
34858 12799089
79408 420682284
59280 20936909
99523 732348119
90825 408350066
73034 149567226
55078 36268451
67393 197938609
95803 731755835
76243 55055808
92775 159682858
86762 143011155
49909 178998857
86827 372540644
52984 112922191
71539 74508187
92382 228771583
99629 209627832
74478 132699623
87279 524477471
76222 7171498
91174 468447289
99741 810010106
97246 495445736
69976 223419850
94135 607090808
72901 241670276
58194 45291082
97180 655434407
59298 274728904
68500 51879864
75549 8933180
27985 7583706
98874 321356441
97857 292808428
93925 418206282
95464 295475747
57232 130915885
89587 601441724
68441 43368621
60606 182130152
42456 18983132
90416 679329651
89077 185044525
89914 70979106
93114 270115516
95407 59757978
29374 2863509
92912 406745826
92574 700664935
55035 226978804
94008 692396431
91656 243573157
71884 45845779
40521 83611486
52456 36987242
46156 111165112
93297 271651909
53031 84680722
95389 700382169
98744 453474411
87558 348591128
94443 609111679
84584 330674451
70370 97994319
91651 494707832
99896 247021260
34526 88548690
76924 380927575
95904 51742237
52800 113280128
93637 194914646
85876 51984817
53059 83444496
98046 776313256
59022 72740711
43735 5695667
66012 314183063
92739 162675992
95854 426856172
99707 414196848
93601 41702560
89377 611793126
85728 172588501
63246 82920887
42783 1927540
99633 293806213
50560 183861408
88454 490574211
96696 463995070
87700 422080297
93948 52651849
38116 61331646
71758 109795621
70924 123358422
84960 424630811
56248 261750040
72040 18628118
62982 321494176
33640 20886362
97390 35251878
73524 228256742
80793 212241698
93502 584070248
95376 13150376
73582 316771744
90187 628114200
69240 82856872
85441 458553437
39766 30663905
73404 338074981
98155 782405286
70378 99452249
83308 190089574
90178 234321928
71225 197554797
33814 50881921
99384 695912705
89538 10784744
95610 619557476
82172 111665880
68389 167868856
77115 264267643
69823 111771134
94051 290757400
53620 152521331
89258 58862490
71420 397958856
76718 226245006
55345 208765014
76454 195699885
30944 74272140
83206 4102579
25531 36606075
71296 324181305
67096 313771147
90883 513038396
79455 516593458
49337 104110650
85447 252996580
53359 105148742
87882 47131924
86554 193909791
82042 332521181
58813 204830680
65550 128247061
87972 266373139
75124 371172534
79745 515290974
95125 56778702
83812 304202375
78535 391797978
81804 82902760
97732 406357901
69784 345454017
97890 35306404
92682 376520210
26909 32837121
66136 148191965
88821 493809074
77231 104255730
55975 69774218
93363 510184876
86271 499860091
92501 428029986
96454 637952326
75848 422085075
47126 127930635
96762 546218063
78016 370387155
55950 120546473
99377 242931156
93843 90779758
70773 93082910
99619 266831760
93736 677783462
85033 590985170
90751 94314092
80278 507361439
54715 44817878
70493 377977941
70803 182719946
47844 23431750
72382 365514491
90519 386126731
91466 1325619
87046 297365081
88908 405003254
60468 274769575
89755 559113766
86485 257767502
78443 60479856
78832 47812466
46204 46518151
75177 147392254
15316 11915857
90348 14925511
49798 48084738
51384 161033321
45291 67356254
86482 237052556
90282 634915004
63976 329567411
59019 265534570
76213 94460665
93180 443504359
87838 234600466
80836 531188144
77368 239119843
72701 363917034
66472 97014083
93518 602297781
86893 65929666
98368 631744654
95984 344119470
29914 67760095
93948 514652335
94860 687769057
95198 92023308
95884 45205127
68034 337642750
63460 275450848
86328 337394341
63897 244120678
98599 4552075
62933 58738194
84018 550475603
67672 189426883
16324 12975682
99220 51550026
90935 78923943
98986 687934987
97890 507393022
62257 8595113
73011 61883564
87489 121046009
35535 24659027
78424 87100425
51635 183426159
81862 164837705
76956 458702645
53524 128092434
49124 139854627
34335 44543782
93076 399186552
89986 538660729
81378 357888551
94682 683561679
69226 183153052
94987 276061354
89060 227465862
87138 347557886
76873 387089529
97963 15976078
84060 369455939
93175 577340431
63908 265115478
97567 288245534
99004 688169839
96733 23887368
78376 11770077
95428 657891784
90928 448744926
89266 72550380
82094 407417274
31548 33048574
90226 558160595
78018 469901803
70753 311981834
79329 501627226
74525 354729264
59323 77200936
86361 460699082
91701 195725305
86778 472596020
69381 362429786
93503 45370500
63879 306180907
71944 283205251
79717 465018196
25192 36284265
64996 101043909
98337 149716340
91459 560710855
60799 96438880
97027 157917383
74851 246021479
93839 493117464
74398 238159561
87968 130215006
95062 192647135
47755 31896032
95602 194532146
62776 91470429
92950 188581334
61287 245570024
85506 267761267
62317 290956818
91165 600780417
60288 297711134
61605 28678036
97684 612652277
69988 257204016
78294 286191329
79421 77410572
93897 254441408
99310 186099297
80310 18897571
70839 344021060
95518 364947088
61605 43908278
90715 464960932
65863 291096880
89960 226876989
85332 492563815
53782 143671026
98651 369989856
99189 29332982
98256 24208946
33840 23352962
93040 214043164
98784 64794856
95713 388676668
56521 52381632
84879 504872767
70549 267055717
90624 641341069
57015 120212527
88101 469899181
99904 678345827
33576 77729807
96157 630719520
69898 254802109
19754 31119666
98397 506330701
48556 176440002
93736 453782982
83216 453163734
78550 340839713
54310 100398298
82821 562885622
89692 445820739
97183 371545054
41182 139947388
91570 532245169
54105 173332094
93551 163950090
98617 661441445
39337 66758304
83065 255892676
77246 386616666
59062 58588545
95566 752331887
50695 78878174
97258 14467674
95289 509413144
79908 277089659
56740 105063901
82951 313236935
87480 437864068
80416 246314395
80755 118225059
91241 307525056
65313 137922316
96714 366435506
55330 211649467
53659 81879287
87032 276678606
81732 281683310
39510 99323554
84024 558291592
85861 173035801
65106 311484274
87901 169851964
75561 228832130
80815 432910576
82441 294366092
75570 152416576
77380 126782057
94110 208178716
77704 321105225
99316 751968269
87733 399292010
10329 7870502
53290 100913723
74558 216737604
78808 330145184
92187 311668420
89995 450273519
98075 654598698
82567 216346663
68206 269063231
19170 24858088
58720 114754403
87190 310751647
83660 121454766
73076 201516747
92272 510037884
66094 5751827
24606 39014720
51268 132238868
78046 399430201
87496 246725475
93264 275858762
61673 286528293
99675 242107552
90204 518082727
95770 344522654
84226 535316006
99012 655945330
89743 255888603
95115 400359719
95692 249828901
50691 144621544
98394 50739131
86199 339433322
87506 371064660
90172 260889125
62473 122649398
86850 512313586
67306 48095087
20278 22332498
58789 114903481
99672 287890294
83320 288206693
62866 271782626
98683 343945580
78366 75314969
85634 95932530
36298 15426820
96621 575767294
92286 491383171
86948 406684254
88312 614960415
78953 85588548
51870 136098373
80029 83180944
94660 643300869
41065 93536262
77412 217707233
91180 36856883
85924 280614254
73256 412811652
97164 108927680
34742 74403504
50422 122982886
68780 202907949
63771 86952440
34578 38704298
29578 38673131
55996 175378965
85166 306111321
85342 165079823
85332 331248454
65739 292829464
52536 67832126
89460 44425636
50103 15875110
67641 329935694
91326 16777285
92936 125784246
77327 164827395
71530 150570323
59264 212852751
83646 251685817
79484 391239774
49786 97783521
77442 228475709
78158 291273000
93406 644927564
99843 598375066
59318 291816558
86449 532985746
51076 79863366
84615 385317176
64624 216709134
91468 187551778
88906 140613620
57128 123974004
91318 199490653
92649 437649289
90770 481420797
94341 725023889
59253 256609909
98948 624558849
80766 298778834
98710 169450098
73822 438273713
48750 94561576
15072 13337686
53962 122205998
31392 67956358
95256 630921185
60200 276703629
68584 221704740
46349 123236886
89454 177779416
68880 69935413
98340 276452818
99067 380091924
53080 199553029
82126 6596159
94847 362300979
82806 44019751
86922 599732888
32270 83207307
84649 266507320
29718 27532289
86599 501615451
94846 352522269
24807 23681984
88073 323718549
96522 338171645
94059 190213787
89827 171779999
55104 34499549
54272 238385025
92907 303033596
76260 203685346
97882 543109414
97143 311260240
35898 93939151
99216 797536201
37986 102197024
72124 44320616
89810 361158783
79894 500394447
57477 125255498
24151 1775422
87945 369392929
67926 207880669
72345 329910278
90601 470432872
91768 464524376
58384 107717046
94682 480192615
81026 476827425
78336 207700391
92230 436333812
62916 69585031
60364 230416481
42511 9162856
76500 85605532
97489 176279317
19938 15452765
81536 360481560
85228 158302750
79581 166485157
71629 313008386
82033 423667384
93808 211015175
60162 157501433
68154 282472610
89843 93628239
35861 11646330
36706 1875577
42896 28446594
91968 602276329
85243 86649668
77346 407154364
75958 104639606
47700 150532691
98371 586607584
94036 466387224
88313 501630018
79584 143268757
49063 100054560
68921 198685194
90664 464109410
50707 68095244
39892 124657921
86644 208086354
82347 39919316
48187 63392208
98546 501963519
71455 49468294
75280 79859603
74121 192779930
39337 70885916
95044 232913269
91876 92202490
44908 33097008
93531 98775286
88799 12415287
99290 353649228
96175 514387628
74560 234232351
84496 389371920
96967 646884396
85348 251498268
89239 620077274
80370 137098198
70642 313449311
87048 617323756
73536 214004270
77011 86656459
98212 692625593
97125 697700402
78858 415562416
47467 40368763
89424 463227475
91209 353673116
55526 12594969
82034 123274989
61090 178336156
43764 70747280
81552 465344863
92451 336799634
95322 173883056
68663 68793015
63584 140077095
88336 245553374
44500 97721553
82054 440442142
41212 104190041
86240 461943609
92530 422153204
80488 102535571
78379 397442322
98999 159280875
89164 471390877
95707 231084966
70276 281439185
92197 370074916
81526 422091861
68635 99106359
24692 22189701
90166 447515426
80018 167221068
62796 265320697
92536 255190811
94828 737568083
52875 7483676
89830 80468783
96099 356487772
84902 431539683
93393 150595870
74939 371322339
76012 143938763
68492 286843638
44318 32055408
95160 552502546
45278 48890736
57692 65307513
51531 193017046
45451 4053742
95278 338802253
83397 540558800
53540 21790287
60112 70729235
60139 140880147
93396 356144452
67338 119693978
94630 204603072
76531 23539710
18431 20187480
75832 77222911
96856 100941180
43802 12037965
66604 277742735
95732 160664064
98961 320415937
33748 78731245
47011 117081740
98836 124803055
54003 104796940
42043 90946504
59608 1734335
70130 188918112
18304 15823155
73142 80034414
78046 376414890
94618 240436093
57416 113287842
67362 257250938
99610 662785201
77263 327938196
80533 18569409
92492 474286065
60864 191250179
68140 354927279
60292 86137074
77928 38636170
81039 338993530
75142 50458694
95269 214290969
71663 413234523
83645 118832421
96988 655439920
36870 81225379
47278 153506435
38576 76174461
75649 465651997
90004 491032564
71774 20708169
73837 294535705
57083 49040763
79740 33982454
49082 156015615
73410 41123617
90946 301075456
74869 292703790
79391 108245859
68517 212415700
94568 69230721
62679 197976760
87025 170848208
90816 236235281
97609 496140941
52170 65664593
88920 570428539
98601 650402936
40483 21040435
78652 392221506
59471 144171999
75633 277862938
86135 513646656
65773 185216576
86388 469883351
87243 302460400
39661 85163560
61344 10409684
80721 307640600
98458 456191066
80261 166169949
15367 5483614
44893 51689238
84113 419188569
55879 13907931
73732 199512278
51004 150959306
97180 59396541
72540 319879202
75499 126075220
83269 228024962
35565 72010037
84136 545877976
78919 26851711
81972 42213716
78323 60585264
91176 557400776
63589 183538861
45276 142123771
87592 428328198
50991 77842952
81157 448673233
97686 257461910
89473 200243766
61517 89870790
73084 112945837
49436 13635531
96544 275405132
79852 380524463
97717 429998078
50135 81176922
99158 29491731
55686 205692659
61506 299108389
76398 21264430
97646 512413962
98268 629799155
91532 509720886
93795 103349719
86500 116837426
96592 185337185
51726 24175456
50027 123824286
72928 289972635
72449 348851145
99941 696495390
90964 598428787
64462 155204494
79608 214320158
55945 47905449
75056 301147374
92344 108867254
80226 238569202
97812 642428066
52448 167068329
81344 463673904
53162 3331914
92637 363515176
83089 117141850
97346 501323721
38543 50902620
52347 34638134
87918 18984646
59431 137048920
98008 354862799
80364 384508706
93212 363429684
72244 304380836
77851 362824471
48096 2334569
50914 19308785
69196 196180096
99420 446473577
80195 504060738
93088 5184349
77854 189269791
87976 624420804
23205 42535132
84317 475001964
80330 162144822
62116 279912350
65266 338802012
94045 84941134
84673 421037776
64390 131880329
31920 14513984
81962 176345334
91137 349022465
73041 205300936
58594 2645996
88974 379824769
58158 226712401
35273 10626273
57009 196468604
91100 106931802
97395 593883076
67762 220371811
57687 124291468
34236 17507012
46339 115638276
90614 350235114
83674 201374430
57658 105055334
69245 338935758
93141 457495870
77155 442193343
41074 67825959
83878 585044888
86169 351365669
79378 371908069
90407 500114403
93256 104803756
55617 189469429
79626 135861500
91681 72544032
93864 421422655
93018 79383265
84234 575580706
32059 14333739
85956 288386194
69445 321394201
79321 409516776
82438 354657591
46968 1084925
96526 42231366
89926 104284370
90250 350837578
85708 241693784
66237 39442781
72096 281280410
38368 107107249
87517 64107148
62323 60016476
87162 411718483
94330 113794158
23527 29427163
82144 301011945
75253 92972441
23115 22944256
94045 701584593
76441 287980606
77862 213253016
22516 30289594
94455 491750536
67015 20433947
38169 105394757
52429 159692521
21703 17023483
93197 74562786
50476 142714732
73206 288738041
71302 391877324
51886 69985864
86042 595165995
75805 214973121
87011 108948927
60372 179030864
72127 247238850
35485 19918462
86865 64862486
69006 270837635
45748 133650681
61881 238874249
52596 7777927
53236 228813526
53928 151120348
54186 14935532
79248 407375750
85005 536957368
73014 69731816
87108 70731575
36686 68292051
96133 64383133
34143 88016926
87906 620293612
56088 64847609
72933 28065680
69338 221405703
86097 609461828
98280 441855292
87943 159974499
95980 666268086
20983 11942458
76705 338190189
52905 159076418
61302 172619453
86971 456101719
84223 517156266
65163 294091856
37731 104274295
80111 49886919
81447 220226054
34663 18695558
72015 308080556
87279 181795144
56290 245557099
75901 62755486
81817 523805794
99901 532671042
88795 379658736
83454 230736332
98451 413116231
51846 190970284
96685 622606628
86023 202794424
73732 36164099
63478 87142135
78508 430692339
63906 210046294
54032 242931171
52458 111331073
77979 320018654
67606 57555089
60878 33544446
80527 13046191
76409 364037286
94234 166505227
97280 292210656
32886 42240137
89559 412924664
74891 222972804
97683 329265056
55541 46973169
76885 424806449
57440 89061708
95343 139675811
28398 59313580
73689 231796676
72892 142606681
75582 16624061
88627 141157176
97672 636268023
72732 103312229
77538 130000898
83230 286507402
95883 66768778
31562 27404019
80678 339251574
91112 360576963
87022 513733768
60904 93089947
73408 316007489
37462 25605924
54046 72187832
80668 172003466
89842 151890701
85119 239340154
92547 280711175
90613 32842616
49703 38483916
82108 445220453
98277 376130233
71176 387097432
73650 236115019
98008 230178720
75723 279709250
82220 498227511
43768 53396129
57717 202181945
92197 577342890
59582 215984235
92260 536091512
73386 33891844
80148 416662025
43132 51749485
94105 671652477
80812 85751536
69259 182115575
58171 51270131
39566 117397464
68850 261966991
83896 431555151
93640 501848064
62887 134944594
68755 191551323
75019 454078452
77523 33284984
55181 170474841
94072 69088501
69148 6343269
98548 318216734
76195 234062627
89164 597964931
69359 229354422
76324 249903826
82612 402899170
93011 420365172
67188 54129463
92260 443390218
97038 152188330
89641 557011796
91383 185181035
32829 57299432
78427 213489968
93813 157072604
95455 27414511
93374 248730504
86941 393359592
98467 502104988
35746 38480377
66549 98788969
75364 265009090
85039 284943592
95835 621885404
76028 186015609
61702 212522383
93600 183648173
41885 145503618
54827 203503143
96990 621402241
51159 102954775
43897 37782654
69799 352493684
51081 29715601
65162 235314468
84634 99797899
82356 546579119
91544 36575016
94194 199723532
59455 5687879
74386 20241916
79072 168255568
79970 430715913
83726 141404805
79075 209972164
81918 377472524
77188 278491623
63034 129517675
64003 45539808
77608 23316641
80149 333684549
48018 75580471
54742 24388578
94015 419662523
89226 55651061
80626 141289261
63472 289518808
86506 568957087
81331 130932796
92831 103047300
97918 487958873
85366 140360419
26730 21083773
97215 150080152
65154 263450369
95336 611582850
70053 57894989
69264 39150391
53839 164053636
47976 28423766
80141 256800
43396 61039979
34948 33384504
85659 481728467
64152 216462533
43089 78542500
67800 150236386
71344 233765287
98377 421297669
85021 5462066
91003 576427676
96697 601787246
89050 302800811
42981 110123797
69666 7959721
89912 104569656
67253 374758500
55339 104219730
86096 3609822
83005 395976937
65196 236282522
54313 215685646
80959 160282462
52264 16702471
55064 151588374
87441 116582812
26989 513960
91603 366662436
90175 372614452
71490 42574442
47864 127157589
98698 373713640
98479 199910204
66670 191950724
92752 16270979
42831 92856302
52111 100841027
93405 645240113
62800 189513909
55866 74222224
13978 287826
47146 14122422
81178 286931899
76596 213993752
42318 49970671
70864 408988957
95304 694091117
49811 173098215
91870 547607598
99770 548238957
92227 528726094
68568 276490111
75879 46758026
73698 304226240
81025 240464436
84070 552349411
90294 517149130
99760 35161863
75949 259422736
44703 32484598
47029 34056564
85951 74399216
75951 189213299
91162 85279523
82420 288478511
85534 7751894
97138 147333625
93259 135013487
82995 61345474
23942 4942683
77452 180479738
62718 224661784
67460 96136719
98964 342121865
48622 110603451
85542 249886759
65938 359931910
51723 21773938
71141 179793501
96793 504596245
90334 431944821
72147 383962640
54683 176713464
42870 45001867
99447 607795075
72404 138852690
78802 248853376
81845 283698846
98608 233018228
62145 6614173
48750 183833018
66548 301323648
62418 100300588
30727 13175319
80935 254725998
51369 50938985
72301 302766110
62083 299189934
44388 21357266
90471 276548714
81616 516036395
98507 279543120
80257 365055954
80419 508887776
83626 283069412
88990 386683743
61538 183728235
98740 529117747
89781 146299672
72567 74757698
82601 414116181
96957 293154566
74320 327627843
78463 456335091
85005 26038988
17776 6900684
86532 592292054
97767 781741990
56791 97904084
90867 601694803
91401 363960746
55224 25841605
60860 102373197
86533 412851869
52146 176310722
86865 169307837
50977 205444888
99147 211313995
71900 298831203
74666 28646697
82064 320654967
65696 18288567
62695 156560151
88230 613613594
63037 173587736
53208 64273664
36527 65927394
80521 267596334
66126 26991512
62167 244733330
72646 186356819
73924 341370345
77269 283230072
85051 177431756
96637 714968753
80752 343356024
92525 380106546
49288 100577149
37846 109567536
82904 269420037
88381 107709401
69298 215373481
84884 517996251
75149 151213890
98369 265794486
87350 558047211
80746 368186372
70152 68332580
26285 12616554
80671 158525204
99868 83217090
21880 37301227
77068 134893019
64440 57985643
74674 453989830
59528 72036504
95802 171621511
93784 596341539
60274 210483187
76997 352189758
82420 466673818
93299 331970742
95199 226009970
83340 232441531
90832 58394550
88272 206729315
81447 472192015
70954 52594800
57580 188603699
69749 98447292
79873 6024033
87231 88628846
85561 599088066
27761 35947134
71176 361059594
89452 31517420
47774 31274154
58945 192897946
62412 283657799
83247 437248243
83956 218467555
65536 44262637
63577 126015753
94354 542630601
70564 110355870
76509 99868625
96607 418429448
79884 451324162
91291 341390536
52328 200730669
60000 257731346
62174 19613985
94501 521027670
32769 39808444
92926 155524322
73212 346440523
57272 219625638
75812 386612841
99234 479410799
76860 384211883
80652 218958994
96100 640457457
39517 118984961
99520 140078009
59278 54246278
47933 60671286
46294 59843991
70316 326531220
71278 400651973
69952 190523121
74926 439082951
99116 134434329
71730 173597794
42844 93229956
65160 259869161
98855 301583034
99397 782292473
53304 174526721
87000 222829309
71631 58667630
46606 160659334
53437 99371890
99574 82316045
95494 21589616
57781 81518804
41202 114711661
90100 374751264
88182 60444746
81279 124892602
97737 201982153
95119 551280830
89913 583899250
74367 458618786
74923 171306578
82530 39123166
90853 43899578
80284 212252151
26294 25953240
71313 109927985
46266 12740719
90771 478806236
51990 129402871
86941 559687616
64967 20751483
34279 5207494
96456 97173745
75705 238278776
61842 227208209
91813 491133776
47918 122174481
62509 311620381
85655 187976583
68702 305070225
29236 64908346
69658 289345194
89029 255358240
64708 234114393
72412 136913780
88279 300707102
30442 22516963
49149 68798941
70533 384590974
52786 91037409
51496 2324476
87619 108464280
69682 260225224
87831 614688739
85328 357334536
49457 99627288
77448 324435875
31560 47598469
80295 434498578
44235 61053478
89760 367961462
53294 206091570
65655 5186251
85290 499956508
58570 194428421
98410 621879152
57988 208281518
73900 395604738
57874 24876357
90102 639346220
52314 216414716
52787 17442468
78244 16459567
68536 175711629
67326 293457694
92139 170896535
36809 16726062
74544 52874126
96925 450479914
93393 124845446
87130 256867874
56132 2579475
62001 260580706
84250 67531901
49876 90445537
39607 684424
68100 76838963
76233 51961204
69804 37147457
80552 276646476
37843 43322908
92929 643511040
87319 434452315
86692 283258698
94711 81945432
95408 185026284
95569 258004312
94162 616045868
92106 75240631
55663 109293451
68278 130388464
38625 117696152
61460 108001188
64734 31638475
98824 488168505
90762 525406964
77971 421750474
99136 231623086
83685 102356542
58489 17748336
46266 43039475
90626 413582025
53566 109780539
96604 424794751
68514 124393187
80804 247112592
96562 84761874
75079 450344451
60181 192144085
81249 410924192
49934 30843894
61189 247438397
80344 299418046
29588 34412928
13666 5737675
72093 363683825
59101 259248012
27013 13968724
43201 14510209
85436 409232799
61117 48319998
94474 142871065
90914 502806645
81823 110201364
81376 536956289
99874 83018131
36624 2706472
82248 547411000
75187 436105315
85821 206302754
72412 106004619
78772 209776895
21483 21105391
70923 58506395
66367 334075764
90744 172152361
72910 245405166
92584 230032007
77035 185525627
57465 187428361
42780 145987361
85854 356881174
55802 128306616
55448 167405775
94780 84025178
93495 390863819
6076 2752702
46961 70100085
69906 343568164
83496 542961365
35350 41976347
90995 102985191
78204 352434262
54915 110427446
59952 39335438
57889 146464386
84588 294945499
95181 444491402
22675 34448303
89977 153030460
97468 42013861
64750 324430461
87031 480287932
84250 22721184
93019 592757556
95462 135812856
72778 372996145
77227 136137674
99934 128467395
72764 68308779
84527 377013819
38260 114094574
68271 239581955
71167 293068318
40939 131909744
96994 167486942
59228 32785584
87028 607684656
86227 58235351
84629 265355262
83041 523957877
55939 66803286
93922 151345168
89341 145322632
61108 76987359
96502 668527761
82017 121131713
79870 137230054
86952 473789858
70612 218931486
90132 397693048
86763 198027596
92336 23748630
60350 21712908
54232 51182361
85119 371305826
91092 303159736
43456 20424455
42600 47136713
77229 51309121
34170 10550264
66769 343409817
62626 220505160
91763 99273150
99017 564327429
58868 79397340
71782 121077029
69384 168291050
58587 166455238
85984 338180437
85726 266839312
87824 126749331
48006 64728206
88164 456002342
76922 254867808
95902 137669185
36085 72834224
94675 97210918
75058 194887834
67183 192729066
61012 33947526
65309 170899344
51672 121021331
99430 85463206
74356 175008509
96127 105636018
69742 250438103
72504 36747149
99110 366142626
97676 4368639
57323 68770314
71559 283586587
99829 326311730
81126 248349466
70770 204445039
51316 82840812
47596 6676089
66985 173290004
78952 81543824
62122 43526949
28224 45527989
94941 715555085
63482 238672371
90922 538992969
66505 185425484
66523 119209456
95998 35388299
57520 162166451
64086 182675624
95766 307084210
34362 43567081
45239 21044856
57356 104653761
62715 67104583
71404 122727022
63338 263298468
92474 411161259
97331 554064972
62674 125970080
87379 49306411
57508 27397150
70850 205517466
38654 90449499
70374 139130507
92998 210317664
87484 76026879
73955 76690767
86517 529421830
79020 411911203
63588 199264796
88951 212553460
90172 105669303
50794 24780545
92009 246660429
70407 292409371
96591 651205247
61565 315476862
90124 42252751
57520 256204191
82158 70969105
49252 117230449
47046 171689644
87303 82144436
99354 724831204
79706 495617901
58495 112327307
65812 289222106
89701 636625040
84313 30817109
73091 151151436
86538 577163701
91555 139343722
69052 117413940
89413 366281808
89854 487858559
77255 256498431
69520 163026913
93146 70280022
80039 404763351
93478 411253241
90985 634297998
72646 432560050
66874 188906902
90284 598927410
95019 650388520
52926 10268762
83610 300199454
57168 45421294
40276 112541160
80494 453498129
85024 24606234
83239 331694012
80358 350402681
65455 182274514
58470 200006696
79663 525990326
92108 677107758
62778 157929413
72713 228963498
59674 219468102
90069 358283594
80046 126796025
63682 214626121
93590 444213024
73708 94337123
91921 458995034
81378 478666289
90679 104516839
69271 35821919
81457 470910246
79308 488879111
83346 377163232
45773 95711805
33193 16555209
73652 414717918
68761 287312757
99436 102086646
63805 265693384
74530 93235031
96314 614153982
95929 683392869
97371 745465202
47326 83790819
66033 137451358
70100 227451969
70381 343944352
88963 91385720
96588 507288478
89461 76238792
90471 251325976
81168 323105548
87964 573670246
86168 77839149
96888 655928425
94823 612142188
97564 497991114
80323 332196408
82831 189337987
46064 48199671
97285 394473512
88816 622943165
86356 452572216
95130 592503967
98272 151426163
85789 87612817
48304 134526314
67201 367219285
92110 704216211
91942 394369505
95386 194726226
99061 525572100
54688 23505369
86893 133434358
94654 721005929
38876 102325965
96255 296387279
81532 87943451
63715 321644716
59930 1526121
88447 243062270
13000 11801232
94688 84862596
77756 394375029
97744 514052691
77863 405319906
36366 51921991
78645 153586706
94251 24788224
55645 19073573
99356 28275246
93186 126101911
93066 166888829
91573 305383173
87238 596818979
39139 94807039
19499 19708272
99696 133017140
51620 216593487
85914 137029414
97118 756743298
91948 201564180
89234 638180031
90585 302773168
70779 185783324
76451 125921544
86527 105731135
99345 600952994
93447 119267410
99106 32528930
72032 361018050
78801 223557134
50728 70240148
67509 257043397
99393 464596949
90978 517852405
75746 365083275
81000 135872044
63895 281309154
92601 19523101
72536 355091376
62566 125171809
64599 322167674
54395 65169438
98080 545081462
83260 374666617
44628 83948701
35755 17664586
20195 4723284
52327 136409834
90562 202016021
74688 171937186
87417 250688626
93312 702172906
59428 107195313
96278 663108324
79671 169081939
91345 388735976
49763 16008159
83561 542648709
95997 343804928
56796 56848807
82565 35341377
91300 9777052
97872 412634486
81745 535188137
42222 117974134
44248 25608925
54970 144611982
77590 57045808
69367 290451751
80544 403098037
56662 150335069
73973 36809508
99985 720747802
96703 175771884
62338 288191136
76054 241194649
51083 9654120
99805 259834364
77179 244650256
66751 80980147
80601 409895614
99619 352690154
88261 559811494
67479 233578375
86584 16623866
64293 62118044
26284 3807461
94588 139223959
88553 118046184
85959 585967351
53317 209450309
73938 345385724
71296 167701404
38439 119477359
83632 172830339
60013 156867945
54710 192380577
77052 441752401
88533 127356110
73321 305059949
66173 348395805
72252 155698129
86329 483836112
91467 384051811
83732 358887360
74650 460847633
97444 731248201
88768 413051691
27664 17020567
84474 451967542
97255 552292994
88042 85945049
82989 230359880
93205 591490602
46151 75133992
91837 76610661
89188 614814581
82820 258442008
99819 322903807
66386 89655444
60074 150033360
61890 217593083
72433 111348169
62696 281363736
97132 282158139
95017 427930606
89094 11297356
71809 197974080
96616 513145994
57820 146205277
60467 31555308
80989 107798292
53113 204190841
97228 437460401
47635 67310992
76270 468555587
97750 736602626
35199 20744000
52053 15780400
91258 412554319
57526 44159824
66791 30535551
61671 63014654
92193 691836914
62692 235009019
52267 53685003
85848 568108873
88856 573236997
34999 85517862
96094 416577089
87434 535823994
93768 653665804
60924 114341296
51899 40539807
98140 22916178
76779 149930896
87152 224081538
96912 751314779
66834 332121016
97938 87597631
79128 323159903
17085 16402177
82528 324970461
98098 129809841
37945 46067857
78168 453661039
85180 572001412
94177 712312233
96810 426329846
51253 172914274
63432 308346859
71653 263229938
65705 125758248
98565 591482744
83222 98060100
81224 303480930
69811 168398540
94038 148105135
94176 526254520
83605 287342896
93366 23371967
97615 450431648
84919 554011591
85549 489596462
37960 42522766
53078 150174810
69622 356360790
94993 145200981
28786 11250421
81736 408324186
97126 32787245
50916 102994277
41485 36887128
83420 268255032
88752 29913176
88411 175929464
83599 266959855
92487 161341064
90311 575581014
88423 421249468
80724 297323512
85906 8050057
77549 266159817
10087 8168860
84328 51252788
95678 458256168
74943 240393878
26767 57979586
62362 50547373
73411 429451792
75126 165118436
21524 8837361
79719 374325404
67042 19688108
81381 378380609
60706 154670090
73068 75196396
86928 262288790
54707 147324906
72676 412332936
99636 320127664
86524 577966497
84097 416628710
97570 94445901
87430 296889316
52558 15137839
49642 50512039
32674 51467480
84613 498102725
91958 380780298
17606 14514600
93415 636284118
51804 185026619
89599 56543214
86056 6977171
94634 194421492
87250 186265664
65119 117856424
99058 480067176
67387 152611938
90081 409310564
86791 57740066
42708 108376694
91088 76179351
87991 358437171
94966 588451729
89794 196481539
50566 110905905
66339 89933846
59766 146197030
95923 435576715
88972 180470624
72789 355735922
84220 271157934
98554 70009201
46548 102755318
99346 218807612
58704 59486536
66535 222106234
96493 731316136
97174 351340007
97220 761184531
67837 330313156
97686 617442400
85354 285699417
72367 433152643
91938 314767649
98335 349934171
85492 223730994
80214 375642535
93769 148470569
85416 357926177
98944 176769054
94786 423002466
82644 441556051
66746 143890101
77331 85931239
78824 411119910
99677 83052036
99144 53205536
64375 145077771
77704 185127865
62332 60610818
85882 535647228
73812 355674290
95604 252296872
79818 249390509
69585 50555056
73579 179197502
59227 70391460
90490 565297426
94633 552699949
35383 34989804
80294 477692667
94604 309735576
96942 445177919
63948 278664091
78310 182654923
76225 397875516
98910 492800222
94279 683631574
58632 231084299
74401 413141892
42607 100928260
88980 98765228
55714 247422022
53914 209740812
33840 27620464
85203 437189536
89970 37710271
93073 535553481
81016 107533147
46050 33596176
73156 395405416
97033 175833330
90266 276007617
34767 92826071
42864 59758277
18913 1323360
75999 350851060
38440 25578052
94250 368149341
75394 421257881
98383 550722719
92731 148809134
99705 768778861
55062 94113271
82862 401895495
82015 85697288
84349 546884536
98454 497745007
98585 710239389
42903 60680884
61702 120980635
80358 102821101
94204 84222130
91374 531728030
34743 59503604
70012 344385449
88381 128397269
96683 598524039
40309 29925470
90423 346653815
92055 619599208
97767 556939168
65541 188442121
76235 88676634
61346 13382106
93850 712455219
85121 49965309
98174 647348025
36258 39689548
89782 160092531
57772 247460140
86094 68089994
38086 65414737
84810 354447923
78186 145760867
81860 116471634
23938 46379884
97878 687165341
96138 386607926
74227 40074568
72304 271383601
91030 296849466
89980 380168052
79064 163202607
94372 427224708
91967 158409384
89948 648574671
81088 272347210
36642 27137269
92024 510520836
59010 48986093
93655 309777478
84603 566604788
9905 7931061
97014 761933689
97479 490450940
82792 132817584
68317 209704085
92480 408992748
79881 327163844
73015 140973632
98794 231029759
43003 50649163
35112 43816009
99738 278008999
87490 133218956
97579 239523240
92558 418593084
94135 643030531
85810 12132496
78651 284191654
56227 19819374
62751 214935394
89626 95446479
48111 114594611
90712 437340881
98469 10034060
62542 148138496
74922 154241395
53293 170789136
89988 440383568
84625 302547933
58528 147675008
52765 231652474
20379 33091159
83239 444836647
45859 153563276
53781 51370600
38696 86853261
61657 289296098
56018 114944691
93984 90224242
68903 173995764
94237 27127384
63394 132924236
74430 178067549
39679 76883596
73434 74701447
94372 330741044
98106 501157981
45934 36570845
87001 191643010
58955 159222324
90884 512092929
84067 324012003
99235 645676056
96964 243390022
50479 36245080
82783 339104419
13892 4406091
65289 201007924
77087 77817708
73902 365626234
91559 228957075
88290 199362202
96265 106499137
90828 237971551
67827 120439691
38705 107756034
85301 223495314
70584 257920636
92496 632092489
23404 3547757
84854 433571304
70559 281091195
87296 490834902
79300 347265312
95877 590292784
40443 22255255
99720 628166818
72318 383852536
91613 478090860
74210 454179819
55435 131848319
83518 229015805
95506 539414706
65452 71175748
64947 172072318
98888 808090686
95439 67980259
73623 10393586
97105 595535017
96178 73102273
71412 293099528
81696 51333910
65419 282753100
96124 628554949
71744 94302336
67275 323428306
82405 319894672
74274 208401602
90202 152826469
78731 83150904
97418 279691689
72633 1261561
38044 10245132
54928 52075421
68130 305888108
84900 70724593
98506 323918611
30352 38186260
97115 43082979
83860 241799054
83028 124100900
68686 135448856
96858 432763880
36000 55810913
39018 50980006
62117 168494178
74595 462365104
97539 177085739
81503 479461398
74640 54760112
94363 376810956
99376 289129872
79522 352379924
73090 154497382
66196 315247759
66068 358347561
79344 126359195
82830 358593281
59785 253886517
73500 225724193
75250 238829262
79463 195824136
95449 547635885
81606 364068934
93119 317164086
78707 444111495
97768 342000605
87126 65006669
75067 67272690
40593 664880
93445 388020292
46353 114448310
93429 443941957
79183 285204990
58990 2506824
93586 499404725
84297 460296898
79757 239461833
29992 49684239
97649 221945460
81214 472757186
89724 582553625
97779 221352794
96409 731481841
66451 111624786
83758 497509931
58758 85702918
65994 308725201
42714 136674664
76980 252716368
91864 630008057
46669 133649812
85958 43780083
61444 148600707
61088 11881173
84625 580255854
91121 373213986
66333 56361194
60546 151566316
98144 117391032
68934 124140995
51437 65176290
64525 224144292
94929 30404254
81308 19540158
77923 202579635
99553 229220665
68941 187983282
99888 808296391
93404 345984240
86958 150132559
78681 7024945
82904 533638695
91141 162752414
66964 138224334
98278 84290763
22586 4058694
97158 395063435
75775 156662511
57898 159540273
73119 421617040
81943 152682096
90407 1633491
31330 19939288
68268 156443243
98245 741635688
86662 448685061
73091 364318359
60007 14624416
72860 85861251
58520 217755597
76116 359687054
42292 98620803
86128 386669878
81131 200414112
78654 381280262
58369 104337049
94552 466528144
78099 185268476
69208 124814269
80885 237533712
68665 232013848
71692 360794415
54805 30392958
66817 47166820
54582 37262606
67275 208953566
98953 812338101
98817 122977984
99052 596473235
59101 222785881
76186 426814101
78291 128194400
26776 43515114
70704 349916929
52050 158055349
33579 57564719
64280 240304317
76299 92567579
41872 123021813
86489 183842781
85975 442818444
98200 129737486
67225 370349417
92962 502569556
39986 42404637
29985 68075296
99080 390604023
87730 59201504
87597 498782726
84208 465829699
67033 42662884
64013 190717620
87045 283913858
73990 43089017
73536 233071262
74146 78970924
98943 53243111
22226 8996322
87114 622751231
84774 468940874
96541 244995046
79917 391336370
93629 12481422
80116 247082587
38034 26966617
93036 446954819
86371 297825752
96837 486029188
53262 117794054
97638 685226528
70138 213644854
94882 424172794
53985 77780249
93600 369228274
96702 496224449
88799 313887051
80728 34317388
91904 415665804
58378 147836860
81781 62113910
95494 667731237
99376 514167259
77797 45585620
63460 107992226
70018 155953364
75468 284750678
66090 273783328
76996 243586479
62437 83795028
98518 539896044
56038 68447096
61918 205611969
96708 143106049
62199 39076954
99392 434246088
59449 238476082
93196 394523325
89935 657736676
98057 287733966
30605 23792694
62527 286449023
68638 121997669
54891 38205922
99180 606754483
73099 186499282
45586 97755146
92308 152210488
72762 253829338
90933 493322333
66210 11900849
96491 220853727
31737 14790824
97798 329464461
89373 27018028
9670 948694
53402 124613226
93767 546126156
73768 211903355
69454 165386376
70164 33240235
79248 158069239
32379 24791524
92972 19526613
96825 508692373
90143 257381088
45388 47950398
91363 124936696
85834 214723639
70687 407032194
39223 80721971
81148 263477504
82758 218795620
94560 19875517
68458 162456061
86440 477641293
50039 33511635
68846 350166399
59978 147882771
43915 68038584
43834 2429364
42511 116080410
32506 12474382
77127 86781839
45220 35855936
27259 23907167
96925 187142362
89638 3835311
99085 62961536
94732 165446314
99986 716640249
61636 294716265
60090 99882172
66403 44755096
87381 225311306
65503 148902518
84466 396927389
91570 486131394
88027 626098323
66591 31419634
93078 41531500
76764 282620771
81470 307679097
63306 191154517
87707 247170663
87444 190987736
57986 21741939
82849 479043490
53376 134725072
94195 737066854
84715 378973876
91147 637912824
90915 659333603
68546 313272732
95022 664145371
91015 143502419
94990 707268651
62869 59773552
74815 260765179
93141 281656096
63239 65918091
83839 40182067
88521 281430040
85975 38329736
84675 345543244
96418 575515186
31324 62248216
61093 299728428
66316 128979224
87455 288766956
20419 22618850
87579 370520840
52026 80746939
56688 133778885
85582 125408048
99037 579115560
50613 98284106
74386 342283961
35998 69578240
62680 7721134
66952 293460121
55548 221919829
68770 104871007
97852 426027630
92125 662615089
99649 118961112
42741 8116622
78465 73606966
60166 114208160
99598 642134863
88435 512123919
96114 241700404
75213 342226036
60501 260953616
89634 629759971
90120 179062319
52520 194880264
70339 340824330
72011 331834875
79773 115197529
59296 287608040
93718 595604366
67491 317554300
99964 696767194
56822 147631161
98232 536772941
44065 119734713
60658 36603826
35053 96792181
94617 74217373
54930 150870088
87058 32683668
85189 506633340
89635 609662624
47044 34817364
98346 96084581
52997 15024108
73850 271098894
65185 1307644
57622 92906514
75483 417301418
52726 72824156
95227 240602858
82872 334123850
93082 86875146
72956 386141400
58822 181443413
58491 225393890
70111 253091539
78037 353549836
24820 17292983
79765 374486566
99742 568592964
49934 92989185
86360 140582841
98718 573951899
68425 374595948
80623 398176043
95655 112090048
52830 186889523
52648 241614
79411 147926530
95648 566243853
50197 154206745
97400 263854233
83099 343141035
76603 70368784
51532 126658646
73852 315799744
54883 39189800
87088 512010848
96714 523220480
91466 363712215
91134 471570721
79457 89212908
91456 262774094
73293 20303573
99025 291944374
95471 293651139
66385 341710222
51293 20898756
52882 95128723
79864 335354571
74269 397506796
80308 46578786
93500 185636544
95294 128637705
84734 104299374
55543 198776624
74810 336918357
89248 134039259
93826 563797481
74322 22338866
40167 106516843
49770 133371061
83882 179721573
89770 225715379
68368 80422560
97462 295535643
74140 101904158
52321 77889894
88053 511913344
57252 179358380
82329 530796326
94126 419147541
69466 307008184
98493 502983841
69420 142526953
85263 168924811
65700 27094666
93866 171290565
55096 222631786
74151 332032316
60148 262380980
65904 12846754
88552 598775703
98533 438208554
97088 74385825
93446 539238276
28451 62143284
46146 1515034
95386 656689776
86178 446842216
99193 24046754
63598 302268438
99981 68772866
29820 18805486
91640 679831521
85987 419093146
94153 592604401
97888 574581383
59361 228591541
86971 484805096
55725 124503997
85240 264334268
59713 127966218
77121 369148784
74505 95728948
55324 219916619
98632 449061713
79130 316058658
89231 498718755
85872 173264486
91645 455522918
60377 250367166
72301 315116397
72757 291695333
73705 248721437
31238 73446618
84679 221000375
96454 417460746
94708 660221501
92022 421481239
90295 629110482
37555 74088618
97725 368694413
48220 186675917
96357 287385650
80413 500869724
66838 69552214
74826 240688111
79495 14115564
95347 708764115
72076 107354676
93364 582184179
82166 332820510
58858 98672714
64839 266896034
86061 604353226
74869 159678857
52470 108505637
24910 26767643
79351 317307087
71740 411581662
72286 419155705
85405 302838156
91317 510263258
96256 566696621
93679 446335972
37351 9997996
86671 451576926
55533 133445750
91269 472370945
94407 392744470
97479 766303079
59974 58599570
64521 232992445
95177 115686594
91367 454835568
92536 431528512
83895 290385826
38388 65266208
86074 331575192
49012 94305720
49828 65620903
53806 20643456
85856 19443312
61768 138441578
55432 110914646
13696 1431345
77059 124668242
75463 382086251
99070 635846398
87330 171318782
99367 181260655
91912 136598876
77406 357152182
81667 203073620
96734 190464105
60624 59592907
79960 53070001
71152 208744176
96157 337737525
71932 193805278
72496 260725881
58591 132507086
82911 165472586
86596 513975947
90389 295661985
86424 573358672
62812 245645956
90000 425949967
91372 475545299
79438 84514973
77307 478907771
63757 74335750
59758 129579239
88630 525125361
97450 623881703
48808 67652068
35912 82569660
88052 329704230
73932 422635355
87596 133964280
55935 31804918
32425 58373517
88979 69857694
98760 213624808
56803 1326455
72394 79982054
77887 434996990
87766 41830694
81268 302021383
84574 373013289
54768 175862395
89104 312401731
69814 364971965
63212 135397545
96993 743237998
92849 63663942
77367 24222874
89227 150116968
74802 367340090
99512 305728494
96910 678146511
82204 170790174
66169 242097876
12000 3107939
81766 55121387
52434 220741316
75467 271018995
38993 54503169
58264 109817250
89165 165378924
88230 431602246
66945 46945916
52104 219315559
91942 530900486
98092 40864740
99528 171575408
66753 23997250
75738 37389889
51898 164946944
91341 315056962
62101 205958341
90502 194632693
95614 163233267
55770 135901667
94393 635382789
92852 160659531
92169 683389762
98407 624272508
74385 349292921
79647 93830291
89770 530219173
71854 391504036
91155 5224874
64306 337610436
45664 147358557
42700 54899193
91140 341054002
91291 594778900
78972 119557186
99502 617740115
92523 104616095
70572 6862055
97804 162925845
44830 102538379
70075 397828298
84034 547384892
86905 132386341
75315 463069766
71661 335827625
47244 38525236
69852 43630960
48591 49207619
85095 73121192
82300 323588307
48582 112018406
75985 429238866
59701 88028112
94166 36374730
86560 4344367
69058 122559083
67098 167398828
93850 70467217
82000 437993493
77607 489012850
82492 215968800
90709 245924470
83880 94217203
59977 160656456
68718 33002141
77856 168047872
86755 587746663
83232 561557155
82921 101969441
64364 144505095
64053 96966574
96024 63218926
93757 163663100
55066 33644281
98000 610220187
90755 128111031
61476 23793700
57733 13263510
99117 772710013
68152 330653371
53350 43244932
80503 471770740
75131 226048806
96390 580989427
77725 192240754
27328 52836208
96250 662037827
96713 24240816
47092 50964588
27601 3056017
96196 303398919
88279 123745162
66264 360645629
79444 38779141
39238 25523129
47447 68596206
77979 294298772
65563 309893383
89892 668830738
79768 368172593
83445 438507284
61972 187022030
79462 368696529
90820 617673232
86757 61428593
76732 147774645
87924 491177840
77787 245631283
45154 154087652
70322 406567440
65258 164299203
64139 60527307
36582 99805534
74033 160340874
92771 274608972
66544 267584322
77809 469500701
58804 167258425
62674 106857477
95409 74420762
96448 193415424
64402 272686861
68233 328737870
94354 121790572
89574 403873177
40108 22293445
87865 305344326
64988 27705894
63563 22986894
84191 513294606
68470 227299204
93783 675255784
95671 656102944
28154 58472649
69430 151370204
76554 294882064
77966 91046505
70740 7994462
55236 130482956
68012 307098495
86879 366696912
92112 598238695
37545 37428406
64909 192608357
96506 338932752
95006 451818732
77264 233848596
88092 563614405
85000 502221539
69451 378161652
93577 342075965
86959 523177096
82878 417592823
88629 301504846
76662 52383866
72688 297650606
62418 282348100
91990 129378032
50914 127717701
70267 214113034
47964 46492150
79333 238492164
90688 244508140
80575 530115443
45969 155311654
70821 87547406
75034 261688011
74224 175332014
61394 16786032
82780 116131028
74055 277300564
47774 169618974
93739 154978672
56734 197860086
87763 461779358
79048 517151955
62133 291085250
83080 293533964
73314 356795387
89551 632728140
90939 460396226
98500 63345321
95401 174568704
94926 58854110
85776 594310556
83103 117993920
96055 753689422
54094 179931736
83677 451548018
21718 19527009
81006 335899036
75957 62453656
93502 302843668
99514 364154897
83346 133410451
87361 399505254
84567 212315296
82762 285620578
91094 31015599
43543 118049018
61638 142430990
32870 83643912
95667 208965460
54373 131555686
28377 61616245
64353 68603656
52282 133060746
37244 64196271
97207 219166298
96335 392604402
37418 37712589
64441 321403116
60792 65047258
80030 148959138
32008 17953898
82108 89242360
83320 153995374
90000 575117278
83598 254214839
70738 194185524
78646 503633192
98310 611698319
95908 183386480
50211 5812939
61738 289200466
95017 478035929
66236 88969539
75763 397547024
69929 362483136
86332 509054945
87593 299421645
69696 234308396
71440 12952939
87345 523449281
86496 142496450
99824 676213014
94926 612593134
75966 73880506
84320 424521282
67346 265182717
79984 122656627
38312 72328311
77320 51822937
89092 423111243
59464 129591270
76180 417841989
21261 31472270
91479 18622015
63813 174941768
32303 66366918
88126 507797357
53508 71556898
97452 604836719
82323 331278010
92652 33736244
53793 49869869
93638 722045436
97326 684988021
83242 574811465
31372 30790743
65108 98068281
93288 647452799
91378 520422735
41478 11696660
81475 468210862
96780 148065643
65875 179924238
50472 104535064
94012 478085448
32503 32055358
98280 301857259
95641 477991492
10972 7294715
48703 173604091
96555 12461656
94268 667490619
73113 70501520
61687 15975779
96595 390780451
93859 56183252
42969 52134041
68930 191199186
93154 575094910
41571 46466731
93539 88782894
78775 198271996
91462 409191221
71841 199042832
62018 245172306
56444 84983532
91546 11691612
98467 110092868
82882 184775619
83298 72278161
34987 98490335
85642 118303385
93309 52762604
82465 562426668
96588 628336184
71158 156872395
50527 132246874
77995 175975864
98452 712712584
97346 195932106
94446 545169931
11941 9551301
79548 55097174
92923 472379935
63601 21582882
78005 221856816
36546 8447780
47594 20445141
91720 464415593
99177 810061090
83262 124095859
85990 351639371
99478 388196330
95794 257102852
29050 54206828
91129 312025006
94573 699773025
76887 106603171
39144 52853164
27016 42052492
93727 234307816
98901 750950996
33046 75763234
47960 191427243
76791 444009256
50518 109434508
65140 221326757
83216 525827877
77269 149863805
77506 70734040
98079 20906972
82087 438212656
85505 263456208
81544 313453242
71020 300573084
85817 13718865
75552 41880394
40997 85409076
56148 214050041
91986 42831905
79511 420468339
85860 379334863
51411 43168151
89151 246920654
83759 368916411
88334 167000832
33682 64259750
57975 180805076
92899 164002739
53936 130913121
72175 267392506
83013 484777748
91684 443433999
55897 32841070
64752 40224779
71773 141292100
65515 60344624
81416 503216751
60019 284256447
61356 18624274
24694 23830270
50604 175731800
69346 22140422
59230 40377276
73158 151575556
98425 678231822
97698 224917355
77902 129471033
61060 179117182
90301 623703405
80761 59282397
67154 169244211
49469 93373974
89383 403038284
97168 573537925
94528 283847698
67231 131729431
78855 286360508
59445 280811488
88386 179361517
96490 519850757
90972 687726895
83128 517243803
95262 731877455
94401 556286225
93186 719579720
95193 219553330
59869 39996277
75462 80495731
86104 264661130
82145 422614152
75003 106894046
39922 4440686
98596 278487761
80359 23086446
91745 398545944
85984 403203061
79408 109609138
81545 92785233
51586 66619850
94822 143281238
94074 314096387
47428 99433030
64452 199367503
53764 74122031
56371 198635795
63038 260863143
98395 661542403
85474 396608154
88111 252921115
66786 10352045
92464 25400122
87257 585393285
60964 72778780
46815 113004463
95560 518834342
82642 219958663
63219 204417574
74255 245324607
54967 197581034
60026 138803187
60097 181351745
84428 17365920
74992 366383214
93899 248797722
78777 416896561
99666 245515921
54231 14423296
68188 187347034
42313 49182810
98810 242057241
81043 439859608
87957 143749660
61498 252592270
27180 32570056
89166 5264987
83121 392478562
48028 36379136
90636 188794694
94880 172500786
85752 537201196
90057 44621194
43431 116735086
58423 49273995
90030 528480323
94693 438596186
93662 78493668
89192 202858863
94338 396320845
81897 136731226
41824 6217582
68880 161272592
37572 28879874
60604 172751447
21500 9312447
44092 125731536
99007 534556644
20020 4266751
98649 575987836
61362 297144086
79830 276172409
94483 571679126
96965 26571333
96397 505515724
87572 498194169
66826 320474246
89239 121194362
89267 185742384
92890 270941251
80734 462342582
78034 330799269
44473 30464328
84748 596101605
83334 459069521
86611 52639364
71874 375950159
86163 274220128
26905 41779922
48993 106256500
91582 40014851
74369 272108730
54184 156941825
84547 349636683
61705 93199236
97537 774231696
44908 136440523
94174 118169722
87806 635884707
61480 308295464
50233 37973725
81219 373385959
80086 22430297
73196 238061529
68331 124110862
75355 60310287
85296 158389655
69220 209078518
80296 330251552
60669 258784937
90240 410311561
92235 541472506
7636 1954356
58227 191764270
97263 580194059
78436 437002202
96687 285917750
62783 7616478
49594 38579297
60573 61193825
76552 69148489
84689 365030805
33301 38142260
72730 44444288
78400 500754857
62110 41900646
84207 336185306
77186 299061132
40934 38409891
96058 271032178
84856 575850374
88798 386475093
71428 97182153
82236 555695720
52506 119503315
79711 147001955
50712 31898231
80321 528366465
99147 315951326
89029 520015465
30322 71196504
32983 50385146
53115 188413199
62785 172118681
73470 408270908
73756 280841852
94243 33946594
34285 76931482
35358 25388086
56151 234425290
70410 118575946
95566 179225604
74747 365110944
97312 492597660
99363 791983216
90999 187210199
77095 123768118
69136 280445891
84805 328085568
90542 500510139
79837 310334113
75136 312013052
86306 165407922
85738 235263490
96688 31652951
97680 407229718
82021 164917854
91576 605193146
97920 476416453
87045 147563713
97770 672465079
46291 18651850
47617 113692456
96130 354579868
60037 25716784
82875 553566832
80643 105169214
76926 96352636
78172 112919749
44206 59002305
98730 337998734
83850 426299324
97229 263164437
97026 703506109
83247 388159606
84850 266080106
91808 416080953
55609 221323345
48953 196470768
79215 43637768
35212 43409083
91602 630871160
90964 670971645
59140 184410892
69814 271332456
33374 30120627
97048 535645528
88218 213795761
65540 154266288
72265 260182328
75477 321616021
97653 495317740
98900 551310981
96852 618628243
52005 38562529
88305 245565962
72465 408134012
46023 119093840
57259 107624042
83560 42128781
97144 351978241
92380 326075476
89211 306307147
76190 218840037
71182 359782494
63210 134326088
89731 432891524
64189 319115314
78061 470004702
89733 268743658
81088 218737531
83393 533733954
90775 370139723
92224 316003175
64993 125447265
60980 170454693
78073 441517529
53961 34976822
91910 561133353
63786 114769165
79354 232282309
91901 286741596
78150 279424214
89854 5254304
91984 703328735
21969 20089685
64103 95510286
57904 410154
91258 558731749
75450 50303668
81672 543233041
98562 290424310
96856 375696956
79556 449283720
93319 664680267
89688 447803185
84664 32052070
74166 93450779
65934 298622116
88105 474110262
37901 97767282
90132 61547726
77491 241653470
10950 8349518
73213 409249490
98671 638414974
33949 583892
60452 71340309
86568 212691620
95817 696410786
91986 339462380
27109 12118541
92329 705576665
85891 356986194
76749 393195706
77725 31995129
74164 121822941
92778 376854838
37332 95335250
66514 91610776
95768 434406603
67908 110214779
89386 625067704
77523 456616771
69991 354718556
92455 325735519
79869 31789801
60192 109525558
55888 185132269
72390 62659517
68698 331580755
94048 103534613
90333 491300773
64690 79393663
76047 349935998
63165 155134054
39969 33238994
55054 95336255
60784 48271336
80526 21155602
72556 322359986
99152 44129331
80745 364139936
78322 257441674
84171 289217519
79756 35404716
87052 255116833
90961 426541464
94663 326280623
91479 253728127
84310 481350304
80805 200454182
78007 27737335
95529 569101640
92621 465466854
39714 103561585
85444 451620739
92755 419644424
89763 400047839
90390 172966754
57006 3988316
90212 540888348
83380 353647206
81761 320613774
82867 382976
80794 287652985
88290 287824817
47991 155727496
94933 475112730
78590 496193043
76995 439759943
92252 384679266
35350 78666166
86691 67495042
47039 36365682
82990 304282863
73847 414224568
78167 416426718
85806 464754452
63538 282749419
44680 30931031
74703 222435880
69412 206481806
82557 232433453
90916 571573360
64246 334172915
80986 85899387
93547 162986991
91014 483717355
57582 96931934
79569 417539432
36348 93949954
81884 407572206
93153 420241796
98814 247747367
84910 551667981
97907 422825304
44688 115931408
46332 44392063
90921 210357046
99100 806445769
83424 24694177
77262 301217141
78927 462134998
17791 144822
55468 201780561
75979 217101350
97923 500396063
68235 127381568
82960 524175881
98008 318707281
23958 22730138
58249 191176172
89790 434690921
72082 401292430
88482 603930910
90111 620091020
44143 38382675
47448 10390258
69072 226235194
72265 252507113
82300 493477878
78886 257578646
89338 576405083
58438 197377820
78928 269088369
88159 237625216
62994 897451
60970 38033256
48807 130955203
42128 55541070
75118 252281425
79786 240682285
36217 81047205
95214 346136044
48277 152759020
96960 291929879
57040 194157338
79029 393487040
74547 312323854
73503 142936238
47953 150833248
45496 61182191
60546 171589739
21294 35670589
96177 409925693
50392 124529591
71755 303031426
82020 104083808
84340 16320478
72334 89335507
76527 389872204
86075 344600631
90825 78813109
98798 27146553
84088 357175256
97300 707174934
90153 307204948
74050 378672489
80230 27254232
67126 358531499
90724 240710397
87418 89451413
79791 361600970
29572 3568124
92089 263482380
99142 128753849
34914 29808425
97270 289027232
52155 188475436
68788 242521425
49579 79752299
82033 49665656
97328 37418730
88522 147843954
71673 373691174
64405 338056329
77422 284052895
39548 13690713
30130 62912462
88372 240530088
76318 284816331
60917 292086330
55432 246265638
99182 709634331
82696 446841147
30142 58977435
78676 181210794
76988 230284455
97507 744550870
98925 712432013
64468 337846851
38213 95831988
96594 672933557
97258 636809730
28135 15939056
42619 52408735
71256 24584740
64765 253220097
31310 67785102
94224 447183506
80140 216676294
89944 590905831
77122 110793313
67300 58278217
79282 112953510
91462 550355990
96613 237159110
70018 272183730
65220 80452879
95340 327402248
58138 101848088
67666 118514526
94553 671553234
81167 156059676
74122 284958628
86412 278565119
32445 86597068
69202 89033041
81179 293886840
90141 626025782
90291 378156104
93213 422271689
48826 96344655
26922 47407928
88803 383651515
79956 391308916
55990 167432843
63601 318709756
58383 107577434
66604 261223037
96702 511031645
58436 34581510
49663 135559384
74875 89085019
85501 521914784
48128 54596088
44566 161373265
62691 316950446
67266 359256431
98246 514731792
15829 6230156
92790 629256662
67027 363271551
94425 673390762
97343 487223508
81565 445951164
64585 43356338
53506 232428580
83358 261851590
47842 89565500
69186 111955226
61226 72405489
81568 361582933
50554 150221367
98638 220132294
98754 365366542
43144 33714667
91273 581576701
45274 42523809
98008 678542789
73104 23221562
98002 535840549
62040 163469651
68736 101562302
65274 285382130
54586 105520339
63881 208857801
92253 632240678
64779 105867875
99614 546570015
86045 142828692
81478 422529225
48046 137828081
98242 21599766
87640 626068728
99491 800754171
93558 604949791
90076 327954516
81321 349051342
92346 461361626
88998 494464735
57802 75289148
75162 298730309
85378 583430896
74160 437739047
97171 607193275
91895 480099696
64795 232324367
71693 142984008
69170 39631782
81099 524632970
87994 609462729
78750 114298831
81000 150981824
97045 31097598
93943 690012216
94587 83691883
76638 33107489
98280 315399607
24099 36903784
67180 156024006
92139 550021142
58973 286349229
83593 361717345
82201 517389734
88354 469084156
89637 218201789
91123 190343643
61072 290381445
98602 669904134
63288 19075261
32412 35609495
48331 157757552
95926 728361911
41278 109529403
94912 38129168
85452 209296796
48400 177385436
79430 349256784
96972 177806860
55971 205780354
74656 171930851
91180 441580114
53280 23980121
80300 503642691
70724 255211914
95848 343897939
88603 236835503
35292 86730560
36844 43702235
38078 56685045
10993 4657538
85852 198463309
42490 122277347
83250 131509216
97639 16006755
76069 478566284
76771 107375312
37024 45073346
98026 288472020
47614 60410415
99231 83680111
93466 535319406
78637 199549640
74002 405755465
96337 748215965
86095 131299183
54857 243942690
58926 271157059
46647 89790176
65631 75448300
84217 502347354
95281 505002352
75789 52615472
93909 384156574
83521 66260689
84882 82185325
96446 696031347
22036 30098774
91842 625005563
99656 231591324
88618 264560399
41266 53994920
87814 322359227
97400 736311699
94579 355259519
79919 472528647
79444 80454746
73029 35070526
90507 440673400
89779 206353286
93348 531774904
23288 38858316
93487 340012796
56280 171454604
97993 156048048
90267 40634411
77437 280098141
74590 410397267
33537 12333680
89662 489674753
59208 230936816
41503 111006326
74212 158868821
90864 329053831
99518 167213790
62730 219672869
50614 160075042
36510 59519128
86010 460789684
78913 46220189
74751 271642447
73156 211126860
70621 268994537
84358 144676774
75028 324367911
88465 158448433
29876 65974506
86779 197997984
83428 489388106
86691 162658687
70182 102179969
94614 453789664
68967 32665550
85414 432668370
85167 12982603
99028 168378876
92928 700088366
74004 33859669
48902 153995493
71686 247725529
72888 341332571
89226 579709667
97093 221555245
89618 84953433
81844 467624194
73738 20663921
95548 197900579
85803 25804766
42085 7554562
99988 126180011
97543 165618651
92804 164099247
54431 72245439
93712 13716658
78181 261318629
74316 302562815
94807 539125226
69075 71331847
98694 170465954
39543 98390696
90034 668161509
60523 86445478
98514 783619051
73864 453731815
46053 65585149
76345 84491744
58795 54426291
80580 79253266
66304 335124559
59056 277905546
35398 77289630
80844 167874182
73321 143740697
72280 243691911
53238 118946630
97222 454208966
73860 44918752
99883 310682055
94564 354233310
70627 387430064
66397 339014884
97893 321567316
89755 65507922
71716 234681354
92600 107498541
98943 416377574
58144 267039937
42256 99027406
98302 511019079
68216 56621361
72802 87091901
67568 366505884
75486 395045830
88537 319347421
82468 544374805
90033 472210849
95004 230302399
68350 4266364
58306 187809500
37513 30120934
96660 641669852
95452 409648139
