-74521 1860053839
60127 4166224023
-96949 8482130901
-11377 924808621
73579 4379983319
-5199 6560499111
45731 7613425117
-46533 3927477625
84837 2652107567
-22793 8893569281
-27697 2707419539
12271 7079799807
87639 1267340965
-2449 8449220201
-41713 737047795
-56003 2032983827
16643 1703613369
87335 2469674359
2499 248525903
98425 8681213615
-69313 9060044167
-20369 9855525871
54401 4982535695
47381 9191313355
-61017 7727568433
37563 2567482549
-58993 5105226043
1297 7003646783
-5001 9239443573
-12575 8704081783
-81821 1306504901
68025 7555076579
77721 5222333939
37077 3757759211
-50243 9671040911
-68805 9106847237
-84929 4277480457
2447 3999522901
-30853 3530646941
69499 8142962769
30449 9328729811
-20351 8934503939
58605 9265283659
47283 2140758943
12327 1917893495
-74445 8173458477
44013 2040866287
19297 9576289851
44215 4412952279
70931 6271832199
93403 7290459839
-97981 9978565495
28729 4311495331
21899 7765485739
94559 940803039
16555 1901376941
53689 247555243
-58329 1825580823
-63559 4220171947
-56609 4545018687
67663 7870120209
-10947 4789075447
9815 8880340169
-30293 3673691935
-29829 4128662005
38097 6896264907
-4257 7366241805
-22155 2912176535
-63455 2391731127
96771 2776386929
-69549 7575154273
35659 6099832187
-79253 6869291157
21085 3007253715
-74169 6700664721
-26767 3085121903
40451 8780254661
33655 2656403941
42401 5200291127
87935 6928600229
90631 3066403055
13539 9452017577
-93685 7503118523
51555 8638247719
65207 9060274129
-64807 2695873419
88569 9615494395
-22029 3975961139
-25139 5976989027
-66257 9648860777
-71297 3171725263
10883 4917473039
44561 1451866339
-31857 8969353547
-82357 1672867051
45475 661856373
62317 3912788751
-12181 1571180227
-67863 6802202923
-27761 5014099935
-78109 719133355
45061 2270719511
-44887 9707078487
-293 7966101231
11421 6133987455
81765 7964029551
84331 4778938367
-64581 6139987223
-99857 3213392581
-67157 9227309771
-69155 1503702763
-62303 6110219743
915 1694615835
14363 3495850565
-71857 2758620667
-18709 9162009641
79313 6898474227
80907 7589498687
-47675 6602152915
-45601 6333255129
92745 9783034711
97953 3769246947
-88293 7042226983
-37577 4060537935
-32737 5401488159
38047 6069573215
-82691 2194556191
-91877 5273539409
-75721 7073847629
77121 1342441447
6331 9325378843
-67997 4500336071
-66929 9310452489
-33129 456966265
-26897 5297088781
-80373 7565244173
-6905 3618833205
-4111 4430352279
-32541 6718041019
-50527 4202077039
75295 7071455289
-21569 5748725295
76739 7679255065
-42091 2450082811
-77709 6654466939
66577 1799397443
70067 4655838857
99419 5897906287
68635 8317448047
-24965 1745382367
76995 1195982473
-21717 8682638701
70397 3662991111
-88361 8547027897
-84769 4956601135
3805 9543950131
-82403 3442527319
-50589 8856383477
56599 6494101471
39949 4660448923
60775 2747030073
-60499 8354659967
15303 9219248055
-91485 3908232569
-35659 2897130975
-97531 5723830815
81383 6892624455
63479 1022793131
-52781 1178249139
44563 6080436223
46975 7637361387
89577 5170870435
-8261 6848718683
-77217 4925780865
84289 1312291423
-61037 5511391523
85109 2225184447
34327 1940961745
-14133 6569483035
13963 1181212229
-56427 1911137683
89171 3525965485
-64001 7729922391
-2429 2012601537
87867 8164719547
-53341 5765399191
37199 8263628889
-43213 5752887163
-4955 8081896331
-32029 8342824313
31483 154003375
41955 2394937571
-99833 9511789541
-3637 7655600879
34371 4012579869
-56667 1348448071
-73419 4807065271
64327 5955560473
65153 6805403547
82935 9099702239
-94097 4984481571
-61237 6955115313
70303 8383309057
-54359 3483622559
-78881 6430498027
-13673 9821741117
49223 6526012163
12021 7362557747
-94169 5702695383
-15331 9552852427
82523 8901803387
7259 4700480565
56137 7145558243
-63737 6728446713
85127 8070149263
-99513 672236089
59593 2498458471
-86127 8561060727
2573 1588554675
-32341 8304331767
-97775 5363692175
-3163 5237618383
-75225 7845357341
64683 3360883399
29713 2470104211
-65525 4547505537
-82069 5067094335
17655 3149038525
35303 6050653273
-30579 1247567319
-84793 3071949063
84879 1734462511
-88929 5580767595
-54373 5961434109
38283 9816624247
-89771 8921850343
-38473 7854383941
99767 1872578723
27397 7054143667
-42835 2440721411
14843 6009005185
-51537 3638489801
-7267 3816974751
-3405 3163233105
-3905 2308266029
-39351 1564957155
-40381 5451083185
5187 8829809411
-18311 4517849547
-90927 6293446639
25971 2111038381
-44013 1143597825
2071 8251743319
-71149 9391976221
99395 6244317485
-809 3057419873
-70929 3401494511
-75103 6055125007
-27243 160335923
49013 9699165799
90959 5233102449
-77177 5277611201
61903 9293598137
-54539 4391258835
-21561 5988326105
-60525 2164321331
47389 2841020983
57859 2115754279
-77141 9474714587
-50831 3678911995
58879 318306299
-24131 619208859
54799 7917463121
74255 7108867109
-73253 2819059783
-23981 6367361255
38939 2356101133
99815 8022407131
34855 3328688517
84335 5458638303
-91321 9927491013
59147 9144474333
-16449 2241095593
-3589 6141150355
-6101 2251399353
77571 1057942861
28121 8704201363
36613 8542937811
-54053 6277895169
-26149 1775321925
-3291 3698515771
-46647 2053945671
59831 3062123457
31361 9065211163
-92033 7842153569
-34933 7471909025
-39993 6835049763
-10073 3002540961
-31575 4767459119
-42677 4865393927
57181 2865106479
-33461 3053703819
69967 1480646673
-83637 7048757049
32209 4781742851
-43235 3152186755
-21251 1272788335
-9223 7366641703
44831 3958802591
93761 2772253971
-43233 3254089913
-65509 7739674121
-64111 2595598559
-18247 5859944767
-84845 5687056235
18005 1091832243
-40493 784199063
-17901 3196718445
-43425 6211431821
-74103 5023329467
44799 4448406951
19803 7763273739
16621 7199678727
32555 5047061395
11191 6871113331
35171 6347013341
97335 8547572589
76659 9943544327
39451 1086834207
-98051 2484952331
-47137 7909240795
-42991 9981874039
-37589 1053765071
-26515 5642243523
-86575 4198025587
55531 2267527493
-18025 9553796295
-16991 1561051735
20111 5756789187
38995 3190724437
39607 6350898835
80351 5910505759
50451 2456094789
-32513 8717791639
-32421 6043885853
21855 3168943895
-53893 7136276661
7171 1130578773
98013 5850703547
-72097 918679781
-45885 9878148541
-97713 1899709095
-82823 477161307
31435 7340399971
-55307 5682705175
72211 6195120513
-13007 1724106523
15205 1392474935
62089 6061674619
-86113 3758815879
-34949 3658381057
71255 6897161775
67269 830481355
-72679 9461568711
-87925 8494875525
32495 2655822259
79099 7997321513
40583 9509981815
13889 8618398763
-38305 2094837849
-77081 4833339255
-72149 4900411419
-63315 5015590211
46265 8217702135
4425 7811496111
92875 6403189767
71021 2050480203
7479 9312109559
36249 7216451595
-69893 8927403603
44201 6669093379
11411 1616480675
-50937 3669924589
-76137 2023253453
-43299 5437587979
-95779 3282192303
-12377 9509284805
-77705 9242014933
23663 5868177267
20785 9386422011
17707 9404427209
-18737 3422873873
70369 2854289419
-79139 5568570947
50849 3652764099
-93545 4911325983
97795 4166147381
13263 1887407625
95327 8656195701
90871 3185186747
-35311 8750723619
28217 2769084663
92059 992743615
60023 3109132579
-16173 2508966223
5451 4288143733
-18503 5096342499
-37497 6691226893
-18713 3721309167
-22187 384131343
54069 9036226727
35889 9800866639
96463 8849400113
75475 8243186113
-34247 9418123475
-20949 2801397203
27099 8810753723
-56345 4278956585
-86629 1524422833
-36647 1688615887
-91949 6160887581
-70349 4725061511
86155 4092133867
-61375 9582360655
171 1395022789
52355 265821811
-58163 6846798279
-75059 8431319263
-91429 4031041879
-48485 6745408119
4075 9108383101
-77491 7209931235
-42261 3407383099
36155 863693403
-50577 6314645781
-23753 4290754973
-30497 3102272577
3595 8253563653
64895 3017595787
78203 4555051753
98381 3733536967
-6367 197952943
179 5735259607
43901 5697690423
66103 3486666803
16615 8556949001
-32693 9972394589
54487 3233398207
-91985 4823967733
98783 6523761695
-26207 8709332239
-26733 6653143831
25255 956008141
-49033 1175563557
-92921 4509511695
-80813 5778171857
-80043 8910193067
37463 6222955293
37951 8326044185
90671 3999086905
70449 4377648383
-79017 8208210013
-61739 506233787
-53323 7017467339
-25667 3133057719
-42021 2479238633
42475 8625361337
33011 9637030011
-77229 8108628431
99525 8704228083
45643 9326512583
-18417 3971047865
67473 2390763299
-82297 8406517379
34831 2370293293
-93761 5051461339
49349 1093573863
-77055 8598469811
60759 5393669843
-61489 9632137863
-65725 6129930299
-68269 1920221417
28431 2630221015
-75799 3571444443
70201 6893426575
-24269 6853452425
-46311 601739371
80831 6789267897
-49385 3785752169
-64021 2649563777
-79149 7652726337
34603 291653785
-38891 2901264383
-27437 9622333525
81209 9052357479
-10925 9508339851
-11113 9298254169
90217 3821439511
-81793 9528028561
23399 4290787929
-53357 9071714797
-44861 4988406941
-953 8030377509
-24985 2039306657
26973 1999687291
61235 4509339477
71817 6872395507
-70105 1556295079
-24637 8939398005
59071 3479451303
16243 9191039759
-17051 8121235795
-88393 8012332541
-34189 1214174585
69737 3403266623
37415 1706541249
56565 875472767
-58481 7211124495
-86141 2873568535
39519 9405829439
17829 7748317363
39241 5749505659
-40753 3048910471
22449 877028303
13231 4896285449
73587 8046774023
74025 2607342823
16635 7370004697
-94251 7658169979
-34433 4430400223
73349 5925591547
-1577 8284769411
46769 8368792383
37187 3536512641
-16653 4177598033
-39801 5022505459
58999 1850200869
-75641 2301328809
-18865 6293221757
38269 3976844999
-36657 9072374687
-87809 1592940175
85389 5949204347
15987 1037881581
-4413 8557404519
5041 3633260567
67263 2849942069
-43003 6716407063
3687 1560313721
58131 2524312399
-24199 7656290511
27491 3637917381
38819 8307600837
34033 497663515
35217 1810601187
-63427 1413548891
61551 4767061051
81653 6762585963
95113 1944531587
-19305 2702068597
-68865 2499067225
24503 9038528531
23339 7117709781
36099 4092135699
-37025 4752098791
-28383 5963907139
-59213 8253280255
-89829 5584126629
75885 7358979123
-28667 7007971355
52229 9547584715
53411 8675799933
10459 3850325215
12835 4159790315
-74173 3240227659
-72969 9493825995
36047 2705894857
11447 8906786717
-44679 4303684691
5745 952005475
29361 2515219195
33299 1589561469
48635 4299526549
-26401 4245079083
71091 5048746231
67817 7100084191
-63713 2324883307
-17787 2803772831
-37937 199901075
-70689 3195476711
56797 1099525803
59103 9432522757
-19355 519995087
38535 1742746649
-77619 1891718127
30349 9134086035
42033 784118311
-50947 707364039
-88663 595791111
53531 3284802937
71791 9126582703
-55751 4385049775
-76821 8899801481
-91493 7869475715
85269 3597489491
-25809 2956813579
50641 5958915679
58275 598722083
-11135 5285844639
-6673 8387884487
63207 5598396703
-77479 1068098979
1615 360014637
-13183 4397419287
75421 5115041035
-81033 3183795083
12791 7651968309
33891 6813662137
93399 1536572311
-87347 5173613251
-86933 4103644351
67569 5830822375
30475 142519145
-18469 4493567899
25543 2518003629
-5057 9427619209
95063 8585650707
-18439 5400864191
-12173 9784664221
92859 8445190615
76331 2000277331
42769 3972340535
67847 2922764763
19261 4626814303
-38221 4736931703
45099 8807847819
44289 3242886395
-22537 6469644175
-21941 851861481
93555 2463608585
-27141 6920569293
18661 3184812683
14375 7744025931
-12669 111518821
36527 1147560283
-81493 6084720465
-39059 539664947
95995 9328455295
43889 2127050839
95277 5197368947
-91261 1738906707
98139 2452384041
-61563 7470909031
-7621 5736745555
58335 8975120467
94555 2893059527
-47563 4899868575
-8065 1298904253
-69049 5132994917
26115 6615000261
-5765 83867767
94471 2026093989
38059 5229779919
16943 1069984619
-87767 1746238779
-90233 5218781687
93567 2837016863
78527 9057439355
42899 6751970487
-76229 5592326391
-60959 4610080443
88951 8312331011
1071 2050287091
82787 4168093427
-53859 4868947287
23837 8808168751
-66443 2876447591
40903 1666853495
30813 6483277123
-63813 2977057679
81897 5365902259
37139 4631143561
-69749 7171047779
-15101 4842777971
92983 9120259567
58329 7908844867
54191 4627076161
-34331 2241822055
15177 5607386291
45063 2573435971
69359 331472311
73807 8182969953
43499 4620467849
-37973 4042599163
32113 9106902911
-57843 9007746755
25151 2777191795
-92913 2530855555
77855 9117993045
80747 8358952383
-39309 5862534797
-53965 6755134451
40073 1537879715
33579 3692466965
-89279 5212204687
-37101 608623607
32605 5350474415
83139 707833575
74087 7875395125
62419 1198442439
69279 3594151099
-86957 5035116829
44453 9540484655
-7445 6096084781
-63059 3691712687
-74647 9123880271
94651 7463152651
639 7199717287
-55499 4937898971
-88901 5260356149
98867 5873902809
-46929 1790975167
-61371 2172800459
6259 1073651291
-40217 4001090171
-43921 5985560609
74235 3642929709
-28503 9333632611
36205 9269593575
-60419 1433965559
-30665 2291458705
-22461 5718723517
69783 7180169849
13915 8078280701
-18047 6879460947
-83805 665968171
-59443 6919527459
-18241 3385494569
65381 898623535
31139 8828655397
48409 6910352707
-2065 9563641373
-45125 3066595953
-30481 5370856839
34223 6530856003
36111 3526658879
30955 1551834353
-41153 9058222145
-13993 523770823
35685 7090738247
76127 3992632287
-32067 5730834971
-36797 4447569427
-31613 9128902681
-30531 3088810151
-99499 5274141023
-16053 6902383979
-4517 4143472387
17001 4294066979
-75793 9048748529
75765 1917517671
50827 3012514931
-58565 3750885611
-50805 8657245437
24429 1273027127
35979 7339372937
-21419 9853970191
-41205 6113300075
25057 1494201751
-12927 9447454463
-20803 1339796231
12271 686556607
74823 4235012143
46199 5975913835
32163 7932449537
-5707 7778817415
-55575 7233817663
15665 2472166899
92959 9762869325
45283 7425289751
26161 8156243191
72411 6162135685
7667 5917248675
66579 4746929581
51191 1883072017
15581 7359431919
-90591 9157561875
33785 4465661871
-22955 7836225455
-87717 3244977867
-53633 8088625737
-7467 9014945055
35509 6699248719
-45853 9859257763
-46429 1640977245
-74143 2177084015
-83421 8641028053
-61567 3148358603
-57301 5019781565
56719 7428807915
16355 1623948935
48689 5652692359
-54101 6007485335
64419 1579277311
-70103 5134153999
-10513 5650515511
35605 3971410943
-83849 4065620719
84763 3576128911
97365 5589727155
40459 5729023629
50131 822859705
22437 383982943
15135 3776378629
-35365 8894126077
99439 4698331715
-88051 3305578059
71471 4280739201
62989 820234287
21887 3087223695
49499 9387694593
-92473 4076342005
5537 7957422207
-30497 9818580031
-76861 3750900157
33411 381066455
77275 4554914277
-63801 2541805855
-35905 8981198551
-14593 2446854513
-73819 8427732223
44247 3595347103
-19021 2066506231
76619 3841536577
40145 1064232287
74209 8787128919
-37021 4868188531
-48261 3151590401
-14591 8018350719
72931 1061499883
-85761 4818039945
-54293 6938423293
-7561 8785033689
-83097 2103035581
-3713 9599177471
-90113 1873096175
-62273 2922107671
46097 4306325343
22267 5586092583
87995 4607312613
55019 3174116369
71911 7025873091
91435 8821466163
16325 5811848995
93531 1359128489
-96653 2051817449
11667 8988625431
-39817 5801157483
-98825 4358708219
-87741 2827915219
88849 7386818547
-8909 4617560817
24991 3670031981
-36553 6847827239
29471 4276988993
-60771 4935414251
-52189 7594845967
-41571 7285494623
44911 7950260697
21663 6462184553
-94581 7245206495
63973 3458815231
-66685 2695921299
35527 2122150481
34597 1249300007
46815 731510903
-29917 1212059793
-93297 9167020915
-29009 4533047895
-94609 1596784845
-39173 5181715767
-51373 7703646711
44127 907692379
-95519 8289955835
-43377 2351485977
-50305 9210056445
-787 1811498767
68515 8666145349
-4409 3191379311
91957 5086045711
-6073 9391592287
36379 9290362005
-65867 9586439927
22805 154414939
-96237 703769453
16785 2188053331
-64615 3644283555
-96033 4174432257
94963 9712955445
39875 3277512399
-68051 9850305667
-95601 5025002303
12675 6496045781
64253 5096898451
-65605 626543107
-78025 8966805277
-21355 8549697443
-35785 1462968139
87123 2595303443
41869 570763535
-6061 7522481595
-75949 4562187697
-52067 7445063099
11087 6553505155
-45327 9343717551
61529 2082550815
83609 1457590987
18975 9085559913
-15595 3715213759
68523 9567438173
-59469 2552935441
-7457 8850678171
-32725 1908097669
-36977 7013487583
74489 1820185103
-83213 8438885893
33503 7099377139
-56529 1872414053
-97341 6728042143
-68085 6384013639
-33795 8475856559
61691 5599828255
79191 8751891207
90589 1475101983
92581 948943851
-44937 9841773161
-89893 4790912161
-87485 2224312387
-9625 2665103705
-79663 4017316747
37511 6489881595
51805 670798435
16225 3680281471
-70997 4865272171
-90621 4759555001
59137 3902744063
17111 8919747509
8609 865050171
43863 1543079227
93157 5091261611
24605 7489786911
-69335 920449179
-77753 3705787277
-519 7080715223
73369 8829170231
-73013 7810927315
98759 7177372637
24077 3298698607
51503 9253325941
-31245 2335304085
19499 6738043803
7231 2791038717
-7753 5173214221
11727 6259717653
-46691 5460020847
-6879 2790940979
-30271 1916193379
7295 439129407
-88247 2053985323
22045 1637690375
83651 7224022689
-75855 9432193043
-54569 4208781259
25191 2595769813
-66275 8958131827
-98065 995394097
-93097 908537803
-66349 6757141299
-57325 4823293105
-15523 7975510607
-33457 3831626639
46775 4034230419
-22257 5933655497
8187 6562487991
-15301 1783079279
-18659 2186830023
-26045 1722642873
-3989 9677704417
-97281 6755103237
-26289 4278626995
-67373 1566643439
88281 8620287335
52447 6721263323
-51731 2893802027
-64545 9548299017
65267 8737324505
8879 9408026217
99303 5130515665
-35071 4956177939
-51207 2002810187
23815 2527624641
-44463 7537658963
88583 3666840833
92783 1926852473
-84475 3403135411
-92925 5409306987
-831 1442549219
-34763 833346895
-57067 1544416151
-38187 843880359
-8399 9034288503
-84917 4764103505
10165 2496757075
-31045 9551360121
-71537 5108261641
-55227 5787964963
-77177 8708475997
-60093 6592504345
3071 4347687703
80475 2790350297
44051 5723776923
83583 8782614883
-28301 7002746671
81829 9211178507
79287 7378442751
88349 8566871447
-84115 2280767811
83739 5046883739
82575 8301394879
55969 4642093575
-36369 1292424607
93717 4335593935
-68405 9177336909
-10789 3189315027
85375 9957325083
-10017 9630972461
84481 1731772815
-26519 420686303
56167 8755309851
-51717 6162357043
-11969 7489591933
44951 2140227369
6399 7736265577
-43845 519583829
-65855 2782500591
8237 7135883883
53477 7652001903
-65777 9650596971
57995 4704113699
-37065 6490961881
35723 9014323671
94607 4591244777
-50901 8276924889
-39297 5502169641
85611 3332723593
-92261 2723036485
-24649 7058560759
-51953 3300986557
19415 9275604555
40091 7601542291
70395 7453695229
79555 819878981
-73719 977917579
-39081 6610247829
88467 1151161803
-67631 9582534655
80157 8849538987
56785 7502443319
17219 3023419999
58325 2396552331
-81417 7523450353
31507 211114541
-81369 3129778669
16591 4469137773
-25221 5934517763
14717 1199819403
-5947 6305882467
4167 4725803465
41839 8857865631
-28577 3612438369
-53495 301133043
95727 5015413339
-36777 6295476683
-13569 3396751825
-25693 4737741535
94037 5626079099
6719 725676411
-85293 2095587773
-13223 7825557491
47501 4424424663
25477 8198773687
-69581 5878723075
-34325 6005610323
61939 6998665923
54625 5049488811
-62323 4013809903
45103 4763749573
79999 2105059905
38167 4133194757
95787 1456039959
46969 5067465511
-32321 9366741479
71813 8502142659
20801 2081215459
-5645 6354980493
98039 6829170003
-63573 4414792439
-50413 5368752115
18979 7890660707
-74619 1309051155
-43569 852411935
-83061 3728286767
-77195 8630173551
93535 5879226075
-41291 434417139
-81599 457799731
-54893 1876677703
-23733 6332728883
-29169 1518089241
-87149 3553352721
-71585 4635900903
-38167 8607720715
5589 5894454567
16491 5217863073
5387 9880663011
82579 2028248711
96413 3898477947
-47671 1638376779
-33539 7971687383
-52981 5761061025
-38025 2630484817
-51337 852873313
23661 8344025763
-98345 9887227943
10483 4631156341
37231 7947305571
-10605 1596990045
82423 4872833927
91687 6269726979
-73557 6762091965
56989 851429379
35751 6340843925
26005 6067709035
72903 709263403
-12041 9358727763
31429 646155343
41955 9547865625
88867 5689511139
28137 8853375295
-26821 1995705111
-52149 8006641223
-67269 5991873151
46331 7050460323
-32347 9994424055
-54711 6602500059
89785 5611265675
58229 9554686007
37625 576485787
-45761 676008085
-99757 4038517233
-63581 7774076479
-5369 4953275033
21935 6416428791
-97785 3787186283
-48793 2663171849
-17801 8189120539
73899 6974547119
58363 7481557765
-2817 8314319591
-6561 4232753045
87187 7194231891
51953 6503591303
-68115 5006073211
-23839 4596345883
16699 145639495
27451 9644436537
-45911 5391553219
91463 6712373527
-57397 7487026789
40453 4906979623
72199 9571632079
-77473 2603497407
7097 8966826039
-87521 3470793607
48485 3253528099
-59507 6879677479
-39151 5610175971
51471 5027161093
31929 2838161627
32687 464554133
-21481 6300279535
73779 9109181333
86735 6018156713
50945 2114798431
31015 8465997949
-80153 7083856659
-32693 9331393343
-55245 6159041937
-42719 7527981995
-56517 5407029013
42269 4964186239
44191 7199309409
5739 2673451883
54677 8742158391
-58405 7330638719
-97203 1007772907
96799 2071372043
87431 6527359623
-65133 9392448685
-95859 7715790823
-29613 6045399577
-78901 2603506267
-95509 6224279473
31227 5309686195
71515 3602608743
-991 7125522259
54471 1732530505
88939 7792520131
87511 8284225155
76439 1644300317
68215 3908978367
40043 7748338687
40165 8750699595
50941 4449076991
-8179 8546740239
-74451 1152069831
-98081 6466140173
43033 1699965915
-66499 5970260499
-34069 9178773393
-34823 8307042987
-75609 9021696961
22255 3151250351
12375 734258645
-3297 8847226157
79335 7563483249
-46463 851783263
39055 9839789357
-90937 1723384407
-60363 3469816331
-63139 8861739495
-15343 4579939499
-18745 5653581427
13105 9984417623
85391 6168299115
18299 7076383591
80367 5416005589
-15781 2059626297
-8525 3119146055
-98701 1617729519
57357 3824199663
17879 9543770921
8683 7985521311
-73053 533347671
15247 7979022667
43015 2955723207
69553 3635942243
31605 9510839715
-87329 8195647513
-29223 2602145183
-7733 4413395253
41831 2174371879
65499 2164322407
-3993 8660581489
-18637 3974054541
52091 4289119439
-91495 8658473567
-44933 708412781
16701 190872403
14071 8169034293
-74003 8170007675
36189 335112259
61263 1369338191
-49613 3599831073
5229 2777905927
-25941 9989863375
5031 8794122239
-93583 2686263103
-53021 5866737129
24745 324628447
1807 2461706905
43893 629681883
-40531 6443978059
-75979 8558597887
-2033 7228291269
44301 3241430195
-93833 1516130797
56623 8704676033
98143 5877852657
-4097 5735645897
32489 395625155
16963 7047772559
-11075 1580195023
10321 2879626151
75005 1845641799
-32485 1841505209
96181 3364901359
-78893 1913913383
88831 8663493593
40319 7159325395
-96239 1057894295
-47345 1610316541
10609 6857510715
-35811 4080834979
67451 9768145889
92719 5069607087
-14829 4502703665
67763 7562422825
79235 7153753795
31415 3549950113
59323 4444106803
52925 6387247127
42777 2665158807
-34605 3556917845
-7677 2674344467
63089 8480315427
86719 6473949855
67523 4238149187
-93269 5141075281
32115 4699553915
-56097 1574084645
-53043 2248529111
-22673 7018387087
-48071 9918031407
53627 564555625
4027 8618419325
91035 8491112105
-80091 2625122543
-95261 2073057197
73341 5098636111
96183 4652871901
90775 6090426217
22239 5963169963
-57179 6929711175
39911 771372327
-37169 9209758157
69651 4646540415
-79823 5746172643
-92183 4468935527
86523 1409096809
-65553 4173007695
7805 6649360155
95495 6135488277
-5393 1649037341
-13005 5415416515
1919 7271097513
-35197 6727339065
41519 9985982375
-72897 4868335905
50827 1629904255
15491 5428769203
-57185 2268825913
59573 8461465495
-31089 3365340275
79311 6698012489
-40469 3415557829
49003 568104487
-86983 7273815635
-92487 1341889823
-66349 4408793787
-58753 6615039039
-12217 8500125737
-90501 3934301977
18763 9710690075
-61589 5179341757
33881 4945942827
-94041 8236928447
-8855 2723079043
64441 8007302647
-30447 2859756999
18947 6634820661
-71615 5673777603
84911 7948736073
37193 2661032875
19537 7766517547
48401 4646839175
28779 9668002877
56931 3744342737
15415 3041067123
-31057 6061431647
-37777 5297294997
14591 1403355435
38793 4517525031
-43041 4505403401
68917 1947813299
-46521 6409316535
15947 6130664603
-6231 6323280763
-84665 1736703315
-27573 684374445
35995 6610724519
-27715 9373536835
-53807 8723434839
82017 1480211643
78369 7034841039
98991 8186138799
-18005 8284984323
-19577 9742038453
8545 8192528875
-84469 1925299785
22967 8265083921
35497 4549887511
-87169 5839531085
14235 5883204289
49931 5366194063
20657 7054727571
-51247 7765406575
-61949 3985316987
-18509 9677461317
88303 981106953
-20893 4227604469
-98333 1546120237
-62321 1231246531
-6839 1544527935
60451 9656270037
84275 1773844147
-47959 8269290635
29753 3862331999
27491 3903883111
-39059 743390019
-15041 9924999509
-33817 7877210745
-33847 9222882171
56827 1945839393
-14037 3992095831
67123 6710376889
88487 9474009019
81947 8924770275
66597 5433511735
81835 6335251109
-32649 403444445
-6441 5919718283
-87331 1028590679
99267 1905386341
-76917 5134801729
40361 3935499927
47439 8995451875
-48623 3836640271
-18497 1035799523
-5829 929746025
62491 9787498477
-73127 4167880023
30055 2852979449
90691 2294053637
-73265 2452556261
-9339 6061809619
34841 7314003419
-33137 3053823217
67095 8057134411
-85977 9964868305
-95877 8799389951
96319 1001143183
22519 9456270149
35619 1650761189
-13029 858901975
29251 2200554067
-87109 3508363759
87433 7673916219
-14749 1671248317
-40545 9544252989
-38639 6386261635
58375 6882173855
-5349 6347904977
-36375 5972490171
15087 2869129815
-54089 3860665849
72855 8774592855
-96657 2059876795
-6981 6721046739
28365 9408722503
54569 5612182447
21191 7315227019
-50291 8136701263
21045 1206301343
93799 804942085
-75893 3459581849
56207 7788093617
-80963 6456980259
86539 3844787721
75473 4609764943
63655 7715120701
-46265 5905013653
9217 3263611047
-74045 9490002485
61823 8575603581
3093 8659869559
76991 5174946245
-69517 1470895131
63107 8509110205
-19275 4084981299
-14629 7700313431
-38785 6191712007
92129 8323025287
-32367 2561475107
-73865 7537309413
-70957 2045289995
66035 7484844661
-10687 7638975155
-16149 4230425267
88571 7609885449
-74137 937864213
43751 1076425383
85363 2098196265
97869 1738691295
20677 5719352387
-60443 8397205671
-23867 4468935663
76555 7639486937
-27913 6093541647
-16277 1387510495
-7841 4696259229
-44025 9410915441
-75029 2199107497
-63119 3414401295
-17457 1791558811
51359 8314419501
76951 9549544713
-15789 5295201769
-71253 1225853509
65155 2115742217
-4367 9314611287
51105 396078959
45853 133253367
19405 7583949987
57675 9995470595
-66309 1740469403
41647 1303122281
-38981 3914411179
58443 9589951565
82459 4755758549
87715 4874244019
-68349 9458546103
-47569 1306516339
-24389 1221714583
73283 6699767347
67541 2476450827
-77525 8863862477
-56443 6039184947
-97909 7895069649
54803 2537233851
81775 8426031611
99903 7413102185
-15241 2478105745
58267 7436500919
35615 9881611239
-50687 3830494235
29535 8984183443
82307 621116219
-16261 8486258967
41717 927596583
-92133 964159919
28353 3884295519
-21273 9213366397
-16999 4331295171
-12621 9713786713
-34295 5266383019
77691 1071989089
-13893 2435076931
38879 8082726561
-18665 5362949181
-59049 7368934327
-10335 3949537775
90771 546597841
83693 7072572027
-12001 5232113597
-86691 9842902707
82373 3396504015
55399 2043707395
97173 7836577835
8195 2766392197
50343 7866231577
-11645 644381023
82367 527681269
-75877 1203390047
67651 6717640003
-75877 3579898925
-89741 6722845571
71837 972847311
-39801 1304001877
-4609 1351579063
-53953 316469607
-173 3038259775
-44561 3667809139
623 4758643419
-70093 2556088063
-63363 6659968951
-98645 1685722055
-9483 1668172807
23641 3909749915
4519 3005976467
-16289 729166875
-30609 680479355
64383 6048183835
62207 6470336365
61661 8653229807
-30245 2956494335
39919 5613152275
-56053 1215865987
31599 9788566461
-9837 3745956435
-23597 4542810933
86665 7904083919
-45209 7827562443
90043 2116496541
-62289 3421848143
30649 8069872579
-45963 1528373299
-84697 4525867875
45385 7467492575
-69373 1448620979
-22947 2896841299
-43447 7989221783
9867 84709437
-61883 6487607399
-51035 2759471459
-96369 3337405409
-70589 7256857843
86715 8020421147
-89163 7740936503
10981 6539894315
40715 7523344537
-91927 3002183763
97215 2512234523
3715 3093609133
-16493 4454771921
29975 7481200447
93319 3927875519
-37533 7053120891
-96631 6453529511
-62793 8342995845
-3949 9351039979
25547 5930481253
49547 3099124507
51835 4049269973
-71263 6969482107
-82287 4319181339
91499 1648168715
-12653 4257110145
60107 2411922139
88727 7164374075
22199 9037927951
-1633 6659848339
9483 4435655393
40231 7146029227
-57109 4597229181
-92803 7952729551
35 8511346231
99669 6706181539
-49661 6919184837
86113 2426721795
-19753 5725529913
-36347 2921520691
-85347 1787016551
86155 5297687699
-65901 9948871181
27791 748336137
-21953 728418899
-41689 8471192703
-26005 2698075123
70869 8785960223
-86701 6525549619
14939 6232242957
-75799 8400407167
-48509 6188031329
-4433 4489528807
67285 3854546891
-96971 3468386055
4487 5075568481
-40149 174977999
-95597 5099697865
-99041 8250479769
-51621 5127904089
28205 7071852451
-11689 1154676951
-79693 3307766243
-55121 4479684889
-703 2689603151
-5457 1909839311
53577 8125153223
46183 549606093
-10289 4888046343
-27219 2768930603
-30705 7275917143
-9861 1417385029
-36263 1100969115
-43647 7224124735
-17321 7702103955
32975 8136932827
-75745 6195677505
-80881 7774118111
62023 8077665677
87723 1458739477
-98309 1187763299
-46901 6382122755
74489 3291658639
49397 4067586715
80863 724799889
57175 4984743209
80191 6612172097
-21133 1183592159
-96921 935974469
-87649 5826720483
-72345 1932313517
71543 4750591253
14371 2468670525
48839 4585335115
-38749 1836187687
-32961 5581897623
15107 8953604815
5719 9436951133
-60039 9551662415
-56509 6768689773
-12005 1110655641
-83917 9295254305
79001 5702817351
48439 1401384013
3263 7124223331
48417 1887548911
-28381 2411668429
-61451 6400095271
-81079 7938639447
4343 4046335249
-20737 2367156335
-30999 7554880939
27583 8726614457
-55945 7309585543
88211 2798930149
-61997 4824283993
-59507 7288333943
54511 7290993361
-43177 6997287571
-98249 4063139445
-95379 4839018707
-99273 1978005547
35141 2383142087
-47449 2845128911
44135 8839877873
20497 4218117687
-2291 8817208183
-13043 6502355555
-57923 5461778947
22443 7960851803
79499 6361891849
82447 7444644653
50695 9677330497
56105 5491280103
41703 4402711245
38661 2213925967
-8041 7166651371
-72283 786509443
-45743 7553503835
-60281 2721092877
-37385 4592738121
-46995 759838059
61601 5625978535
78383 8429622241
51353 4145946351
27541 953855715
28399 675686367
-7189 3419318491
-49435 7047108307
19793 489760531
54083 765675895
49973 6659396035
41103 5025322483
-59261 9264825709
31273 6912194115
-90865 2939407043
81839 1746495255
53281 1388060191
-88473 2715068905
72597 2390185899
-3693 8523960089
47653 4474247467
65457 824424643
73711 3944749251
-50903 7089936507
-62929 1763145583
-56009 5396084787
43831 678715883
42469 5688798583
17411 9283953745
32181 1234353423
44611 6110126689
6367 2121120109
9511 6796129803
82599 2331256919
-91205 7921176483
-45977 7399965969
-73013 977843195
-44811 6444712479
62555 1447987449
27307 2558440249
13229 1388024715
-99181 1456866583
-93129 6473335265
52271 6575966061
-84363 5148346583
90133 2357483023
-3537 251708363
85867 2471980923
47267 9357123869
23681 737856595
-96973 3849155985
-97367 5091487779
-52799 6257521271
71735 6929976603
69543 424488643
67013 6306539863
87651 4623194733
-98541 4667115581
18087 4864006003
-31801 4867346405
-12679 1913182475
-50001 2210709479
15261 3854207243
-28081 1745449533
-32783 9976236363
53235 5977966061
79145 8032501323
-81995 4030885095
-1065 2520806105
1435 3035758973
-72335 8164168231
-16611 20151107
-33841 7781806995
35461 7318668867
-59493 1509037745
38823 6813745597
-10111 2144663207
-48155 1321679131
-83865 8924742365
-12921 4615495327
-63959 1441689799
58827 935756593
-41369 5385339507
56879 9206085879
24683 4492125245
15153 5613222251
-23249 5084775389
1849 2959246059
-20705 9655989209
-35483 6933754971
45223 2770417829
-27117 2796211553
-2457 9424398499
90015 5006136357
-72677 1867880581
65081 664009259
41281 3750385079
64971 4915668311
-71157 7293854855
43947 3720200123
-2409 757302277
39559 3005822105
10369 2772158499
56859 6659948115
-27081 9342843497
-17311 7194098287
-52013 8501929979
88551 6118951787
51319 7803263369
-67327 3436775091
11217 269121439
14061 2164027667
67037 2659450839
-59447 444960391
-58755 7562096783
-71575 8553091879
78435 3441104733
42155 4276969981
43227 5260927071
-7575 4893413855
62731 8642641249
71055 3429425553
-53675 8005987147
53135 9078911293
73993 636181247
-68821 1257316733
97545 6972532391
36919 4496176809
1715 1139688953
66495 9619172971
-88363 5091826567
14463 438097683
78711 2114871039
-30631 6021533931
16333 5673243319
-46581 6397985669
56789 890012743
-60879 7321544623
30841 4317675511
91647 4915581721
-81821 8809651177
3091 887622041
-80203 9065037791
43661 2331763211
56657 9768716791
49697 8936634751
-79981 3751641829
20667 2283821579
52789 6383262331
82493 849137659
-55049 8896460955
-77217 6904017493
-38645 5541231249
76209 3859413211
-61771 8764842059
-80459 6531156955
-61851 7704871275
-79077 5846239483
1575 4928079071
-21025 3042855725
-42659 3327001535
23507 8958933601
27851 7815644955
-48833 4185079815
-15313 4333892259
89095 2459330727
45199 5726082547
-37519 1191271495
37535 6862178355
61415 4390408913
-93429 6802636607
-7313 9606899415
-27925 259889239
-49577 3217081545
15289 8221398667
75789 8097609155
-62877 5400349057
16999 5843010681
-8835 1167923359
-27531 4449779911
-50037 7278654553
4685 1076725347
59875 2482443501
42097 2324347639
-96953 9267861195
-75433 4545262009
-4121 4188000081
-33195 5926381331
-54413 2706747981
58811 7793399747
-2681 8032817079
42095 9921244869
-30491 642115483
-24877 3322024703
-90389 6775245357
-14321 1919924983
40327 9374722739
10203 4396471007
-13137 3109208177
40687 9253720997
-16845 6493990855
-19695 2996708763
-60827 9201284851
-88181 1725876501
79853 9222667231
15121 6362101767
26065 9083958255
-86653 778151803
52211 4436859897
-60389 2424444887
55141 927499255
-48623 7125798367
12101 9214097743
-42451 9867208771
-20345 4493103077
87957 2395984331
64039 4381217825
-9233 788215639
-99069 2660243993
52407 388415681
-2869 786125523
-8405 2537049455
-99905 6076267859
96551 1986566937
-99075 9949708871
-66261 2895181037
-5285 7960184623
59575 2204474349
96979 1354089573
-55591 2386861319
-82757 9898192785
14003 8209223259
58403 2580790489
-62605 6364367653
-28103 8529214903
-72293 6335582303
-48429 8285277397
-12609 5038536739
-33179 2819487163
-67803 3276455163
-59597 4596041329
-30249 414140885
45043 7826626647
-20565 1734994417
-283 572201835
20657 33585179
-30053 3576756709
-11577 2641867681
64243 9877539825
-57369 7453261821
-28779 1154183255
-18829 1541174531
-29057 4581041531
87051 2294012395
80435 497289011
45493 8290660475
-42363 7655949331
-20901 8866090571
-82685 5703492443
-70775 630204243
-51275 626632759
56771 5935353861
-3249 9155948717
-21045 8386494309
-49121 5207849939
-14189 8259929847
-30013 932893455
-20585 2612045479
-3367 7154929751
-95437 5063582649
82667 1392708475
-36649 4256749047
-45093 4035312613
88721 8327757855
-67803 9535394815
87967 4988842441
80823 3578380343
92419 5959971805
92755 1650962085
57775 7818195843
-24631 4792981491
-56153 1892709569
69695 7365766189
44023 6211251615
111 7662766709
82429 8776340239
-53361 7706374431
23707 4598956627
58991 8712870173
92359 4176784931
67567 3283800987
91423 9294486001
-40629 764929967
-58481 8411316981
-99607 2118867127
42619 8717991555
91171 3783458685
93295 4023568671
-90669 7754613109
12779 1048024817
75563 5848131505
-17773 6639007935
-16713 5701491449
-72749 4763568489
-55163 2953596719
43259 514658851
59903 6672582069
27759 3054697177
-73497 9340390559
42721 1840914167
29745 2061562083
90565 6607401155
87505 5776747651
40351 7847639319
-35969 9130823191
-27565 447008517
-65633 4452028001
-73539 3869430655
-19353 4377536023
-189 7841649863
59299 2401468407
-26689 5575802767
-82957 4548490059
203 3745963765
-82685 8315641013
-28669 8082764857
-47507 315199047
-96317 6468877983
86963 6592083055
73069 7821892363
91939 9025307797
35925 9128547311
16719 2533900441
-14867 1966935039
-36097 4620469383
-47895 4020349735
-32017 9678334751
30923 513474885
51799 7493923009
-72737 2689501251
17651 9366089007
-33909 1414810147
-23529 5591553839
-93407 1158218411
-75557 9268773345
7203 3454068683
-12641 2994895207
-17725 7670601421
-97857 2861828723
-4749 2303812329
-84199 3392903599
-94645 1316473531
-19785 5437265245
7739 7182026193
51197 2693111911
22975 600615701
93013 4751305995
89415 4765071583
97003 4385824057
95843 7850855723
-91437 3353051827
-17491 8621867875
5363 877667215
83201 9253978303
-37257 3246448669
-71125 9767846143
-89791 9677688771
-20957 6057517307
71423 1379049111
96727 4687794593
-77801 7865566595
-83975 5628240835
-55093 1560965709
5023 440217075
53131 7269349013
-49481 1627129027
14319 7571914517
-7721 9999647075
48043 5285932543
-91811 4831207895
-64393 5346372031
-61013 9396471725
-54741 2985029809
32335 7740766703
35469 5394394075
-58423 8644722883
-9885 6391835285
-59567 5865519927
79491 908173593
78225 6044611247
-41231 5098997187
90639 5400014349
86607 3454007315
80821 414463963
31739 789024267
-52821 9852396501
15943 7956830863
837 6240462451
33115 1646071095
83473 2260880971
-68899 2860777207
15671 574491615
-53243 2741962627
-43823 9730957519
12255 9320416289
-13525 4781581027
47055 6150747433
71203 645991333
-26043 393879899
37153 575153095
85935 9633403809
60459 2506723347
85785 4012988063
56789 1624451299
-61371 2375358491
-51923 6334580291
-7353 3709396453
26193 8738910175
47791 2190714753
31907 2792418247
64303 1284556265
-35511 1237466111
-79833 7111426071
74065 3660044083
7021 5992925015
-1109 1689679753
17399 2606814285
56331 7180778725
72915 2603035575
95079 7057437579
-8303 817420483
-76239 4665105699
1871 7496992369
-57261 7711574475
20125 9791158875
-8923 7459036555
-15745 2645912181
60611 4702364973
-33873 7136087805
-57967 6919486295
12751 5250323989
-94553 2107452623
-99521 9121869359
-56865 6031347817
-27529 8568899553
4595 1025157545
-94781 2739860503
15071 2842350741
-94013 9678669177
16371 3330933655
-84773 8918618349
34983 1716473699
83909 2003914611
88611 2888435687
52829 6518179007
-17423 6725387443
-47765 6350739547
-61497 6168661939
63979 8109356603
-25917 4425685721
-77231 9164621771
5699 3843733687
97997 7982764483
-11363 8882577079
-96161 7171556423
19449 2067736679
-74825 4036797843
-80981 435042701
75821 6912223999
-52699 9113284299
-34985 5333586171
-49875 2675326547
93483 8173276913
22723 575927521
44793 3349353691
-22095 1719451571
25197 8372643807
93359 8051116199
-80009 8208806725
991 2144852699
-6267 9806897731
-95895 1372856699
-18929 6549531753
-66463 5706295303
78697 5830182267
27951 1638396667
-32483 6492155811
-58261 4796862811
-11345 6310813905
97873 2370831739
-30351 8274193543
11405 9695610859
45151 517624239
80275 3537020349
78885 3500022407
75893 3640319499
31123 6302210993
48223 5663472779
-58609 5306173305
-69913 2806452801
-31407 4948392451
-10451 3276389655
-77055 6784491551
-55205 9847985723
20687 1555397445
-32979 246735499
-18305 2824754225
-72305 3367764109
-16093 5900782393
91225 6335364011
59425 5806031991
36223 2238893855
8803 5211907411
-57477 3604543859
22863 9139625221
2331 2489331387
90587 7820215369
-53185 8404093593
49137 9315830095
-92081 7928897949
22527 5233769731
63099 1405737879
46275 1583874145
10139 7594399937
59635 4205968403
-30121 4227645033
-14069 7654384689
12803 937605975
9595 3086460373
78227 9326247001
2689 3751659451
29779 1281680419
-94057 1436141599
33347 4644544541
91171 8339996975
49063 745343105
-95897 6166239083
-46087 1935831547
58079 3819065575
-27505 6819699081
-94905 5484655789
-45283 5056847975
-23783 9492730247
-24417 2918543431
7275 8922659985
58149 1332169891
-78101 4737649127
78249 507025075
-73733 8584674669
16895 4555144341
95915 2471582929
56595 9763839783
4583 6541858821
56319 4034330139
-47105 5247703447
72639 3477455159
87335 2081380571
-81453 4747395809
-65365 5070438375
-24693 325178489
357 5781682863
28051 5787953689
64767 2295572743
-44937 8233162753
-77725 5220993361
87143 1193907485
-21827 9214616999
19405 9912452527
15815 5096067841
-4669 8306059449
-79505 7723161523
-63983 6723782647
32251 4613021905
-44703 4330895651
-82967 1553607199
-56369 1532157467
29695 8777513669
54339 4950010481
-92849 8867952599
64981 7550045359
-36967 3735433963
-88641 1812913859
49429 2149525919
28915 862848623
66739 7257830889
-91221 6374008279
90025 3165763059
31851 8244460507
-63439 6759768019
-95515 9360221043
32431 9200022185
-46279 899485587
80623 662101607
23811 5210407071
20163 5528705503
7463 3761077839
-46205 6652390303
-56749 3619283539
-41689 2932087185
-82553 2760084887
-58513 6832446757
-13397 2922055353
-85763 9264379595
19075 7173927085
-86761 7891972871
-62897 1583299207
-28627 4886731039
10237 8089617703
-42917 2856884451
42383 8374176919
37009 2274225527
-5991 8090393883
63803 4496019801
14033 6300962815
47007 7160202129
38533 6464875003
-13181 3910251161
35359 8576892715
64615 8999669733
-66831 7169056083
89559 4393274951
69287 9445807821
-87513 1513712041
-60821 1318651831
78607 9398469313
16069 1960446331
51295 2634410265
-22631 2698740511
1357 9457560443
-34661 6437894605
-32525 3432614665
23585 4078596027
-46927 4477138915
-87527 4892676399
93239 5457725641
50887 1375727921
-67543 406939279
94095 4771935775
33743 6547428649
-55961 7467077081
92217 4866531223
-8087 7858185703
-44153 5395588681
45903 571602701
-47117 2025648643
4909 8497023691
97299 1312914579
-84449 9726182077
-23113 4188725029
-63155 9567116495
84035 6461487861
-81751 2133225983
-37719 3465979883
-53617 8997918585
22797 9944529151
3015 6550396161
-53789 2856980615
34843 333690301
13975 306880849
15649 4056220491
24535 2327543355
16023 4515176821
45089 5821978679
21935 6139984273
18313 4662570211
71003 6398660183
23857 474810667
21675 6597499797
35133 6454629171
36959 195648627
18157 911594219
-89887 4217873091
-8071 372229735
62703 1948242777
-41527 7388014051
2119 5709045971
601 2114479407
73251 1840735293
-41583 2931202623
4199 9428546391
-14205 2977066483
61495 1637596891
-43431 6003884455
42683 6999305051
-21401 889699741
41055 9665186059
-20389 4004712841
2675 346542913
2625 8821698967
29963 7705451605
-29561 5886795831
65559 1777812977
62049 1442478111
88341 8335223895
4655 487170509
22721 8354884983
73487 8837337607
-43279 5225520711
-54947 6652266695
-12561 4261936925
-29093 8178829219
-98339 9409305567
-37033 3845758799
-10761 7733357455
12059 2717975781
-27973 4411738779
95425 9310920271
13931 2078680839
-14933 7007352989
60625 5278691335
66457 9597764251
75407 7454875673
43295 3312841681
95189 1870100587
-58465 2402710511
-45815 6085817959
32383 708643695
95011 7866674435
-96081 6204036319
-45469 6288996819
-50369 9745983415
-58523 7593576391
82487 1565863655
11565 5282553007
-14181 9259126249
69467 4629009833
77823 1427031939
71019 5771131143
20981 2622305139
-89585 9448005115
61371 1439713391
21979 240260665
-41693 5037234469
71623 6110906611
-44191 3300013247
-43021 7769639767
-27921 2232018605
95019 6789240517
-51437 298024039
70583 9124128771
50119 7719014699
29013 8408155031
39099 8750995831
-33833 341447855
-29853 429930695
43251 3206059599
-23101 2872572647
38731 545023255
66355 5320957813
35315 7826496153
-62069 5136115251
71571 5211772107
-34977 6365819605
37267 921222779
-4313 5947568243
-81713 7295516663
99517 9989804371
65807 1344302359
66475 1484089691
-86921 6784915805
37177 3479298747
-18379 5166889155
-8529 5644979437
39235 4396451517
63125 9206675827
-46053 973991989
54333 4571768183
55675 2244807535
37299 7435660405
19659 3213166187
9249 6575687667
-19673 5984654959
10707 3613377045
3775 1833436979
-42367 3148729283
85043 3745594427
-49577 7344438931
29881 1763887691
-6165 8489868497
-95753 1160108307
95083 7422761475
50575 7502479715
89965 6494945203
-19481 6728074073
-68759 9630653855
35637 9376204483
-53117 4549588197
-29841 4579130323
90075 5082762053
-45149 8112351299
307 1675085735
40287 3769703479
-73853 534281677
-20557 231122957
12001 5897810883
-59185 8535767441
-41335 6688660739
72977 3598340511
62955 336836157
-79593 6610892227
58181 5707555919
-26411 3012301623
87259 6480570873
93031 1075340771
-31269 1703074939
69785 5355131427
27571 6090250309
79165 2846222795
-31279 1471956819
95141 7627403831
2203 569903391
14383 6662397709
-96697 6068285871
27587 3997677415
-86141 486936495
9051 8465147969
-35917 5399533417
-40757 128261225
-3659 3925331335
-93249 4014511351
55943 7395682905
-40333 2857417933
-69061 8226774695
-30829 9348032987
-14647 7301252491
-41561 7140338611
19131 9645197057
36965 6339624175
-77963 2486969563
-84807 4412456135
59701 4933155651
-6481 5240798199
51965 3409583595
-14973 7279019147
67771 8281507609
-90969 5083008271
-70563 8352694231
5053 1697658847
91807 4537053447
-60145 8480199619
17079 8443494503
98311 6251302465
-66129 4266136951
-11835 7903492963
-36941 8551823743
-49831 4259037523
-11423 5309598203
-39673 8073744557
-49867 4349381535
44891 8704091897
56199 4524303537
-65 2897152713
-83347 647882399
-10191 9526112627
-16779 9794284087
-78561 6542219113
-72705 910450847
-7297 4527742303
50363 8518547183
81299 4850056249
69675 1430196119
83763 3077895755
-83589 8837252613
-22021 9086889861
36335 4677103017
-63595 7339785623
-20547 7709716831
81511 4176149875
52095 2151005411
35487 4509216629
94171 6069150833
47307 2582979731
-16675 4568985959
24383 1783294885
-83853 938706153
35005 6384653243
92375 9976414147
-60841 4272836863
48607 8550456967
42243 5926805609
73375 4154678561
-46499 745884471
11991 4354233063
-45689 6756689853
42255 3789929831
49633 3187513319
-68665 770745679
50261 6089864835
-39115 3634701843
71001 1528330183
24411 5860260299
75281 3316571175
8389 9782564639
91167 7924587843
-69393 6709698109
21747 57541137
-20891 4908902295
-93991 9900144195
-69503 5321387799
64559 8531870365
51325 7207509319
71091 3038061525
82907 5395651423
56697 8908514307
-75247 7839119167
44043 8781980887
21813 2593196735
-88639 5341649283
-52705 4992658495
-12713 7695280591
-58395 7681008719
-35873 7873102001
-56115 1095698567
-18173 4205279493
-9199 6591890211
-33679 8329833051
-75295 7935178743
-67695 8578907819
-33311 419104139
-60271 442920575
59281 3478360487
-56145 466625435
-1717 6597112171
-86755 7481686099
-97961 6658885481
-90299 7675658887
30555 6674441403
70303 2995030363
-39681 8905503115
-32187 7389238231
81143 581479159
65551 9664595547
62857 3077236111
66751 3626374253
2579 1139041727
98117 1625166619
-97063 1163520083
15317 9213467931
74979 5785040285
-9443 6806239811
-83407 2185347759
94787 4076827269
-28775 9175391311
-42791 1405908095
-38813 9204545929
99807 6297357799
-78471 7774683655
32781 6518164939
-4969 6227907949
-11207 415681119
15067 9730773421
24151 4371166959
-22853 1726275827
-417 8989757555
-30707 7365275271
-5271 4426102627
-54297 9022321743
36103 8817171209
64739 8892905699
99853 2981459515
-74829 8782624753
-91745 5532330833
-52405 6359495429
40247 5637225167
-25765 6217663659
94755 9090336377
45719 7793524633
48691 4056472795
-4655 7131496135
25009 1794040427
-52885 5464616229
28783 8684201561
-50665 9414963579
11725 9232400939
-86087 8780897043
-26441 9528833785
28663 2307336177
-2527 677260987
62299 8640536393
-89755 3553496723
-43315 8263946167
86273 517268815
82963 9777739251
79695 4890250893
8407 2313918701
-81799 7802870395
-51923 3324096951
35105 2212460995
-70433 9792031415
-41509 5272773597
27211 4773704791
-39841 4907831077
56111 9733269657
-33041 5841219197
-70449 2360911211
56163 8029634593
23623 8955732649
46237 6664077875
-28561 1054253311
23427 6001217369
75859 1420011595
-98757 5797598165
-31055 3637317691
-85825 4750255773
-93255 5283907407
47599 5267902103
-41789 9975797141
54599 4117134827
-89835 1442998267
12363 2012121691
-52693 3700997761
-82953 5821059291
-90331 2743920951
26813 6862872371
8995 1663182015
-16037 4687485519
97625 8076667803
-13127 5323853431
18761 7969234195
-8053 3503944971
-36489 6591526335
13467 8376235541
61353 6327717767
46337 9112907951
24379 9445797113
-19613 3623022159
-95789 3515354265
25855 3592437443
-90723 9305309107
78291 3915353795
-18713 6113730705
85251 5554718621
-521 6049531695
43379 2509081869
-24205 8218241923
88075 4765380421
-42205 8546551861
-44079 1110505027
19067 700248591
-49815 5349421299
-73617 2695008739
25519 4377299945
-99053 6270346981
-22941 9770038535
-9247 3224532423
-33657 6879564861
-2617 1970303539
68329 6832290831
74607 6432349423
-37921 4214596879
-39181 6534406621
-64007 4134343487
66635 7431486461
99333 1074510011
19683 6083767717
-48803 2019775983
95555 8098320771
13323 7740551717
-34565 3566469909
-93317 2243777843
-58395 1404799959
53803 1090248535
58739 8486441963
24355 5463374957
-72889 6632451429
-39339 9666073955
58919 1910236563
64903 2125537257
31767 8411756665
10411 6305948195
-5517 6885245947
55507 1489536789
50499 182992337
-72435 6355902631
-89777 5531796161
-60127 9883634627
-63783 4450255387
9115 6648054643
87711 8415830683
80235 4421164825
23187 4556537321
-83017 8614015107
35183 326814019
-31061 3789592551
39557 3107084827
50535 5990407177
46309 3921915803
95543 5440319261
-41313 2641124509
-50239 4886974663
49663 7507622609
8733 161045507
-17313 3652082311
-809 8831753993
-17361 7702990861
46043 8897880259
22691 3217821727
24579 2445487635
-1791 5131435607
20487 1426831297
79061 6311684895
-30205 5302040233
-74583 8189272115
7615 3940090607
-19421 9528650421
-13965 1977543323
92745 9384634991
7927 4372501209
-52705 9179338821
-8433 6348428393
31753 7017405823
99425 7520400795
-28479 3093370423
-36257 9118209991
-75565 2072892229
90173 7571371831
-4221 1782351571
-72769 3803641371
15033 2075968355
11843 338926443
50395 3480805199
55041 2349788191
-3203 4343624671
29029 70231219
-20319 895386503
61683 2750878741
49271 9294596935
71903 1058014269
-69269 724128803
-97953 7792597977
12685 1872342215
-19961 8193816819
52585 5374068915
-87745 5958071787
-30991 2986165207
-98995 7776799887
-23569 904121741
-21085 5588096483
-84285 1178070313
64939 7838633341
8183 9756692769
80877 1430444683
10125 6870706103
48829 5305206995
-75621 6824753411
46703 9125384913
-63273 6472451707
77871 1716569495
88537 8672468083
-2415 6245790203
-3659 2918866611
55989 2405291507
-12999 5358106619
-76901 2272577667
77131 9708881239
78933 412752443
-99141 4387694431
20543 5860399677
-19177 7821085095
10415 5842969443
845 5593333675
-69713 2010799425
-48735 1376394283
-30421 449934427
-80285 6016510975
3771 1984392903
47511 8096961557
-42121 6994181763
-34505 5568659487
-99567 3418538379
92807 7817360109
-77083 2589283779
-91405 1970540929
93009 3249148175
-4505 6148842747
-37629 5569286603
38391 9336193355
63305 2010088891
89329 2264953535
-52799 3507073515
29507 1091668071
36199 8759714983
63527 7807478757
-26491 7726544235
64331 8960983239
-33853 2826001531
-97319 3592905351
23083 4093447237
31263 9859017031
27479 8420182753
60199 7299685227
-24817 8809805945
-11345 2070545303
-98895 1016026551
71551 1566514567
65975 9117670641
21713 6534960939
12511 1665349139
-44675 8976599143
30955 5857871905
1525 9489895243
2875 9198950621
64633 3034426683
80791 5687185277
67159 5952698995
-93265 8037521673
-88925 676187169
-86463 2780894939
31115 9195195567
-16195 496389887
93363 6844994137
-76125 1513746167
-85877 8551948153
12187 4684068691
-65243 1624528171
-7449 4083402361
-4835 5322808071
-9641 9717033765
-873 4662915025
35565 5835152803
-54279 9023863875
-24985 967516619
-11801 8048433343
-93945 6604517491
-21489 208699399
-10809 1252016445
86489 2957796295
-15045 2712111085
52303 7567796739
-47747 6487756527
40323 8414305071
81949 471608035
-71865 6598968981
18321 4428070559
35981 1604448079
58021 472071647
24107 2978170783
-58041 7089726943
46903 2609956265
-52323 4461869455
-48153 4582253829
-72961 5213542461
13779 5297633097
10845 9398193031
15829 4041960607
-94067 4135157359
-29229 5597863403
9651 9760805251
-75717 3855780109
-40745 9953954357
-8951 1554631567
-44321 1299810121
38383 9814321647
-28995 8204824467
-63033 9835276541
-38073 9791126353
44627 6900234393
31243 7433763149
12187 6940794289
57187 2800278675
157 9234097411
-42721 5598773569
-71865 6286008235
94005 8111294459
-25613 1986942497
-68021 3448244923
-21443 4197855211
90989 1118799539
-65239 863688155
-19253 4797916437
37111 6241212361
-95633 6015545577
-78169 6017869579
63325 4436430695
73455 5011001219
61963 8361508337
44635 6825803621
22943 1103426155
-48439 6433312087
18995 7949543031
-96113 7784849627
-12421 424292117
2773 1740092439
-81229 4852399513
-77177 1579578791
-4585 81862183
-15877 1326509495
88599 8023514551
42711 5437340523
-28725 3964655539
-35465 9500147517
-96207 8746841031
52707 1832198471
51015 8094687655
-54861 6187809059
10825 6944833567
-12217 5852488265
-69269 5532496719
-11469 7823388107
-60931 5471218639
74497 8502747787
-27277 8128187625
-22473 3857770153
19943 8934481849
-58037 3618615419
-79089 4487617167
-66129 5386884263
70795 2125722793
38471 337047037
2397 473385671
-88305 1242351249
-86137 6131146991
-519 1441118519
38425 3816353267
20641 4784207095
-10019 1310516855
-87507 8044058759
-5021 1050689815
-76751 2936249523
35159 2523884305
28631 4527260185
83099 4275871941
-76309 5030836525
-67439 5153145887
6831 58133237
72775 8610641251
94883 9038674799
52937 2829784131
-80927 4410110499
20697 1010393975
-45497 8199918049
44523 5379945401
83249 9050547587
-97733 5016653763
94933 9526343499
41431 6121754921
15087 446508175
-36693 8223669469
5747 6155948901
40467 4804219871
36723 7363559331
-56581 6777623733
-32439 6358495491
66135 7031290763
31239 3096615547
-79883 8391806251
-23829 786864411
-15785 4410346745
-65845 1515342589
71355 784172457
80415 8939131687
-16161 5166963945
-35517 4273346341
-36709 2294399525
-4985 3547495433
-53033 8094250125
-69091 8961645823
-19341 3823575671
15263 5830131361
-23567 5891480011
44559 2610405975
9281 9379620063
-25361 6716957209
-61835 4046685363
-60349 5196072297
38475 1689755641
18271 5160859235
-64553 4745489341
-42349 9066869395
55135 9947948945
-23581 4526703243
-11725 9268225171
-61005 2856953955
77309 9675008887
47607 1561534445
91575 8515396721
64735 7275597869
-45239 2757509419
-93329 1644337757
92835 6197006665
-38233 9515629513
-41147 3917383339
12157 5784920979
-90777 5564403785
53735 8323402533
-64531 4954752287
-86795 6570619627
77459 8217911121
-4781 2002027799
-7179 3296513267
30429 5930145727
-46609 9403128119
71569 1029499059
78923 6351281931
-79881 4079875059
-48831 9586980523
38271 6550570151
31203 6343660325
-34589 262447819
57979 1147647347
48117 8196382971
10067 9993495593
-20655 3882176951
-86165 7147264019
41399 3698629365
13369 3888488987
6827 48699259
-65831 2813210727
55973 276443599
-81289 4439478699
-2119 9828429931
91227 9204730929
-81137 1957793973
-52211 4506607215
-90359 9170313947
-93349 3714488895
-89221 6374467989
-49101 2718096157
-73109 5031832815
93675 6053665425
36553 4566634007
60823 2962657553
-3953 6832686371
-37345 1781347603
22427 3749244753
-60129 8731428683
-23767 7358286979
-9891 6933018731
23559 2713443305
-15553 5222877457
-39683 6846161771
19701 5932146011
33213 8183736403
-54787 9551437539
-79823 1159161095
-88245 3607981171
54439 5587132869
-98667 8015214559
17207 7320174511
15423 846160663
-6609 32620505
-32619 7658227591
41183 924212179
17035 4724672819
-45449 4836533397
48965 2640067531
-26641 8980456405
-72959 3943232611
-20081 9714068933
72275 671151435
29723 2979365701
36203 1670793101
-38619 1104280995
-84443 8892562535
91139 8262771861
59207 3372747441
15031 744271533
-59211 4678498483
-97399 8552506067
70263 6836750203
55339 5568037575
-21561 6662819483
-97065 2701419001
9339 8386030551
-59679 5537135243
-1345 6832266421
22129 6435594219
-48241 4186188733
-95465 2864640199
79755 1029814951
-73015 4578666579
38691 8258265883
-80281 1943048869
-4521 5209416073
-83485 4799843675
73485 2463289411
-35135 4273499251
-51377 3385702001
-56193 3950638949
3995 5110093251
3743 4236711575
47001 7476795715
-72713 5826989955
17903 6209380649
-97749 7470025671
-35071 5406346863
52471 6989440091
82087 7258218141
-42897 5136254913
86899 2661536047
37359 435608097
92115 9474488601
34179 771450197
-34923 6418811891
-49881 5770942005
37957 6895203219
-4435 8337186523
-39081 4664534137
79461 399525495
83847 9410501753
-81177 1178820765
-81187 3345035151
32595 9211719369
-48383 3718049027
-39797 9125338901
74119 6566663579
70571 1538709061
-36513 2317462417
-15797 5798984429
-3679 9577187079
3833 8476332451
-6221 3452252477
-69421 4476386837
87137 2655896511
63803 424196021
10201 4770912727
31103 5512614177
-79349 1453933967
-89991 4227307271
-90599 6322809155
-19305 4263117439
-17309 7933646261
-38759 2675353215
-98897 8424568373
-79461 5136704209
72163 5954684131
-85669 9761181993
-43997 5672274099
34969 859720951
18807 3481433269
93963 7338032429
-31441 1720604905
11493 7814689775
-30793 1777465267
-85265 2526084017
74287 4795786895
-22699 4591428111
85543 5172075367
15499 2317806873
-37675 682997559
-22621 2558491323
-89909 5101432099
-80135 6613518479
33041 1825717339
13973 627235735
-57993 9290110793
-32179 9593717851
-50593 884382063
64871 9096349243
-20187 7835964959
70941 6539828903
28173 2544529339
-11677 6737949727
-35207 7686186443
1379 6148956915
49913 5224805079
5247 9909405443
25215 2981046045
40879 838124119
88199 1622013639
-35837 6023790035
28759 7134304241
63091 1239463037
35683 4887845255
-77933 5495667843
-62491 2039681319
-90513 3373014201
24895 2382612861
1663 1950754755
-96155 2424758815
35243 9529810885
-15581 7985663331
34719 4586305143
-17293 1986440889
-91727 8807106483
-45837 2222776803
33393 7694402951
60383 6346559269
-51009 5655213289
46279 2210320375
60395 5609470149
76551 395661445
-239 2894802243
10831 6097238287
-11537 2703807077
-45045 1454053785
-89821 2784431551
80705 9363377679
-71713 1100619927
-44077 403967275
-28801 470639245
51931 8778538601
20275 1151415355
-9485 3543209645
65089 8149092199
-61285 9799928229
54547 9940797303
-56309 1322722221
-65843 9154834851
-55439 679636187
19775 6173986093
-2483 1854268951
-52939 1634282159
70141 610151895
-64677 2124484479
26703 9308251941
20323 9239541719
30577 423721211
-91175 6869541987
61819 4448630031
5477 5879652879
73755 2967020981
-95127 3632026007
18061 2608274727
-93753 1818073671
-43273 8437824379
53869 5921982143
-1021 6756925695
14023 3282203079
-80173 7441604967
67929 8815524507
90999 7799141363
62823 8434736097
86035 2645901163
35735 84228371
8883 6953559541
-2941 3843331961
90831 6522364951
39819 7005454907
-42877 2334026167
62291 956975521
69215 6191484249
12731 3443373637
91595 706644461
43443 1840183135
-94019 1906003463
98695 1406680659
37345 9264760727
-75471 9232690687
52055 4333849483
23543 4341509763
-34631 9876001571
-59013 1467622765
-38357 123666577
-13749 7751230667
4043 1374186643
65683 3128693861
-78997 9847648489
59967 3568422849
-71139 2709464151
-37905 4507131195
-60981 6291368419
93957 1700830043
45479 3926221243
-87983 6070555035
-54431 2194239091
-55265 8267216775
10267 9207211653
-51833 8645121021
-62605 4389019453
-73947 2391746363
13911 1029034907
-36971 1401089191
70149 8069443855
-67093 9158291095
-47051 3859345587
43691 192453421
-69553 4793022359
-83825 4877628361
-5845 1740326767
-54309 4294654875
-62815 4437085323
77389 2579081207
30475 9953260267
-90869 7343190217
-74981 1248926647
98759 6694550037
-78831 7664147779
-98923 4626548023
-87313 1752054473
-67417 3964607705
16971 4463777905
29163 458979885
-79317 3494077597
-86045 721792257
-20075 7956682519
52455 1490781287
-47943 8606433783
-53269 3761768175
-23267 4225441007
18613 2612410019
-16851 3214609563
55107 8160791261
1429 5125563051
36791 8599157599
-74573 4558672881
5101 8847661951
-11643 9280892171
65567 1847984079
-34301 3185587155
-56897 9879870191
-91699 8188417447
47695 5696139307
71543 5078363469
-85019 708295231
-71337 1839252311
46523 6066678017
11315 1923689369
-22021 9001724575
-2329 21648611
-67249 7083984101
95333 9682946047
94385 5186316651
-91837 7583427739
-6757 5718594121
48673 974916943
78257 5449950727
-34583 432307859
23177 9501445675
-95693 6246322577
-22461 6069244569
-44213 699352381
-68309 5493146629
13051 7936803023
-54241 4938233817
-83633 6227629271
51689 8165503499
73813 1052811227
-61307 299371811
38315 3945451237
7711 965796993
-17501 3873649613
-82005 8746285533
39423 5192291879
-66465 1354033707
87491 1657548709
14379 6116773571
-44513 2874977375
92887 8783903533
93579 7868035479
-69673 1912738143
66127 8849427857
-10317 9780698617
70139 6812335389
19111 7226906541
-42153 405702595
4679 2870463475
-84365 8325689339
-65725 1234171945
-82635 7063033543
-15155 5879112411
-67271 8399658559
-82237 5646088149
49579 5720202637
11065 3166014887
-38869 3724494571
32027 5557183021
-36509 8080174061
-76999 3280600039
-64437 3571716347
-67415 2504631215
-49853 9694860503
26929 2847170731
43931 9065761693
-94831 4198183411
-87655 5007848755
4307 3804592977
-18357 4334814749
17291 982085375
87845 3460040531
63443 2485213825
-63081 5425008279
-48769 1381910341
-73801 1362355037
-68669 8203985539
-33487 2970536523
13143 8542557059
6991 1811966237
-31671 7419274343
-85557 5367675161
39859 9356794379
-78341 6246856189
-78665 6383800279
65205 756076011
-74845 5261335205
-50393 594557763
-13093 9032977451
88421 5971147535
99403 2048067707
-14345 9059606661
-4573 5195878601
67011 7139926505
-3821 2498345337
-28915 603690935
-50669 9367771917
70623 8529491365
37737 6803451775
10471 939765425
46789 6166741951
-86873 8207647841
45031 1352360809
-87045 992898927
-55189 4689695735
-74627 6344740783
62143 2953651011
-81777 4734392643
1759 9728137437
76625 6986484823
-28273 6618120487
75935 904431957
83659 6971247357
28965 4356672091
37113 416277147
-19397 7989454743
1305 3285484519
-3839 8163418407
-83019 9876737935
59455 8071156041
58123 8657630779
-70631 3588498379
69685 8216567783
-97449 7811175331
30865 6074522591
8019 5181972535
-87569 8495484571
8313 5816528283
9363 3486993329
-67457 8310711493
-17807 4592587131
25399 3166697509
38923 3013137017
-28795 3039662479
-88047 5472901583
-10371 8906440223
-20857 6317114529
11461 5029600879
70399 8192721217
64753 2010864287
7711 2927007391
-28459 312579075
83955 475755963
-83881 4451966793
-6625 4229357371
-21413 9616487707
-13677 8115427885
-89013 8711861057
40695 5254851793
7903 9802716883
-74257 2648771973
-92301 2497630083
18839 2393919153
-35065 4134704007
29783 4662899481
-25805 8584105007
66201 4533231247
23851 2629070723
-76661 9451578329
56759 9143761845
4491 9786110055
48939 9753333013
-57397 3208893059
28073 2650350483
-51169 6130123373
-403 6948659883
-31125 3452483165
-84503 7927652639
1311 3303056347
12279 4070807837
46275 5962011631
-7609 356465693
-88029 5226291381
-2345 8664119889
-30027 2795557743
27325 1495497783
-98587 2680697267
-94461 7621874209
43141 2428821967
62407 6621490749
-42617 9076895489
7983 3537393535
-36889 7344962329
-22713 3739200495
-6135 4425987807
56239 9497420583
23111 9482345873
59345 9157541371
-77575 2598053263
28819 1200430907
-17807 6525421719
29823 5507316895
52341 9289729259
-45717 614654479
74061 351699279
41063 2851498385
53189 1412084947
-99745 3773929619
-15225 7353584239
-4975 7758750871
4327 4932211147
36959 7216628573
11955 3363292163
77299 8543293785
56959 6953449103
26207 1532979793
375 149672135
98599 6256412775
-39057 8381287247
20031 4716117309
47895 455886435
-72371 9181502287
-41669 6422926315
-97515 992626319
-25737 7833493113
64045 5228562259
17779 4218192437
50839 7974430787
-94901 921208263
29203 5220713701
41347 3648169539
69515 7744085069
-86157 5955351843
-91753 5544375331
34105 4160982255
25167 8977779773
-36881 209304255
2951 840258589
-2949 4668022049
51583 1255464923
85927 6974906501
-86467 2757874479
-27025 1702866163
-99693 2546905503
26035 7673652529
44183 9503512905
31923 8215449665
-64373 8919398973
99281 2864527279
-40011 2790604115
56983 7859939397
53945 4771315139
-7971 445187223
11595 982745071
-45363 3255206643
31419 8022220331
-84029 7207497123
-98327 2814926535
74321 7818530867
-65487 1950372451
24203 6934693305
65903 8321992839
38907 3207312343
-28533 4528620641
-77877 2892837797
-72705 7907391399
1343 2795272963
94819 1269761337
41115 4603630811
-24305 1173200673
31103 6686353187
29395 8938164687
-2537 5424638923
10079 1382750299
-8501 7625287479
77187 9602372269
13619 4473208859
-37961 5360841715
24327 9565832567
51997 4061511815
-9433 2015088359
46983 7306352275
-74989 3706713779
23953 9739089691
90207 9296911327
50551 5249714993
6079 2379374809
-21289 156918203
2451 3612712587
21415 2696629633
30933 9474662775
33439 8417295923
2455 6572800013
39659 7705406891
-10763 30723391
24311 5526831965
7849 2618803403
-99953 6519651017
-56899 8993019303
-23363 7950858039
2735 4316793665
-60841 406821693
-22025 426872067
-31901 5990445491
-36869 2363716259
-95613 2127810195
-7653 1954478981
-2323 9639787739
-32977 9678702509
2195 7210559881
5897 4851794307
28717 9084036919
-48553 8824621657
79953 7478388259
2389 5528242079
-80543 5335735267
-78189 7077625621
50113 9705836947
22695 8750532257
30053 7845509095
24977 5951984595
-11809 8645073321
-67797 8544917461
18923 4673151763
65807 5268576601
17371 1759480073
-62277 3125361813
71177 8349112163
17119 4036634439
-46957 7264457221
-17829 7711046951
42441 6615752159
-64781 4848035717
23641 313717135
-12829 8588652709
-24045 3795414007
-10483 6614709319
-12577 4028368345
98861 5034234171
9667 2361224477
49889 2901754967
27691 6782799321
97393 2380404583
-95759 9165718643
81995 765038537
-67751 2981696503
-82065 8632422531
83863 6974561443
25811 1943564479
40703 7344395517
-16039 8585259459
-18193 236379019
89015 7192901807
-88521 8431531031
-22257 9000424821
59203 7759625243
45197 7073994479
86185 8814008503
34235 8181998461
18539 7883082777
54213 2832098503
-90679 6585760187
-59813 3562488331
-79161 5602752263
21881 1551817323
-22507 7076814331
-42039 3848215155
-8895 7989032875
-80781 5334206881
-29105 8220266131
-557 9341091913
82051 7644039833
22307 4871628327
1439 6729921625
-74101 2274731297
31143 9758947067
69737 3342125963
10233 2457134435
81025 4989499055
-51015 2544820523
-43573 9364343829
-71221 8265400059
24983 8035078145
35821 1784955119
82567 9731263471
75867 8406650957
31519 201733223
-86285 8259230159
-4231 1700533619
-51563 8682947931
80093 659813871
68195 8456055019
-46625 1551366535
70259 7447213529
-44917 2602916435
75999 3813082591
-80881 5019080923
6071 6181050873
11691 7409548385
-43685 6890501657
-57489 9354380879
37631 9010167645
-79475 5379867295
-4431 4452371307
-82251 1797360495
79971 519766695
-88661 6557385259
-18641 1045360575
39743 9113594721
-65457 5992184717
14059 7459737295
-63189 4803998843
91777 1000283931
27611 5314620049
-7987 8026518495
-3647 4231672315
93327 6354759497
-95235 6475839851
6811 4306877675
-96541 9269606347
-10079 2994789291
33323 9626831855
-34743 2277173055
41431 2358033731
63261 370964967
-45331 9807560547
-19481 2138675847
74439 9698168299
97907 2098024467
-21933 2856891649
-1111 6046127403
-17273 2383873359
1993 6142656299
49707 1230292765
-63601 2663334381
91147 1953803607
1857 2557459203
-76813 1202216005
-87625 7301734345
65913 1287785815
-79545 1724868435
-17487 259110427
58549 8497569847
-15015 4390048459
11511 2202060003
34393 3382282623
92075 8267780239
69739 7645522445
37295 1941490445
-35417 9068112337
-79351 6602237091
17965 5717384423
-53367 567378027
-81549 3218532301
-76161 4722321215
-23549 4087396865
92339 5530872271
30211 7349403959
61619 4579814613
-69279 5545003803
82871 7435321123
-54415 5133462883
29081 7995402555
-46445 2891508185
24989 6273301087
-52769 5675705701
38789 5158974559
70655 4252304383
-82231 4435516459
-76949 6917001853
-90921 4866582047
7743 7921673425
-305 2592489997
-30589 117191795
84863 2921052999
65649 9652795011
26477 8330456583
-23677 9876493929
-60283 2265223083
88651 4076094167
91681 6461868879
-62027 9297441139
83441 4006949859
-7975 4420335623
31729 878561023
15283 9643567023
-41075 5436198783
-23597 3857806629
27407 7583928351
-83717 8669967065
-80669 6333642271
-99989 8042945625
-19965 2249222107
-85065 4377337091
-53367 5041918247
-89411 7639204199
92947 9951916481
-72345 939880559
-85809 1949371463
-30541 7793127319
-24269 9164996057
-31841 5219857421
42491 6192712353
-52171 3550702707
88907 3330197201
12619 2219756223
5489 689570151
77301 9860792195
-99213 8165445533
-67389 5622503029
20591 9470589531
-99601 8691415907
-27451 4573541175
44289 5217492859
-359 7988057983
76737 5382443491
85707 570341521
45179 4998023827
-33833 8845936393
-20721 3253180097
-2587 727892907
-80279 7826319631
-64813 8350867849
-50221 2784220965
90593 5116694383
-53581 7712773657
94663 3230369845
52459 5193894171
23353 3836825199
-11465 7618599031
-25023 7976617139
-40653 5710566003
39479 2796045635
-55105 1061903691
-10961 964300343
45439 1026098849
-65457 2669755019
14483 6791319829
14905 5004801691
-2809 5241852961
17679 4550006085
45767 6097085123
31647 8193203163
-60249 6919910369
38055 2127780193
50415 1444147717
-92269 5427228515
-34401 5148008201
18783 9440803187
-88205 3889324547
15339 8490578829
80163 4285935691
13147 802845677
94049 2607098631
88895 2551562157
54923 7460176309
-84905 6013052383
-19237 9465639445
48565 7604678247
4123 4114594891
87315 5333405941
96469 2161653635
4863 1200160081
-95575 5876430279
-26377 2208798325
19745 3715663911
59763 4228620499
36623 9684465249
-61881 9803707363
-81457 6517754843
11411 7192917319
3831 6893275265
-64101 2551784477
-3979 7412316495
-84457 2257055343
-39841 7598003519
13715 811702421
-87237 9110234181
12417 3742862103
83463 4303886237
4469 3478078631
23615 6968264589
-47725 5621546365
-97305 3409072591
31075 1890171211
47037 2200536107
90017 5850280759
-94661 8129998389
-15083 9846953891
59523 2767820639
19469 8915035479
94299 3135523543
48853 3713748979
19977 2306497707
87651 3735598775
-82751 8171579255
97539 7407612637
98297 2507500183
77237 8601569243
-88367 9674051135
-98287 2730587459
84391 3345568749
-52823 8410705519
97363 6954710081
-49437 2038022405
-63969 8685986381
90815 2828969119
1533 8094548915
-96515 7419136775
50851 8547641379
-2301 504126969
-44865 5281026347
58787 8136796663
66535 4260764985
-99049 8465978085
-86829 5647430281
-58225 8859958933
82979 5439853519
-88227 2315961835
-85255 5882199687
3525 4708898179
-6493 23781377
-36349 4572685761
42135 305180103
42703 2959207123
45387 2021607051
-15937 202418377
25339 4033339465
-38737 3414032253
-76201 5737456301
96611 5829328637
-86625 7613356651
-83575 8210235283
37735 9748913315
-53765 2818359713
-60505 8490033923
54137 9013605763
9631 8926176943
-72389 7541220951
-85479 1965004479
39023 9393464295
-26317 9372188443
-90483 7967198335
11827 4033848231
40931 2759075221
66463 2386489007
-86913 2189262497
-71915 542001615
-11735 465571747
523 6556968865
-93451 9483345987
65789 6266198355
70995 6552422503
-2245 3001185255
-55405 7725261993
-57305 631389407
59771 2324050933
-89001 9347179189
85731 3066962925
42631 2000330927
25691 1581083865
-8613 5685650355
66235 9121399397
-98123 8781404207
33829 4123701703
-193 8434451079
94943 5009976991
-57467 5607439083
-15099 7983164207
47415 393320031
-29285 5860657955
39331 5308042753
33275 4309272777
-79197 2202122709
-33857 8161604833
15535 7478843503
7879 4298733137
47841 1766089823
8741 2849643799
-17067 9327957167
2175 728557011
17255 5734589653
-59265 3792126383
37651 8117310069
44099 735122761
-30511 4102940831
5629 5455781911
-81897 2709255345
-92349 2066964095
-28317 5943016391
47927 6855278713
92785 7627324575
-24711 6042684763
92033 9716035663
-22407 9632403503
-93061 1722429505
25523 1874668477
-72199 9556664323
46207 1364773415
90959 2428454337
-17965 6580530715
54827 6983784185
40027 664140773
-73017 6274320527
26615 5783805403
-33113 3239941467
12239 4506113571
-51735 971341039
84849 725104735
-73733 885425105
9095 594663085
99973 6324496331
46613 6282396219
-29605 2526503445
-4317 8489145407
63255 8209149363
-58509 3041967631
-23191 681131999
44043 1570152113
-87191 7358479035
-85473 9188860891
-1927 1546109107
-59941 8128761323
86831 7594076749
-88401 1201524901
-13765 9370739683
13533 3418996759
-21427 9073558215
-42779 3115317363
-72117 6748399495
14919 954993167
-49473 1088471383
-75147 3887948699
-24401 5339912557
21231 7814282141
22423 4913088837
64443 3479324793
-3335 1959504695
87711 3000349719
33209 2885624495
95713 8534549683
7259 2915697473
47329 6227302183
9011 1657784093
66039 6845943913
80463 5406228693
37835 2619348405
-68477 3244809157
-65757 2767049155
80749 6346731767
-27481 1506687283
29491 5432745065
-36127 6523741735
11623 5513633427
97023 7059939773
-28589 1840871349
-99359 7222093959
81535 2523922829
-19555 9784368191
54367 3403914053
-53351 5679262399
-57595 9848294671
-36535 7561041015
-27239 4467948043
43579 2349996457
25853 7252173655
-5537 728069681
-89751 6140857319
-76989 8805897543
-64167 1943592019
-44069 5238775717
39623 3750868027
-90469 5684831693
-37341 8994633637
-15697 7524053195
60111 8593828395
98035 5440937223
-2637 3272685853
-10247 6275765955
-61233 5555879699
-40821 8308363641
-39057 5846964857
34871 3603327973
-84075 5593469003
-37737 5084427631
73191 4498985767
23935 2977779781
63169 6063751091
77395 9128854461
-91221 9225725135
-20181 1758632481
25861 8834593651
42877 6306186507
96217 4339804091
58445 8079593831
-45677 1871293791
34727 399708863
-85701 6495921533
21099 7331078813
17415 1884552155
28963 5872456649
52683 1567451757
-24509 5042115963
-34521 9699048467
-17225 4218526521
14287 7153210283
-24913 3562461705
43759 8743144929
37031 1035619069
61439 2110096909
69115 383428825
41065 4866210147
-93021 2259594449
-84357 2428160957
47583 4358555457
56259 7826951599
-29857 1712368641
-75333 9188856361
-39041 2365695399
72727 9471067911
74115 7831870699
88803 734099651
76835 9183413107
-34791 174946627
-90679 3414784763
62899 3188925769
56463 3747784251
61543 524108759
46711 5276555095
26161 7635003859
96721 2544317163
81499 965163301
42235 9206483865
62233 7151020651
66541 4592056183
-26075 7152375999
-25569 9528611457
90619 3382762243
-52027 9903594483
55935 2770361313
-69459 3701039663
-31687 4095393859
27341 2580772267
-40109 3858932745
-24317 7151849371
-57591 8243952171
-941 4162640723
96121 2402540343
-50221 7311252229
-72461 2974507273
51245 1980998407
23907 2122664055
75137 7221976279
79241 4995686227
68431 5803211433
71751 7496338927
13463 9097077009
-50395 7592253883
-45989 1495234451
-85525 1565635829
-59563 9736645531
55783 5211232317
-7425 6605657543
21257 1639112311
26603 1206030687
23911 499930701
29695 829643171
-14039 5335114103
61135 2475220053
10231 3716104929
39319 7740182469
12375 1984187383
52403 6748713665
-50887 7953455307
-23683 7808662251
-38285 2778516763
39319 1682497787
-91527 1226813075
72869 616320463
-85897 5425955823
71069 828845019
5231 3082317233
-53873 8900547373
89531 8638213053
39573 679625031
23507 2191020577
-39973 4080677185
-86069 7617071203
-58217 2688419435
-7345 3077213187
18675 8236209661
-65877 6697632121
-91517 2623946297
17737 632662315
-81695 4335237307
-64759 8892277975
-89987 8532655235
71141 3783503695
49821 5006985039
5585 911747135
-34665 4699117539
58027 823245855
67925 436547835
59775 1670778615
-96837 1286318567
47659 6251433055
34143 2015951519
-69399 6705567123
-20965 7004060313
-62881 3345033837
-16231 258313711
-88915 3762448023
19239 6140254315
23687 9441755457
88619 2189071277
34091 2663159161
27261 8281878863
-13637 9989464485
95075 8042951775
-68421 2380860821
-32375 9171451347
95767 9106803503
38953 1508527783
-20637 5262701977
91363 5053500947
38061 505526655
7275 5471984141
87195 6087840805
22083 3125969149
44337 795195195
-42315 8054568431
25699 7858142781
-64269 1173811393
33691 2008164941
15827 358867051
-32583 5244132343
-64415 1013601199
-55557 3964865399
-83301 5357632153
7947 44720911
77639 5773490241
-17215 6690793903
62821 377039835
-83201 7748497775
-72337 347817093
50701 6823088375
-28785 8959947933
-74699 740010367
-72799 7552592823
16687 9271477441
-89209 9565874225
47881 5565099451
20399 1141706851
55707 1738340629
-74999 3661619971
21587 7547123433
90505 7528113279
17765 629483351
46595 9473471525
-94977 7614486107
-72177 9001466779
69629 6723971187
-85913 2200720161
-25601 6563686999
-50259 7694670019
-44491 4316863911
23509 5826595839
-8559 874906971
96965 9910162123
-35329 4391308435
1799 6382047113
57197 9083111931
65395 3927511231
97019 1053448021
-51829 574753315
-95725 3756972029
47803 5838600077
-87843 1853297719
25353 8465735027
-33307 4451080151
31907 929279901
-13013 1195740379
88963 4021377377
32185 9196223391
58631 8692501135
99409 9423630359
57903 4268319649
46795 5756026097
1105 9625868991
-66593 8785215347
91939 5459954015
67349 4174869323
-41465 904953559
-85083 2552653743
-14435 8633412647
-73575 8706173663
-29323 8100533447
32383 6747489281
-36637 3356799933
33667 9778874327
-71955 1466919247
22219 4277398679
10635 822880729
-99725 5721497853
-12181 3264596155
-5635 5213327767
-87783 9752677651
-74629 7838004469
29611 1262125929
27361 4042343727
-66639 957759607
-32417 89974881
-39181 3806938915
9807 4150070351
-95925 5247641073
-29393 365773477
34347 3994201423
92099 6551715409
-91753 3692413813
-83769 8471186023
17373 205202831
-24629 6425669329
19675 8191832321
-63057 8396377893
18463 1798491411
92873 3926336407
17061 5328329599
-18213 1126542043
54575 4523022117
-42281 9988407071
86977 6501223063
-5485 2183557745
-7473 7744926941
-45295 5670650059
42229 9965032879
-9353 8921507013
45875 3625983231
-59667 1654456427
-14969 374291005
86667 3186648793
58535 8597121919
29803 7934242459
33985 6750659515
-3691 6708945663
-44537 5924128311
61707 473070899
-79713 7861423939
61749 1723573615
-59685 8749139625
40521 3455623475
-58999 5458294307
-28163 1112055383
96269 6879899827
67587 6566797063
-9715 6190865723
42567 3212165039
2663 4473558809
81007 6850728039
46039 7242338491
-64617 2456656173
27191 8956949457
-98585 7159349581
31787 4546492295
-1541 6577705369
8215 7517659909
-26341 1022245133
62267 9758852571
23449 4625264903
9829 8976618571
32201 6716724375
-82325 9788528649
31849 2742073443
-61307 2744293707
34469 5906139767
-80245 4670484075
27919 6226884769
-5289 9033323851
67067 4279781021
277 8198608179
40749 4216089855
-48163 9350327991
-16169 9191706563
98749 3886778715
-15591 5539888919
90937 5125077311
-91097 7601671151
36421 438031139
-40493 8113733899
11929 2769316515
-54789 8937994285
27333 9041168199
2003 8612377687
50383 8783936381
77475 3088865083
-38943 2668237887
-96057 7398674497
-27085 9570112767
96463 8205196189
-41093 8183602217
63747 2806002165
-65361 7424914705
31987 9818250355
78419 4355191501
74825 4053307479
69661 6099633567
-43141 1177727173
92299 1824873697
-30885 7316747051
7449 8741600071
82507 7567982923
-24699 8118304587
-53741 8987055555
-98781 8986870887
-89601 7846181905
8043 5659017321
-84145 1559530753
16499 1491711985
26707 1494100277
83403 1974575701
25375 9615000419
-8963 12254355
27295 2582122233
90719 899589033
-86131 7647957411
-91797 2004636231
-15197 9997436859
-92419 5146874403
-45185 5948549945
51207 292337515
-9253 3795283491
-22237 9612029661
-47929 1429981867
99897 6340554583
-5081 3086123797
36015 2601728585
26663 9114025233
-75627 1697837243
92183 7716145765
-23781 3975784689
-29121 3333775397
-93081 9719753815
87787 8322414673
93215 1173527245
-37107 3960586871
46599 8108190715
43483 3888620775
74907 2408041191
-5765 113786357
80751 4446102605
-89009 6529077035
-49229 4795629687
3883 9707461305
84095 2803992405
-77661 9659425295
-70653 986372125
9081 887693439
-27761 3879982941
33641 3016222399
-43081 9758627815
1653 5942046487
22023 3563233977
-14881 684462831
-39741 229632907
78297 9290049779
-32061 3364081209
-20427 3822636143
23847 2640833231
99137 9926561995
3151 5866308181
9243 5234983735
-77837 7990778403
-59615 8111560375
8901 4787446879
199 3669383379
-88045 2749755157
-62821 9368144817
-64133 8768078669
-38025 5728713825
44073 5416843531
-81065 1939689369
-47197 6312655501
51475 2660787223
85975 9862678949
-87805 3128854661
-95711 4954649111
58375 1090628341
3727 7936640261
-31923 4393837203
64383 9752165371
33221 3575615743
24475 1812741237
45127 3638980725
-38889 8748861817
34251 9551226785
-27273 8656253909
771 6904590757
-32125 847272867
-4961 5337802655
-83731 8041923263
77195 6315686087
48637 5912298007
-42953 2533724667
-40263 9833576523
69519 7903795211
-15855 2959213819
-55013 5216925367
-19389 4026569045
-50233 9802212963
-91053 6953866257
31497 3246412327
49063 5647862497
85073 879502695
-11621 1043856253
-76279 4217407699
18217 3461677943
60089 3556558467
16277 3713631155
-42605 254185889
9443 7236020719
-17397 9573014243
23955 262755523
12943 8227878781
35803 3416435003
11173 566838975
72619 2142396363
38313 4132833411
15795 3536466025
68439 2945767463
-44175 5494492155
7951 9183141703
16289 1668517843
-5795 9142286203
9381 8688766691
-64779 9614343399
85061 2837483679
22479 1154278037
-27055 4396937823
-23061 610640463
11859 910821197
-26503 8135168511
40637 4304055859
-41597 9135244313
9647 4706782143
-45885 1628581037
-58171 8933784315
-45053 2942275093
-6617 8606855721
-41377 1712219097
44775 203879477
-60229 9037665199
-19335 195203119
99111 7463910073
60689 2476639351
-60125 6443148037
-67733 8786456311
-81457 6698825381
8431 9136846201
-93483 4445258131
-73501 8610871367
83707 3852145917
937 5924994815
11089 5049394599
-59577 6002134841
33761 4238822711
12279 221983233
66537 9518512755
-7973 7597059303
2499 422749577
-78173 7428924893
-66649 6893270143
-57625 479857075
5563 2004454847
58009 5136893443
59307 731207437
-58225 6801616183
24407 1355115693
-1745 2449256901
-57677 2117440075
29007 5110371515
-28897 6515030245
-17883 516941823
41935 8176185273
41327 7169063733
-40073 4332060437
-30751 8149799595
-7689 6549952025
3501 3901403675
79787 505146627
28285 2373982335
26563 9093017801
86953 5388818187
61291 2779222703
96431 887884427
58605 9312584567
-32051 6518083975
-64493 3414762709
-10341 8887232309
41161 7304174619
95135 1989911515
56195 6849692153
-69721 1651127387
21261 7174442547
92959 4066981523
4877 6039376203
2637 3709159863
98377 1295449311
-27393 3824830985
-90901 9868003203
-5593 7859073539
-83089 795564343
-84437 2300074879
2143 3653939503
-95427 2314616675
74467 1201636083
-85343 738059719
85655 7016162683
18311 4245695247
21191 9898840365
41027 9838709959
20587 7804647405
82411 2249328765
-64341 1131436199
60271 2329018681
6479 1363140715
71975 1861423733
12131 3722848531
-81737 4917619267
98093 2612894223
24487 612443651
-81327 7349524127
81539 9108289513
-2577 8618651589
82931 2937524535
-87855 3155268463
26835 6122773907
30935 1962805851
-80723 1915056343
-8415 9867773339
42125 1999422091
-82435 1242510315
-88433 1100119439
59865 7661538243
48575 9378824763
-25171 6077197603
99719 6876919107
26239 8806150933
-35465 1793397343
52459 9020484585
-88701 4731253453
-55853 713401645
-55413 6389813319
-65613 3123959147
-82339 1597248479
17881 3925605015
4101 6308376431
-79223 6949983763
-66949 5630707005
7109 4138102571
-29329 4993929277
53601 9856583607
24019 5420456931
-90205 6126200471
-25549 2187505333
15287 5261475591
6431 537926427
-26171 2941517855
18701 5993661399
-24937 9280523703
-1475 6730428743
44995 9351720415
-84881 880666235
-54781 7879541331
18085 221920523
25963 4928877999
23395 9151539365
35573 2268416735
14017 1319144691
-97033 4245802693
-18839 3763605095
87183 4975041907
56879 8152004955
-48219 8933070959
-18449 6583432849
-87849 2950731129
-67953 4348419221
17227 1816974121
26599 226706979
63093 7542924323
-38349 5986497379
3825 4356167343
17239 2107302875
-84687 541772683
-72705 2279668525
-6757 4769040323
86639 8746725837
-75641 2416236703
-90593 9528031529
62311 2390725835
44859 4384108105
53787 3144949551
55939 8398826723
30741 4586461115
64909 1066381075
-81913 5602580529
51315 4358153495
40351 5716529695
-83649 8617117655
88739 5859182445
21277 255644003
46531 1093880413
69591 4430860057
15783 5133512887
97535 4882669299
-30507 6674191679
51119 2421906315
23765 2833522203
-24585 6746555909
-63175 8626998059
-99417 1828596019
3539 8668174995
80821 3321889119
67075 5402904313
30497 4899029499
-14703 6070795051
-37695 6027195631
69913 9702121339
5045 1697788983
13143 9919681813
-6005 9846244603
-33717 2151107013
-20921 9948995267
78173 4288782295
-55109 4331857063
-46295 3045157907
75649 3782630943
9885 4511429767
-39913 8129667263
-17521 5285564287
-83669 6302259151
93369 6456219991
-19193 3906589577
22547 4558784499
-80137 2402486419
-4937 3882258081
-86959 9613245155
-51607 3891873543
-86953 7411198539
-84845 1905539977
54937 9978714219
64287 3702465983
-34631 2803167127
13399 8734090325
94195 9718944953
16463 3585052265
69675 9442797627
19739 4917674259
907 8819877477
46467 1144710343
-85007 1748362347
-15913 7803201865
45467 7470129391
-24153 6658796619
-28439 2094702451
-57429 1697417889
-84285 7049099587
-84577 9303850115
-13751 2155062551
77995 6521631769
-62989 2011354189
5337 1979192175
34097 1112740963
41459 380797777
-56433 1480394627
-83441 707793061
77569 3695249203
51125 1061485387
25571 275533891
-59337 1390239697
38073 9918463751
30621 8889005195
-82919 2647952927
-45183 3475708091
70735 2497326809
-84165 2418768131
-3529 9983851417
-10917 8936318571
-41087 5013488999
20365 9009754663
83883 9619106185
-68013 1045290067
40199 5568249879
-49029 5210879351
79219 8459609069
-89881 7290399541
-72817 5549189765
-88587 1091079163
-40845 6640055307
-44843 6986088551
-33443 5000152955
43153 4477509359
77531 6220101877
-83073 8596203471
-32519 8266648107
29317 601134007
72205 7402670671
66117 7252198207
50383 2803149045
25103 540627433
-61825 4883452627
45539 9485050491
-24649 8670419771
77735 8491810801
47475 3222228287
18615 9684174929
-42959 2718580959
-23635 8346727475
78995 4556372407
-13159 1289508639
26955 6028923737
11679 2326197501
67309 2207812763
23131 1618695521
63225 7965936267
29567 2420757337
-76143 5973118959
-26597 3523837365
3961 1882733151
-36481 763334205
39991 5433602545
-83211 5955099103
-19897 2553397453
19671 120862349
-73413 2444529045
-3953 1696969473
-44139 4035815351
9895 6739356233
-58381 309652227
38075 8694268267
19419 1265630067
8723 6893881223
-45941 2130079109
20013 9362642683
-14759 5956926891
83509 4038702159
-66221 9841881399
-36789 1124270541
98881 6783163119
-38769 5520043787
-16161 9626091405
66477 9127954343
-68249 5043194931
-29333 6755694537
-285 6697427905
-76541 5222656517
36935 7800478323
-6055 3206700643
-45243 3766398083
-92673 5064513463
15455 8149654883
-80139 1376340947
