-84447 458603719
-56710 -8277063075
-95989 -1169742189
8734 -7768248138
-50667 -7806131782
-62722 -4992184596
5225 -659976603
-94080 -4454903429
88349 -120693693
89618 -3166425351
-87770 -8217952581
50188 -387118983
28998 -4258366811
-40149 -6630401596
-31041 -159346006
13403 -8886159
753 -5440229684
-85568 -2806551255
-94180 -1127840109
52161 -9975864626
44169 -839883343
-40992 -533627447
-57937 -1394528313
3797 -9105666753
34367 -3691886514
-3686 -2121833934
-2838 -1859554070
23811 -8392931392
94979 -7410787152
-61197 -2508812189
-31593 -545011912
37082 -5650398645
86292 -8225338742
45050 -2658756447
77175 -6987146011
-69743 -381022902
-92265 -5182102817
-87419 -9376862409
21325 -947327868
-56944 -559136076
-35859 -645272131
-24037 -681392988
82242 -9529781629
91745 -7300281945
-33808 -7486441797
-86604 -9743204726
-18004 -6327340938
32033 -3209702643
-24048 -5690865835
-65181 -7335966367
-37925 -2429243718
-58063 -4475144028
4993 -4236051942
52487 -8235007875
-48261 -8670785939
87111 -8389828159
60696 -100747072
85860 -217496108
-96024 -8693930572
-96990 -7189574261
86997 -211369807
-86013 -3933427838
-28902 -8105011190
-5035 -1000828452
-37691 -3975107073
-25196 -7984343307
-42207 -3801501137
90684 -1517137358
49014 -7298644237
-37599 -8653819991
-71320 -2406169764
-79356 -7159725262
24531 -5040085556
-16173 -5096184563
-90201 -3532996202
-65648 -3612989142
73394 -6175035735
-30572 -5909524224
15961 -6619755876
-98762 -1658991771
-11709 -7810973164
20102 -1132073187
40241 -7837557210
71016 -1431053755
-69531 -9316040605
72327 -8561211221
80903 -7888394232
32486 -6791491953
-60723 -8369794652
58039 -5308721910
14464 -8919887424
93063 -6378303769
-15384 -9621591937
-48642 -8671066339
-22844 -6612122400
85629 -8638068641
85617 -3451876280
93975 -7023591364
-14852 -1461042279
-88025 -988911126
-88735 -3315843213
97581 -8353705603
-57747 -9685548775
-29472 -511177079
-21081 -4116001438
-75551 -4043884989
97805 -3558544113
45158 -4419847659
-12498 -6659045882
-27738 -1632996647
-27936 -9787030372
13278 -8164062451
-68020 123647004
40203 -1732106726
-40922 -2602231986
50128 -4034837661
68667 -3024753106
31418 -7342614243
-14867 -5722434381
37599 -975640949
-37625 -6097141410
-73867 -2543783328
2067 -8519187077
77774 -8168955303
67367 -8229167265
43701 -4560050458
-69524 -6408685725
-16549 -6825617976
-83476 -6743453475
89903 -6260763960
-29391 -585936502
-10790 -4442463942
-43010 -3381913209
44161 -2916001875
20859 -7042819337
17766 -7813925795
-95868 -860375272
15942 -6156274556
-79764 70954648
89484 -6818728979
13535 -2154929562
73009 -7887974256
-8178 -1722304393
-46162 -3868549398
39473 -5770178568
-29576 -5779243956
-38790 -912980707
-63 -6789994277
-40872 -2795643802
-73628 -7209676695
-83351 -8327759688
28974 -411673385
92929 -3783181836
-18415 -7795128879
-36732 -8959426289
32074 -8483133966
78 -2382504425
-74520 -494130884
41987 -4890235524
-55454 -8612254206
82705 -6102030795
-1413 -2505226466
-18730 -2029505412
4459 -950674893
-49205 -5851692360
-91996 -2735870544
37772 -1195402569
-31912 -772637088
66361 -5301068049
-81837 -5243641300
-45620 -8640479688
16062 -582726119
64923 -6033126059
43848 -3528209957
43084 -1973910627
85887 -5595646187
-4699 -4688378436
-63006 -705356240
27261 -3545323502
-56562 -8947768813
-17826 -5314055999
96840 -2261242315
-20398 -3315480276
97130 -402216234
-32451 -2244618268
-53626 -8581747911
4481 -4993012017
-21747 -7821120580
40751 -1243911345
-23539 -7873079307
-23328 -8387444984
-40671 -1634435474
-33535 -4813928286
70678 -9203998554
-33195 -9375314303
-51579 -9299186158
47331 -6942777007
-4552 -4851556929
-63959 -1738286343
56542 -2038473504
-31225 -5117057166
-22088 -9501443016
41517 -9272623466
88083 -9968977670
-71702 -8418964518
-66514 -4002439755
-63731 -2370004527
72048 -7715428252
93342 -6347977069
-18286 -2464869084
68773 -9467078439
18580 -8240880252
62448 -3577014776
38556 -8461345970
-41142 -8281004237
-95392 -9535294278
84060 -6588528485
-20409 -4220575540
95564 -9225646119
-56394 -9650791735
-94342 -5206392243
-50472 -4822982825
75066 -6939198044
-39797 -7637436939
72976 -9999567717
-8145 -4234710614
53089 -2159879712
21170 -108422457
17438 -2883228120
83777 -1688933913
-59584 -9974941554
-65988 -5025892396
-90816 -9156445493
3362 -8666324934
76938 -4819930565
8208 -914938121
-30000 -2125261321
43759 -2786992107
-82400 -7460307576
29580 -3257217418
79698 -4764372790
-88137 -6845618203
-52374 -6769905695
2655 -2737426987
-21195 -6934112335
-8967 -9479029448
-62925 -6731585951
-4092 -8127570583
51086 -548488185
29966 -5339771652
-49206 -6558810749
33274 -840974685
16087 -7473098349
68071 -139770276
-16682 -3773589141
37192 -8738020266
6156 -9863162686
-24086 -3297116178
-42891 -4949859967
88761 -5492645851
43527 -4550647549
67950 -6882534230
-65315 -4342429101
-79716 -718366331
41012 -3089382684
97450 -2540553834
27034 -3985091454
51015 -4261150382
36159 -345577019
-27312 -7154391124
-79901 -1662584862
-892 -6937348242
39669 -2355104116
87615 -5738309459
-61491 -8704063450
-18101 -555165888
59165 -5397356973
-44476 -6978984870
-88292 -6187202166
95422 -5222020602
-65619 -5591299946
1788 -5069470819
22612 -9919187439
91539 -2545606213
97818 -7386384866
-53151 -6307708076
-22883 -2912664615
13622 -1106574870
45589 -9151360800
-88888 -7746654447
-94595 -6158819187
-67797 -8538922135
27441 -6202640717
5672 -6665400048
-81675 -5572577665
18358 -1957464570
19465 -3456480684
6750 -4815711767
35514 -2161990618
-29591 -5374869942
-37736 -7274930988
-53983 -6550102122
13268 -5898126048
-95493 -7210861063
250 -49820850
-73074 -8084340848
9450 -1582734185
46872 -2354529772
-46405 -4935105453
-83382 -2989476811
42546 -7170770410
71501 -874961835
40773 -7642536593
90660 -1224172873
25823 -828115206
-23181 -4375208738
98871 -6976614811
70112 -6357297297
-4024 -3190707072
78641 -5493385761
92912 -8103995850
23953 -7459091385
25830 -3366261490
-88438 -3224643402
-70445 -5840200677
-37220 -835483746
44074 -3988573476
20527 -5194553403
64676 -3784036503
-75872 -7262842446
76073 -3333235893
-20884 -4760660775
57097 -7770908106
10170 -2344836236
59615 -9011718009
54253 -3445003383
-42625 -3869416110
9243 -2215010929
57924 -4197800437
55876 -4355794095
12749 -9897932184
-61708 -8314373502
-21882 -3935126209
-50076 -5510286836
89415 -7140880190
83225 -5213094528
-29469 -3030338866
-28410 -4625634935
-32790 -2777107381
-31613 -8775329160
66724 -2307009273
-21981 -9002402308
-35688 -3951735899
29358 -5086155887
71840 -8366877933
-30819 -7474182463
57648 -5197034683
-69189 -3611989618
58317 -4720385762
48102 -9919360435
-46560 -253285258
-43965 -4823291231
-27486 -9755200820
-26034 -1229061706
71183 -9402782313
-90701 -8998836201
-76626 -1065297539
-3970 -7542694434
8277 -4680219248
86535 -6908212745
-72621 -7562386618
-43877 -7077040086
-17347 -7205061483
18564 -5799268706
-48001 -8747355183
-71954 -7587518928
-27806 -921750096
-24704 -3202447527
19686 -2946956224
-37059 -8328074840
58128 -4484718995
-25740 -8679813016
11787 -9098466059
73128 -8557929820
8169 -8130473374
-29024 -297269031
-25779 -7760329489
-65525 -3657373626
-50053 -6096523506
41745 -2955427057
41835 -3103537267
-6467 -1470443745
43846 -656437167
-26580 -4718412827
29190 -4807696712
18818 -6290710077
-70197 -1000739135
-35992 -6216463188
3990 -8711316551
-56774 -5866452954
79082 -2064725607
80751 -9745424659
-64205 -9648713364
-14290 -1480294215
56379 -5775321608
-97165 -3927064566
-45060 -2739696974
-28821 -8785021093
-81440 -6862004277
60465 -5815995404
9940 -1361204139
-74601 -3815184181
22873 -3575028537
-15594 -1247834179
-39163 -8116437444
-16269 -1382471591
-45332 -3987144795
-58461 -4968055165
44553 -4860007351
69070 -5041115838
-37777 -6499739970
24385 -4814431815
49912 -1486966521
-13762 -5578103055
87087 -1367964457
-26410 -9866129949
281 -5969571930
-96578 -4597453218
-27366 -6532778570
-26217 -9274941185
-34218 -580796798
79902 -1305286145
-49813 -7330995726
18585 -2912843120
53635 -8463681762
30528 -7985785579
-72990 -3707713925
27301 -4409017341
92987 -6793488762
-26355 -7259182688
-75290 -2734692444
-45825 -3270547885
-45684 -5164543721
-18813 -4238298073
-89499 -5849115020
79561 -7120838979
52957 -7013666991
2718 -4749872642
-58024 -1669306701
-13714 -4839337590
-77514 -1024416082
81 -5336562146
-1221 -9857429659
93998 -4419629310
-67779 -6876738758
-12669 -6014907514
35007 -5120446259
-66559 -6710030646
-46006 -717527826
-74768 -8815312602
-64318 -7960074384
-1385 -2573377194
15588 -6498874102
-68352 -2834810794
-68269 -1855975971
22617 -6907531480
37762 -5200759929
66147 -3740689006
74578 -34271058
-27016 -2135945082
-49215 -388942621
-61295 -4717765782
-21288 -7600378490
-48210 -6070740064
35739 -2112365890
-63500 -2755261254
-22099 -9014694294
90416 -7210065426
52762 -3241866048
68425 -7387896783
-34990 -2898466566
77932 -3472834428
46356 -2514785399
-2268 -6428270585
26955 -5734222120
35370 -5863191602
-18792 -4669137121
96462 -9667655593
-68409 -9815144035
33770 -5111695428
94593 -841782020
-85754 -3788060115
-77872 -2578600632
70794 -4986199207
-30481 -2248063389
-63882 -3334491329
91800 -6559599701
-71916 -9882126484
-99152 -8219086236
-32513 -9278668011
33885 -7163324564
-38224 -598491513
-26430 -9107545192
34113 -9353605436
65854 -7453484421
15057 -1301488622
-22164 -1523431757
-36697 -6465617544
-10929 -6478503344
99563 -1742681931
-96389 -9204847746
-27609 -2362439770
-48983 -8165078754
-74386 -2024219781
-33728 -538863249
-99914 -9767094
19031 -8936403963
-92689 -570436974
-13883 -4850974962
-74957 -1929277017
-25289 -1261607295
-32474 -4967332812
-40604 -6417236883
81774 -4386205865
2703 -8996469908
44166 -2089419608
28791 -7332858550
-74258 219015789
-54549 -2528331256
91513 -7127529381
47825 -9029775192
98865 -500416318
-59870 -4804391622
36498 -3428439376
14686 -4931418195
-89994 -6654348890
7823 -903968208
76707 -801828341
17597 -5365163895
26047 -6561909723
-3445 -2729704023
14637 -9975548258
-967 -2871286989
57147 -1750747417
-14673 -5083104617
84187 -4046580399
55341 -2527452688
-25453 -3201555519
-62970 -5568306424
-89934 -9948354376
-52365 -5853766627
-73239 -9538531034
62282 -87365508
-80542 -2272723173
-4494 -8526352579
-84722 167357385
52631 -2428439103
-2448 -3186377251
29092 -1467355170
-91497 -3440550179
58056 -9354469492
98954 -7761081297
47394 -1255800376
-73572 -5687407505
-16397 -1039288758
-92001 -153984695
-11464 -126349410
-1992 -1817060993
-48536 -8120634609
69296 -9148235712
-9037 -4145775873
-93142 -7934655762
50436 -2712924463
-86370 -9050481401
6619 -4520486733
75619 -1047673149
34355 -4201057470
6166 -6640695252
-67823 -8473469532
-49983 -596684635
55419 -5215417208
-70516 -6022750476
59569 -6907108557
25904 -3490967088
-61594 -198736884
72009 -6064746538
-81973 -7467749010
77984 -1884546297
85126 -5339204199
-12097 -5511398241
-37080 -9114392383
-32820 -4884556337
-44421 -3862325557
9403 -281361195
-14677 -7411658463
-63537 -3356229017
-94900 378008718
32154 -6389558234
85568 -6769387596
50283 -412043612
36168 -7514686372
-8811 -6393266255
-18938 -5019839349
69148 -5496480219
-88931 -9719038269
21505 -2683684518
4240 -1525147182
56158 -3156228225
21925 -8058739170
-75075 -3917302355
-73718 -4073988762
50952 -1591434844
39705 -2350568989
74476 -4344062031
44001 -5512590119
29157 -3204988774
-43799 -6078658527
-8627 -2316175788
-37779 -1171155464
78870 -7811364319
76779 -8250753335
85369 -5221549623
61535 -352371327
76940 -5925214362
-73417 -3006393666
-47271 -2044280143
58183 -1182774441
5053 -7006195203
-20669 -2917448499
54228 -2243077913
63922 -2599766235
-55152 -129337681
4194 -2042081005
2161 -7005547887
-63421 -1735454430
-59596 -3593613417
-64627 138854742
55108 -2335367265
-50215 -2923853433
64736 -2604891873
-39041 -7625514747
65194 -4235628288
97842 -9193017776
55816 -8677694736
78713 -8710634310
-53613 -1980457330
29798 -1522547613
-25042 -2520988881
-48081 -777553630
-36328 -3179065584
22464 -1600100012
-37798 -7643601867
-48489 -2247387431
-25211 -7057803885
65083 -1622035638
-56260 -6720221391
2385 -1804035253
-65917 -439052307
-68777 -2068583508
9309 -8778652720
-4020 -5074840520
-67912 -6992719740
45906 -5307612874
33039 -6643362112
97121 -3186057675
34680 -502865077
2800 -852788607
-74538 -4902289379
92397 -1144837375
93680 -3200602929
88819 -2841174282
-98995 -8772013251
55827 -7337535884
-32444 -9745653855
-18106 -2134822542
74918 -7003932879
90534 -7427307602
-30920 -107617785
80269 -2835723486
-93502 -5877375966
66325 -4893242193
-92706 -4516484402
97328 -352793505
-43722 -770865778
-12528 -1596726937
-46038 -5020560173
-81204 -3366067565
-72099 -27877840
52677 -6564356615
39864 -4866588389
12534 -8609656816
77660 -6362836194
23556 -1002382585
45185 -7353748746
40955 -4685899626
10767 -6359349269
-6987 -2845520800
17430 -290469926
-83757 -8145213569
-44866 -6405720339
-86355 -1047177989
12858 -4620289214
26502 -7454435503
10071 -7907691871
-74866 -4779420669
-43574 -3228495765
70260 -1956420247
45100 -4764821694
46759 -3798820284
37845 -7846781303
-18250 -2520978939
21054 -3542607238
92771 -2672589789
-6384 -8729683810
-86487 -8159822459
67098 -1530746825
90124 -5226872205
91947 -9830074283
15466 -749437125
-15203 -9049195041
-80213 -3017571576
-76754 -6519023997
-55807 -8153308824
18997 -532155435
99713 -1831210317
-91561 -5601486717
-41529 -342854744
11634 -5728660181
11933 -3217638528
81286 -6283981965
-99642 45820745
74535 -3639986573
93452 -6885823515
-34097 -7933484070
75462 -6484517012
-80673 336737387
-71279 -1022404878
-82593 -325257191
-57744 -4159935740
-98823 -2086109162
47138 -811673493
50448 -1605724432
-83506 -9812370771
-52987 -6168867840
64968 -5230261556
-690 -3465060121
82734 -4596202850
90050 -4273016871
-77642 -1200966477
47738 -5597132265
37283 -2034120291
50835 -5983163282
-34100 -7547967816
11949 -6175060565
28023 -2943388726
94189 -7793232645
23275 -9284665407
8475 -565732436
-42068 -2862975285
31794 -7422582902
-94790 -9655588104
78486 -1258194775
-81738 -7937639800
-75384 -1920900127
-31926 -708558437
59988 -2340290417
48876 -8413682294
-2308 -648578520
-52494 -5902730192
15588 -7874470360
82194 -97019353
-17742 -5037166366
2997 -7952187712
-65628 -3509062474
-27659 -5508845499
-43470 -9504754582
-42331 -6058671879
-39947 -6516640287
41291 -467415846
75970 -5597953782
81696 -1191321302
-22816 -7695038175
-2814 -8221554469
-56691 -2986972961
-18737 -9157217916
-10071 -5372601923
-54959 -4495327407
70894 -2253110262
24079 -1545013059
84681 -8425646027
80751 -1818503467
-92631 -7645873742
2965 -5968966134
73266 -6011709449
10672 -7305236589
-12363 -8396799439
-95114 -4136637645
-71029 -8386105257
-49917 -1254925163
-5759 -3484516632
-76084 -1202382720
70551 -6337439993
35186 -6396523422
54699 -9356615345
61358 -7047456420
81877 -9596588259
-9609 -7072974250
59895 -1426433785
-58235 -7494294432
33580 -86665932
-77763 -9116412518
99395 -4471653333
42137 -6382890594
-15174 -7151516138
36770 -6116036172
24550 -6667410501
-86752 -6823154676
15486 -6632077894
41697 -5878465441
-11121 -2698849372
-10544 -8881379889
-66948 -1416387991
-80664 -6373143814
-79098 -7083576028
63501 -6951628679
-49165 -4805350485
-75666 -6599308877
28937 -4360370607
-44429 -87978450
-67485 -4105423846
25697 -3210940560
-39898 -9121517043
-90543 424544243
35096 -9170258838
-19638 -9079572035
40427 -2694507258
96459 -6380533169
5834 -1611787182
-59655 -7541253424
-58997 -2232744162
-59572 -5204875509
68413 -2895146889
65305 -6535337181
44084 -2129579538
-57222 -8673951815
-96039 -3017904181
-480 -5677630064
39760 -8863760400
5054 -8853582702
-88917 -7035567409
42963 -1716817981
-8369 -2860476639
35081 -2133722973
-54101 -190194429
-5785 -1233538953
27010 -1259154159
-55179 -7683544327
-88220 -1236223107
-82603 -7338447486
-70612 -9412795764
70617 -1090239022
-12930 -5863450609
-55471 -4155769377
-24538 -1042932105
22203 -8687915207
-68539 -2243755518
-38871 -6014295412
-49595 -421473930
50854 -8087283849
84776 -7678230483
-83981 -8227544631
-95760 279312053
-37290 -9795808534
-85537 -4225366158
-2265 -1757751188
87140 -6501228066
97982 -8282120487
-10821 -7069304333
91614 -8357833714
-79694 383987481
-83733 -7218280040
-7151 -1132779825
13456 -2201843541
17887 -9809641521
-67743 -6484931107
18644 -595482030
1760 -4124871846
-72600 372369055
-16773 -5735826938
31713 -8044488182
72653 -5458254183
-69472 -7816750986
-45646 37129860
51278 -7369483560
98084 -2479580988
34621 -8661636360
27008 -7562612184
-64699 -3696135093
-73272 -6283142998
47749 -648002229
-47359 -7401877884
90273 -1173034400
19098 -1960176617
71157 -5176374847
-51969 -6370049515
39932 -7236141078
64991 -2452482603
-47267 -9545760885
-34172 -285449115
-38242 -7166722683
36738 -5885695372
-15281 -2476027803
-98751 -3904083985
-53499 -7188652924
-91302 -2971933481
-24958 -3854830428
65164 -2491309809
-80374 521899122
75228 -2714625380
50259 -7417438522
10159 -4722807882
-97182 148616288
-54483 -7709732761
-72417 -9114508415
-87014 -7970058072
37785 -1329944491
5952 -5724321908
-60461 -5536453539
57102 -6012640346
17085 -2558933789
-60012 -7008627293
91086 -8121809089
-8404 -5817640623
17433 -7112998591
51986 -4581322686
-91831 -894047157
63951 -8809200071
1085 -8386050315
35209 -753503637
72467 -6751613094
30804 -1229563313
38900 -5439907941
4017 -1230870280
-5816 -5474979261
41204 -9351253020
15461 -9465020025
-25836 -6706032083
-51276 -3902178158
-4942 -1551280326
27093 -5212151290
693 -9144724948
92379 -4248102551
-11694 -6528546250
-32013 -3922363679
53249 -7251495447
-65652 -4261422514
-71011 -9222842190
-90190 -5064694509
-69260 -2021089728
93053 -2573953209
-12368 -3107388348
-46089 -5521953079
-65512 -4545433611
12122 -4671681468
82515 -4136639759
48203 -3555445425
-92677 -9982747311
-60078 -678125116
92747 -5094472092
75501 -3095673611
52110 -7006035409
33623 -2749248129
66058 -265220898
-39040 -981157317
2988 -9632250221
-45430 -7006628964
96705 -4015864523
-37291 -3945481191
-32844 -4876938814
-29149 -9194712042
-72533 -969379086
39966 -5122834498
-98639 -133528380
81545 -7516082787
-3413 -8453932791
80220 -4690086784
2765 -3745190667
-20081 -7414122651
-66876 -3744671057
-67450 -1220295561
5925 -7016809448
-82167 -1771113343
25028 -9127931238
-15113 -3386740947
87634 -4035476748
15358 -2594436516
-92841 -6089812784
73047 -7928299528
-75374 -4586859480
-40283 -1985655975
-7434 -6148175492
32675 -9464516994
-79383 -946098112
37522 -1982051724
-7559 -8758787703
-66309 -2360201780
40318 -8671619910
-21610 -1653657717
-29196 -7095923326
-21753 -5783050768
15977 -1577277810
26067 -466707784
-70639 -7062452604
-8347 -5690846619
-58524 -2981051873
-6489 -4748432846
54349 -2713752102
42449 -7094394183
-72148 -5389830027
65987 -7614624780
-19151 -1812383877
84053 -3879853548
-80031 -8333114921
14628 -6260290159
-83037 -6265764413
16848 -1851534193
62358 -8432001773
-39502 -2028714969
55120 -1311024831
-53022 -8313659506
-60719 -1027599552
-85340 -661864518
98264 -1444819044
17606 -3515082117
39900 -5378513717
53367 -6142645945
-31365 -5423098999
54835 -9177177234
-58911 -6421330654
56130 -2623663859
-85109 -7540864281
69882 -9723559541
-71190 -1505052574
-7437 -553876616
-12575 -149774670
-46260 -9346366153
50792 -4972622124
-2643 -8558714599
-70885 -9723361890
-85824 -8638723031
81721 -376353852
61581 -4225150430
90412 -5557608543
23615 -5816742300
-93842 359332140
-11520 -8656001233
23886 -6040281542
17583 -1577239933
95173 -6883282635
-85759 -229233450
-72978 -7454926604
1045 -8723020170
-67433 -6203348958
84070 -8381611593
21948 -8574368692
-42973 -1622111448
-34781 -4522132110
-15843 -9423935516
19154 -4031946462
66605 -1996466373
-90291 -4407477287
80088 -4992536864
-40681 -5993922741
-20700 -221965831
70997 -7744316619
61488 -1596994387
-49223 -7869971286
-44589 -398216836
-4933 -4079270604
47967 -623330426
-62561 -393674250
88098 -9262568038
36596 -8876528223
-45409 -5203942665
86244 -6247552724
57278 -2353118652
94871 -5515009494
82112 -891624057
3090 -4574678389
-68389 -7798687005
-66633 -7617808400
-32899 -4537842498
99090 -9103834957
78609 -2080298215
5301 -2281576685
-70167 357739597
96138 -8624884882
-97524 -7752611081
-97993 -242203062
-345 -7063480696
-87202 -7194534711
-4176 -443627281
97323 -4367242865
-72527 -3616702086
-68910 -8351366314
-93421 -771417579
75188 -6895522770
77349 -2254753802
-26061 -3025317281
-63626 -1299863298
-18657 -3196843795
-59646 -2190264295
-62091 -9880712795
-93753 -9740821168
-4087 -6709150860
-2467 -40706592
87006 -4218546187
-89869 -5514206640
57687 -3211506284
41694 -4621957964
-77751 -5634828070
-89857 -7476568818
30213 -2240848955
-72294 -5908139275
-36042 -4909134290
-58916 -2212665171
-8163 -3993094825
-50025 -3249510724
22909 -4561940883
89579 -7059592980
37392 -1122959048
-79095 -4618997801
24543 -1576662479
-67023 -5230877174
77082 -7293827545
-82766 -9684929019
-93745 -2169735504
-54171 -4718573657
9009 -2636208124
24518 -6263135772
14986 -895588971
-41365 79576074
9999 -1795392337
-28742 -3805749552
-67273 -9328705704
45693 -8287617172
39786 -5714730694
95907 -261913768
-95464 -3292322913
-53247 -5885450954
-48846 -2337571108
-90945 -8511079115
73035 -8736613262
66681 -5766069218
68325 -6968153965
-38292 -8322295121
-63798 -1901464298
-1087 -3534596016
86048 -8749158171
-8232 -8853670072
-92973 -4799362561
-98635 -4287793524
53930 -214593120
19700 -4399858359
-60965 -4984087464
66624 -7747349221
-10389 -4654772209
73001 -5994929532
-45474 -118123891
-53940 -3436943407
-18152 -1600968834
87257 -4152024609
13020 -5804115997
-24424 -9884772000
61209 -3194132813
12165 -3406676855
20607 -4332591323
-93924 -3304074185
98846 -5457046638
-50194 -4223392572
59025 -340665166
26619 -2145487897
10464 -7272805601
81475 -2721779577
-7252 -1139986611
-73186 -7503970410
90482 -7811739309
-57907 -3347214453
98274 -8380308391
-50847 -3607196432
21604 -1720818381
-35475 -6647857879
92735 -70513734
-57489 -8025413681
24877 -3723653883
-93535 -5026109109
-40272 -6997660129
35112 -8141279141
37638 -6393549079
-46215 -384903155
60346 -9193741644
-82905 -7963299278
33130 -4656472308
-1225 -9379440690
-79566 -2060738414
39055 -8952928329
94776 -3966685943
52211 -5388944052
19362 -2094217387
29398 -6511447116
67208 -4403723922
-76483 -3457079796
-86895 -7500807124
-79615 -2065304502
-21772 -6046130724
-78868 -745618464
69361 -8376247455
-29642 -5679400221
82456 -9792691842
78523 -3885329757
67097 -1080627162
-88481 -5216766957
-17883 -294246629
-65854 -7622628660
63407 -8788220649
-19164 -3028830611
-35662 -9741932028
47124 -7448634430
-58925 -6893424258
-37720 -1080424185
-20646 -4223527586
3631 -9776212989
-94432 -8004231087
-67241 -6382600962
72760 -4876861800
-30084 -4872765173
-31268 -764365776
75383 -10176510
-23958 -1140678839
72191 -3321323625
-40639 -4103522280
63081 -1555028968
17611 -5395966203
76161 -350449850
19121 -5342296659
-77277 -8376303124
77418 -9824150222
91869 -6298213808
-45054 -5542128932
55243 -4623441765
94552 -8797254741
62065 -6224849412
68868 -9677180266
-37504 -3170182470
66339 -4504458499
-90326 -3186202206
-552 -9317472424
-27962 -3599431794
-66363 -8475000256
2469 -3340934246
13500 -5415881252
54080 -1460498538
87203 -9567560538
65173 -109237119
-89943 -3848139289
-22059 -669789587
-72707 -1921607325
17419 -2658186798
-88729 -477995070
-89352 -6034129979
-61740 -7154295871
-61159 -9641261568
93120 -8277913984
-18897 -9162010045
45036 -7610362001
81510 -1519578419
32672 -6139246635
8727 -3088868204
-26010 -2879724379
-68919 -487997548
-54135 -6782396753
-20370 -2102989598
86588 -2884870749
61611 -192401012
-92976 -3879623968
-43842 -2850560221
-60340 -3865104942
-24852 -1566120983
-47271 -4336586920
-80470 -4770955875
43415 -8813459541
64823 -7687010115
-16488 -7944605861
-11366 -851132412
77779 -6328111101
-19662 -5835284303
25731 -8579104429
86705 -1411567992
26147 -5547091557
74049 -9653643622
90436 -4945431225
14794 -3512423325
35582 -1601234544
-79816 -7762869759
69899 -3715265838
-86064 -2049817961
94874 -4828553625
-58320 -1835301548
83560 -4271700462
89507 -3814272786
-76136 -7496137476
-86073 -5931399346
-54231 -3849593515
49596 -1631337338
-29654 -9573292053
-91868 -2612280594
90691 -6072299922
-87455 -3658560219
-72319 176920071
-61374 -6868961591
-98778 -1730029135
-44147 -8669914236
-53244 -3920173777
-39101 -1632231759
25706 -7306568532
-83291 -2410812087
67713 -2409896861
-24464 -9435065580
-26629 -3435767868
-98874 -3091631221
22191 -106942325
-15425 -8453114814
-54657 -9920080723
46620 -732342695
67192 -3609665484
93311 -6316268748
-63317 -6718689939
-29849 -9137553804
-51109 -2692557174
72804 -4094348537
61653 -3229020428
-22530 -5702407874
-76212 -5044655389
51745 -5605462923
14070 -3346616
-87905 -5324370978
-72953 -3916375959
-90657 492081347
-94959 -2491307018
42237 -4094975824
88695 -8454308230
-77710 -329002344
-63527 -1260218385
-46776 -3204548717
-52614 -6732676769
55143 -1580956066
-92407 -8616787947
-76531 -2402203317
29376 -6931912585
-19563 -1689207818
16060 -2872642503
63885 -5617651048
-90958 -145642908
63585 -9437116831
-45471 -9041723809
17061 -6146690167
55925 -4689399327
-85293 -3163288978
-9288 -1904204944
-86061 -7645595002
49274 -6038423454
-49056 -5177705158
-44041 -3953231028
-27911 -5319262164
-25929 -5043251512
-83948 -7728033408
77052 -7785773327
-82974 -2480948318
59160 -7959673066
-64142 -306876552
77529 -1904882053
-19195 -242748762
-45437 -3182796738
-13425 -142112455
30930 -4802618836
-77060 -1460007468
-55730 -7184067621
-63535 -1324874310
33855 -5475758119
84811 -8739635958
26256 -4860326309
27457 -3430385838
71628 -5002356512
3300 -2419376938
15657 -144536587
-69205 -5866146135
-85388 -8708108313
-31604 -3442143522
-47724 -9862183432
-5337 -7526996546
-3813 -4429223948
7842 -3952330133
-26003 -6011764833
-25950 -8517286994
-69228 -2211057422
32387 -8426768379
-63676 -5616638415
11236 -2582236767
7903 -4898963676
-33901 -9046993935
-15894 -2076943051
7905 -5980464517
84325 -4940045304
-54702 -5810236112
-98720 -7423127616
-79068 -8658438847
-28231 -8006256270
77415 -3725404471
51763 -5256799275
39102 -6613445764
-33149 -4330843971
50915 -5943282129
92166 -7237164785
-49447 -7680143523
50434 -5406500115
-20847 -8957325820
-90706 -9148859958
25994 -2952311181
87020 -97509981
-65242 -2454658005
88212 -7554587318
64140 -8703426803
67002 -1342305935
4200 -7585640119
46654 -6874600887
-2007 -7047177994
69550 -5158657773
75963 -8887426339
-50085 -4521155096
-60626 -4533665520
29680 -5999613063
-53824 -3296261502
-5701 -8747535777
33919 -3369573177
906 -495472337
-32163 -779485937
92937 -9185574232
73239 -1404585682
-68476 -5340650376
-14681 -8863441170
-9174 -5292658177
75551 -4102621185
86855 -9235353663
-5991 -6190667999
71571 -1234104605
35167 -1261074690
-57691 -110027982
89807 -8951899986
71023 -3418322508
-12873 -9787840090
-71794 -6290795532
46881 -7202676344
-21558 -4437738520
-34209 -2702238295
-84629 -7601430978
-93917 -1571086128
-82740 -6073789471
38451 -2875128704
30312 -1746357608
82566 -6540447419
59438 -769194867
-19371 -7793288926
45900 -9705221761
-81487 159327222
63236 -9367683144
47829 -1680017492
-59496 -4300613101
-44184 -5980614653
-70136 -3162976707
30291 -1126131178
51511 -1249590399
-96660 -8770272041
59580 -1613249161
-82939 -6855660108
-38097 -753435917
62357 -4324485933
-59231 -5725189647
-91439 622411212
5402 -1047073119
64473 -1955182612
-18519 -7367271056
49038 -8390796637
-51420 -3805763170
28087 -8403117783
67476 -1721104502
-96873 -1097303065
-58903 -303119364
-34386 -822243842
-22446 -4169623777
-67210 -7532335725
-43779 -3305995684
-31374 -7284660041
65292 -6640962439
-16101 -781933540
38005 -3994120104
65577 -4100127400
-28461 -6807354485
-40233 -5463792110
94877 -7774923564
30712 -8564051085
-99701 -3662420667
1538 -536922441
98817 -2665925213
-10931 -3233963808
50781 -1944717502
69099 -110435120
-36936 -4591954022
92757 -1008299615
72502 -2229451113
-61228 -1697241069
-2514 -8697896743
-12122 -35174838
30507 -2114096317
-11669 -6935995590
-85542 -2257218553
59624 -5229881430
90658 -9837711711
-85656 -6837237406
-47118 -397001608
-94090 -4673364057
-82329 154682599
-8044 -530828991
-72945 -6046459570
4074 -5441862179
-7998 -5290866403
44727 -7710299467
14764 -2339962404
-48500 -1522853979
-73989 -4556057449
-15528 -3047559716
-92766 -5846975248
50579 -6390838377
-11410 -6378785922
-97709 -3414674463
35217 -1947008735
-53273 -6385728105
53139 -6657726206
-50428 -2436953037
-58707 -7366674200
40007 -2130115314
91882 -4681241433
49229 -4560020013
-8661 -9551974051
-8803 -366069450
26544 -8364927379
-29415 -8500530700
-34449 -6700544158
-86801 -2804503254
44015 -7287651435
86588 -6200111046
-48280 -4577616417
53629 -9525894378
393 -4466784829
83823 -3374278603
61116 -2295683090
99129 -8980781657
-23564 -2032428174
-53814 -322416976
-7655 -5264030373
-92292 -6797447492
-16756 -5229992472
83628 -3266522947
92364 -477045391
92413 -2410595379
83848 -1649815548
-78546 -6125897573
-49285 -7143045321
-95681 -687699582
9180 -2053769167
-67029 -1453763006
16974 -7068373775
52467 -277729736
91220 -1716863760
18862 -9681196326
-67425 -5738144029
8076 -6087797549
-39621 -1295753408
-58530 -2192064758
52439 -6040871601
23019 -3763308620
-19664 -2568025437
-35479 -4304025408
-17553 -5348418946
21391 -6193291839
-14882 -2403810435
88633 -5708288103
16867 -6058524270
-84338 -6723343791
-48708 -6117688876
-39870 -4749493525
-38676 -3253042142
-73998 -6222955166
28313 -4525684203
-65808 -8244672908
63751 -2498282577
-12254 -9272172378
52728 -6656641732
-50656 -3464591322
-33118 -3983586183
55396 -7213719873
43930 -3855405012
-11397 -851477425
33809 -7754376585
-18702 -1115221030
-25189 -372563805
-23745 -5557764938
-66648 312906511
-25632 -7269944243
-45048 -1517366852
-87191 57018300
84999 -1888898993
30276 -6482269160
-31955 -5080411563
-18978 -9789968255
23131 -3650961381
77387 -7552152402
90663 -8010894644
33141 -7323184462
88287 -2752569985
15166 -5190743181
-47184 -4186258805
53999 -2028640230
67458 -2556293783
88746 -7739203079
68329 -1803829746
-15195 -8776783877
-9850 -711178242
-88939 -2296289865
93966 -6555966815
-8536 -9063284532
-73330 -9864839133
-50153 -6041770857
-2526 -6520282652
72339 -2365130950
12813 -8263170307
35955 -6853813117
-45628 -2894735418
85188 -1465969870
44159 -599624250
37530 -2981730613
74053 -7082296758
-76258 -9600185046
-31402 -2899327434
-14765 -5029495545
5630 -5927670930
-10677 -2007616502
87414 -7376690198
-57584 -3024522369
-48877 -5448907824
-93359 -5295139800
50868 -2973950875
50685 -8065488619
-56260 -9585236823
-95484 -817123721
95736 -1386456919
61669 -4688929149
65997 -5130706778
-74883 -7891330099
-84858 -3251043389
-18606 -2717871122
-77303 -5095064592
47390 -7168896870
28598 -149215698
5363 -1775094030
7337 -2971156947
-10848 -6544996264
62799 -5008841759
-424 -390567765
76159 -2140930746
-30027 -5721083273
465 -187774283
44169 -7238231032
-87251 -3937134105
-21639 -9945613063
-65821 -8549751489
78990 -5989106822
16225 -4939640106
-72397 -9614050887
-96713 -1480899666
-14174 -9304718112
-32799 -7205152334
38098 -8632128129
64026 -2117740991
3902 -9659607141
44670 -5601529595
-67051 -8747209743
67365 -1350023695
-46194 -4695696196
-89718 197409641
-98907 -7095323659
30080 -8630467554
30442 -32604600
-2602 -8579211579
-53099 -4868840172
-57290 -1644082101
-83870 -2932752864
-36167 -9313497765
2900 -2363576304
-79953 -1024733176
34543 -211052367
74820 -1526995091
85479 -4153999811
64152 -2097549635
-53755 -6438313740
5333 -8374345830
-62224 -4617070248
-28679 -5325422022
-74195 -6597293544
43419 -356157905
29982 -7822124198
-80123 -7972093491
-16307 -8899617954
-96003 -8785654340
-86991 -7367530406
63501 -8882557952
60428 -265850295
-34683 -1655478047
78998 -224738118
68619 -7637112493
-11699 -7010719155
19928 -9956916084
19094 -9889348206
76559 -214562925
-87891 -3670286374
52498 -9065844708
-57245 -8902862952
27112 -5976123642
86752 -5848320336
-78353 -7038981405
51488 -8896877295
-91299 -4347463021
94980 -7981754909
56888 -2387575464
70911 -2051475697
-64268 -8315373063
61568 -9937895943
54648 -1201189723
-31539 -6483956687
-93613 -9820959615
-49104 -3906104914
-84264 -5769280895
64041 -8064483235
-74415 -7151076826
-8121 -558624905
-64324 -9417626295
-12360 -6681572576
-36117 -9060643916
30660 -259101619
-55384 -2886343455
18982 -7641731109
-13621 -5738870163
17364 -9326688232
-49671 -7795295899
80759 -6457551714
63449 -8084082522
44646 -4203782669
57848 -394289835
-38010 -4831296185
-7651 -3432769596
37751 -7405688127
94126 -1733930217
27782 -6481928097
26812 -6089902074
9523 -6898970640
12438 -3231187499
-8831 -5193682320
48650 -3153300255
-69703 -7342868172
68868 -3453652534
-34779 -4830523585
-4635 -9304038691
51603 -8599540637
706 -3875151609
12228 -3859420559
-91016 -3224776098
-21714 -9771019636
-42055 -8780767626
72949 -7598023842
2926 -93333393
-31902 -8456366557
-24492 -2514167563
-75528 -1634226092
93645 -7370908691
-4529 -8813109813
-55187 -5858801523
-25693 -6517824204
63985 -8573531820
-70503 -1604811148
38391 -7823427934
31135 -3086848137
-80976 -1142396107
-35986 -7363517262
44593 -6816692859
-5010 -8511556012
15085 -5772744498
-79118 -2640677295
87373 -4070855694
-69791 -6140115021
-76821 -7941618220
-91398 -1412725333
-71899 -9237899310
17127 -7366450147
22976 -6550006035
95142 -2461669489
40820 -9915254823
-38098 -3053684412
-46488 -873638653
61155 -9950506205
65900 -2454798867
-17407 -7360643694
-94695 -2873267528
-82059 -7248061051
83003 -2331804225
-35178 -781390696
-25453 -9069515916
-2333 -7557780516
71560 -5809267011
-14491 -1183428498
48745 -9034859067
-10438 -598228158
-45033 -4670383952
-18497 -7412936565
81638 -2935883652
-38391 -3962430241
91646 -7537945485
26359 -1326311619
-67789 -5779926711
75402 -5468790382
75180 -8010798140
8026 -7558277184
39591 -2769836993
-34597 -6103311807
80298 -4049860261
-50901 -8086824518
27202 -5671551906
27798 -9851329450
16979 -6274804488
-15912 -9176308990
14511 -3399033911
-64218 -2668535066
57436 -9278066799
22767 -3965015074
95814 -5805573155
89227 -4124456823
92928 -8816299079
-233 -7634239743
86800 -2416430787
39258 -8880286994
14033 -3475072293
-97360 124805244
-90774 91520872
62352 -5575927178
88174 -4731203709
60972 -4819127744
-3577 -6609534807
-98616 -8091487559
-51227 -5174603334
38408 -9701539992
30743 -8745689220
131 -5554618101
-14397 -6985178737
18186 -9913784098
-81570 -4394465027
14423 -5460218118
16108 -1672127286
96971 -3757382022
76377 -3212572234
-1945 -897649473
-92893 -7172296488
-62582 -4629592032
26581 -3535998600
-66537 -1422741220
-1236 -8404945309
-28961 -5219665404
-7694 -8360013387
-27385 -1540241715
-44015 -9113571165
62813 -3101020884
-21209 -8452911972
54858 -2702425901
-21574 -3892197186
-93240 -4070790188
27944 -6362528700
71846 -3796936785
92313 -6149764174
-60528 -5629756634
68531 -9839979354
65577 -2810493946
-86562 -9550609703
-29389 -1695146388
36001 -2051754570
-11398 -9459653496
-64430 215903037
51054 -3992053150
64099 -1175098863
-28122 -2274585895
52802 -1495690920
83644 -9116689716
-96877 -3562171650
-56669 -9660792633
16652 -5018864295
27272 -1931899380
-33018 -5493382259
-69578 -7548340281
-67865 -1337062398
97429 -6097757961
-95601 -9905255543
25635 -2346499151
-35237 -8227413420
95526 -1068857938
99743 -2779077525
-51957 -3946505942
61362 -1961523278
34308 -3174684908
34356 -3288052661
-86125 365638776
28488 -9550600970
34080 -1505042560
54648 -4980856894
-55147 -5795764884
42956 -4384070880
40835 -3971505456
41406 -113771566
46926 -1167605879
98071 -8134807083
95788 -7160337870
88145 -7459550952
98191 -5870897115
-28475 -7795511031
-19861 -7097945478
24827 -4856377641
-16745 -9895933314
-70361 -2732630241
66267 -6707551382
-43079 -4179783798
99343 -6004802601
27855 -4187449903
-97957 -4887234066
-13186 -9028997259
52274 -8474104506
-40009 -1595044518
-6129 -8497200938
-59702 -6767954190
-3267 -2000839507
-58073 -8154043539
39097 -3365506674
-20745 -6881245745
-54968 -3666290433
-23559 -1950105361
-3513 -3665771347
19217 -6212200305
76405 -1243793829
75035 -3500759919
-19003 -2065645389
-69754 -3617851491
93839 -1278834873
18573 -7106233405
-83824 252443817
26074 -7011156276
-70473 -9269557595
-53734 -595866720
18566 -5097259878
-57225 -9047369368
-72276 -7021003037
-2568 -7884885283
-90712 -515137647
81720 -7084122031
-76156 -8149914855
-79443 -562443085
57746 -8270669310
-20629 -5967783498
6422 -7142819796
-53966 -776340351
14586 -995508841
75037 -3758358123
89270 -6369736617
74500 -1135759872
-43800 -7818050144
79868 -1104576396
-10844 -8237226921
8585 -6035968698
99087 -9430969051
-26636 -2018203671
17516 -302216850
-16634 -9454725021
-29190 -2125305424
54369 -1472894762
-4089 -5162129821
90957 -2561827910
84083 -8185638471
-54932 -9371597274
