88580 27578417
97549 516961355
46552 175144466
92983 582476050
89164 219486040
59855 68040037
93466 468803266
89128 113340356
78040 365424734
86149 301469917
68834 34272731
97633 118103006
41198 41981377
97166 496289855
77560 290884058
59726 278835437
87496 350674604
74923 29013028
64213 110849096
76516 296344676
96277 24379675
87173 17839528
82952 32289817
71953 79098494
67630 21950942
64574 96165703
58315 239106841
91640 321580769
64079 340298654
79219 387506249
79750 37984552
84700 383443912
61972 285944701
72616 249190717
90710 377843186
53621 200698807
84208 215813348
91621 395820025
31145 5610497
66614 134498983
91067 643271717
74087 147527360
87148 426901210
63914 82351034
61400 83899487
99992 471937573
72287 25999006
25727 9535313
99154 491425879
46669 113892040
80656 250491826
93362 249269414
98416 675197494
55585 214766789
65222 159445750
59683 223443391
94738 565750375
88385 600512741
91547 132574643
58558 55241275
48880 192757412
61924 241960430
93422 340813900
83965 226321
58385 106362644
84386 147249152
93668 449045899
17857 22073515
96292 712474264
40537 85016524
97057 250936022
66427 156004037
97828 346032302
62168 200755433
23740 15353087
77026 414382427
72170 374406457
79699 493670876
29509 899510
78284 79252949
82615 40364873
93866 457189636
65471 351882098
68117 105501859
90161 468547078
90475 379134421
99059 192661286
15128 16107842
75583 253311008
94309 213201913
91370 284083408
27815 31809952
95084 69863360
95831 304798225
89600 349401170
87037 526535404
84076 304772275
74377 49127540
86990 361095730
69871 19622102
68026 374411669
66250 193512544
91952 407774750
72841 257925113
99592 208521980
91193 157357235
89354 178620859
76265 400340356
77768 479500634
68909 139106374
97507 228606899
74681 272863463
98170 44287490
91732 301527880
96553 652389445
91007 35324242
95279 569104601
69920 313692571
89788 342982493
67642 265439780
82102 533563636
84128 29152909
96638 245886599
75164 338684963
80765 433099127
96772 640219645
66107 49066258
70948 214941281
91651 90269231
81773 278939753
51799 171973822
99532 245060233
82529 195480127
74302 325894849
51445 87663893
67403 112231180
98197 485000306
53749 23572201
83974 362071475
85895 54225862
82193 121838765
88165 368731541
92252 136102960
80623 197361913
83965 345477086
59170 55974053
18019 8416484
68957 118096579
64994 46516018
83170 468611504
42509 30213647
72797 387481087
24806 32314526
71830 323707627
95900 260930560
90140 645987097
93172 325705810
69298 362805946
60991 72964789
87224 296482495
38429 114792223
94466 621892687
88339 116875516
76603 432959816
41552 27019258
88579 198055286
85642 227814971
50726 151676086
34222 33842428
50588 149554486
58703 205977770
75266 267977192
93917 92520673
65981 311580110
96583 492086140
56849 85869025
58252 43481150
64484 127566188
95072 14575291
66626 17533693
82348 316372397
75358 139767767
59003 50921729
95531 230423143
90218 364562540
93716 238403449
67802 259797634
57968 243332786
93238 512113795
76952 261376868
93593 230990776
78115 428006629
67183 139818785
85360 419363636
91709 183175402
93448 455860408
99350 273103046
99781 232845433
94768 546829022
67717 110865770
72673 186882310
52532 87548498
85172 91725575
94295 590937268
92330 59612231
96370 210482461
85567 286556509
92333 684706832
87047 396542902
86182 54733099
75503 362886898
93269 570526666
80230 182012233
83258 408120725
52690 177015133
96370 772311169
65054 304626562
79045 488142850
98605 110306240
74891 231520846
78488 347160115
60836 107166640
93278 499857955
64174 69905704
74431 221579692
98759 73552630
95809 110454712
63371 173709355
35935 73567232
54761 90860797
69007 52367023
55697 100743073
57859 258996290
89842 94941347
93775 677252974
50576 107762360
94481 398749382
97474 235459372
91241 349528240
90319 169699517
39448 96429772
79841 6695128
87638 5928710
83617 79654436
73430 375265351
93142 95387693
69545 241481387
74921 22728577
52429 52481282
91226 548281060
20200 31014214
90436 325632361
96208 186136471
40979 6733612
87610 488969638
70649 337502033
88583 178591174
81700 332360965
62129 165261166
93760 120518180
97820 97399876
96907 413193925
43465 84691070
74194 375526648
51491 118519927
94280 600731441
97117 207413006
43745 28433134
37154 71230732
63262 262881289
98167 285559631
34093 23811712
88016 452841742
59591 20163131
76952 333102806
73504 242649643
71941 421608853
89414 579372217
58843 175778069
76634 21580364
30896 6238109
80387 437189083
96485 452557541
52918 95581738
37466 74279680
41888 136688623
38686 48476969
95621 485701765
70525 122611379
65912 183002099
89728 366275575
93031 216478765
99248 757533634
56204 171039052
84721 151119617
47353 15333041
74368 271442732
46621 67292209
47747 59937206
93425 129678770
60256 30036478
76963 458135582
72065 285605294
77996 181193065
60101 279846674
49082 76837103
84859 332085344
93845 208704536
97121 509987153
77281 461451373
81146 388517921
37624 33184771
92395 304739971
42416 57029422
89161 18510709
61319 245575525
88397 465722548
85636 302681819
50857 164987329
55364 71881376
89491 459263507
71807 222478025
99682 780899818
83315 400411271
47899 95293156
97936 13931480
30757 47164276
84991 461342377
61519 194589896
99743 465540950
51632 139307821
78229 378790940
99631 654071566
94712 406110350
71588 234975431
88189 422149031
85643 353752807
40369 3960560
54590 181632490
45839 128837174
61219 289896994
42001 88428871
54073 242387863
90274 599109862
84499 424609615
42754 83568407
84043 111450760
54430 25390814
91979 87586538
61024 256062362
37202 17678972
76079 25846891
87266 164839972
67834 310466726
76432 60463649
90524 139306865
24509 22347776
83425 412088696
98333 667537172
73349 276614308
73718 26205137
72217 319881076
74471 91934756
75040 361639945
90092 269888743
59362 81205520
97351 522353654
65911 92357977
55760 39837187
53927 150990493
64471 45844453
90578 54166129
88912 422558293
97474 755504162
61355 274357474
43891 55705883
41233 140686456
92573 524721751
69158 335763485
74272 443419
22445 10272457
56260 110868550
63800 333993397
69710 36028750
95492 710287924
93469 431708768
87677 323108590
69256 120494090
90688 375240929
68203 103045241
86590 614253856
76996 203162657
82153 109233295
90602 281040029
86719 141183262
90880 148882534
91589 307443470
77137 401816801
45695 141339608
81389 472958174
17005 13830917
98450 594714715
39325 61256650
55196 118116391
91252 500366779
78397 105972046
44828 161098387
75170 56711005
44018 24805172
99032 52902521
47753 106496626
15125 10611700
94421 110563340
33470 78712930
80684 439923631
60268 112516276
35218 102000818
70166 178125461
81191 216759463
51595 65592118
82543 27555286
34625 29567210
99892 603819953
99347 696742147
82088 373840024
43454 44285326
92750 521067851
94394 74554903
61336 199578151
98185 374572454
35297 13290974
96689 158677190
36419 33164774
80441 113175997
96443 267748859
85249 366812992
99479 474636005
83992 216976393
89443 430073851
51562 147696136
68533 197589289
91691 404334385
90433 282916805
37717 32205116
60088 214403573
71957 150735259
94336 44856938
67222 99731960
86090 223545028
12262 3074587
78868 298060681
98773 380137784
74267 87644239
96919 204544171
79493 253606352
53378 43355102
90041 197381261
78734 472027175
98371 300432263
76780 381073711
26510 41522123
75739 384340297
53669 218628808
88675 306721804
74234 93060970
95540 548963380
76036 276956941
75607 231711832
60283 82176218
64268 84367034
22592 32285518
84664 588412915
77771 420949841
92156 409705883
99872 145111585
58981 229894333
92128 610295227
95246 240167491
47125 30714695
71374 122414134
80407 427413145
94915 716643709
28697 28870973
96824 212929346
93421 423909899
74914 88828868
88468 7887796
63548 208607410
76049 282351565
50620 5896064
72127 53281837
85091 433257622
96275 675150895
87736 106279912
98792 220864484
70864 248248373
49774 17069584
46559 2043496
53909 218777027
45775 133365973
41212 75798745
70996 118325324
68710 79408463
82843 393402928
90272 160439753
86764 355823825
86225 608171275
67742 55789021
98762 659991337
70774 386447836
73966 390017354
99376 310273541
83741 545237998
49514 42580517
88303 403293376
93935 49461140
74119 111318124
41714 113570951
69649 304304534
76138 173655853
84490 465645029
77005 107112689
98854 16075411
60622 10656023
96514 595847936
42073 147465848
94597 7100141
56089 2219684
42992 90021728
70178 407117458
71302 178209719
36323 19859125
57671 233882396
83728 160309385
97579 757205006
88129 36796910
80224 368974388
52550 218775109
91750 251592871
89098 58639511
81473 541942760
45794 13096471
96007 183716885
58057 41131249
52609 81366808
93229 300304562
61226 226505752
93248 226079642
53530 201283100
38965 54062624
77645 395943536
91985 487836896
70567 68118422
74680 441456095
89119 230519588
66095 194088175
67546 312864113
83894 470447924
98084 137623838
98326 606589498
78523 98763563
59930 177659435
72749 253417744
86533 597940790
77635 187485653
92611 268567099
70001 253089814
49015 125911604
42482 136390966
42025 64349696
94225 126347563
51980 4605607
52420 180496291
94289 723409066
68533 144555878
88979 39852319
36923 39618865
61100 297673693
98431 695858756
80125 383090425
89602 348426809
89881 334110053
88840 319863451
98815 681887206
78991 240469954
96415 314311253
96743 662537486
86809 226871488
97630 68353556
59408 171694957
87203 141981668
55120 60447241
65704 346874323
49889 105612529
85027 140431961
99553 279134057
96635 379057525
88331 170238026
86734 453621800
79985 306060488
89948 237205400
59128 105177460
54815 45685235
76391 59881045
98729 548226650
71239 141750419
98489 30588328
96254 484073200
66616 251964431
85520 606503918
82352 345337624
99370 463151404
86021 173323184
95033 522548212
88553 312516253
91927 446600143
94375 472716235
40045 69528622
83453 235791193
80119 369586642
88280 466869580
34954 16934516
28511 58873421
75955 341689511
89662 580250138
83975 531524396
89084 542927827
80527 114284785
64708 290152168
63847 182756603
97954 222587933
99451 631096921
90347 153671825
84574 506843573
98923 606617777
98522 486819676
69575 375027425
99725 584037800
75769 111674246
91058 378379534
79156 470512633
79409 247363307
83513 385016314
45701 110977367
55187 237490042
91457 665155879
92342 637436833
66017 29639111
15539 6893930
56810 147922144
25358 5988956
99134 484610701
97517 350097341
92635 564243082
37880 50610682
81836 419915150
93722 257840473
56438 90542692
73615 280627030
85576 429707426
69524 37039370
70829 73182158
92989 115393421
95008 543537980
35654 17152156
53003 144898021
81431 75099071
88328 547862951
35377 32766082
89575 168067898
91250 576875683
81995 352898285
42578 66572905
95140 643022596
44626 133527598
99994 472228637
80960 446116607
80161 132231248
67349 343660174
80750 53701325
71666 419364509
61234 141707782
85048 438953983
98131 596441069
14215 13063457
98657 537087173
62836 258441908
90664 419343851
67690 36479330
92284 288679127
86921 406792438
78818 156137917
84527 185670617
95102 57349759
34864 2353010
84959 125885167
70612 234888739
86672 528514120
88925 129551843
33554 33570097
84644 81998366
99022 160903715
98771 394844500
59171 204807389
35540 30980134
99463 211057486
90979 189874130
63736 97004650
98335 347367889
38515 42894499
99791 517218137
95078 525876157
69902 405292432
97823 239763229
94522 728959273
80900 292016146
99461 668587375
93668 196303406
87317 561179080
94207 432986162
82969 558688109
34936 90485483
97744 605114957
73175 415817167
78733 261089104
67627 353811284
50230 203116811
44156 50027557
84445 468141494
83954 337716179
80099 233882140
78185 148614901
72572 374617939
95747 131360045
84328 173028791
72958 77164907
50065 169363370
99037 268332425
65660 164685901
63841 282375211
91036 393320194
58604 3489844
36196 53189843
81595 227795842
55565 80282521
78832 1678030
75059 192671932
89411 383698222
84568 142661629
32924 77157743
73643 175335215
92930 473430838
78172 141532348
99668 704791325
56186 211314050
70144 243074905
68141 164760749
91699 23500256
88468 261423649
90928 402568409
75949 102592873
79166 275376235
83755 213606482
96700 696092380
60272 237784537
62455 65399045
77786 27713201
95884 87903872
63079 311108224
61171 95791826
16715 8484526
93196 489000517
64676 12691546
82594 420273154
57565 145869980
43966 29263931
94379 205428406
95815 133499027
84382 77957858
81521 447597754
99413 28789997
74401 250334822
63841 144671543
84826 559318192
92830 249362488
31952 75740651
87956 358794992
41755 61464958
80863 467103139
40351 13333256
18077 24624133
63809 102598516
83276 75173047
93950 443572049
82892 540859652
90242 363326678
75437 468770665
80767 90782449
77759 339421640
69833 335859823
98569 277406492
87595 307400647
68825 193545001
83294 544350830
41132 13692190
89254 524054968
71996 66391963
96500 687505802
94874 690170849
79219 391137086
73753 236111831
60775 42937790
76534 173680655
47872 72282481
68455 135861878
71372 261008111
94697 361762336
85822 500690815
51583 35618887
74509 374232341
59551 276521887
80000 205508342
71728 136171148
95858 626029477
84523 319273087
41344 59501374
55205 146914984
59960 89763224
48262 76119211
96277 607895474
97796 792386597
88076 450635378
62975 240619231
90563 325331542
95011 511048196
61759 191695582
76292 335993266
87124 158228959
53453 101951317
97534 469353581
66860 362865647
74902 382072028
96244 169070344
62494 16843099
48082 71811997
84280 560125081
86800 27046664
80189 289613941
90032 339545942
68906 116392985
55808 79155775
97633 777385295
73423 409191023
94834 542927999
80978 500006782
86126 61847840
96835 743946187
80867 330815057
99173 261992636
47179 45703195
86132 300132356
47626 181207211
88073 286738217
81410 456863225
95072 94699375
59888 163330294
90121 99226213
90463 168345601
89890 274418351
84116 295382092
33014 42111134
69148 254562220
37372 73109045
90808 264604487
99116 152780371
93751 34652158
65975 324216725
81160 335998931
76348 341083303
79472 162041632
35209 42056183
58262 8037619
86858 276694832
54236 136582739
98878 108433409
76153 43495772
72659 60101342
90077 253953802
94685 685309673
87973 532330103
47353 144524195
87680 156150341
70583 183623921
46370 31300316
68095 304240598
97159 92506297
97609 515554886
34612 6447718
92995 560136266
96680 676266403
68566 323884397
29014 53723516
95468 234183469
43904 49094900
98999 493238264
99812 256858454
82066 223768444
98996 112302644
49115 170391508
38915 7897618
72937 230250958
79223 71059670
64186 193969561
85724 204740722
51497 82862977
55751 191719003
77495 25133465
73327 402161761
56807 126895075
80341 527366918
77435 384286565
79627 525979801
97489 405490597
99035 233000603
81167 409686178
41375 11003972
58820 183193213
47443 33022150
61934 48765446
83264 32675576
75023 51446881
88646 140122129
74435 318661937
91786 662375026
61235 14048330
49897 150366800
82423 493945180
90610 307759135
95419 310637002
79246 388046716
96883 766361141
96548 645666934
97619 430481996
54766 148750309
77779 214948790
75995 328044029
75647 248580406
97738 341884354
93356 488205055
56888 67838312
28762 33411832
52622 4386199
25919 2990303
73550 305662385
41638 62735509
83933 69792970
77213 124476976
96008 155361023
96460 108074371
93226 372396377
61672 129307573
64279 193603430
56702 77537501
76882 146981851
81589 171014399
81013 87810184
94511 193617554
72155 239709497
83276 234930128
93464 554432315
88564 116670023
71174 78501433
43922 60244615
93265 31850581
86057 565304170
84398 481963598
38342 45634006
75614 161753449
86474 569592502
35887 16613639
85150 297924713
84538 346435295
67715 350644346
95359 59127790
79586 479160772
99217 313127714
86198 467673196
89456 535293821
73798 120751505
89116 558629315
96862 114651925
95714 35093234
82708 230735992
77825 399473752
94439 620873587
89356 481991372
94052 144459106
67004 307137284
82054 360035440
80975 454104730
63860 188370773
70961 413182154
84088 241546546
94886 640984879
41954 83937397
67775 18856153
99664 98616175
69622 137961706
92258 213973105
72740 427685554
74272 141971297
77554 346441136
48622 62544835
9460 5791421
97882 438486593
90689 284241536
97492 769325105
95324 598222873
70861 197734462
69275 191980718
58265 264729635
78409 450100174
69008 302323357
53893 224738420
41663 74782196
97381 540601721
99563 453355313
81374 205796111
62075 175042024
95150 446505523
88261 320868395
16328 4642867
80368 490316146
98581 236356025
94228 726042769
97336 178225867
79228 220245995
57301 82301210
30140 2366698
80947 384738427
98332 333800494
42221 74279294
69407 40852156
87820 33736882
95189 745353766
97241 447261578
81683 443126332
65780 34306274
60773 21500147
46327 117530822
94862 164812363
80995 32467786
95903 358112968
80690 521864410
52069 142048631
68773 390584005
95567 384803852
88568 326179637
82975 529684640
89777 434554076
97738 463918625
63845 336301355
86752 556065349
96988 703807229
56317 223049807
61961 19318018
91429 375451831
96413 305459140
75371 95696678
86498 48310292
88730 472365413
82802 544058504
49474 99830096
61813 15324899
80722 334461866
74813 307319752
85139 164942519
86225 261486430
18509 16538878
88291 344561581
61748 134130197
79841 40962539
76792 122586763
62762 60519694
65693 122931268
96140 96156272
85892 370090940
75014 118667426
65861 195349898
96859 246567574
60371 160088942
76553 39574162
74602 133860371
82985 320519992
83962 385548844
51682 122613169
91738 617711933
83074 106369174
56780 193252051
82171 4437193
80093 124411136
64144 97858732
99079 169994477
88279 424364626
57467 69836321
99809 213849478
95198 377483327
63616 277642225
94285 205592921
87068 473111468
34537 54139913
31852 67125446
90143 389102428
87626 478162871
76988 205013903
81773 69213475
94217 430908326
95498 216094181
90787 653932981
59807 24541195
76312 100453334
94156 58196942
57238 153835429
80728 228003487
93134 544302851
62923 54649592
84742 439634258
54946 75139693
78620 122788277
56869 174449443
93998 646268575
75820 127894036
31022 58405064
66074 239601662
98534 173090656
82894 66763915
70709 224445140
67495 90807911
80897 29213689
77017 126675734
96644 9140528
75322 382481608
51484 140821873
45311 84935798
74711 463299937
69764 64385075
88402 222165988
83717 494488022
57716 77119861
97634 5124010
88553 328929725
67897 383928845
54755 197293892
93004 424148219
69322 336843863
66037 145571512
66334 129925622
83749 447550915
73885 22438729
99530 763939376
70195 241190741
60290 127347559
89164 178721728
84722 779008
68017 270527473
78917 95420975
82711 474825055
70397 199818127
77729 338739751
90815 3820055
98024 269939068
77156 368603123
69493 161833426
11342 6174917
95612 61125866
79810 474124088
25433 50608381
80150 179320
90793 189535646
94889 75866467
72730 398825689
78248 200062115
52819 142246837
99736 39745327
68857 266073044
38234 60760349
29771 22146959
97853 656488343
64259 34009294
72743 95561519
98632 471793618
92344 514606928
96856 171370067
37414 86872318
87431 222297436
70046 30240151
60794 63140089
78770 412200587
57434 162356357
87320 579670613
89377 342849559
71777 407773727
42359 133453769
67810 375013136
47611 84329312
96631 768518254
95078 16122230
75977 270640384
79639 418323968
71698 125660825
66143 269337931
95317 282889226
94531 243807791
76061 421556734
36305 73455904
90731 677564650
82288 490848781
60839 5443381
98668 203390530
79594 20491073
64498 24911789
96466 325784501
84329 294232369
15152 11617843
97990 598369234
39806 114912322
96505 539287526
59509 174767524
99493 782157287
68797 44869069
79753 56926690
26384 20141723
66091 116430754
49615 34252532
87901 491396822
52120 212110156
72253 108026798
43124 8411746
86797 112838659
80641 63815605
89057 118534079
97151 646927637
56698 177388243
81496 281844916
75595 395113433
73646 4298024
56267 25588429
91757 81703373
52654 158800796
69703 169655683
97784 448305004
80653 155634832
89512 235822691
82507 342547618
60877 48029389
93590 126070334
58979 27369728
53336 419870
90592 424863449
74482 300361084
68675 105005947
88061 535963093
88627 322863193
85922 418479974
93365 150818546
99067 391591813
80384 386939065
77588 395112085
82514 528351286
66767 345316658
98017 678080794
90149 218587621
45788 62386190
55270 12786100
78979 215593078
53746 109761730
54139 224140226
88483 35602397
92008 660465809
89297 533790596
72799 194113372
54265 155602853
99008 616747624
57019 20980625
87977 406952272
91693 623548550
61210 237108326
99401 553780676
61819 12588163
58429 106223701
6485 855157
79543 480560333
98068 252796327
67909 32902321
88225 427543441
23444 9001924
99898 132350156
83647 318258236
97627 79331420
97673 127736030
96778 37460374
44864 111555362
67097 239774323
88045 607663639
91451 605400637
95512 330867706
89320 155448929
63917 124353632
52721 220947743
67846 234435886
84751 537652841
81196 270448757
69655 255727936
68093 222819136
60122 271956175
94391 643527404
73792 80846957
83299 530699965
70958 131309384
83252 515706098
83465 18559526
64538 50630740
66365 340773398
82418 75822782
84539 198082606
98293 260960488
32921 59977405
52445 122503513
42586 86809940
60557 203539105
86683 491491175
95660 55341934
95534 590240182
77519 45037478
90008 417920743
98188 338423776
83488 313411652
91339 87843191
22622 42308662
74254 300611392
66901 335669701
57682 17712493
56027 54542983
22075 31757321
92152 120876917
72929 272789839
59221 263570332
70919 154015712
73738 225821245
52264 96884560
76682 78125110
74170 18509681
96182 604610516
95327 185545823
91205 125262058
88213 378811441
73202 249163682
82730 23186788
74357 328520401
95176 547850030
89408 173960269
84877 437794370
84062 548130977
40234 41028431
47029 112757128
18187 11979455
46114 89771389
81416 45042686
96620 247013566
96098 686300644
94781 542713528
70990 229903832
63521 117669677
86719 495540794
94969 87609707
57457 242372459
96319 429969073
68398 316188235
61126 256351498
98782 10452784
47726 22448093
60680 42612803
92750 112182199
71599 17731148
64424 234252257
98641 419986100
75193 223440352
68281 92410168
71644 423175760
24211 18256570
24800 49783432
92051 242496265
65159 311487392
97784 694731250
36448 27932209
76042 106326850
80771 339370235
56242 7739635
59585 225217394
27821 12289921
81487 432581974
75904 267134728
59800 129179989
75647 315477547
93671 595435805
92614 159799595
84316 587730976
96086 588765802
81304 355246558
83878 431708246
85003 50607899
96481 140980121
84263 559875614
99950 306302342
47222 47922181
64187 69703136
74338 1503311
65135 88020713
83902 320528212
74551 104723323
85232 58871639
58022 60018119
95674 707791343
74732 119668750
43151 63710722
83096 545431081
92678 562100471
82979 378753773
34711 56343578
51686 170393099
84886 353773882
91163 684389638
95864 334622932
72233 77572196
64699 166602155
93574 121805614
97495 735286795
91774 525080696
93926 496817227
73381 19376974
87809 493166665
90925 244009304
92740 494230816
74350 178090492
93439 100833325
55619 3522064
92387 100507433
61190 131282561
38665 111678334
89824 249599306
68426 177743669
64583 78998014
51299 98416009
38125 84603748
90821 605397188
66178 128072105
83525 487180610
97681 278618702
91301 369857309
25754 37600385
65249 138774472
19484 5482841
92539 165513889
87181 251994812
66932 329045884
64163 194986990
66382 129225952
52504 134886494
97777 386727589
89419 450178534
79412 521478851
78035 368951065
98695 458610440
50005 47928227
93806 343804373
85916 248952485
93205 686339092
54107 243610088
74074 135568891
95554 608253584
75872 279873110
71531 186888827
55748 143245856
62327 86036299
92504 288980165
98003 494765462
92434 41033369
93980 304034917
98143 243666923
92060 203180500
70307 141193567
80512 361960345
51151 85697254
77728 247888517
54185 135600128
76546 375416807
65119 151339219
79144 309440080
68254 278290187
90803 301220243
53476 87903007
91759 505790597
86683 601990600
19919 28784330
36260 58301459
95773 12416003
53947 75211420
65884 254106271
56953 186216884
86161 499563182
75592 447365162
85429 373029061
92071 79281701
80734 39183589
61540 228224377
59311 192250408
77606 159368809
72314 346923970
81341 107242766
93338 537320041
96673 203277388
20926 27556474
37306 69576247
61945 270296443
74111 154861918
88769 566011388
98030 422134046
60980 259828249
71251 251862866
91361 576028615
84887 47602912
89180 79819136
99104 731149051
59839 18510418
41377 131079961
89603 383556460
78919 85577399
86134 33080929
72058 45348542
84340 249851099
33776 24978662
78962 245155669
44215 153926561
82424 193605833
68426 162593650
38861 99345350
95240 641052497
99299 498617435
81752 335576551
60169 70453090
35053 21235864
87178 33461452
96148 749949466
65348 258430561
87130 87297094
64105 294930482
43777 54591469
91301 82555777
92773 158456204
53921 109040432
83699 110192546
70307 391258913
84035 115888624
89873 218152304
68662 122741150
74731 363701200
96296 688817878
90022 461043412
45856 15406847
95161 749051780
80249 238237751
69601 86648761
93121 642921334
91295 480675590
91070 235087469
77305 78055885
98113 46385237
83444 315088256
97016 757289924
86668 387259094
13855 12419861
88117 335419309
53777 82084604
69289 261991082
79741 442184416
32237 30101639
79723 264723661
75682 239308378
95239 558956107
93127 87964366
40177 104841001
39944 1603318
49222 9398054
54845 95866535
82549 138152363
97438 627915626
76180 176818496
46198 100912847
92420 139446689
29477 65906258
86503 35877710
91034 24732884
91838 413734589
80327 38383238
56845 225892553
94193 95398000
86813 323286137
80129 184432790
93368 666014597
94225 73222337
93223 157851782
98924 476152076
82982 129718819
72332 331758139
90797 17474293
91214 656554699
69511 289678031
99500 341631575
93247 153906413
59146 113811530
78169 228197603
12103 10186975
70640 378450121
95137 502893212
93466 570158935
70780 108328852
84532 329636528
98954 704779619
71387 173493269
48496 61976816
92797 182254073
98495 253371916
88726 241292927
96074 741859615
92734 477560137
59939 214975517
69637 160794893
74818 138255304
71476 342834064
69476 335718877
97568 711199222
83278 238665538
61808 293216746
90365 451692833
70105 165299377
96982 56643902
69235 395761976
93610 264547475
71602 189042236
61390 52313155
55102 56922095
89848 104725162
68302 1509142
52820 4616279
95956 595074001
77917 282269150
35522 2935315
62777 37025338
80581 262240682
56615 52394552
58481 156936472
93824 482296348
95828 160135798
24872 45763529
72676 129671222
78286 415761014
65399 184342012
88621 444995942
88349 455897345
51266 95245520
69023 14529808
44470 163499864
89003 610292824
72287 109524550
98602 53243896
59636 274464881
79900 395729065
85616 71472608
55247 93952066
97012 39965336
78875 418175204
95729 141240311
68173 46127038
81013 325106903
61178 81217283
88283 471975188
72049 155115700
93095 337567051
96280 305200423
91033 375480416
33530 5769056
98495 626442851
74593 2366093
93782 306742918
45374 63602942
95470 508968020
67874 47362006
36656 21689944
93986 725121155
77594 73394134
37096 2191378
83875 514217293
96403 555164849
88109 302422814
93542 111083230
99709 593420963
86195 290965531
93331 139211741
91996 525187240
72476 83552299
94997 196754117
56245 21142124
92110 539891579
53668 21587668
67643 3648068
69883 292737622
89218 131061155
91171 470271322
38137 85459361
51889 158064145
81928 501563780
84356 311096147
79490 519681638
84611 350276758
33748 94122340
75889 476941985
80941 528906746
88177 617202953
84023 497832182
79334 87186502
46891 100635466
32891 15937243
97279 144680365
60029 179604082
98281 779879975
66008 7809817
80927 147386642
89864 214584005
61301 107719387
56641 145602686
65231 241114924
90191 626845319
96707 280703995
70138 377457755
81254 144405131
65498 338687591
91409 464334464
70463 23182453
88211 390323234
77615 372963740
82129 346881598
54491 37470524
63308 14731081
30268 74443555
67261 73771700
74819 301439929
99029 421341770
99859 479062241
24679 16642595
38314 55654288
82480 161046542
89726 598945973
81952 536847341
97603 779537371
85081 161045377
85319 382926416
48890 176939392
87865 262107382
91315 477949973
94283 236062567
90941 454376644
61547 168097196
87499 157117361
66070 78198086
38461 55315612
87515 159756934
58889 65448427
70066 288019492
76064 237492556
88561 291736387
51580 173474147
96302 96843641
97289 234686201
46912 101701073
92326 319314989
92920 582291230
39046 118058984
87253 367706771
89671 466642672
67007 353581043
79010 479912596
93208 590543957
98548 279291494
39509 119945246
85477 363401251
71573 166240322
64823 349709011
19582 31334321
51352 63525908
71674 395240801
94417 99818302
88316 8304047
85961 314231767
44371 158256817
58096 141603754
43559 81565837
46960 51720961
59816 10820351
95302 502951877
99262 762116671
50440 114678305
88174 409889261
88108 449030956
97393 770668136
77753 486818662
85289 385733504
98486 74068964
92225 254255470
76558 183132937
77174 469250987
76733 326570987
90973 649253831
64355 248875901
95870 311405413
86674 256080535
98276 743418869
88406 645453275
87347 606207871
87701 493731083
53014 162440060
83894 204636338
73384 254502677
96163 471530108
96004 663576179
61747 70943888
63046 252995939
51074 136776188
82897 180527804
50707 6049577
96257 314850353
51107 164941496
59614 175784392
74995 335220112
79412 39491999
76853 249713719
84013 402429515
70645 408990634
72616 198090410
35282 13497664
86185 140785798
43204 145002685
30134 10624741
83774 249404404
44752 68156708
67835 114336814
79922 202526806
45869 170479909
77206 102268130
57485 205612258
66539 346992604
36770 17220169
77350 113342924
88954 14078936
91225 317419564
87271 223210367
69052 345833141
83642 465450191
88628 286325078
63245 152747591
66881 307290019
78374 81972145
82256 81187165
33982 29138579
91654 161616736
82604 484729804
92746 592173517
94546 634237456
98693 325097503
61892 21950125
69211 284126818
89864 174431764
91925 390133810
78946 263091632
99997 482906929
53701 153836962
18128 24406966
68903 158970671
88474 506529073
72718 100786874
62290 185757676
41336 74520848
83192 259906004
44311 157371311
88804 383634805
25970 27874036
64541 190486780
67646 59655347
73537 207669473
17677 7025272
73004 68789207
44602 84742414
67739 367663423
97369 775309031
45823 120611755
59852 296841160
94442 592514713
56638 182973683
80063 183585373
79004 231163054
88850 306633286
70195 22029382
46103 142691971
73721 238342372
56092 184796648
81482 282368344
70034 271369619
98273 9353227
77884 440690969
97504 581457058
69925 83645893
67117 96401762
88531 188980906
30800 38213005
44657 114635321
71018 305977585
75992 208740184
60833 37159508
99832 721030826
66650 119593942
82196 74523731
87164 371276720
49520 40036273
31085 74406826
86050 364644227
34963 94374341
88949 314780971
75371 404160836
61616 178015463
35822 14192446
85172 185718904
96541 434906069
23857 41620349
79999 300970718
73798 240680783
60595 52657570
75154 245663462
97726 636227288
68299 78139799
56666 46109488
29198 22402100
85031 489865156
97108 51179141
83971 71661292
90589 359094377
75353 2759477
72172 383240207
97985 369471281
48647 6584657
90881 501958984
63253 262110389
99530 581740037
39754 24541375
70285 313919221
22028 26416318
87374 558167984
79630 516291866
92435 502081898
21503 12070009
89222 100897618
67624 372018728
88303 233756558
88084 277880923
91588 314839148
97817 508034255
68293 32943499
66218 316198516
94258 542992540
96767 440177540
73124 2155169
96767 200831024
44468 150257239
77323 27159620
93893 430898117
79445 512060378
69293 380553413
86525 39407450
61759 278041132
99881 54266842
98576 220201937
76150 48844741
85120 173001286
63749 158017118
92896 233587279
79862 11530870
46144 63585007
90458 187904177
53234 204088084
25685 53513441
99383 145756991
56396 13617647
98309 217648987
