-19815 1701626195
-89578 7852293557
-3463 5478703736
-6811 8886234276
29188 1850274825
-56784 3957924352
56522 4990227135
48202 9737682135
90882 4460092519
-62284 5250160166
-18997 8369263395
38851 7939589993
26833 9101558993
51650 8998630463
99957 4641059197
58315 9733905854
40438 9696458522
40923 7989645034
-94533 3159574463
42049 1655588684
30006 7582788518
17398 6016256649
23976 2659634657
-23311 3825146651
97341 9637405451
-54418 6982642110
42276 2002591957
-54851 4795553409
-69260 2930635434
-9586 1568995007
12614 1854641883
60378 9921489413
47393 3533112210
85588 2166986615
26758 1359354123
-37182 5480849446
19205 6573594384
16088 9313249607
13708 7222460919
-37430 9032425769
81533 5916864050
60661 9955506929
-14118 7908481511
-11271 8471746651
-93195 3151654796
88415 6730920633
69494 6335445113
49681 1922899482
88040 3110529324
54384 6303795350
-37897 5808572694
14266 5475740460
5298 5792316889
52790 1862841984
44702 3036307604
70022 8090599085
13673 9282739548
60253 5494790898
-26797 1495148391
-25451 4812292107
-7574 547723673
-30587 7783863935
-30824 8285709666
-10575 2926843286
27589 2153267048
-59660 2242437708
-12517 1614378212
-41866 3592760751
64299 9916479638
-59455 2919381867
-72305 2393851956
92456 8088392150
95279 4493878445
23641 8266829522
30097 4353301377
-48922 4673511729
-32866 6237475947
97901 3937756829
-99970 4669947911
4207 3342243288
-6821 9691351572
22846 8128832612
90238 6937063758
-44047 6390786977
-19646 8367542786
-77919 9599985926
89331 9888589325
-8499 8050434409
-12356 6117510717
67291 7374301758
13753 6063285173
-70264 9070996490
32705 6289703093
-70963 1785081425
79934 7387202508
20132 961912500
-16663 9916159010
51536 3995886125
-90667 8419400804
-67480 8147580813
-25764 2224725725
66524 7152827295
86332 2894426667
-46962 1811204801
79259 4201417532
-35560 3109590644
94235 7860571913
-15610 6363216159
-45473 4163380953
6694 3558294362
66561 6814942196
7825 2285514476
94666 4739461655
-19026 604612613
-13886 1667888274
-15912 648674737
-66878 8270661323
22565 1785161216
77781 2490681199
87265 2124813794
17984 3381875681
-97961 4613590908
-81512 6786136313
-39928 4788902130
-60632 3702421689
43523 6742488395
23164 5964811539
-84226 7977013422
20681 4286986169
-40650 8539676152
-54852 7148520434
-60637 2276963735
-83426 7889943773
73715 7100984019
-44510 1566419339
42852 4107343996
28294 5683944962
14787 5527279292
89822 8861749775
33228 8486718986
-84033 8801286791
17798 980247953
90630 7155149011
32314 4435605909
31242 3308283650
96028 3336478068
68066 4031463719
-38770 2126937245
8926 3216790743
-37398 9910699195
-38378 4070154203
-74037 6070585762
61201 5798713113
17420 344242853
-16492 7611255528
46095 4772695475
79025 9992001563
55128 6442559609
-40625 6369922949
-5129 3531986793
-77317 5444602794
-77747 8569843694
-11461 8992409280
17681 735485142
61791 2055769514
-55567 4948176485
8325 2528614724
-66766 1433948277
5797 3254762153
98215 3923638427
85967 8041927847
-58965 4272843986
-63409 1055716554
14559 7477027921
52433 5637361581
20785 2709177230
39186 5980130224
-6224 2274690360
76894 8200857479
-31296 9091000649
92588 4687408193
-25676 988767003
68573 9048973530
-73157 1800358136
-36628 5294154470
-31669 663032954
81412 7413454184
-88498 2303383116
-94863 9305324845
-52128 9096810812
-6781 7342773911
39300 3034862977
65198 8304041205
-26823 3423386174
10913 8756612121
-28682 3606125946
-32812 7842526671
-64290 7020464000
61149 3239589628
86560 2703979374
40234 8024172440
-53211 8116187834
-79023 9972095029
-20645 1460745786
7461 5550613745
-67121 8781941802
91350 3549067055
-55210 9814962875
-9764 7604913354
-33746 8989127150
-34075 9077454894
2768 149983374
35505 8875546408
44709 6551543510
30917 8936781744
-82919 2628000987
-44593 3755404643
32483 7502290865
-21542 9317453738
-65296 6260038848
38644 7410195557
-89138 5121594456
-41890 1597211159
-29038 2316101895
95696 3922536389
72447 2134872220
-92272 8208368714
-52951 5005904648
49795 4971203429
-54605 9440364744
-52922 1839720902
-21270 8115913267
50567 5538757281
39438 1918915079
-48817 2587913259
84935 8461780422
57699 3126158585
-99756 5331951230
25473 1552510733
76330 6787910543
-6030 8981978447
20120 9280206837
-88533 9540781612
94396 5963462490
-63420 7612618643
-66395 2459016104
-87611 8063987582
-2169 3995631245
77745 2391932095
65718 2140433672
-49330 6549148788
10613 8458700697
-42135 7425784525
-1163 5668663661
26447 2281791335
93238 4956718034
76251 5504908943
-93725 6370105404
-22607 1695852149
12919 7899300371
-75938 2004678123
21128 5514484370
97934 2781710783
-54330 5818409066
-35451 1756908158
42129 6327443158
-8949 5138303647
-72255 7673521139
-76721 2700117902
18641 3195200229
49804 3424782665
9705 897889517
-57403 1114768757
8564 444841512
-30497 9776867768
-80869 3856162725
-18977 9666608223
71684 5974949735
67339 1739806017
82954 2642559938
-79126 6446585232
38690 6280797591
75265 3897743160
50708 4410313524
-77995 9718362540
11861 3685329291
-66025 9236349060
13150 2155479644
47519 2620667769
-49472 1977962330
-20468 6276376142
-86303 6723078176
-25134 9177252634
-13273 9325830585
-45737 1239749963
30658 6926611746
94034 5991044085
80150 7773818156
52964 1143686547
38031 4657501690
90298 7954903857
-72418 6292513947
-67185 1423024160
56520 1166656285
-90340 5737878752
-16817 7633165203
41488 7401337197
4316 2638354989
12802 6490630010
96746 5282258381
46175 1022273826
43037 8475277887
29471 5496091956
14447 4725402710
-782 7464184728
-46997 1274257755
-25892 3164807658
78619 8304895088
39020 9953134961
92735 5494151444
76501 8130750123
-821 2102938899
-6041 6811624382
-22338 9856602673
-63774 8483752672
-16482 3289711286
-13573 2577247763
-13402 6432889047
-58084 4444399332
26233 340223268
-7088 6209289332
-67688 2664142973
-4938 8000289629
-52748 6437771855
91020 2761673564
-39480 9780823399
-14306 2525672942
-52243 1003735403
84736 2739580035
-20814 7817678077
64296 8335025345
-35690 601237125
-68415 3500397706
6236 3525288944
-25353 2737413047
-41472 2060381728
-71246 4869204681
-96974 7039949303
90420 8527278692
82571 2326311338
-73447 5677298588
7438 9213538377
46871 7993889307
84980 6396616403
45725 8714390513
-86077 9414116303
4702 1102614153
43357 4416515649
30568 7046119239
9624 6286503589
-31702 5550552687
-5020 6164389854
-42059 2849927975
-85369 8332941855
1897 6466532751
39938 4547282523
-79518 3177578402
-2298 5697146273
35601 7643909314
76798 4354560080
-43975 6780245066
-28346 3052957355
-16228 5232494003
-562 4879729470
-82385 3951883055
92789 3651350700
3462 2720635352
60195 4723870556
-64178 1820827881
20398 8335089921
-13519 2841839679
-58988 5535335858
85706 8781709410
-86184 7269152708
5079 1689481780
30540 7549156418
-5886 2771262775
8351 4248166157
-52045 1748763879
51713 4835704514
-37408 8878003743
23950 5936116868
86562 4068434647
67322 3233646324
75814 9641499509
50475 1083397864
-38450 4806756170
27659 1436517591
44964 3264571844
-49036 8649860859
85367 3927410693
-79660 7961629788
11844 7106304934
33524 3750856544
22629 3859823480
-95920 8631395349
20633 7482926268
-98083 3649194656
24274 622564410
-35281 763184649
78748 2832988322
-71348 4280195658
-6105 3234966629
89848 5125358489
60723 4718002120
-85125 4738809920
-89392 9680359029
-36546 5969272163
7555 367139885
-71983 5547268265
-44369 4609318655
-85536 8544962885
-60693 8337437006
20503 8113328094
78591 7714452430
42724 8513887293
37458 1746405365
-75231 2532049414
45491 7790623370
37785 6881144243
59085 5283822443
15783 5718743131
-97825 9225646392
85596 7861745086
-49657 795579380
-66701 6502340987
63616 8415736538
10107 7737675848
-42909 2543334581
51272 2234758971
33440 2731959480
27075 3528271711
-68922 3702460939
9891 4451005859
2356 99794057
-4377 7033183253
34802 8274684765
13520 1093019049
-18183 2316100481
-71552 9100022009
-33375 3562772474
91192 9833481774
-7887 4784241244
-31010 8882073065
1478 8741038682
-38907 4188111910
6292 1468884896
17517 6882978340
31532 9635000820
-65361 4932325708
-23168 4739885579
-50978 1149422039
41554 5986211585
92327 8454857340
40057 8932029066
-15846 7148107243
11865 7217655991
44899 4959347210
-9547 4833141369
-60487 7547514303
3745 7655123367
84877 7597903871
87137 8737995479
-1253 4094200985
-94740 8054697203
70932 3706528412
30433 7686455315
71279 3644956487
14777 2369895176
77349 3949539199
2759 6622593702
47492 1704315815
28446 2406764764
-94659 9165589421
55145 1068611748
-70318 1849911749
87899 3677624829
82874 3138211997
-38069 4886409156
-4835 8214371228
-92797 2968641287
42185 1761363245
77199 9230451037
29499 9431639626
-45217 4075661229
92459 9201256998
88781 4615858737
43945 1570457504
-35199 2182302424
-65510 2335060712
-18704 6510903254
-38599 5125841864
-89745 6913464089
14797 6997490160
3954 6184029790
16595 6097082883
47076 5814441598
64646 8440197051
-78825 7226200796
-61526 6672453626
3098 8410007010
-10340 5443902299
55296 4865761405
33950 1317629129
-52550 3698339366
-32986 1585927952
38090 8616666323
-54041 6043809158
54255 3923700748
-3244 4956372747
-31758 3474268844
-33992 9440507985
-11491 5135600435
-18151 5090222972
83834 5595997344
44797 1584870872
40620 7330005274
41966 4459856190
39168 4814431334
-12072 8170727674
-70870 5693558055
-7054 9280847682
-92999 8287820247
10796 8406778940
-69421 6209068371
33666 6472409546
2865 6356446237
-45632 7330447284
85570 5076255122
53850 1235701247
7219 2091119678
-1546 9516829856
27850 3599003772
-20375 6865580265
87213 3006504902
-6011 8345168415
55376 7090766819
44546 4376050584
-34929 4812623704
75740 5768675870
55784 1268994228
-97905 3464870045
15007 375341430
33671 3636812334
-49750 1381834907
10872 5146676696
-77203 5545866747
-43320 4916432554
40890 6441894032
72249 5400503333
-11759 831558779
85249 4024108824
37382 2178826043
3618 2042460344
-2989 9920620157
-14378 6402199649
-63125 6974376245
26388 5579661292
70186 3798013979
-10191 4578623993
4746 8409055871
50104 2091603546
-15706 1958687747
15388 2059652609
-95026 3525917120
-30007 940580372
-35332 1658433815
11514 1214917802
-4549 8146172172
12484 7101807596
-86408 3195310080
-68807 7483456901
-86379 3068738104
97124 7779776652
-45824 4659090468
-13336 9177085403
-16599 4759783351
83390 6876155091
39387 8588623355
-69938 7173043754
85447 8962652643
86437 2859193791
71223 6463642433
-67246 3036976436
34391 4154285460
-70650 5613810491
-26474 2630530392
22181 9738191055
25120 1944382740
53498 5723104205
-68745 6049519450
76034 4762667118
-76141 6834781619
-52969 1171618697
-7249 9052092699
99720 7153228457
-11379 3145094449
-62571 7782088162
-56954 2130685277
73374 8240328541
-47477 5722118837
-11215 757261770
92084 3521931284
72060 7059033272
-83479 4715215722
-47593 5584188215
45320 2440676027
85135 1845784815
39141 5383236139
41596 7722191543
64171 4948985061
52573 3787293180
43644 7852827739
-52145 4477660788
59720 6205394519
-74632 9342051662
-76880 8534233775
-52737 5799641890
15008 135624507
19857 3218680040
45492 5027783512
24349 7031979894
-14830 1856015130
28114 2190934646
-87636 9517971071
-35387 2605619987
33140 2009706420
44356 7467817253
80275 2826322740
56094 3768962081
-24506 2405558291
32660 6409692654
43934 8249879418
-76921 8450517087
-56657 2650120083
-35813 4936252205
-89412 6815959351
-68755 8095176683
19824 982757356
26175 1882879049
68285 8119914527
31615 3629306844
4259 2708599388
-60475 5735617268
-65320 8390729882
18540 3542475454
6679 9676327488
73371 4175409715
92198 4647114281
-2774 4194701120
20342 1643501150
83893 3589990824
-11176 9419992281
-64877 9240510992
-75354 3364269983
49064 9331525436
5684 6682127201
-32272 280001018
61945 1440970551
-78696 8589800030
46335 9356656303
-90927 7849377611
62230 2570001117
-7717 3252084768
-16792 4189412637
-36261 6815825626
-64961 9028283033
-40526 5656604858
17803 250897896
18630 208448749
-37265 7605495501
90489 8472306815
-4416 8539460924
-91543 6880918760
25388 3253600386
65778 3939269543
23833 3866116851
-36599 2021203227
-59856 7268076932
-47289 4187232898
6195 8667142138
-83137 5734370247
59140 8388754260
42406 1949837082
-75703 3928534116
36850 6186389039
-27814 2845251086
-45870 1911755462
-43631 5398702425
43503 2012523803
75576 5341757968
68232 2284446502
54787 7429170255
-28835 8942420046
62705 4444258245
-14358 2699909857
4612 5808761429
72160 4814920067
66487 2880817395
84133 4445652902
38607 3965964719
85657 9602047934
74964 3105241172
-3646 5391822075
-77959 7267266024
55887 2359241381
-78963 7309136062
89771 4706776658
77671 9515642831
-81466 3238508541
-77203 4219058960
79097 2466679964
6693 2083196606
64618 7077438012
47794 5377259735
15604 4867158491
-58443 6719953523
40207 5649270189
-35612 4821295983
-94973 5652250335
-81911 2725093161
-20658 2054753369
91894 4349614649
66419 2227341419
-57715 3199539873
-15281 6830300159
-1570 3057845772
53801 8897549615
-35197 1879415736
42605 3319614138
6315 7035085177
-9410 4789981077
-64351 3451910796
59229 9008521489
27138 1110514726
92753 9206230278
20245 2770770645
-1890 1091327833
62929 6587197355
41617 9979056756
66065 6398523767
30181 6369894717
19107 9318951128
-99244 4722546300
74531 9258814673
-45471 608129573
73465 2843930538
15961 9131776505
14326 4354373085
-57076 7815306254
23831 206326883
64909 3480492008
31705 3043673889
22092 4424380259
42850 7364537999
-56929 826904529
52188 8231515676
59544 5178514132
10003 3575113280
-72343 7339756122
-28412 8212701180
-15682 8062794597
9342 7521645605
-13937 946437372
-68313 8519810072
10287 352601645
32110 7139525631
-76115 4543062480
50621 3906124446
-55065 8409100120
-48653 3911618721
-93874 7631093961
62371 6479148072
-6454 8627718401
-4495 9149217788
74811 9759173666
-55426 6451896137
12997 6381771908
-67599 3870628903
-15946 8546736500
69261 2931287719
6806 2136333338
33194 2653185753
53319 7558897528
65474 7056468194
-58550 7607422619
-67239 2626200581
-17537 3138296109
-35563 7398039762
60834 2074708196
37884 3165144757
-60740 5531762706
26502 4431301304
-96041 2309979338
-45794 9000328394
-78252 7359274655
-24973 3921482138
75225 7557752470
68653 5631659753
80875 3804758289
-58052 4545614255
-21445 2503660176
-61536 5641339654
-30535 6059541216
-70284 6750118184
-90642 8923934189
20569 9576911301
-34665 4243474223
49545 8300596636
96090 2932026307
-7167 1301049277
89791 5926858617
-85202 8934143168
11368 4577979425
-14665 6293267145
-93879 8598377087
-83666 8225629386
-21336 7925367130
-49068 5307586051
56450 4506976197
-8260 7453618482
32116 7012452798
52103 1422273741
48245 6412160183
-37843 9860475995
-41379 4355324897
-83076 5677853603
-70882 6105975236
66972 7200113855
34031 1339702494
45625 7679908091
11620 1364046570
-18532 2308751105
-20044 9654408225
33135 8938909912
-90738 7530820838
76790 7534430082
90922 8896665477
-24674 8991096836
76916 7798270584
29669 5399423310
17487 1286850988
-77258 7551951371
-90796 4920153399
-18655 2586199106
-59102 7957931696
25579 1756189557
42370 8432247558
-76975 5260970249
6740 4569555843
38855 7404889760
24935 9265422900
-87660 4846950197
-35748 4642338610
-82836 9900756427
-58733 8614042713
-10770 6893620997
46293 2322789506
46117 5652384083
49584 7127703844
-91143 9212566843
-80116 1925365223
-8234 431402087
-31113 4519831391
7803 7139964658
12748 2386946087
55649 1748621628
-32489 7661552340
-82930 6029231201
-92770 9689569163
-18174 2817455126
-32970 4818987094
-16888 5179664273
60685 2871158423
64374 5297974580
-48290 7412534828
5083 6045361061
20068 4465740447
-16842 8853520796
1132 9444469172
-15513 4566273521
94384 9639785823
-80405 8971245806
-57910 7486302638
62304 9344490964
39850 1546494308
91967 3101018942
12596 1523909232
12469 5201457381
-33925 6663378150
80236 2882808299
-74017 2540737410
86317 6004296342
44361 7543154956
83996 1988615066
-98101 5069511813
-74146 9870134340
19837 618522689
-94335 7632858865
6165 3719541566
-74383 2650453163
80397 2830943705
-11683 8238966246
-84534 8095103777
-87993 8112413420
78029 7167717371
-52444 2074271523
-40370 9193864364
37900 4479424809
76613 8110211885
-40517 2063338028
-94424 4224619472
16496 7701922830
77312 3088848270
50800 4360684856
85564 9365419920
-43332 3034910036
-22671 7695984205
70620 8531281343
89708 6326153520
20108 4173548463
82649 5759207016
-37508 7693704699
55115 9404064098
-74109 5235130529
98677 5842707323
94142 2844244608
-24316 7342816395
-37966 7316442503
39840 8185301812
59730 2476891834
-12827 8109360009
-95508 6079294615
36871 3641749395
50579 3839584536
81121 7187545856
77512 8878524671
41735 1129428087
49141 1703259770
-21304 6735368738
-45544 3722752677
92547 4749870520
78252 7727427125
-34082 5110662038
-67619 1859019446
4978 3467625072
73581 7584581236
17897 4052948970
-19503 5370177182
70445 5230184817
53808 2115045133
1759 2819570406
-58230 9324329402
-6131 3776314733
-27534 3220920985
19255 1439441430
73124 7532776989
42631 1982148405
-78643 6331389009
-34963 7942839524
11587 688387598
78859 5222224368
24613 5913365055
23031 5063861014
-68582 7188790733
-35561 1768351718
66255 9478550230
-18954 8071033850
70892 2329974569
-356 3775987134
-64423 1672457448
22297 2592271970
4010 7425784955
28945 9849284003
-67301 3242729535
-37282 4671499619
22001 4948258956
94383 9177305861
-33871 6791947755
-72788 3397733712
-93698 9108735785
49026 1923783733
16943 9597932915
15821 8751490751
42012 7902804311
-83289 3684297616
-30850 727770095
-69635 4658415774
77466 3992744357
45785 6902896001
10781 7192178208
84979 8704792676
-46118 5827298928
-10940 1914033975
-65014 2028242375
37080 9689232403
14965 3659002044
41316 7414201814
-25103 5851493847
-4684 3617918088
20268 8505677894
42383 3909431958
-52795 5486195696
-18556 1431713427
-37958 6539708325
-7521 3477954911
-53940 8295735920
-649 3488846958
-15504 6775851199
10397 6482791964
49541 6690745038
76209 4251302522
8708 4993756236
-24202 7546052154
45805 5767009346
-3017 4265747678
59446 3517425786
-64364 7239026102
-67529 6040712613
-88222 7653655130
24984 967477433
31940 5363593079
-72215 1323550143
21237 3096301319
56190 1910657126
9054 3614197696
-77427 2832039910
-31425 5315953699
-29773 3364343796
62693 5186161863
23967 5164491664
-31265 2960125178
59086 3599085638
-15513 3791806886
74513 7215923382
1972 8495496210
68024 5186703747
-94808 7097501279
-64888 6641063078
-96254 5955046128
30003 8577385537
-6574 3201186201
-58289 4517304183
-76095 3933785572
-41583 6786501218
-46199 8929971705
-54810 2812685509
-57754 9743958102
50943 2864300323
86341 4855420001
82014 3426546863
57461 4272472184
-75637 5685598499
-72178 7600996320
74970 4140233627
-58424 5149466024
-9067 9010562187
-55997 5037984941
-73447 4571278103
-62794 5808155007
-32443 5494339340
87913 6967376117
-15894 1804498744
86234 3676608468
50665 8076410256
99554 9475480808
75967 9447615465
94822 2422276725
99336 9354881018
-38317 5890223510
65741 4112792613
3758 6338408505
64186 4369013144
73494 6868093162
-57833 6984970827
31886 795576798
36704 9203587310
-25787 195710456
-38464 6900465020
-14435 2309758926
-25450 2079538569
-52917 3200936554
31582 3457594115
68062 8836543115
89806 2701830285
-26698 5056823373
90940 2506184589
-59467 7570778933
84063 5406906614
-39544 644847659
-98242 3532192737
-25152 8574659303
88641 6359159585
-84601 7982931089
82020 4517361692
74059 5122378658
93661 3601381248
-26138 7813897815
-40873 2233651781
-71177 9861262590
-93596 3730075671
66400 8869069056
-74547 2041404157
-14163 4412738006
37601 7812630830
-62012 5503177953
-37806 8376062125
-85248 7532686009
-82895 4448505467
66420 8249441773
-53517 8204955785
-53354 9170700414
21402 6370943647
36166 3356503943
97279 2881248455
47558 1063200752
-89015 8230836416
40044 8136676847
-53046 4787876326
-29186 2918446205
-20364 6276377570
23625 9024334751
77408 6158796597
33084 7700508676
-62654 8656214063
-19705 2251795878
55172 957885143
-25900 8087872809
-41345 9573208343
-22970 4321205574
-14779 4610145248
-44077 6711295833
-95720 3787970538
-32705 2166058103
96757 5077370712
-92554 4153214423
88307 4521791876
-78698 4709069553
29251 7438434741
37565 1960666077
66926 3153315363
-39741 6118142143
84451 8015029530
38954 8381040197
-87305 9272295831
-7952 8485375128
15072 749158387
-67561 9075138333
41238 9489154084
50453 1455336590
40983 4869514048
-25424 6313834724
79946 5327826711
9713 6010473423
71664 3546567695
15372 2188109429
74372 8923528142
-85015 8038963581
53436 2689689764
-87869 5597597037
66973 3344145818
2046 9628251809
-45818 3207369918
51816 8843009039
-21953 6904241634
19090 3338089455
93669 5046759379
-619 3833201370
88009 8501482515
-30953 6148844277
-59041 9705961782
-23975 1405188720
17990 1966787150
-60011 6098659430
36821 823841165
14738 1327103195
75921 4685241533
-38451 5179308784
-56415 1368578612
-44222 933809750
-53882 733318341
-12591 754574903
28154 4012790285
47283 8696701292
65383 3533203103
98317 6568642883
-16766 1285155933
-30816 5936485415
89358 8375902048
40257 1148534111
-54948 1852939195
-15655 866710008
-27262 8532692804
-23971 4667510169
-53178 5236677979
-12185 8218442562
-73869 4471078649
-50280 9731337677
39121 5968596141
44844 3068654521
32572 6737678528
45073 4297352826
-27768 4060678679
-55817 5611418997
-72227 5065542536
50833 8201297826
86786 1928929628
76296 3391642139
-15492 343476215
-59372 1272783006
-28396 2321420366
82919 3277230203
-32993 1937156069
-13624 8531067380
-19265 5775209544
77510 2557470858
-42646 9639688296
-97117 2604875132
-40017 6940194802
-95655 3635959195
-89019 2208856138
-61499 6096110490
6805 7318306089
-9604 57253284
-7631 8706435453
-34422 8220427010
8953 7006548522
10346 3006813014
58679 1910099409
-76409 5113231943
-37991 6305600097
2755 1865982239
16741 4778372852
63273 4477229861
25503 658284638
45916 9930642437
-26992 1195491242
-39917 5210391329
28108 7729290807
38835 4050322669
12036 9165282140
46769 6275231750
61042 8712273677
27683 1643226149
6144 243166144
-8250 2830944517
-14630 2389625480
5874 935289614
81171 5735183084
5850 1727567702
-13342 7886449902
-52827 5876811452
-11644 3327351426
34496 2637420395
64415 4449108185
99003 6645881914
-12307 1354940592
43977 9386717456
48998 4762129655
81569 6959553741
-76757 6185430906
10683 2835819970
25740 2113684198
-15422 1550407166
54415 7380622673
99834 4689026122
-26814 2138563882
-1112 9929129306
-11823 5828954431
14612 7733698131
63314 6541743492
-65397 3756240710
48019 2668689302
-78438 2891320310
-25694 8380243023
58690 2292031508
14661 9774555419
-29310 3606266369
-88582 7191559143
-79635 4698475924
-38732 570896132
21368 582321447
-66738 6627634202
-26296 7286016033
-60640 5320915377
-63709 7452935327
54656 3142295630
-29336 6152691701
-53071 6724950914
-64097 6424127363
60069 1631056307
53016 3678969448
-96013 9009707049
-27913 7761993587
50023 4318633706
-14176 3511965656
-51672 7115035397
-18233 9536872917
85851 2280519119
16679 5479863155
24536 507725688
8530 6696081696
99780 6481569433
58399 1768402812
-96345 2928354706
-66644 9460686173
-63862 7140736893
33737 1175683589
-67442 7832991369
-45040 9138747648
-96073 7291776987
-66796 7378359548
-4215 7046913901
-11691 7680111362
58530 1161916358
-86066 8968488177
42144 4413960601
73823 1638642195
-55607 6983687601
47535 9839878888
27577 4220787006
-27082 5327257616
-28564 598659444
-84996 4841346911
54486 4478817988
-63980 8695204971
-76457 6579984749
97985 4484525288
85385 3356783229
63373 1947452067
-51576 5042082949
-35726 6360102839
-72566 3620052107
27437 9265830641
30396 3068665169
8828 7523854707
65201 6161049125
-31661 1490144345
76200 7358343541
-30658 3775445528
-43535 783861512
56991 4334252447
23755 1755271422
-34812 1306305083
64722 8647230046
22575 6910493243
-18047 6068546364
33848 8634290841
77126 3508391301
42391 4643629043
-81307 7051151465
-3410 2813260773
-18891 2439425284
66116 1456806818
-79033 1939550213
96214 4818475349
21356 1999386992
76595 3478392668
32271 3160255444
6336 1845932846
69504 6155681444
-76062 4566509729
92200 3391758710
9827 6541050371
10488 904692325
-73527 8810628644
47738 5872128584
-25545 3049200130
-68067 2070895868
-88117 9984174662
-63307 8372823176
-14468 714166721
-91686 6379863110
28661 6122632074
80747 4792892790
-24080 4290973089
-76739 3232618277
97273 7797084137
-36234 9927412576
-83812 4412573657
91702 3458556524
14665 6076122990
-16548 1484532887
37812 4334283493
1354 8998131047
-29133 4094875736
60497 9978401477
-98418 4764369578
-58527 9174689273
50869 4137696416
74910 1538504212
-37610 8097627548
11159 5895654450
-91649 7595514623
43088 3223021199
-67598 3377841693
88971 8963621905
-58657 4033984568
82371 3871557247
3630 3544903714
26169 2251162709
-9383 6312013289
-21793 3692260953
-10347 3584742349
-20102 7227238008
25139 9937099973
14486 5956239491
-89479 5181350973
-24415 4424123637
9279 1600812523
53372 7743545802
44713 9941753610
-70143 1887384334
-29919 4858443817
-29183 909783662
-64818 3107690497
-62515 6990912435
-62435 7274507399
-31081 5930843019
71477 6784340771
-27888 5861789590
-74296 2449973942
-74742 9456176482
5704 5702313188
36205 7454745984
-18371 7227621443
-99848 5519897294
55656 7542792728
-99218 4380548748
-19159 2893015317
85632 7471313258
67925 5094617304
-76135 8956859880
-70161 2438302225
5524 789549756
72074 6053841548
-42144 6767578492
-40458 4832537024
-84693 5566188478
-77526 8461589798
-4520 2316778389
-28606 3498728808
85270 3889913222
65187 3246675829
1698 9616285798
23049 1691580605
-22228 8329028036
-67650 2642079919
85313 8696659122
41439 4975819376
-25792 6326154612
72227 4468281506
68612 5878806056
-3203 3201342440
80139 3766109812
51846 9145691363
-69056 9392233268
-3753 5188625674
9774 656698568
-69797 6442800711
27083 3548433446
-27623 3161231642
14588 1392839021
54048 6336660451
27419 7357868358
83025 8539447615
-60632 7580219969
56028 1325340965
87670 7776525114
-12899 4346474294
24550 6164403503
-95379 6746850748
85452 3581310173
-75861 5171467570
-53881 9704809053
-3603 1381005056
89453 5609392568
87312 3313508479
67105 3916665170
-63219 7703348536
14087 7359804293
86404 8230036836
28297 7538961368
52331 5807317850
-49535 9783115463
-62127 7520382769
-24623 8063860242
-30416 3683119490
10689 5291873017
51245 4635491432
63734 1722709224
46477 1503926003
11847 4130411902
-48175 7212599307
-17923 7535209688
12313 9085767654
-61989 8224586351
-20134 2810625683
-26389 9771925451
-42778 8866744565
40423 5697328469
-13566 8151893089
6141 358861624
-85348 8440329840
13785 2438249864
7064 9875891093
-22538 3534430340
-21721 4306523633
-22201 2378065928
-54460 1570141803
-30883 5312319692
-12696 3018658048
94458 2617362220
55755 4213759279
-13211 5864257863
28485 779251568
35789 9901115327
91681 2482144890
2870 2935892963
85400 7984605014
20792 6706532363
60868 7737851213
69608 5830325555
27554 2353548932
28448 5002808948
33267 5061297331
-85228 7988886909
-10367 501061343
-89369 4022438384
74859 7982751008
-69185 3773499065
49521 8722795150
99156 7853388526
-61430 3992477885
-98695 8263281095
74240 7481550795
-97228 7897837635
43244 8646075420
2413 8251703963
-72395 6282556532
-22588 1959956958
-37273 4541210094
1736 2516534402
-72368 2951536010
-95987 7298150937
95187 8006532962
-7145 2653275831
16471 656087147
-27266 4242096519
-98576 6597865196
-54501 6867368741
-81088 6205464932
37176 1468948703
80845 1856056565
36289 3964979277
79960 9893319206
83755 5375915130
93839 4214812691
-24361 2893855286
9714 5989560644
60365 4725458268
-14042 5769064655
-65054 9532599536
21455 1555528610
95404 3333162780
-51945 5797543234
-25398 6207412858
12733 3836047817
62424 6506101643
-1780 5113110369
-49705 4457919306
-25180 771786425
32974 9307427673
83318 7989191969
69885 2696285785
-68083 9964169706
-61156 5874033986
68912 6985760448
43934 682656621
-14574 8298844199
-53542 7516069074
-4639 1978256138
63815 2142089649
21700 3635459079
11505 724615970
-92010 5760308189
-71103 7952676437
4192 9927225813
-22000 2986540247
35834 4629097994
20598 3159755968
-69827 6032680989
76082 3119490323
-95468 7812446283
-37485 1606109821
9944 1598419994
-48298 2200826429
-58859 2788955093
66348 1195525477
44375 7321301666
-69655 8251701116
41933 8558409537
-80104 9575342306
-98351 4043946594
72715 8199676932
-89647 9473351432
1908 6429020648
-58889 6814632962
89583 8489157559
19999 3958222770
37177 5646576524
-99379 7700775410
-4444 3609929687
72221 1634702111
-67828 9093458465
-7805 940140665
-32436 2860245184
-80414 8727176313
-98326 7214976164
-2040 5147041163
56921 4095067716
-11346 7497809336
92160 9318311477
-3026 335674340
-42046 7796528861
-24246 3893698381
51936 5706120098
290 6414875132
-39805 4984536726
91908 5754225944
42360 936501410
-61675 7071156098
-14837 3575212836
-62569 5553284924
-66921 6572879203
-48694 5527747950
-180 9823266899
-24985 6899330444
70915 4070144723
75103 1812577577
-80457 8502290380
14343 9050165147
34980 6126147433
41952 1349492552
59476 5563099646
63868 3336586043
2617 4727352222
-9329 4822536545
-8044 5374639959
9324 1995792571
95339 8050305080
71249 8778234182
-72495 3360511025
51031 6362544116
5773 9845115402
86710 4318331954
1929 9850130207
-79282 9085486640
43859 9509696573
9141 1073282618
82884 3998470019
26747 6431403584
-5371 6866642741
-63844 9309095145
-19840 7859168744
-77155 3088698840
18919 1954424447
-92910 5989799983
64800 3286166864
65977 4181838377
91500 8256976624
82237 9224586312
-7381 918364793
-61104 3743888822
88742 8580486063
41066 5552817419
-67708 6281484138
-66557 3099931032
90257 8852753472
-98674 4867323251
3841 4204513872
90221 9695009279
-63062 3396717459
-6814 1108820786
-63702 5826435391
-4709 6815997101
-36088 1905667560
33067 3980215533
29035 2266507793
62353 6889429763
-10847 7946461940
48163 8660007750
58721 4815490889
-45580 9260430048
85631 4708209681
-79601 8328238896
56286 5441267810
-1605 6529753642
90082 6662559344
-24850 5504019917
63745 7728396132
33340 6619583345
-19159 3120651138
-26070 5832748124
4454 1574267138
51864 4460724152
-13241 7067104782
-8005 9806062922
73089 2894750174
-17150 8186634137
-19483 2584298250
-60184 3818314680
26711 7432042380
-51376 5427387345
-77608 3222797097
57088 3443169579
-83015 7442728314
65701 9422079231
-21496 6732397268
-49492 960909227
-84411 6982158517
-7971 7316734321
-78045 3083149402
-94248 2445297928
22878 7057044844
59754 3549492802
82703 6907649759
-30054 2849716805
-41378 1027377563
-42167 6801628197
-59313 3476016427
-93671 7647094713
-6322 6250443663
-87385 6419709303
27254 1629097439
81160 4607382086
-57441 2900663876
-36605 9555659084
-91946 4223154885
40586 1577708426
42939 4959753037
-34540 8123818038
-92204 9852468782
-14153 7726969851
-73298 9006433563
65504 3505630662
-39651 8798107790
-1246 2389476570
85334 8037107016
8870 4826246223
46074 5738559304
84342 7600815106
-90091 5134191125
71584 8297564267
-32823 3393791797
61528 6552862889
-25839 9923175965
22424 2068888475
44208 8416493216
-71202 7057891199
-69323 2562130785
-87061 4123725695
12294 5497429747
62986 5052184122
-81789 9824537806
30895 9645717345
-36003 2085543482
5760 5184362749
-93261 4093378090
47680 4146861008
83659 5301082127
-17910 2957580305
8104 7200492744
43746 2944829699
-37989 2147868868
40131 2680280260
24230 6295274597
5851 4254664035
23687 384132272
-942 9211050512
-9553 7103326952
59382 8681984308
-15204 7184780357
9980 5321996013
43846 695105052
-87709 3418808241
-49858 4674519440
10796 2213658032
54588 4770549488
24784 1900537416
-53850 1580427962
-54260 4725406266
-45855 2811646985
56033 6302228190
-34176 7290764239
93715 9142567313
87120 6125979316
88938 7780447057
39704 5548440789
-63864 5161786432
-57770 9872048843
40410 2438752072
45756 4934341013
-11759 4552220732
9413 9332532903
16573 1199638328
-93885 7538749175
28139 5955835739
62765 9765363645
49587 3387309062
-59132 1026716529
-45272 6121194306
-7693 2233649525
-17451 5618946826
78236 6228157697
-16347 1349971579
-33156 6976120909
16695 6753824771
-55955 9056861435
-68652 8026152142
86044 8785089512
8234 7038180023
57357 9874344073
65173 7326970829
-42764 9217370120
-73018 8078034564
-10462 7013061302
44790 8787135959
-41031 2767511525
59237 2703587220
82013 8285429993
34404 4091012506
-61806 4143851638
10471 6281243703
-94827 2465164037
-17460 9983148878
-65701 7860885881
-21702 3089009668
-29463 8215587284
62391 9951312376
63710 6255453483
-82622 3675744623
-63546 1456802977
65513 6690252854
-66304 9823043111
81101 8412806058
50241 1535206090
-41216 6051987168
-13252 3342715077
-76618 9641221346
-16013 8848147494
62458 2008864638
52765 5893931919
-43932 6824992868
48500 3115365131
-12631 6249392931
68066 4836990170
-77956 5113439240
-14932 6670959221
-24831 7864647959
-38520 2559601520
55472 6365484827
-34449 6988745498
-62305 5741565092
8749 2760544782
-14804 6225304427
-28080 3653701130
91277 5107327725
51776 2418159450
-77662 4372216314
-49819 3874542117
3386 1199817147
-55525 9143908293
25204 6838606629
7377 6878983745
-73969 7134408411
-54084 6988097525
81762 1974322729
25389 2660653651
-89177 5876587941
72524 9642234705
44007 5078978458
37595 6731170671
43821 6900478970
-76819 6834188685
55411 2718346248
-5697 1107812906
-47949 7222383236
-80778 4673440153
-40153 7172491997
-56591 6022504182
63876 6268897159
-5968 9034400681
60057 3600928090
19202 6270919671
-23381 4186333922
-6878 9109578063
-22962 2774275309
-89248 8141865014
65385 6859956625
-58615 1858433970
-79208 9857431697
22317 4833009446
-46535 3517662878
6737 9714147090
-68469 9888894070
83877 6129178715
-15977 3818871690
-63578 5392487031
60059 7182567821
-87096 8099650436
1534 4556612103
-97215 4858394747
-41771 3371757489
12243 5525180488
56688 7126612369
-48137 9468156500
163 2753823308
-30180 6525037876
-78002 6303671724
96870 6203176451
30675 1873329971
-80429 8149664022
-61337 2023209456
-59375 7997073851
30047 7157236751
-8246 4123554090
-88929 9084472148
-1971 5145527299
-66507 6899727899
36115 3463969004
-51982 6981360378
-26709 5190641333
29520 9312352493
-61890 1705910812
-4651 4291802055
98875 4142827170
-21403 1718015549
39812 9653289897
74944 9970757340
56580 7362968284
-28304 7908164096
-7038 744576946
6535 6536905547
-56429 5178423665
33178 3590710979
32403 964846319
68419 2299654656
-31709 1035003986
-44822 8765525777
-56634 6617357518
-38485 8433057287
-77945 1644944042
-49890 7314514475
26962 3931184097
50225 7023331865
83800 2565886473
51222 8126815498
-60230 3197634699
81551 9623660259
-84697 9646163315
-708 8320013849
-38727 2204557124
-54822 1129146013
-20701 8380842125
51306 3128430490
72583 5537553618
4897 2922270119
55576 1068008954
50235 3485814913
-44601 4142169785
2929 5206228164
-20976 4197338726
-53417 3488396634
15020 7498087961
99119 3766104270
47754 1161172520
-67121 7942369826
14662 8436005591
47304 3218031973
-87151 5351253789
-11394 927719662
31722 2464757882
63233 5489908917
26730 3100710269
10451 1554601994
-2812 3009527588
-10049 7900092888
-11500 4028381487
-66520 7351713329
34829 4721701712
