83780 800003980
48272 215356896
77088 603365480
89432 435776054
64944 354124934
52536 35699784
95660 1121178220
81476 685621170
99201 331442926
96140 536651732
77344 672516334
93456 706023942
91852 727498196
57865 20017810
92888 5111518
62241 10805970
77056 180171894
85505 328294122
62161 341726802
53560 153434120
88128 293879416
84073 347525934
89704 766093158
76228 6892362
47548 281413146
82860 361031402
70376 324026534
62401 373168086
52520 310190494
98353 507469422
44532 132136730
87476 33761402
95056 1081520072
17192 14926654
99908 151383818
83768 786869616
73825 280810710
99132 533447572
77064 477692510
94036 142145772
73705 530587326
38468 109135274
42585 186869250
60896 182858424
59316 33088948
65608 456752622
61452 458424866
78268 263581484
66708 500783156
42284 40160874
99208 888180990
27657 87045330
84272 53922006
58068 421307730
74977 352490646
79484 372732748
84256 723510720
58673 14029230
75785 628310062
90848 893967350
93081 721034430
46108 127247282
94844 417226476
78905 39826870
56484 146971794
76636 336694388
94353 377834286
93929 156610174
41712 164471854
87856 935865064
69689 481818386
82444 665514130
98344 649084672
95496 508949198
35316 35760540
61820 158977962
84448 544291246
85456 161395176
88244 187178924
70184 33319976
80724 507330210
78169 252143334
95081 891347510
92472 139331736
99564 260247514
13660 22697108
88572 897815722
57072 102267630
99449 73658282
65569 335287246
87532 387356868
62289 288765034
84161 76152186
65848 488058080
88857 571923102
39316 36903554
93905 428742186
83649 449841542
80280 379950486
53136 134055904
70016 426824000
13321 19080122
66088 14646648
21228 32110122
92241 247331238
93016 770415598
71132 25680066
99001 170653130
77185 736061506
67192 150641664
86177 4375606
89740 6956100
51900 326948420
55665 94069354
89588 937203378
94097 60430470
99588 399017794
88108 460634420
93993 139261302
94044 14814372
94680 917096846
42972 172321044
89640 554286664
81137 686304310
85201 906669790
83793 72524518
57772 389671764
43196 147252820
41673 153714258
76625 236808846
74316 67933596
96441 38479334
87032 750003960
95881 99025918
87425 299091698
87744 871562144
77393 161916998
69977 45232458
91433 17763750
83780 110618076
78249 433668458
40260 66046180
51204 146012772
97324 138036514
98881 879128238
80536 4517056
71416 539455694
57516 16644898
66201 257010834
26492 31216794
85248 131446056
89865 928712378
78572 365530130
92644 701538954
69020 40132074
85433 907054398
59033 137249038
82024 219198126
79340 515693866
30500 88731770
83624 276678984
70044 387323372
92212 451793572
99369 515816154
95185 1037820594
51464 116880830
84932 77968850
42601 5729890
99744 65812846
71033 552432162
81100 656920916
97217 187806626
98916 1081419954
93873 350010550
95596 1104481610
93769 558583194
79204 117428986
27416 36215296
43704 19609422
47945 132321958
42156 193220930
79180 214006324
42305 53546506
82716 752963964
82004 210058124
96052 186903578
97708 1101670498
64980 72861418
66416 540207486
66176 373460528
36273 128676098
48560 203921200
90872 200926926
89448 409312822
94689 413964502
79769 335471050
70076 364935562
19428 27940106
41380 109743204
88252 907775788
98404 1178266268
39857 158133674
78616 508653952
92256 90214886
49848 13785928
91376 153818392
82097 815691070
83964 552639268
91104 133562488
34745 46634178
96964 501762884
79849 376311634
96913 655079726
64688 519873912
55972 230745906
93232 603464952
93764 544555220
72633 388771902
70296 200544328
45145 80591154
68560 443177008
50048 30767174
38793 13705302
93657 643571222
64537 247996626
94769 1076244618
59116 34440714
75868 23676418
96924 1074048738
79188 400679212
60908 4213586
77361 408825466
64756 229680796
75828 281535484
66648 119126648
66712 67126640
76336 720549326
81892 675763188
48321 184180266
63900 307107244
71652 55409500
87009 658861098
73401 189132970
32248 34051304
52137 171678202
90304 244122592
91681 998916546
83585 568610070
69601 328504702
84649 60523562
92849 998750462
92832 107561446
56452 185290410
79240 588007432
44244 57814364
63929 355953526
48057 50174858
97297 900311398
75924 443582098
89320 363929350
69268 594456754
67736 340726744
75320 705808832
94984 464604912
84025 244334910
83913 780804490
98929 306266974
75113 666649874
84108 721133434
94193 34935138
50392 110444094
80337 469126418
82128 69309104
65252 54719338
49044 285850186
97980 905526090
99028 1179683988
95153 149223034
59088 185799822
88689 295038398
99496 496459776
54700 343454956
69056 576214958
66884 224333476
63356 97200738
87048 280031096
74360 663345520
98385 468518954
81988 104948330
42612 118749978
98328 460391808
98481 1088680134
79276 129970924
82928 757523696
46124 13345690
80240 563876862
74425 350525238
53792 316883656
66536 116075336
76716 318687076
97132 46100162
42436 157816994
97916 1090068908
98400 286804318
33128 96156800
50500 221505932
79473 257805466
97056 1130009320
99060 62570140
62216 401570526
98425 78778726
48428 272057700
85252 630847340
91369 549175582
59233 425335650
92545 947434526
45188 85225028
97009 759310266
81884 522512156
61001 351209374
82569 486157766
71384 184029984
91305 206676054
82041 377179462
99809 1131521266
95545 777143974
86752 355423278
69480 26974400
84937 340342034
46104 48921096
50760 22616526
96905 393716826
48209 130706546
61236 235646546
63976 111056118
97280 651276592
96104 154438230
83417 436781654
82960 754915382
31700 97009498
20536 28387040
91680 151127344
76252 612305290
40100 68048156
74528 544171046
63420 403884954
35680 157238024
20433 27652798
49305 117484902
54188 291959410
83433 481062238
92240 141369720
89932 449280724
94705 483837202
96028 863686666
90592 304387094
50393 150481810
24121 21588850
59320 85280998
97569 1012696510
70273 398761414
89328 322102054
52336 298091454
87192 75555326
96448 1137994000
59985 18171398
95257 899907166
52568 104232870
78080 600213286
87665 234635770
37572 64422946
54745 155991042
26420 24208220
58644 233948484
97128 636726078
91528 316841022
67732 441813314
69492 558668450
53737 93378214
92073 346921462
88104 362451742
80388 303549466
49593 144317006
92940 570511586
38272 27495280
39676 36922180
80816 257715440
82032 304944934
85313 652688458
81889 606153994
36988 50287492
97156 455730522
76505 239727378
59552 425102456
92848 953643310
98468 586862226
88281 836881258
90704 46652568
92681 393653658
84924 872332562
66552 365974438
35948 101481676
48356 151968972
85873 636234074
79384 628394270
84969 119670878
69457 318651218
99400 112747118
94832 1060910870
99216 547340158
74484 428803858
91832 278978896
76689 692516438
95265 836864630
78289 343147802
64396 307582596
80680 573409718
76609 149389506
98977 70302490
62912 30000912
87585 285063582
92260 892329092
82408 789535078
57368 71856120
79844 726366684
99128 901345534
87961 900824258
55961 370460102
72769 455177006
90176 912042008
77576 120501136
88284 12323956
65668 8807026
79972 321758586
96545 1037497090
60584 353741182
90072 778277200
72961 621400834
38673 94926326
79212 724259514
85313 752582122
87265 121811618
91704 506189104
81553 356983894
95488 1122244744
72960 189176992
41184 195512384
83596 616664938
58364 378683618
85024 605923390
71577 260166330
49856 39517400
18868 12051780
62036 298425578
97748 234303764
70681 350211078
74393 493531962
85761 37712630
96217 1042813098
52169 293153994
66660 152577794
92804 837435052
82292 793025298
38080 15701736
67188 132489644
45321 19285146
86508 346308578
80308 332934036
41617 91689434
79016 243536800
83484 548545850
86892 663022634
98512 622512270
83808 744122654
31273 52605774
85400 617814190
53992 156339430
69760 114283080
15192 6630784
87185 364858674
91617 671560554
84377 770954378
52000 113528856
90992 184979008
96688 441687190
76713 635144394
94601 267699014
77769 530319590
61712 73205054
79065 224494078
46548 38233234
78473 478342130
97020 1074637212
83160 257831638
98025 223475826
73289 324925362
80600 623136262
90025 411178530
92100 217964970
90104 75890600
57256 126213254
92721 32296834
39848 27707742
73076 61559394
43921 212033526
82073 715021762
55705 42454210
89873 467012722
59596 74898970
39233 20320858
70956 237755900
80988 107754492
86001 840070714
64928 288008238
41648 91099590
50161 29256426
91268 648644092
36336 160671462
87444 20992602
69280 102039950
99128 103661288
80609 680079706
97129 618636302
86812 266685996
49752 282277624
81756 514003492
50732 18791572
32616 30877016
43768 146861310
70128 68072134
85512 406660262
67748 556863244
70092 128791210
15361 5507350
72457 68632230
90436 601881820
93553 72895470
75729 501283254
93352 962620662
70569 220898726
89105 352965498
95676 799150940
52193 65510078
79848 454983566
96548 694409770
98008 227789718
70904 196092776
84428 754400252
61433 268318718
98225 629703374
91632 676287272
67212 387988250
49521 74329250
49457 49273674
81552 720047510
75840 428856064
89308 388914300
98209 344421282
90353 813714438
94233 615332418
67705 503656454
82713 726115170
69816 143807078
51220 43066172
13721 22343074
39945 5656346
86132 676857124
88609 297599126
92376 365934320
99828 837778788
79928 742184438
79188 249496442
89929 718311594
69897 344053010
79476 452990298
98673 646717930
27120 28545288
56169 68617854
99508 363292612
53513 126852382
97372 1015277202
50144 104165622
80988 405301820
95740 984901564
47905 23887078
71353 238887882
93804 56722292
68384 126231574
83116 211511900
95936 608920672
61688 1170830
80369 777825078
91876 758771986
99560 1012110246
96537 190133690
97660 783947290
81152 421029190
60992 146224974
46764 258712882
95385 565290078
81728 473826696
85880 221215816
46281 11952870
98700 462282988
97104 605032206
64116 240992292
95432 37786622
88049 364244514
90225 930959834
74201 624356150
73105 81547698
87684 377630676
90881 375798582
62072 150781008
70860 443759266
36592 157348334
63300 429745788
91089 724883646
80044 492323986
77188 66959642
92433 243853830
52345 82388718
69200 517974774
46521 146918338
89980 339438268
87449 461200270
88113 654629526
62369 235395662
98268 496062962
84657 302963702
93304 204540390
66540 67331858
71681 524692314
86017 224816042
84585 703262254
47216 249501424
73532 481539980
97353 445618850
99484 468555652
76956 341756796
89553 942451462
92561 394930014
71785 496783938
90473 370359358
72360 612341968
90936 34720712
59760 308861064
76220 39467650
79544 497999062
72721 616976202
44976 204997168
86137 610865058
93252 911749162
65100 303210490
87260 503994210
81628 815217948
47793 192001290
57464 266195086
47568 17569222
62428 163143084
96072 230561616
59473 260350534
64356 422963546
54212 345643180
91841 698802426
96804 652660292
61608 68866846
73264 531167496
95441 429097562
66848 45238512
98457 655944398
93740 346481530
96273 96944742
92881 1024147646
41617 209267426
94329 429362538
74744 98116950
94857 667719606
58464 73984606
79936 382107662
93664 744369240
90588 889717284
44881 132455474
76857 435157430
85337 474183934
78433 569518274
71484 487562290
79864 481951256
86360 788132606
95889 943339194
68688 102863814
89788 97606658
99860 15100810
80904 532269784
52520 271698952
81464 610442054
94932 903771028
98513 327849450
94052 750089500
46552 138992550
76897 566025606
14689 5477214
63620 315417554
23225 13907790
75937 425335278
68273 272661514
73268 368935420
48120 21469934
82588 513937586
79280 69071166
88012 236368420
97828 425113948
98556 232508468
93028 321003178
55225 74533926
95729 526016614
91164 726624058
72132 1734396
71368 222014158
71372 141755770
87880 187899894
57296 61439934
65921 269686434
81200 768638942
83681 722948410
73372 370763980
31488 121802982
86116 483203828
75929 40115018
27377 4981438
83401 748943606
54857 160620062
72400 283546638
80612 217850986
86985 323073770
95916 726371876
85177 170249762
88408 130467992
98017 962215422
52532 254528972
98521 516189854
62428 79321762
89396 687864388
82648 501880302
95177 499795874
68441 492926862
95012 70354156
20801 40423486
96500 963124194
89977 623860362
72284 507890812
65504 105567894
56340 231807404
95008 534517526
82172 771980628
98812 402379268
52084 10029884
96736 690956040
49760 238296024
98121 73632842
93848 1073283280
71568 337612286
61272 202607712
87104 303510424
83169 690334938
31449 5570730
49833 244471218
74388 317509170
80121 377428606
26924 43761114
42889 221267882
89193 767814430
56369 340643866
70824 518155800
72929 494433378
94208 648249128
97201 499135158
83972 813100170
72129 224866358
78308 561512276
77993 279892254
96169 556841290
40836 158295114
87081 369460114
76712 465399366
66900 410138932
76716 455111618
65625 3401770
64633 168731946
80720 664679872
53668 176980786
55248 50090830
87273 178892006
66321 511096838
86148 713496322
75857 447767518
99184 336491968
83516 606970956
86260 463252354
68817 475996006
96384 863470712
60960 440421550
89712 2594758
70184 44980142
67452 553440010
75880 234952190
83440 580590702
53689 27111990
76788 139339876
91636 68362644
73884 580014724
78409 245200186
73049 641092162
99980 504869388
70264 613675790
51536 218642952
79372 768832274
32697 1740190
76148 325785332
86576 156823910
75704 123827502
74033 400613498
55113 208395174
91041 181361358
98060 600377690
68884 66618228
53684 100343636
82537 551887046
89316 272646988
94020 877710026
88849 412063310
48609 220226810
98044 110907370
85504 159794550
84393 540161090
63393 437419166
47617 195076230
72972 281580276
91449 479098298
47760 81356830
58185 175105810
98240 256459920
52681 215846862
93265 499276850
94752 684863710
53728 270648878
52260 71464844
89753 487678622
89380 165796460
54145 36929038
97904 906488470
57564 29343114
41424 148793336
48020 241075748
83528 514602448
65888 309810056
99568 1199258584
92696 592731814
89704 296214422
74641 333033546
44372 223202434
69545 232714118
93908 529411332
98112 250962952
93208 610588032
46424 158829608
96564 355747844
77204 707864276
71740 274484218
96220 973187874
67968 128986328
98440 63450432
77545 152779254
60880 431216118
51140 62239154
70180 328266186
54476 127587228
14452 6805724
86924 845209738
84873 88573218
74937 614688634
86336 256729760
90353 413906922
86273 687018342
35892 98695050
45860 69514394
99120 940902782
68257 189589766
63080 155018742
84257 317306222
78753 699563074
63824 418494318
61576 41432942
93281 600267986
78908 467229810
64112 255024632
99564 554763746
60324 59320986
38568 153042182
89449 515826386
48673 109318518
57776 91355406
78980 738164708
85513 698231734
97308 553473188
58736 347601902
48224 218018440
93772 571303562
90857 491844326
70932 341560730
98052 179746796
35996 25347012
94849 102097194
89388 473453196
54364 128325394
86257 806417406
53649 48734890
70496 42036646
72928 386359030
69956 85161644
90860 211945058
50976 1409168
52732 224541322
28585 42450114
95025 680681918
54833 142214318
78912 587503806
28809 18944906
84876 216113164
99396 284125506
57852 145353346
55452 134546508
89916 484470956
76092 610570330
87841 876875238
98356 1118000290
53392 106574334
99112 629647120
65745 231309734
79336 495212704
73841 50317190
52736 258493166
99329 504065354
75060 81784204
92844 405436076
56996 214671994
67080 354734118
93105 489735694
76888 708361536
71276 562004876
89937 373482910
35137 48660698
77513 125225750
74572 176393124
80204 120047828
39556 135227932
77916 15175748
55880 75792832
96064 566886080
19980 30651716
86148 677312314
46128 169384406
94936 933449846
18144 29215056
89020 87479090
96368 1135127870
27924 89900786
84492 834174372
41300 44687756
60065 112641218
57276 111415978
63640 305979238
78140 592460044
37140 82582466
83112 230294870
81980 373536684
66260 438522316
54161 73751594
49856 1358856
71544 429716126
86897 835526458
98152 1092433056
67836 524306396
86721 353456722
80020 535809100
83092 598466708
90884 224600026
41785 187650134
85505 536312078
92156 325444564
96640 785881024
89012 667623780
83396 148837724
84972 20611882
65417 83033602
58508 312195684
49833 281194606
87524 645712476
67609 159646894
88409 932412378
54433 15670690
46856 63235032
70240 373643262
85208 734542366
74113 187792350
68472 353573470
76976 69522752
68484 409553052
98096 789079024
48521 194098510
89969 103821922
84641 529049434
55040 296730278
78584 619468984
75832 121143478
92176 218926976
37417 14734010
61068 103442164
75512 55359198
85817 493923230
69668 542348484
61752 322140126
32780 29207380
78204 21157530
33256 6914414
67144 417186630
70708 11569634
82812 132970522
71700 125886932
95380 8457922
72465 122738378
35260 32419018
19929 41036346
60824 318786982
92116 203574642
74081 381786
11313 6910170
66364 368284746
55504 112190808
81593 635511202
46332 898324
63560 177307254
87433 288186454
53969 250763970
70100 610048532
78408 27538398
92872 711294016
62521 2960514
53868 251964692
84860 862498298
84049 295482450
97756 1081335962
67460 411003500
93496 805515838
96876 155882596
88097 234873306
95264 295350872
48137 183824902
93432 840351086
95292 664254802
65784 176713848
20969 49261030
48153 258250826
70832 434796544
86964 150721898
98721 585957218
90777 670136870
93188 863941132
83432 353702998
76961 294088274
78400 463201552
93104 29690040
67497 564250778
89340 887386514
95049 867586342
72897 36556614
92401 519940446
74529 245295726
50456 153449598
97665 980464410
24409 463794
84188 251818956
70928 507886944
70744 454022190
69076 473039388
64616 52865910
34984 7112454
94193 654387522
96312 22667230
58633 195195058
95201 831568298
73740 322024802
82449 195648218
71344 122095726
80377 344733338
84900 508560570
77228 248010956
85060 75438994
60340 300730884
83544 606097646
86513 665303090
76916 25424650
98313 253004658
85424 234085246
83280 779094560
98040 880418766
94393 637144590
46300 46578836
62940 319710148
51244 94387044
57537 58606718
57665 344160174
61152 14039384
56889 175131162
37796 112025658
54193 292509554
68492 184346100
82809 482321810
94129 523574270
70480 555731022
97513 57728598
65900 470407954
83784 752042102
68753 91876242
93896 1066461760
44448 119769574
74272 51749326
91116 213449634
61124 90058042
54057 193984398
74537 92002326
45728 119711312
65812 47549476
99464 99023976
58521 134555274
72640 188191286
64212 118923164
59664 164676680
36977 93061406
41497 179995714
94425 140085786
89729 230431210
90232 368968798
75500 481658914
61316 376669066
96569 897473018
89644 574486354
71764 537265148
68224 266796528
72649 327332282
76825 481251714
89152 293316342
81585 782164770
36904 135682670
85584 909175230
99256 251101726
45760 90505134
93820 971711668
77580 165340860
72217 65089898
91960 807937280
55456 87182694
99977 1087936714
59912 338661656
78401 125404850
25505 60574146
95740 1063122114
83604 362707828
92905 648964982
93984 515747798
94260 808304762
71872 626053984
79112 606401792
66145 304789162
60388 316407794
71204 148245524
39305 96366498
51968 25451808
87921 260482630
96825 560750834
52052 193229834
56329 328839666
62860 205575186
61800 373530918
87625 429418926
44945 129941222
98532 272404594
85880 880307726
70336 254220094
95712 930063848
77217 470079626
79820 350013460
73488 129889696
85120 683615744
93969 442860410
46601 48078134
98168 856106032
81977 162951970
64280 398166326
99545 1076977994
62705 43786738
96772 145875514
93593 400571578
84168 18750806
73404 462549058
54452 297948908
92496 750299952
67696 59415792
86900 806124922
93433 108376182
45268 111688468
80916 170903402
48529 256711978
72140 629910274
72960 89095904
86936 866311616
80977 571766938
55092 324456314
29260 78864852
53177 137779670
82740 578307100
87876 450735804
48360 11855430
92529 905221010
92972 751148028
84144 793181176
77648 588353558
91456 16065392
71289 235531978
97056 1024986942
80532 486197332
56241 311442842
40180 155727938
87937 247738846
38665 17475890
79600 197765032
75225 531011938
45472 149555854
53304 155388440
53473 315091578
92905 721955410
48065 50225430
84864 438392374
77236 252240194
85468 720434148
86168 918845446
73729 334880270
86908 43005834
60521 240955434
82096 771394382
59708 374120036
74960 528162910
91440 641802448
62748 400201882
43040 38347504
60857 334184330
97588 647022900
76964 192346748
85968 244252606
95585 142272738
88232 164381030
32520 129080374
81732 497554940
92009 907467762
55760 217540526
88956 628076458
72524 12089684
39424 8756320
91817 1033314498
99944 968483936
36257 102819830
77473 436309442
31321 39766634
65616 335263208
92912 608081006
25289 45136946
47276 12154252
96576 542333174
32796 32858770
99836 492875154
83137 393592242
81364 592688940
96408 1092846486
98968 203127448
50132 105568340
98153 652434558
38761 47599650
98304 786341150
71649 615082794
86468 353255106
58440 32053550
80400 585874208
66628 103640092
71569 626873898
81865 480490250
82628 830926740
88849 722969430
34784 45428262
66172 117911130
66072 193744918
97129 72104506
71196 63850066
96808 377383158
66688 295828912
70036 264820794
76968 246003896
86884 193277996
69900 14472610
93521 954417766
73721 83149610
66521 225461630
63444 17082340
93060 122691148
43785 177667770
78857 135272314
56540 151350108
84004 754891722
93360 944212686
96956 211791428
77009 145104090
38084 169841532
57688 236070552
60608 416719024
97952 538849664
73860 209259234
71320 270451320
82297 752597282
82132 316616258
97488 124698710
55508 150019658
73440 326394480
84249 410885426
65772 321556084
75312 358299808
64084 111290226
83404 655694748
81929 310376614
71580 413150482
96584 1107875728
82844 651467418
73260 185791314
58152 129178862
81057 588864942
77145 579657094
65192 96942942
63456 196193752
93120 20745086
88129 487983970
97128 55907808
87948 857383076
83729 606289794
73536 183718112
57001 215399062
71392 47330102
53513 99072486
28529 65928214
33769 32782102
51156 59655962
61580 353735524
75032 436112440
83768 463756840
91560 1021249094
76252 365618266
41044 189685372
76257 374621374
78892 218763482
94769 238697786
91937 412635658
63012 1980124
84849 800726566
94660 1093041586
76540 179652564
97017 150221234
89497 456543306
91585 73321726
45129 58874886
64185 207616094
96169 275186350
58761 396052070
38897 26643954
70713 237672982
62193 447511658
43009 27176106
68836 450075954
56996 378922388
77812 560823084
91828 327293908
94992 998057320
69081 377743114
68792 180571254
74177 212939478
50033 231142514
90304 153479790
85440 130194504
89800 636835168
82889 404547350
92721 912429882
85649 248302766
45012 170550226
57616 47850126
77020 622678138
77633 671100554
93300 844221562
82596 413897396
97129 133166790
75092 224986556
94080 185254080
85024 829386326
20201 9882226
99720 30602654
94457 101041942
99136 490231160
82121 430114266
73208 90221486
71612 60559516
88980 315630180
84396 458204674
25520 61109472
86348 146674514
93808 596205760
76316 632746458
98873 1077120786
85072 619382206
54192 2840734
88912 778738510
75585 547999922
49144 278093056
56265 161599718
92480 802351712
67148 533601402
99132 378843474
95468 272277242
34441 50339242
96656 311330464
51440 318422062
73940 278204652
81944 403430022
66136 122981424
12513 11153518
70425 131974210
74128 141910342
89257 390266082
92032 661749646
78984 700542414
18561 42635594
78584 12218702
97016 375329150
74561 681486382
58801 417378674
64840 71846854
32720 87665720
90948 349356226
87620 337029916
97761 751447442
76292 543025876
85440 703657774
92561 729447934
85489 118842038
91804 924573748
51617 122999458
95857 192900118
51553 70010870
17609 34067158
46464 56288542
50625 305191318
96680 574277398
95228 568837516
75785 387525306
90608 694424790
74528 50906086
88840 107069286
93764 196859844
78521 244003862
98916 909996844
98700 482641820
62872 491621824
83745 705923158
87792 226331502
95912 509311166
91281 978646454
88864 70322872
56257 388472418
29544 14283184
91345 916025262
78012 41761762
95532 119019138
85296 740146822
97400 824512104
67584 317158406
56456 202533776
86057 682249894
96536 115876454
74716 204450674
92721 323010782
91660 920864762
63576 48291368
34329 18102526
96208 303396408
83380 636082276
89140 372259618
92784 559339224
98980 680988764
95840 247104510
95540 384358084
64876 499206884
85340 630212564
65185 330677134
81056 407026822
64960 388486736
79668 489611404
19616 44617080
69809 232814542
97164 1096723044
80244 1948668
97404 120824548
62585 402708158
66532 333259068
68548 262167730
91800 96785734
99700 681692274
52240 260564528
65273 310886978
52180 19703836
76633 653879766
86073 737643158
95272 260900656
93688 498648064
95009 528745358
91280 608999942
98928 1114606006
46721 100648338
78636 763949580
87625 818695922
12036 1885748
60609 21934086
73192 233276536
85908 189197346
98808 538717336
91488 435953014
86484 662164388
76449 676714
88952 448266816
86628 521461548
92568 132137264
79249 645900194
85836 856703180
89580 822230460
73496 635878928
94668 410033010
20164 26327844
53888 32513878
87969 1653806
44124 128416834
91556 666715100
73784 359974864
61569 34201978
69745 374941214
96841 41974598
73012 171331314
91465 87536474
48233 104871126
83000 47035126
21600 38815648
87444 159500060
70625 247237422
57172 122806068
83785 499407794
66841 319614642
44944 92158766
89568 56249686
82204 528238970
96161 686464150
96801 720545086
82076 461078274
68688 248174928
23777 5949462
89873 539488050
80356 741961058
57225 398244282
75896 282060238
74065 590549770
85560 462574176
75528 710392318
63617 330001458
99120 226636600
74924 441756476
71729 421777174
95276 656001290
99940 79595924
96732 208391172
63128 286767296
82460 372675172
94273 986152986
75072 686007390
20272 37020168
84820 186239826
75680 273789760
49824 263185120
61913 327546626
8844 462354
91729 367831258
60425 266450262
93625 1076846402
64916 519406514
88225 864493378
99400 575013440
85980 633761442
99945 1026429474
82356 241498946
85545 710227418
75588 603064828
90993 153003518
71608 619004536
87832 644338750
71848 201401840
98897 1181406130
95404 375586676
51897 291394938
76792 49417768
85784 442030840
57593 366247418
98988 125291930
87665 826259570
98249 702215706
76172 302996442
81372 91487106
86465 642934182
92000 465326976
55680 286919262
70456 142065870
54636 206125596
99728 946925606
90552 978112182
80428 593604546
82377 726555830
59608 372882216
71208 276934070
60033 396682426
91865 718037242
75809 587851786
79252 515542338
68588 56939612
95073 1117143246
86752 901497814
95324 962946748
60473 77686522
63792 187340142
54329 52892210
73284 362097146
76100 111389972
80460 185532828
88960 110845102
96708 679859012
91089 525691402
70569 211083486
58089 107805342
90785 403693982
92836 220888596
83209 797443818
77336 375761446
83744 625924654
77348 569273820
80892 113437554
49352 130136438
77904 247396398
89329 221638530
75729 243548890
74164 612063026
62768 477470320
78809 519168918
51460 183793796
80896 779389470
61412 159151916
70473 89819454
95716 739880124
91088 776148200
53633 239258278
49684 33618082
98788 722536012
48580 191694290
75433 126540150
83396 628194810
61256 180402952
95225 979674722
96968 162392958
63761 261488714
30392 19603584
96436 609782250
80112 187141080
77089 731953350
84489 374097106
79929 441014502
80265 42624082
79000 762573478
76440 485968070
28524 89038698
80104 194230152
18568 23953070
85369 262513842
63120 336927592
75888 33126046
28508 20821884
64992 210849768
94604 758505156
51932 323928572
97953 662768366
65745 2521010
94864 245377934
98617 311657882
52993 143565798
77888 72142296
93616 749209918
70321 604713006
69641 480094850
77304 668795840
86420 394516756
75473 139794934
68120 515356144
90705 22548538
36996 152047650
22265 55893706
48385 19462426
29804 31873188
53976 111294744
72528 521294176
91112 894140142
93616 1072572528
64936 222054976
99204 519827714
76728 639339110
71348 314988698
48128 272884206
78673 41456238
94161 28921646
75721 35016034
92977 803074494
60856 92012046
93324 721457076
49344 230987184
88673 511419366
95732 938883452
39209 112346978
96528 15505166
39860 33284290
90484 38632362
98497 706245474
78425 572440522
80513 494023674
96145 733745698
63804 401586378
48937 58314442
41348 146517580
97356 1031517586
92520 728194614
76840 690433790
54900 259443316
45068 186062042
45008 232457038
49904 148047352
84640 567493328
98356 465775548
42828 199474050
88464 555075888
57348 299856890
80129 777746570
95132 999892770
62065 256281690
63032 229792430
88424 83959982
37348 18386508
70268 361639820
58212 261271650
83668 313299106
34476 46684786
67832 366298208
82588 404485242
36196 151724212
98649 1046167490
98916 904051362
58041 296835466
74604 445696956
75921 413396990
80673 557384974
96144 603300782
92393 879207830
85865 207064114
94436 722874226
91432 46475894
57028 192678226
20924 15300420
38308 76032012
46113 258951966
79993 545747922
98585 974255826
94428 455623394
79716 411080644
92964 31644898
85601 719692350
89176 364752206
76281 532807110
45537 145940210
84888 377675328
97825 1126672378
99640 415683216
38857 110026538
59152 395424342
93744 1091236808
78689 209422526
86340 585956402
84220 515216882
58336 400297326
77188 378945482
67092 197610058
98768 657509312
50945 220944630
87580 556063796
83785 77692910
28168 60452014
91448 135148272
46257 187652074
83169 428017794
84916 649219516
94804 638834948
96820 334719002
88296 807519990
93492 957522746
40144 166219432
79305 424022058
87404 674683634
93724 550517252
72105 348111598
74329 421952746
81572 690431410
84792 825534254
91640 310759342
75200 366507768
79672 648653352
81873 34277834
90265 39525230
76936 465240822
54856 165349118
47748 232980898
80657 701102562
75297 235213902
75228 616935242
77992 25566086
99401 1100003438
54185 4961514
56745 239799102
83612 261684300
32985 122621586
74096 601792368
12120 12290032
92060 32055668
82984 115639264
92148 153089050
63457 313851346
60456 456142656
84100 771348556
97585 125551818
58440 311239102
35232 142808510
93516 260266084
84113 370232250
73740 340598148
51868 281188618
84496 549781022
77404 56508516
70184 187763350
80900 640413994
15113 12847894
81344 460592278
87996 397698204
70572 138517874
27793 50463138
53828 12768514
68321 213582482
92184 715341600
50737 262436514
88228 898696402
43537 188750774
81585 225277526
56764 154504604
56612 275964634
83596 634864242
94577 305053050
54844 192695636
85768 242385240
64169 331625806
80016 671423160
75665 227787418
69553 289936266
46945 179246770
86009 852894414
91544 745973776
95780 21024476
46809 219281898
87008 365818304
69801 239989634
75448 669717542
70593 587329406
78241 260874666
79024 474468166
77193 497195130
89284 107321122
79633 622658498
92465 340579446
80273 342019158
75561 176059062
79716 291930884
87316 51257316
56993 164409038
75969 561194394
50393 306832398
94440 16853446
82744 104092350
63785 102064658
98436 151547802
83592 53882408
91248 516989584
89140 757705420
54820 147640986
42289 16069258
97689 201569926
60249 173924358
89512 715012176
88300 413237964
61737 140058438
92440 407984254
26016 66485478
83916 752936778
96112 611317078
73852 247083628
93304 460300848
85464 541748512
87145 567259862
98409 477384606
98265 278554834
91993 464739130
75092 228451282
73448 581497190
69692 69903594
75516 384352306
87340 431579354
82484 216776930
70704 212246934
80256 531981976
84520 306973328
94584 776995624
77785 395471242
63120 30473832
50264 196155006
63588 329148748
43984 37274790
83220 400224948
90408 1011882534
76892 188500540
97372 610676964
79656 149083448
98852 252377204
91753 221497374
26089 55563026
68065 367811150
87248 272128382
80876 478122596
83268 98032930
25985 24898274
79329 547864906
49776 268689640
86217 65721454
92000 60636542
79273 584351498
25961 6921902
33472 8238710
65284 419811236
84704 517174720
91624 385668608
79281 244254670
91944 488264670
67828 448194820
97569 679707398
98536 955466238
56569 281820870
69416 554741622
63345 423991862
88920 404608336
82856 452005168
83872 404429240
91960 23689632
91177 760552598
77852 520743402
65100 218343082
62052 249134684
87144 301338328
90024 915005462
48617 42620506
79993 695877302
91044 601342628
97281 1118823466
78585 736107650
96584 1143916416
