27266 -7994169493
-44182 -118632605
93946 -351702953
12676 -8762255053
-26030 -4525636901
-39508 -6194718865
75944 -8220839359
-76844 -5909801451
-37922 -9347662037
-36050 -6495608959
-41363 -3181951933
-6916 -9270706349
-5297 -5189434763
67292 -7060014215
-66402 -3032484185
-46953 -2297996129
-39275 -5878311505
-99860 -3990581745
-58055 -122555259
86290 -6208067757
-93869 -6192987539
51369 -8333844947
73015 -9200375645
-12878 -3413501203
71245 -3482211725
95844 -7057475471
87184 -7730665673
76577 -4573111147
-29709 -9467888585
54499 -7029621493
-46947 -2603321623
-2977 -7541428363
99337 -5401415127
14508 -3958577633
59635 -3698472667
-44648 -2618425071
85299 -1143008461
73924 -632152009
-3590 -1529029935
97951 -2969398683
88037 -9466619127
85544 -9967573367
22833 -3574188721
-74459 -8990859635
97755 -2647588605
-94249 -4709952933
23112 -9759149101
51628 -7585211297
-66231 -9340972219
29358 -9006465779
-86497 -6143323613
44622 -1533770549
-11179 -8504775261
70358 -4108139621
58576 -5287883803
60620 -4482859465
11290 -3650569325
15999 -8070610089
49960 -1564687249
-2072 -476464873
86552 -7530946349
87290 -8560056517
-59173 -3154982025
4033 -1295404921
-69788 -8266066685
86892 -4242142247
-66240 -2502941685
35370 -66712901
-41632 -5852731305
-33498 -2308338869
55540 -7652541165
-33301 -2727515649
54612 -9966491523
43184 -6709556469
-26393 -6790801383
-49166 -1755842577
-38456 -4339118765
-35443 -6422557263
-85808 -2460042167
-51862 -1770604713
73739 -1335677135
-79252 -2940747279
-71534 -9957025123
51765 -6606803371
-71520 -6215296113
78197 -3178792129
46110 -8138773565
42076 -9424948187
-28165 -1218307345
74902 -4357122253
64102 -5156226669
-19629 -1623508727
85792 -4638023699
-19477 -6841928625
12990 -8171209945
64491 -4687255533
-20915 -8758453293
-61995 -9602489629
-69254 -506072149
-14035 -4048157163
-38104 -3901583737
-44233 -1263837621
-59931 -1840339469
46999 -8466490531
47419 -8480995699
-3505 -3404898373
50366 -8883278087
9810 -9876173227
29759 -5334585025
51091 -3618111967
-63086 -2095035629
-47336 -6001194745
-83901 -9293180307
41553 -9654068227
-1780 -3578646355
94974 -655452271
94444 -1182378647
86116 -2003295785
-69800 -2178587527
-24622 -3902359559
57810 -9879714509
69000 -7665837737
43422 -3291968203
98437 -309512349
-87824 -5631543865
75585 -6825790261
-61222 -2279366401
-99673 -6692342347
36625 -5708184063
51875 -4147754399
23929 -2180468975
-88692 -1373830495
50691 -9144419401
-89013 519053925
57270 -3963004657
24669 -4997189925
-33178 -6096070563
35214 -5827486155
-8443 -7084604111
-96163 -4836486377
-14837 -5405939221
-4646 -3806725885
20630 -2515486241
-28930 -5280117401
38842 -7811610851
83253 -9761789565
57094 -6275475919
-90545 -3829374289
-60225 -4024745465
72824 -6842982183
-55741 -7369549123
-16675 -7484496757
79823 -4305840869
91178 -6814761179
-58106 -7906510325
68429 -3863610029
82606 -7328066857
44036 -295785427
-71777 -8024045599
-4983 -8893598643
83954 -6578079991
-55362 -521624249
-38445 -8350944773
-73347 520389163
-78996 -5651940625
-6619 -7558966519
7647 -5521033987
-72792 -1964074481
-50498 -5976686899
74980 -1742123015
14742 -3660891689
-55012 -6635303763
47941 -9144727359
-97813 911386137
-57747 -4748997495
-53684 -9224314075
-58639 -3563656775
-22072 -9629207323
-27646 -4122977195
18424 -2291605897
-59197 -6494305015
29496 -2626939043
-45189 -8828236261
-9841 -9219781615
-4155 -6368649065
48484 -8842371695
-98088 -1814743319
-25843 -7905611157
26548 -7312939633
80845 -4228038189
-6930 -7413975483
-91584 527778311
-39718 -8136092215
-98044 -9308538927
49309 -9081527087
-52703 -1903816593
-15275 -5103090035
17227 -6562102061
96586 -3177692121
-65572 -3201201591
-78657 -2137065961
67261 -1206666165
23898 -4142629841
38482 -3553246199
-77215 -8575015121
40661 -5386281541
28056 -4329526287
9021 -7756099255
4190 -551603999
-16374 -2830200607
-98469 -9943887525
-80457 -9799367565
83766 -539416459
-45921 -4748374315
84081 -9036173971
-31669 78744893
-99465 -5973050353
54559 -7679325259
98300 -6825331625
-49529 -4268307271
46296 -1108959135
-42845 -2852226977
36111 -5581781645
-63191 -5570859463
29637 -4542769167
-40542 -3874940215
-73213 -4230627369
97906 -2981275953
-74609 -6172013337
-29808 -1441587731
-41843 -3923207141
91927 -3022065729
-34144 -4631655497
-11390 -1545089053
-31702 -4913379283
82070 -1242489453
18982 -851676315
-87180 -3298899727
38027 -960781029
-56195 223511283
-12035 -3532021409
84132 -991788073
-72175 612915059
-18589 -9086412819
72999 -1807378279
-47287 -4429908051
-65205 -4970848393
66514 -8934794455
1535 -3498165425
61226 -7743644701
-68553 -808629255
-80913 -8656064029
95263 -2466449887
-68766 74995489
-4104 -6720743241
-6733 -2226558839
30805 -2449550813
-1724 -1029739845
34972 -5483121727
-11328 -4719712555
19593 -3254933675
-54602 -2886957699
68396 -404611229
45108 -4079358827
70184 -2197285427
-29963 -1855753205
50041 -5269961689
62410 -8783752983
20845 -1036768257
-90162 -5857592339
36577 -8935726061
-96750 -9090683731
-85865 -3832793793
-78363 -1203667687
64017 -5046484619
-12424 -9357552787
-98902 -6725272261
-94041 -2300528453
-77107 -9628875035
95358 -5716302601
88470 -9187133859
35411 -9836084913
-65611 -648163009
-31024 -8225517785
47104 -1048049413
4039 -5388708363
-25523 -6163092831
5248 -5074199833
-3201 -6275836713
-11210 -9910857293
-43394 -3696423061
71743 -6290131651
-44016 -7804284443
-93209 -6897154165
-86034 -5074897577
75705 -7341523575
-69948 -3815936321
21757 -6795035363
-20401 -5971672407
11063 -9096329961
-29513 -4868930197
30582 -9508202359
-70753 -6883842949
8889 -7380167033
-45375 -8231457497
-9678 -9982790859
80635 -3718049337
69206 -6008585057
-13463 -1991314749
29320 -2030682669
-33917 -3375686977
-54105 -581974747
92583 -451636817
-42306 -1078311935
-2207 -9065176473
40093 -5365098527
92773 -8430218905
22073 -8047282305
66052 -1044210839
88461 -6853150817
54879 -5233052065
24878 -6676236537
49105 -9193764563
74619 -5981740135
-47784 -9265451183
-69772 -2146628457
-53087 -6377148643
78861 -5294931785
-98883 -8466334765
73978 -4514320429
52656 -412768569
54988 -2467888477
10955 -335927425
65843 -7607101173
4631 -2815185925
-18018 34516525
-13321 -7203198853
-67902 -9910835729
21595 -4941352801
84011 -6678809279
93059 -5250926337
28524 -1147848841
-84931 -5609386989
-27205 -9799816077
97716 -5787708273
-52491 -4037984025
37182 -9528123937
-291 -6482866017
43695 -2626735343
541 -4515077869
-69433 -9374920957
-49459 -7124320561
42744 -1684204597
48935 -5280869435
-67796 -7800633321
42766 -5961537369
13180 -2055541219
20324 -2223962291
75541 -4531185589
-58712 -4710635327
32623 -615908987
-9380 -4657343521
-33491 -9082131743
-76222 -9115551733
67853 -7699986451
-29750 -962478309
98939 -6402041223
-70446 -7502412993
-86165 -3564709057
-79539 -8282926411
-50921 -8624774511
-58835 -7124750349
15005 -7717231831
-48208 107578601
-71012 -7481871285
69605 -9646966157
2160 -5061796727
-29997 -7113257287
84555 -772360917
-42772 -3998162401
7207 -6368271419
-55208 -972193557
-62708 -3258568603
38461 -2581495823
54696 -7966717589
-82838 -314353849
22738 -4635011061
35867 -5651988063
14943 -7122634351
-74328 -9628277063
3897 -5178711339
-273 -9948303021
-43257 -3051782657
-91506 -9304503373
-67817 -2243841183
44893 -2035279129
57184 -5720306025
2986 -8155828649
5795 -3649011529
-894 -5013826615
65679 -4399439573
70216 -9312421205
-96203 -9576958637
-67392 -2150536561
15071 -5003589343
82787 -4442313919
23381 -11612599
-18336 -7494168117
19146 -380452679
-31457 -3739510681
-68287 -3756999787
19415 -8516243675
-10674 -7042796569
52107 -6942459389
-81091 -4225117405
-20831 -8553328201
-46353 -9642197195
-2746 -6561876689
-25556 -1655957229
-27317 -2890068049
-23625 -3085387403
-81255 -72226999
-84693 -2119219361
-14013 -6127179301
40294 -1861356157
95646 -9358045433
50636 -3094951773
-13978 -4919371167
-32382 -3406937549
79288 -8346131717
93134 -1675530667
-34785 -5598888849
44086 -5796808137
97992 -3344088701
-61700 -179955797
-29799 -9051437191
51054 -6990360465
-71527 -6312374451
4881 -9353784717
-73124 -6738081867
33769 -4820992495
52569 -2564577283
-76304 96300543
-99830 -6634711455
59776 -549560759
-15830 -40813597
82581 -6361440423
-21585 -6174119697
-21116 -3777029763
-98040 -3109182351
98076 -693790831
-48575 -8984645257
-62344 -6617837557
40880 -9485393085
87869 -3835830447
64484 -200506375
-36063 -8366339699
35520 -1785118765
79514 -2548022511
-93427 -3752482725
-20080 -7375229233
51874 -6581736643
-89502 -399136449
4806 -9337587387
-66592 -8313151293
67287 -8012184581
-36673 119011989
-3182 -3079556481
-97608 -2936797409
5824 -2901962475
46818 -3557032611
-43919 -1117298307
2623 -5093775213
-72628 -1441873753
-75099 -6761436025
15564 -4093209203
-96554 -7744089295
32938 -2234719561
-41325 -9425528099
31596 -8932985821
77611 -4981343397
-40988 -4440271711
83702 -4952436259
-43658 -6295504809
19850 -5479299795
-89710 -12048041
60436 -7127847985
43612 -6186292053
-98330 -2434594613
-9598 -7224172795
-66195 460120033
37040 -8366578563
-98344 -9042492387
-52838 -8689565891
4119 -453605663
-98094 -9598632557
40759 -690513323
79522 -5855320553
71970 -1572849335
-70112 -4179029225
-16757 -2330606871
-19995 30982415
84030 -4736869385
82089 -1445359043
92126 -5595584539
-11538 -5385653527
-46442 -5709198533
56597 -8029640187
38443 -8730235967
-64370 -7133445219
96763 -7847994205
-22723 -1912388065
72826 -9710436459
-34916 -2998684789
69626 -8756205915
68232 -1747943863
7597 -1552814371
33203 -2822753947
93544 -3838266769
34778 -7784954257
9745 -9781753839
46797 -5032250841
-44611 -1076327337
-34532 -2003757527
75060 -2805399467
29397 -4094707419
-71249 -7803131551
-79327 -6722297253
35565 -1665392387
-80069 -5715291811
16580 -6309308497
80974 -9307348695
80236 -6508518677
78227 -4242563713
-73891 -7512274535
89962 -9818596141
-83288 -1203114925
-51250 -9627419339
-18614 -2120461041
38960 -2338640477
83710 -1607030935
-31950 -1161200677
-2074 -6914844949
38472 -289637755
-37346 -3304046315
-52669 -9241240075
-8879 -7620100107
-92792 -5678343979
-5232 -1075527363
-94529 -2173974695
36681 -5488941397
-50867 -9059981029
72283 -2077502715
-76217 -4369602797
-46473 -1872960047
98164 -7355508685
-68750 -9684101115
-22269 -9195687541
-46704 -3545727005
-90997 -4883592611
3124 -2939688833
-12018 -3186038869
-66625 -5236952141
-53959 -2862641593
88536 -5841158087
-91146 -1639212433
2166 -7699235333
-1011 -2917623439
-12553 -6854847645
-12577 -4239038231
-51480 -7177133033
9417 -8040135367
46117 -9945539503
65689 -839113103
98383 -2802164859
-32488 -8923757357
-72072 -6063944353
-94319 835892951
83025 -1432882707
-89154 32182951
80184 -6516318797
74206 -9111220773
55088 -5532382837
15279 -6467505979
2942 -4103196921
68320 -1244622455
-74947 -5897688087
-75490 -5768824629
-97119 -2571122975
-97734 -7341796839
-2442 -199851897
-61188 -1369558317
-25646 -5851172169
-444 -2872269617
-79714 -9284070205
-80454 -5325030427
36914 -4105845219
-91891 -3413888517
59430 -4412531851
-26756 -6569038111
89600 -5375779739
9518 -3387403003
96672 -352763433
-61263 -9547867045
4098 -4936386107
53269 -8282929237
-9788 -4818180473
-76761 -4751919917
41688 -195730889
63803 -4540648587
82515 -6881295249
-73480 -8562051817
80282 -5600155487
-19604 -7179162785
-18372 -7846525771
-13423 -9982240301
61929 -4151402591
80937 -4078059151
79682 -1488598017
64262 -9043494369
-66646 -4181031003
-6059 -1714784015
25229 -8360649713
-53969 -2743496397
8754 -5056587991
-52174 -3232328839
-61456 -1030153531
-8077 -8751388295
-47694 -9831711441
-44329 -7766000383
49320 -3214144707
-71666 -7888421987
76303 -3756557275
-61442 -5439804681
53151 -6642470827
39742 -3683319609
-45277 -2374157529
70674 -8423326817
-8247 -8267669585
-71225 -1266584749
-93926 -1420655931
-39361 -1257519321
-47477 -2774757581
83974 -333287471
-82281 -4997296653
25348 -6742946325
97839 -9282864111
72865 -5273664381
-7364 -4829737737
-60301 -3311394929
19677 -559976295
-39116 -1933954307
28112 -531127331
47874 -4440348723
-49896 -1681659355
70714 -9429126303
-68276 -4084978793
88921 -4445296433
-33142 -794322009
73813 -205495751
6863 -7099450161
-89919 -8770983739
-60807 -5390392089
-32721 -4578763333
76076 -1875176247
-74325 -7072307129
32107 -9262528251
78691 -7764779497
42510 -6579194279
77775 -7334358527
59437 -3967237231
-70441 -7360292349
41769 -4749186555
53394 -2061343261
-57276 -7050140439
-49199 -8631860703
-96498 -601936413
19536 -2908377035
3448 -1540778251
31018 -6641075631
98203 -9540687249
-93870 -6098497235
25599 -5963871797
67105 -3969095973
21662 -8699565043
65170 -9156825875
50345 -1644601361
-88226 554951225
56185 -1428426875
-24310 -3761505127
60154 -508697847
24405 -6673687039
25180 -4050272663
78118 -304177185
89858 -8879224995
-86340 -5694325487
26775 -6374250807
87365 -3199149295
-88390 -2419936557
49472 -1652424227
-72289 -2897975263
59548 -7094888403
71 -9195476153
-9557 -7315792891
-65977 -258914849
-15268 -8258025589
-82867 -8424144091
21400 -2232659391
19768 -2172828359
99728 -9996348247
-80266 -9700917523
83203 -4178630331
10973 -1549768891
33490 -314937793
22290 -7711202163
20423 -2676964945
-30980 -7134184033
-17769 -7691279223
36015 -7398482231
-45221 -9138467519
90004 -412349751
-27638 -1873953795
59492 -6575422407
624 -2841948665
70857 -3807472201
-79525 -4926211527
-45532 -7493046519
-80370 -7361363395
-82185 -5531760391
-53605 -1948840189
1403 -2232932363
92249 -6898924303
33981 -4129960159
-80525 624949465
-70927 219217637
22166 -1497874549
-40090 -9118739809
18314 -3394431953
41461 -9720239637
-35925 -8193375887
79876 -6923691729
-2812 -6592626001
52916 -87281365
67103 -9943278099
-83041 -17747863
-48086 -7235261451
-93902 -3029002587
30004 -3627645323
7764 -5160919621
91705 -5824976857
-70904 -2766703177
38131 -2878658773
41201 -9154599233
97703 -2650794373
20500 -5679434953
85033 -9358584161
-19292 -7003883409
-32359 -6326625139
46000 -170150465
-50749 -2334656899
-18634 -3955708011
63383 -7384594407
-92090 -3235364895
-7684 -8831301161
88219 -724089267
71815 -441240157
58944 -8529069473
-70260 -5756507085
-57868 -900226103
-30456 -2718403601
56007 -6440400011
-99079 -1270805469
26713 -3512495197
-13316 -8370646233
-85659 155299527
54863 -9011539543
-99975 -7172756247
52874 -7144346517
-16940 -2358195321
-75722 -9667305663
-99675 -7108007515
1095 -1765682597
16279 -4106216801
-56002 -4651303941
6219 -7635094393
23723 -3283076979
-84627 -6334974247
-86691 -3130732085
-6152 -7703807777
91800 -5823866849
-42143 -9030896127
13877 -3930336297
84769 -6199496305
51979 -9359876299
97561 -7493053183
33474 -4577819591
-18315 -6772536605
12480 -8305901803
71463 -3976650493
-29312 -4354880875
7414 -6317668387
59067 -1974730159
-84327 -3503983243
65565 -4859200223
33053 -1493432179
46827 -3584958687
27858 -1933186673
20395 -2137515627
-88814 -4656078609
-10221 -9407696835
-71969 -380089879
46314 -8124738913
29641 -2928974189
-57283 -8498744637
82611 -1364263479
3962 -4553050255
-77923 -4513749463
43788 -5536821477
11912 -4543653337
61719 -2454290309
77453 -5673235143
18733 -3947952835
-7732 -9144923981
-1379 -1041629839
87942 -3048734577
-1888 -3750914873
-3537 -3002370431
62487 -2511135661
40154 -7111467567
97948 -812180117
81210 -8664463089
47157 -2178916773
-63723 -6285123397
70945 -7147708755
-26719 -7613232235
-12655 -9843079419
-97030 -3765575543
78603 -2424888305
42265 -4012388089
-31521 -5734182993
20824 -6816788855
55355 -8642700061
-5667 -6284167973
96951 -4237059587
3584 -6985911173
55648 -6652148391
-58154 -9811797867
73703 -4917071667
19842 -5552061073
36035 -9258222913
-95131 -7861010961
-2288 -6851600181
4164 -1221463947
-22503 -2196206363
79088 -8074315971
-50177 -3578844707
-22499 -3594222947
95651 -3636506455
-48095 -8613288025
-49550 -5578913059
14799 -7881218567
-76153 -7962698931
27688 -6822869493
-19676 -6442981565
96930 -7666813987
65450 -8580974463
647 -1323434921
52704 -9712111973
46105 -6357688427
30434 -7792994941
-88621 -6030202965
-9132 -1515068825
-72953 361565385
-38285 -9236411171
70824 -1674020829
14696 -677705581
-65292 -5979200191
-39837 -5238584319
62510 -2435125979
20063 -9428625655
55885 -3395723057
83275 -1027115615
-84241 -5821524495
-14747 -1206127079
-38676 -7345230249
61871 -9988947075
-7360 -4812745995
9365 -7707827835
88885 -8846394921
-34895 -9357362269
-56435 -2954035373
-81103 374541893
10298 -195886791
41173 -2903899061
-77349 -6065261839
40657 -6408497667
-67511 -47394243
38059 -7657184029
83034 -7504056655
65118 -8621209283
2081 -7251489691
-98358 -9243140197
-97757 851162541
-3260 -7860677497
89573 -6915893641
-928 -7865145547
85399 -8238582941
63003 -6211047917
-71682 -2213739623
98466 -2407218015
-98599 -7641032943
636 -9875369303
-99430 -8251322511
-39509 -4371465975
-32970 -3015307749
-92607 -2034238197
-61050 -4480709303
51062 -4798072555
7193 -6206929653
-47674 157396365
-91869 -8576776105
-88523 -9968271471
-90725 -1619281391
91188 -836977851
38030 -8422987903
-86175 -2370401883
-60546 -5932500623
96470 -3724558443
-81266 -7197706777
-52465 -1891944561
45793 -7245366661
-39923 -4028793937
-97116 -4977356539
43714 -7526256289
17060 -9549901163
-99477 -6267648867
47275 -6535066809
73960 -2889582051
55787 -9651867113
-41921 -8413209779
-25396 -6310361637
86008 -5770259321
-61477 -3018183197
18894 -2469635425
32947 -9997172249
-71547 -6244019269
-90297 -468663647
-12640 -5355094311
25620 -6262235077
-6959 -3648093423
-71512 -6347298207
-74131 -2152143029
-85322 -3221524389
-33351 -3029364575
-90636 -1018141601
-68866 -4522749879
-5162 -4882777347
86453 -1009139967
13599 -4329444721
2253 -2543116279
-66178 -5604806703
-50557 -4382313721
-28486 -3923038939
-63040 431183697
-93398 -673803515
58385 -4089313409
52738 -1676985361
-35273 -3951754607
-43838 -9085839639
25981 -5600679081
80970 -4531057061
7466 -4901740635
-83771 -6992961549
96973 -4490327813
-33620 -5252392051
56249 -1650156777
63124 -1448326653
19374 -9509541117
-91765 -3641976271
98248 -437200043
-47444 -9380057465
-63765 -5117722957
10573 -1597958823
-99764 -7211205473
83993 -5167696965
-48480 -5894772649
11493 -8663112643
13321 -3181806453
59009 -8871929379
-33087 -8524756477
-81578 -429896669
-89855 -6902181245
-14441 -804118719
37467 -4050301169
19491 -6949477995
97385 -3669011739
-90814 -3030736719
-63309 -5325713985
-29572 -7127819339
50809 -6826984331
-67358 -8671627707
-8411 -5052268339
59198 -7066292985
25354 -2324737055
80863 -523787561
-12090 -2861442959
-95539 -5390945189
13720 -1225552895
54667 -6917766039
-4316 -9474379313
10420 -183513635
36524 -7242531199
491 -2914039251
-93028 -8514531057
-15288 -1207371551
-38572 -8446287623
-94889 -5846543121
35427 -2176884175
-32673 -7825366667
-96118 -5295908055
-45067 -7246726319
95910 -838171411
-84427 -2956959317
22297 -4908769455
-3513 -2345289969
41530 -574910869
27622 -3429318197
-34909 -3016945857
97144 -838884291
-31839 -7407054809
37428 -9802740343
-5019 -9197932625
-46271 -2199366267
16916 -308680049
-99657 -6104560231
80286 -8886081167
-60752 -6349738775
50160 -9966105551
-80399 -7941932441
-53050 154585775
-38578 -2710108749
57507 -3348615525
4170 -2067740369
-36197 -2680634695
-76175 -9419680773
59618 -6468848137
81607 -3054575451
-39863 -4310299491
-70026 -4399736543
-2182 -5822986803
-48087 -1206290389
-25259 -6336967147
92565 -9163052763
-61239 -9112749523
79647 -7579514531
72739 -6298266237
54135 -2728135315
-4326 -1768281057
-33093 -2540970153
-50147 -5531661661
80601 -6257303167
47587 -7060783935
-24492 -897237673
-82558 792519333
19352 -242795437
47350 -8548732889
-5513 -8856470705
56721 -2594139731
78857 -4250311295
-20315 -7160237635
-34383 -7389849503
20072 -793623109
15876 -3995068021
54343 -2591579331
-67803 -6105882367
7678 -1320400419
55679 -5144086495
72386 -7714364259
93775 -7826965497
-48821 -7819212217
23042 -9423164013
-78424 -642766583
14532 -2777291761
-13718 -9173013789
-86580 -1884294527
89741 -3575527633
-65950 -4579249097
99967 -5305216091
-84225 -8547002481
65289 -5091945911
-72993 -7894762917
-19239 -8120073681
10732 -1717230565
-27429 -3998550517
-84302 -1381556671
8490 -3095099335
-40351 -4237018419
67183 -5284314809
50199 -1924951535
-85016 807506809
-77598 -9562934329
20741 -7477156011
1509 -782587339
398 -2633275595
-25004 -3509341693
66235 -2835075059
-43705 -6384046015
20098 -6645265747
70818 -183885949
80913 -7804323239
7069 -9146553705
-2704 -5795161695
93297 -1920271581
86224 -9400914337
-36395 -3486959355
-3155 -4172313249
33201 -9668626801
-26562 -3373939759
-98887 -170443293
-864 -1522065015
-47519 -1370104295
73750 -6898260513
-44683 -7583188539
-57322 -4074146241
-81472 -5428758535
46057 -5735923007
41126 -6660465159
-67533 -4157873737
-6 -8855468301
-90099 -5484269041
27759 -4575509177
-74892 -8431047565
53218 -5512884531
-63697 -1685306683
-45432 -7345584385
29442 -7699472429
34408 -7123445841
70845 -375679965
62200 -593656733
71660 -2855995785
-58923 -9639119489
31067 -3379576869
-83726 -6958800071
-64281 -5070327109
37761 -1634012835
-42384 -5410708817
-60621 224456987
1352 -7557472801
-88830 -375486061
79680 -6138758941
-73207 -8524095677
23598 -837865813
-88692 -7155044631
98722 -2022955415
86480 -390043727
84405 -8783279273
40079 -1764928903
-93978 -4739695189
-83391 379423373
-73138 -2112700709
49303 -5514445379
63660 -5892915857
-6461 -5326558843
30611 -3808511809
-49327 -8667782519
-7125 -423539437
-56539 -5787435059
-7386 -7118956145
80924 -9307460025
-74307 -589174117
-2397 -1187110303
50046 -5747077329
-32435 -1877507065
-27615 -3607368413
33793 -1411691173
50139 -232274295
83498 -4304498703
-83751 372859119
78940 -8571025953
70832 -6894828641
-11250 -2387389817
16169 -3433775875
-11133 -1378724535
-60798 -2818204631
-52721 -2029555055
60216 -9191473629
-62418 -6931049561
17822 -66627529
-11627 -3272651671
20506 -9311190291
-2956 -261079453
24452 -9868303309
23080 -5738921849
-47244 -1621874291
-49811 -1505576115
-98282 -7492427961
27168 -4224430083
-64105 -5091650291
-47242 -3867176811
-53897 -5598118443
-16043 -9947463833
14230 -5825721363
-88118 -3402113509
-2684 -4202096991
94821 -4694623303
55443 -7417993431
43610 -3704473065
4329 -9417708985
-70882 222327637
-89952 785600629
87596 -3816836811
-39017 -1277489183
40429 -4138016619
45032 -7838948395
80802 -118729843
49930 -834023729
23721 -3053458743
2216 -3353190723
-32066 -177608763
59686 -9849838401
44403 -5285440713
86348 -8700393471
63192 -6632890489
95868 -1925005029
81964 -4335735739
98931 -7985697685
-38519 -5772046395
-4455 -8615226371
-28607 -5660400255
-32172 -9793702649
33309 -962944193
-19740 -2799251313
96355 -5355768991
-82910 -4344643537
32809 -4347711797
-13593 -591378605
-20747 -4182717683
-16489 -1387442947
39750 -2202734391
805 -1391209779
-69138 -5812460273
29100 -7090423473
-24396 -6350613689
-65592 -7477264719
-36266 -4035507861
83241 -418914247
-25793 -8151057611
-89922 -7038436551
-58052 -1697091569
84743 -1391630655
-78544 688997331
-21023 -1070920521
11861 -7391508863
4874 -9995446479
-41798 -4814206195
54978 -6841602689
-78097 -2473393539
-64441 -1429698823
-17211 -6521994569
-76481 109480435
4277 -2250653693
97954 -3604306289
30339 -1227382417
10761 -9263470799
94365 -6906315805
-76536 -6680358179
1267 -161184765
-44076 -8882089675
9451 -6276276951
88933 -3380045835
-64684 -5394608107
35676 -28697945
-51204 -9611619317
79676 -6674400163
56068 -1804279831
39732 -3489553475
96588 -6865226657
-3242 -9559306953
36871 -506951951
77608 -7734465253
99792 -2200622239
26108 -8225206853
9050 -5379547873
-27520 -3966578991
-33273 -2256284443
65617 -6509034465
-32472 -2766165517
-85155 -1102391801
33551 -1201969229
-79505 -8527061469
-56006 -4756462339
-3866 -3934330055
-95786 -1181758471
-27149 -9409251135
-30392 -3654807379
-49465 -144830089
-33237 -9766696527
53012 -3261229061
58432 -4317311825
13568 -1019061007
-54295 -9407028145
-84613 -4319692903
-74870 253321653
-25614 -4175539413
-5870 -4775814337
-23577 -3351955105
-98406 -377298829
-73135 -4515344269
21372 -4357971335
86302 -9341558181
33442 -7415537265
29906 -1349610443
-85235 -1767019423
39484 -5546633825
-67778 -7668688673
60675 -7778595431
-5260 -2314989289
76542 -6904640109
47417 -3045777117
-55640 -5210869563
-68454 -753464489
16531 -3474932643
-70491 -695746005
74198 -7923123133
24665 -2288699205
-28557 -3926565875
22099 -4338796391
-53291 -1023711081
-85097 -3468876721
43728 -6690294961
24052 -1045719577
-26345 -7035134243
-5504 -6627484481
-66509 -2363992971
26520 -735484241
98224 -2182541233
-9899 -9984587539
-69697 -4072831455
-82723 -2786243833
12774 -373581953
98821 -5439278617
73859 -7407780717
-75354 -4155124439
16232 -5699155099
-94997 -2836823299
78673 -5319889417
92170 -2052589817
-2337 -7478361959
-77409 -3589974529
-66637 -8225320117
-34811 -9774051781
18999 -6241291711
63841 -2049065571
-1013 -9541345079
-62132 -32594885
76557 -239669793
55571 -7382686909
20552 -8596719325
69411 -1223635257
76852 -7446266989
-33372 -290529555
-87065 -9460943525
39000 -4551863661
4475 -3375437245
95903 -4488394353
58955 -5853159085
42223 -5972946135
59763 -2544956955
15875 -6379327161
-94239 -7080356511
-5284 -8716221523
15462 -8670206135
94736 -515132561
-29092 -1906845489
-20961 -3410348067
68855 -3121019883
50474 -3068462729
31908 -1606513359
-91753 -1840570185
-47969 -6640253725
-46717 -3002778999
-81898 -3299188703
94913 -9525411151
-19145 -6351215037
-7252 -4277263167
27973 -1964718093
-95118 51728503
-76725 -2447594821
-15216 -4629210557
43400 -657285355
-46288 -6233873631
-59838 -7024288887
29680 -6081849587
31909 -7403287873
28720 -8935036355
-19446 -6173142119
-45134 -7188765393
62909 -2230324641
16424 -1997191921
-40272 -4327961713
-53502 -6803163083
79575 -9646647027
-8294 -8198368413
-99671 -5781519583
33673 -4266854985
55712 -2656109849
-94000 -3081518817
-76870 -3463437043
-61607 -7937034647
17003 -5085876803
17584 -8552068017
-55319 -3308265467
35700 -4305587433
244 -7838747511
25975 -2447225521
30604 -137164985
18815 -5235895417
-9440 -6939993771
-20677 -8595193895
-88769 -1164623269
-85708 -9902322473
52048 -8508397689
-18750 -3268156155
72628 -8185847617
-56675 -2284215253
-26368 -8574827667
71541 -7457252197
-39121 -1319289807
-56439 -4233193795
-60915 -8721297439
-41772 -9997889623
-72486 445893119
71377 -4410938729
52433 -8336323425
17783 -6385832303
6624 -7013051
7166 -1958275211
80438 -6498267303
-49159 39421799
-78008 -7742089089
-98929 -5216274215
-3785 -151636583
65625 -7080998695
-15938 -9002042701
-6323 -3552599033
-20480 -4148509949
-38513 -5909238657
48916 -1870081427
64970 -3744499387
-56933 -7490537215
-90438 -2725371531
-726 -5202855853
-56054 -4876091791
-3336 -4354115499
28812 -2429670199
61862 -2478000793
30716 -1637077247
-60491 -5655615123
-91049 -6463559615
91678 -9493834303
44406 -8090566811
67635 -2826086053
58006 -5722630575
66791 -2733773477
64731 -1396126285
22437 -4280212049
169 -3394894515
9365 -3430873885
-53736 -6151925189
6500 -2280253779
-49723 -4057802673
-37008 -32242473
-45199 -2895424597
-86986 -4594987029
-13118 -8256243157
-67072 -6367411053
-6386 -3380158345
-67550 -9162011773
-91382 -8926278317
98274 -8204618051
20052 -9912402693
-62553 -7750011311
10042 -9043986603
-98365 -3254835159
86796 -1227060073
-82649 -1813998717
-31162 -3000423007
21360 -5371814739
46238 -4284889687
-14541 -4883990221
72934 -8854712911
80468 -891167173
1970 -1463280343
78888 -3969425883
-52569 -7290547773
43746 -3070220703
-89186 -1981807953
42239 -104200871
-77057 -3815418325
-63918 -6992450601
35937 -2089909019
-39686 -9450806157
-99633 -2044757317
-55587 -4233738415
47818 -8159814725
88924 -1400586971
-96548 -7261064731
-32742 -3316158919
-48840 296019035
-77177 -2502918345
-35804 -4932018965
45883 -3001125545
-87288 -8658371723
-92909 -9471762789
34179 -6022305957
-77685 -6825816833
2418 -5765849591
19115 -2508289793
-11651 -2213160647
97437 -2166453095
93724 -8336738515
50380 -6830067643
-27376 -4623168807
-26773 -2239731643
-64532 -2177105163
72696 -1871026761
56960 -2130100627
86098 -5318795585
-3435 -2736383727
-94858 -6160350343
-61558 -5737339585
973 -6114553753
-17903 -8369637899
-57651 -1142456087
-20489 -471529775
94797 -8611493135
-48907 -6961127253
-68267 -9747013775
-54487 -5744196757
41837 -8254753859
-22082 -7668561219
-13639 -1634838319
48680 -1525132941
19915 -7639141207
36444 -3430941059
-66612 -7789749143
26445 -7737570541
-10900 -1180284879
-60513 -3869601251
56737 -4973001145
33226 -383362693
3219 -2558967083
4699 -6262529579
44559 -159675481
31446 -1815671135
-5724 -5135313831
82642 -2552322557
-18087 -450393023
58292 -8505608133
58800 -8056372977
-43585 -8545258631
-37430 -2438226463
59742 -3750224965
42012 -9317068139
82864 -3478433049
54701 -47069827
-25860 -8111316325
-15731 -2339198661
-15250 -1559881809
2966 -4950759517
-49579 -7187652959
-8211 -645053709
-59060 -4433191425
-21503 -9595553767
-62980 -2118164719
74527 -9155119169
35795 -1402316935
-19822 -9964891525
34017 -5089421643
69286 -8990940681
-60824 -6741897449
85359 -4714454453
85505 -5458956067
93927 -2882409161
52114 -5329298515
-20385 -8048944883
87919 -6352161979
44141 -9520814859
-86156 -5766683689
-56254 -3662809359
97567 -668279627
-66417 -2895131209
-89165 -1278444823
38635 -5298058599
-10387 -5775744657
-82006 -2384630831
-3282 -6410748213
-27641 -2015723469
-91487 -300963881
90071 -6220624343
17229 -9626085671
-42297 -1041582299
6556 -9593070743
41492 -2554978137
77865 -1302874949
16315 -2454621749
88424 -9845052701
-93208 -7781659023
-17471 -7307088625
99935 -1031162083
30894 -1023436153
10272 -1820681839
-68733 -163268029
-259 -1544872115
-92571 -3718329383
60152 -5265873463
-37315 -6913546397
-37247 -1480290291
-59593 -2371790315
-11337 -7743441547
-93790 -8228481989
85204 -9846283861
-62865 -2347560155
44341 -4290633771
-89445 -6151694939
-1523 -7053145115
14217 -9036829569
64342 -4406918497
76710 -4775243745
-65465 -7456777869
-59540 -6844386125
-76466 -1257724081
1039 -3898039621
18264 -4717744625
47878 -8111499127
44324 -8759478265
-5290 -1891459093
82628 -49366403
90952 -7388492131
9796 -5263174947
-48101 -5155895511
27108 -3839912227
-66935 -8870731281
87244 -8703726921
-83811 -9297553611
18121 -9425587219
36007 -1147188693
57815 -5912163781
47574 -5047660905
-42117 -7875484411
56708 -3483125541
55223 -4542066537
97440 -5278842123
-79486 -8386064415
80466 -5619366001
45860 -2704983423
-88779 -7249676309
-32213 -7223958983
27030 -9344037393
77311 -4590158603
33898 -3404828259
42964 -5854398403
54759 -3440943097
-14278 -2225654563
85778 -5541049557
-8866 -5199111811
-73961 -6539608177
58586 -8213548673
-18081 -6387760143
-76185 -1047508627
23435 -7498632517
76263 -8503873459
-50377 -9102948661
7747 -9048757063
98148 -4318535921
-87699 867980319
35805 -4146041527
-98965 -3122153297
-74419 -2477361287
-16611 -94162197
-31145 -9351903945
74363 -3285493317
-91065 -6442566025
-71676 -9761982289
-65870 -9457996863
-9681 -2899763487
73722 -5267361459
33888 -885841777
65742 -2139980179
-27676 -931568305
-36542 -210702261
62834 -8673333891
86772 -6190851441
12077 -1819628571
13934 -1958006795
98964 -2121141147
17586 -7585852041
-40562 -2412715283
-41064 -2167711115
63397 -5431796145
64284 -2584486303
-74489 -3246706431
67702 -9973125793
-92726 -6714175449
60281 -4854074041
25784 -7925586217
17905 -8101619715
38650 -5295708627
-41480 -4049869495
60985 -8445245307
-71563 -5492004463
38509 -8604701103
50366 -9793578319
98292 -8577835315
1756 -4978185401
-10938 -2256929449
71705 -2769500863
-96196 -989717077
-12260 -1668079741
13857 -5357530991
71789 -180596211
-90982 -6836507483
-26885 -9689649971
84822 -5955029243
-98602 -317994817
-54067 -1716224507
15508 -4376287233
17681 -738987227
-72072 -4458942875
77828 -9971968959
-75574 -6709580159
86395 -857905093
13469 -9681531527
-85639 -1334084705
-60712 -9170967609
26067 -9803522743
-75176 325844857
-89181 868073765
-75495 -1597042803
63171 -5889115883
72644 -9865978137
33196 -614891353
72972 -1438285915
-55696 -8968928095
25188 -380179255
-95869 -9983334991
44084 -2352827389
1836 -2598040945
-95995 -1562633485
67055 -5611217277
-11756 -3524585055
-33515 -7638523271
32189 -5571712693
-53163 -969980131
-82053 -9407054563
3378 -2401817291
-9739 -1027069029
67665 -4152014459
-15865 -3141208001
7155 -8801695087
-71720 -6868720217
-98922 -3190223579
-24283 -1751310307
57863 -5981917163
-33031 -1128675855
-55435 -3029322431
64256 -7415293339
20419 -6643218355
-9435 -362535973
-53645 -4110037243
-54166 -5837072113
20006 -8101423903
-54661 -5418410381
-50063 -3755629685
-81869 458911021
-82269 -1723783777
-40741 -4473517143
48878 -590155469
83181 -2392431247
19610 -4810625617
80671 -2353730341
82315 -3962651913
-81359 -1384454783
-70571 -3439566647
59179 -7546103695
-76943 -2241031325
94956 -2670639371
70772 -3896696295
64310 -4570474655
-23438 -381673003
18433 -5177013415
15804 -3355475377
-55715 -7700975729
-91577 -7095506539
14265 -1181397443
80629 -8343763777
-95150 931809617
-18757 -5997320649
-88042 -1593382573
82658 -3825232783
99355 -3424972195
-34135 -4470651937
23268 -1551546781
-18265 -8493419913
38377 -5899419521
3650 -3616749493
-87789 -3943001487
-75152 -993730005
-20199 -6204826893
-56507 -6611592557
81061 -5241661447
46618 -7003391229
3449 -3148592841
12261 -435442233
44304 -1639375485
-72712 -7702232287
-67076 -4104474779
-66353 -6233823971
-90438 238958613
-85825 -8671036905
21958 -3964298277
46003 -7070837061
-57573 -3426405007
-93792 -6963086801
73703 -8901078863
-30068 -697347045
-28132 -5566700169
55705 -7306268439
1161 -3017623785
35139 -1731367595
-958 -9414899515
-22563 -2039869637
-53062 -1829148503
42757 -1794030429
93792 -9540617013
18465 -8065205067
32301 -4780746887
58151 -2354059545
-60541 -3819674535
89491 -6116534767
-18696 -3609095647
-97327 -6651776087
37972 -4143443957
-87582 -1684579479
-55252 -863264705
79368 -4050671879
29614 -664427219
96511 -437893935
-22383 -696144097
22648 -3686227379
64792 -567888275
82800 -3921641909
91135 -5358052767
12186 -456273173
-55324 -971927513
59965 -8332043205
34661 -2385361435
-86138 -8412983545
-40332 -1794522919
35797 -9619019665
12623 -6282561477
-14263 -9748410813
-75140 590920931
-83189 -4090818277
-70876 -4350417727
-59262 -5740024599
-10288 -8877264279
78302 -2012437877
-13216 -854720875
68545 -9460114821
98353 -6231941815
-53179 -1123613151
47090 -7816400525
92478 -4605131243
-33945 -5480376647
71054 -923731655
11935 -8484711281
96857 -9100562983
-66649 -6345049689
-7008 -7866221065
19350 -2893415211
-98024 -3700202651
69821 -1517979797
-40037 -9488446195
-99086 -1858351479
68654 -6257483811
93070 -9549103401
71268 -2889450723
-85798 -8830684899
90672 -8798749313
28303 -9189509273
2094 -4001595659
43120 -8426839691
-92283 -222474263
97924 -3574614305
-30341 -2991775539
-21902 -6164880983
-22956 -8712157345
98677 -2232187167
57764 -9540739101
12567 -2433812689
76349 -8151527083
19504 -5100503955
-41837 -7178053367
-8929 -5275301869
95151 -405642161
-94142 -99905435
57513 -953948543
88083 -6961356681
30805 -7796231585
39496 -4209019039
97112 -5752342469
-1034 -3841042379
72406 -2298824367
-48909 -5858364281
98593 -1224280497
-94874 -1473751105
18368 -3453541675
84511 -5818485753
-85580 -608983207
8775 -2676834715
-9167 -8131495643
-92544 -4516933751
-90132 -3736653257
4075 -2160178763
15323 -5021071831
3199 -3382042275
-52703 -2826246149
72986 -5131438413
-69216 -373790793
93286 -9869316455
50251 -488740149
44106 -5701355915
-2599 -207895865
71902 -584530407
93055 -7033894793
5241 -5200685963
-81400 -2843541777
-25614 -2494551221
-95265 -1447715021
65429 -3557018559
45220 -468478155
-63465 -6760625815
59381 -6828863311
71615 -4135370239
-32902 -4720681715
-63558 -5227411077
-48371 -5164552921
39415 -1191301315
99323 -9724307385
-89794 -602584749
30553 -5208610251
-26771 -8280220931
-98938 -3353475633
-21531 -7784832971
-49185 -7309865153
-73383 -7387541199
36297 -707490893
-32285 -8776902581
59116 -4973963329
30067 -1648954253
-82939 -9771561389
62862 -2913795985
-61827 -9461252947
-95874 -7189353259
63494 -901116075
-83280 -5679597513
94504 -3264816397
-3215 -6812930453
64654 -4626832429
-20484 -5740147413
79223 -2412671055
91390 -1626950999
-28666 -4168406239
5459 -7069429907
61090 -2979775375
28674 -9775535521
69650 -5557363631
-81528 -5696173227
49732 -575619625
85012 -3939134575
-36629 -3006734077
-77577 -6384249083
-20095 -7876514587
2796 -2747201897
50797 -8804573471
-90771 -4309925569
84721 -3129873261
85065 -4457000779
80087 -6098277309
-26545 -9457999919
-23855 -3520426251
50268 -2674516545
-96268 -8958684633
49625 -8541101561
-40271 -9546361311
76035 -8201581217
75657 -2690937477
21182 -9495231423
-91377 -1392904395
89028 -5156652721
-81970 -6486124245
31859 -5647779779
47997 -992956321
12905 -5699525629
-41481 -1835615135
-30709 -5720700885
-74402 -5907820427
-90384 -6011617927
-32842 -9098596853
-45833 -8562575055
-66693 -1587372757
57275 -9914948499
70104 -6628027699
-54902 -4523561913
-75181 -7662969559
32381 -164758765
11562 -6940152881
-50313 -3341419201
19613 -8751231885
81105 -4891305909
-39639 -4799726929
88458 -2403141519
67440 -4027197109
-15241 -2716784331
-1288 -3996472561
34512 -7641444701
-81045 -4054676843
90791 -8815362505
-9561 -8637186981
-80182 -733562411
-86175 -2992921169
84055 -1649778215
-77569 -4712298843
-20167 -3563188579
3550 -9905373957
-14747 -3048119435
-51745 -6454159487
99893 -8553844553
-31393 -3951117105
59059 -3874707981
89129 -6292749733
-88081 -7961107449
94211 -3974966595
-32110 -2525984903
-55300 -9038697895
89363 -5842443823
-95794 718730097
-29410 -7357809395
59293 -6369767695
38060 -3287410759
-62433 -5534200131
-87864 -298014489
-87226 -6582178399
68100 -692860543
33135 -9356592479
36502 -1693502693
18739 -9955343179
-13082 -429373239
-23916 -5323900513
-23074 -6371815897
-45119 -367837485
54654 -7597767093
-81252 -542695153
-38626 164718511
-36226 -7685236243
22712 -872123727
25489 -5451795637
-50472 -1429697651
-56655 -698386799
87161 -6715708887
39285 -9347263251
49625 -3735385861
-54204 -9980086779
-11752 -7354476561
-66759 -7104760969
-18433 -9091723059
36871 -4630313387
-33998 -376169467
97037 -7825389897
51991 -5144550669
-19024 -5533272465
41293 -6793246237
-3850 -6525830803
-33308 -4884403621
23115 -6216832871
70018 -1193122107
-73791 -2456221609
-67156 -5670191435
95572 -947982231
-66223 -5015012439
17719 -8721549007
-13624 -2225346437
42089 -5300995153
80688 -5374716355
55372 -7382110379
23396 -2729962633
88117 -6615712703
-45115 -8137737637
37023 -76286661
65047 -1372187739
-82429 -4525342701
-92649 -5268919445
36310 -4525616045
-503 -7775206437
-49214 -7550887195
-90609 -846265451
-93112 -8649676243
36518 -3282065819
38898 -4178096987
76096 -3147554965
-45958 -3064230321
86161 -5929157023
55488 -7507325827
-91645 -7937830461
31358 -7639697709
-59514 -7958773821
-62969 -9673316479
10547 -818701817
42773 -1960695961
-82895 -511570387
85829 -1628491111
-76315 -8268324095
-17127 -7290901663
80201 -6232439527
15195 -6090713661
-34010 -2074050319
66175 -9237998073
-86566 -6771649383
29650 -8161558863
93873 -1522863151
-64167 -8088812093
-78797 -8385804405
-60661 -3339641671
-50555 -3272382157
2328 -8209523131
-4614 -8596683351
-86695 -9862637649
-75242 -2651393829
91187 -7781998927
-80064 -2537964767
-99387 -3382133383
5678 -2219025109
-35612 -2011843615
-23075 -2119203399
-50452 -79830039
-53344 4417169
-49122 -2587114399
-98249 -442005791
40198 -6063382467
-44801 -980161555
85378 -1786277973
68509 -9750895435
83610 -9889276461
-9558 -7988283437
1004 -3069299441
-92880 -4243026625
26179 -7066257187
-36865 -8493021325
-16086 -6435681949
81397 -6239995177
74458 -8243809347
-44611 -6010525537
-64336 -9374582855
67828 -4122800257
-33948 -4902053181
-5460 -5824712997
88054 -1885275203
-90384 -4421170881
-5809 -4455296351
36990 -3705779483
-1901 -481050145
-88569 -1489900403
-32977 -541862401
2154 -3214195117
97239 -4598551469
73355 -8436516781
25483 -8437759081
20144 -8642166883
84177 -7400214595
12036 -9324974417
-88230 -7422468845
-30467 -2100749193
67702 -1189599277
90315 -5159441801
54243 -7890810277
84700 -7214959739
-27001 -4997395525
64941 -6630610393
-77540 -2837467565
-66882 -1220700383
-64503 -1594839931
57783 -176340829
-77787 -9260314139
-85256 -9216762593
24431 -141627129
45856 -7709996219
99111 -4127942531
-2413 -1718542959
-97944 -8414750249
-8378 -8564952403
86554 -5800547461
-39737 -6875465497
21392 -853383671
-25205 -3576023221
69560 -832811709
-29702 -5210825837
-64709 -7107068981
29955 -8273227433
-51498 -5428548517
-57863 -8293148269
-67169 -9860634797
17470 -8513180215
-59602 -6212616875
15411 -4092658541
7890 -7628457631
-63 -9670150363
82111 -9516845719
67468 -2370098473
52701 -4287000455
42858 -966882923
96647 -1551475027
-68338 -2374984943
59864 -3462566339
-99591 -4094171369
-85321 762014531
-76995 -6821215111
9995 -401998985
-90808 -4315373931
-71787 -8159397605
-96042 -1327550621
65725 -8816677165
-61171 -879348939
-39575 -8212580503
-1865 -4972768713
-46935 -3529379223
45613 -6133462173
85723 -1262100135
98231 -9926126143
52704 -8368118919
-32548 -790011647
-62502 -502713739
-84567 -3989856923
14636 -9770335679
65346 -6445072327
13936 -5111248671
4419 -2082425141
-6850 -2481614765
-56595 -1282031795
37269 -8679929973
-42568 -2258878217
28617 -4383835583
71502 -7256602831
50358 -900750883
58190 -1142403607
-17799 -1961735257
-41177 -4203765211
-70569 -4514881655
-54166 -8160439449
14591 -1674054061
-48749 -6867983109
34765 -6541253735
65892 -9731335331
50668 -5956829545
52012 -7719475511
-95102 -9533200023
-97783 -5550499623
28164 -4675110623
-4471 -9067125919
43915 -6826619929
4620 -7163617453
-75907 -3256135641
-65337 -5864500811
-71307 -2626711597
-30691 -8795468983
-94081 -2893766683
-21166 -8555495837
-7616 -9380912793
-69696 -1749958391
-97129 -4246742845
-22631 -9762265351
88742 -2889878067
-52022 -8079314491
97725 -2284234355
-15173 -7097868259
-35894 -4280375455
8873 -2834196501
93420 -9473650719
69256 -5982137925
58401 -7999340981
-33103 -6051560193
60360 -553783955
-11072 -1354062017
-84850 -8677431721
85760 -7538415053
-85664 -5892551377
81220 -132808669
-9159 -4548756599
32469 -5231355653
-282 -8774937413
-50164 -244680339
20113 -6366713567
-45446 49568051
39292 -6425970049
85617 -9659611907
37088 -192473311
-37930 -2327984283
65197 -4793377917
-11085 -5309911343
94150 -8077037071
-91353 -8704227547
12073 -3115935367
-81601 -9221412631
-21598 -604202159
-35782 -9068123353
-67411 -4025449561
-90672 -7406176493
-71317 -3319479593
-48610 -431873497
-26751 -3587742025
-90464 -2559059275
9225 -1591464293
18005 -7673207453
-3412 -4859367251
-44271 -601965087
-90415 -8436472311
15267 -850716901
-84749 -8130290711
233 -7911521195
13749 -1577793713
92918 -3156422931
85184 -5537441241
-13649 -5372507121
99573 -6653745661
-85058 -5607506201
53700 -4059740131
-44184 -7693677087
-40614 -7099952801
60710 -8155599013
-73686 -6649961303
-33925 -8658853593
-37734 -6516250447
-84048 -8342341815
-56707 -5281684565
-86449 -3298258185
-61717 -1122229765
69254 -7126086381
-98398 -898406621
75715 -2797285617
3656 -4440344923
52952 -6153651361
-86070 -1262637633
64835 -441354861
-50876 -9896817933
33475 -5662630903
80442 -1968102653
-57783 -5434694717
-58495 -4959233963
60229 -3629810729
-64278 -1079299555
61826 -9872608519
-8201 -9561858033
-91867 -2503766297
50650 -6395168183
61243 -3091844461
-74671 -4208326075
-76615 -2776750149
-87981 -4912039111
85789 -6430341397
25685 -2742573111
-25220 -6627112339
20911 -2580890775
-71960 594092675
75544 -7167829199
-53594 -3594811531
-77142 -9887386027
74480 -441931483
60827 -6302247735
39022 -3931276987
-85140 -7379047549
-98200 -9772180455
-18064 -1175525081
-68157 -6182677989
-75958 -124994629
57680 -9788633281
94965 -9771279895
32817 -2339521337
-13070 -1503681811
27697 -2813365793
-72759 -8731398145
63543 -1010159145
38189 -1789585463
-69872 -1225743317
-16036 -8227923827
6635 -2596968019
-83481 345997445
-54122 -9947642655
-4909 -9968525209
78078 -1746125617
60332 -7007047651
32138 -8562903847
-99288 324132961
-42242 -5317675895
-8349 -1942575807
12538 -3501091023
94435 -2130123659
45152 -9042992167
-13010 -4172774439
81161 -5223537055
3844 -1510964643
-89847 -3187453275
23128 -2436267475
25967 -5980935667
39494 -3041603661
-46901 -7027507037
-46035 -1236925957
-22918 -7434631537
85305 -4947041341
27885 -5177028449
49674 -5551170065
-64541 -3257524253
-19763 -1440989523
-47420 -1008894307
43796 -3020718583
72931 -1449240063
19040 -7804737489
58966 -2689623791
-74531 -9988908773
-62720 -4871973923
-58522 -9914681433
84548 -5475709575
-68456 -9511220085
45505 -6826843291
95979 -2686487779
-58663 -8994813305
-83950 -9175877419
-34786 -5904584167
63179 -2815719799
30062 -3941334041
95868 -2605807657
-48874 -5561950467
-28990 -9256858325
98168 -1258602717
-46672 -4166081743
98315 -5595871101
-4879 -4826977201
24362 -3481490501
99489 -6837603849
-97925 -3051045249
12663 -3020963145
39123 -1032003119
-60738 -5171307947
-17254 -7132208449
-15278 -4129973583
81751 -6877961215
-7489 -6765706929
81796 -1216607823
-38992 -5577901289
44212 -544292409
-68127 -5490830721
-7710 -5071536607
-72793 -7810342605
49580 -6202101149
-49749 -2335455433
33088 -6872918259
-44505 -6286817017
-85629 -2155877061
-70208 -47826733
-29181 -5704460755
37981 -8142820149
-77649 -592207339
-16824 -7851239999
-13958 -2410102941
79483 -9496644019
34871 -3900696075
12227 -4556218819
-50550 -9366562033
9022 -9083206667
8784 -8888168933
-64614 -1028134607
-81864 -8024099577
-18517 -648925857
-4580 -5413729151
-39765 -5089964839
-71614 -7106984059
63824 -9292732561
43368 -4376417527
-72901 -5605146329
-58371 -2180455967
83357 -8811502907
50215 -3400799407
59566 -4240886485
-10345 -4302097627
-32076 -1840876177
87386 -1963504857
-24171 -5267375347
-23999 -2766350829
-55177 -8540581559
26438 -725969871
16010 -8037842439
-88275 -9427250729
50488 -8182906053
-61109 -3438690257
-21726 -1654497167
97101 -8113389385
-73145 -5690185993
80511 -3382223197
39065 -9837069355
46308 -5529829859
-439 -9814539931
-2328 -5003532469
4798 -2981055365
18488 -8974014351
96151 -2309881685
8771 -9413879685
-51415 -9963106393
33741 -4117074687
67096 -1105357993
-85221 -4115135569
-13022 -511709759
-3459 -5061386775
-43250 -2725543685
-93248 -3471884553
58411 -2414438125
-46980 -8641805469
4207 -1911694929
33186 -2523205091
-62072 -9580239049
15111 -8948042701
99077 -3928593743
40999 -1398416915
-11294 -4975169863
-28598 -655965607
-67366 -416593681
-31751 -1228211487
73114 -6304716307
66247 -3160001517
54699 -8011168041
-15614 -3329022595
53557 -668570043
69584 -781832473
-21086 -9844296249
-61450 -3920993299
32823 -3789773511
-25550 -1026415057
3806 -1053459339
9670 -9203353527
-78407 -198034479
74372 -472928727
-84848 -4297193933
-59979 -8091282593
-31521 -6530754169
25105 -7262697567
12694 -6368245229
-5371 -8974134909
-20329 -5501184719
67147 -6196490871
-85312 -4222205869
-36949 -4370252115
-10964 -6032339255
68690 -1209887491
74632 -7624785287
62794 -6445387641
-72660 -7045870389
80133 -3953139611
-5075 -6750542571
8733 -5665053499
-59339 262319875
35899 -4886800543
73181 -8532333765
58808 -9084768973
-62567 -5137750297
-67756 -1462738987
12363 -8630882475
-52918 -8874221851
-84304 692113899
-85368 256009313
30978 -2934593217
-64740 -9087643545
-75195 -9611437955
63221 -1512001461
33920 -8306255989
-54551 -7170316735
-15091 -4581550641
-51655 -9474021495
12200 -9093445587
13633 -8295577189
-9529 -1240269709
2479 -5420383689
75570 -9458938205
-20101 -8166053503
-88648 -537334277
-30292 -8154522893
97374 -1301649363
-17323 -739840461
56228 -3761554787
-82306 -1777168035
95651 -5418432077
5287 -4062116995
-28310 -4866398839
5665 -6872706589
49200 -8899760293
-45455 -5444791701
5673 -6560894799
-17761 -7115612167
-32076 -4341927997
86368 -6864284397
88869 -1112161521
22490 -5934920169
-42845 -1912267457
91586 -5975848663
-39038 -9223656895
-69290 -2139295627
-32549 -7010793527
82611 -2574834063
-22914 -7132946361
-64044 -2655803641
91355 -9231433077
-75214 -3514918315
7725 -9708993317
32255 -9262477357
-45246 -3305882261
64824 -1997834627
-70193 166498139
-48704 -631025925
65450 -2662109875
-83125 -7917937117
-84050 -242204959
83939 -6731403227
-85790 -6511176835
8912 -4790477349
-75939 -2809780203
80079 -1930774085
86759 -4155732571
9556 -2667353435
18590 -6303700655
-41896 -2876565543
28795 -4104176385
82560 -5292917301
48201 -4297293129
10486 -9883271155
40868 -1223295903
-82218 -6038875855
-95084 -5318715683
15856 -9873380479
60686 -6487715425
65747 -2581694419
-41298 -1543119915
86141 -5860836823
-95392 -6007458841
-44941 -1387406067
-32720 -1182158747
55517 -2991768605
-83897 -3049790559
90021 -9516281053
86352 -4205938309
-27786 -5650629745
-50652 -4041751213
-50421 -2457384711
83753 -9290480833
79721 -8390294245
16491 -4445087755
27416 -2928339225
-67306 -6599749565
-67044 -9479559859
-93096 -8446414849
81554 -8701356399
7724 -9841081629
-74335 -1135411039
-37165 -8210662413
-15401 -5450784073
69118 -3669036205
43400 -9723750039
-93037 -2015604543
-66528 -7332593937
-58460 -2413438627
-91972 -5829089875
-3458 -7017139591
13778 -4860366687
-16496 -7868420707
19166 -9515739067
57014 -439772293
-10051 -5464889505
-18856 -9775523681
73892 -2208408433
-69675 -1845345149
-25465 -8020421377
-5555 -1512568669
81786 -2498166133
21505 -2553550881
-40926 -6861172891
4243 -3404364019
-92672 -8204326117
-89981 -7766499925
72748 -7366269513
-91229 -7126543097
-11015 -3451618593
-45223 2455515
25627 -4095509283
-86454 -1365717421
-84005 -1193636405
35581 -9185567051
29708 -4361532907
-66808 -2792114041
47866 -9644354909
-41587 125697245
87101 -8825677897
26715 -5323133523
75803 -4428242283
-95384 -7753229823
18128 -1652173931
5076 -3125969033
-13586 -7088338189
-8741 -3750888401
-89541 -5705885033
8745 -9721176927
-41321 -9518579215
-52983 -8610815799
-27866 -1325377529
30828 -8311020433
86440 -5019791725
-17803 -3995140803
-61896 -3605238197
-98672 -7338363043
-53357 -1014406093
81813 -6202488911
-16595 -2040181389
-40069 -2604143323
14008 -7372986691
75204 -9212742463
85051 -6918744341
-69012 -6245677847
-19439 -9170101047
31906 -6703076489
-83390 -9198061179
40178 -5026897519
84510 -7069487139
-7487 -730228047
-18393 -5518725015
-77538 -5816004369
-22016 -6352631011
73708 -5118056913
-44228 -2453446995
14953 -6005062375
1477 -2019975559
93061 -6534406249
-31100 -7656908347
-8522 -1598350995
-28442 -4737146641
-6734 -2909990799
75010 -3411010949
-89781 -6196165983
66979 -5869060527
-38092 -3208134261
10377 -2352839515
-99169 -5848382173
-32683 -1142661279
23380 -5533824665
78732 -7124023491
-31714 -5092620599
-34440 -9407416621
-12535 -9487816045
19896 -5390288351
-9567 -1152992125
-24371 -245461703
-27633 -6321084121
-32336 -2211056041
-28577 -2930161193
-81829 -5581932811
-22845 -2425323887
65612 -515839675
43161 -5149205659
-69559 387245135
53383 -1944581929
-32984 -74109537
-36358 -3184136471
-26279 -6654131701
24466 -8221497145
55333 -6210718633
63577 -9725772149
61269 -971415571
-81885 -1051185541
46748 -9935291565
20673 -1483531757
58975 -4728192775
-78321 -2299398839
77535 -1626938417
90028 -7426235453
53764 -77373523
89563 -4452965057
82892 -9402694263
-46455 -1714218993
-89937 -2185004887
-49264 -5570207223
-24516 -9176242167
-42516 -2006021139
-58030 -360242677
-10625 -5647460781
28342 -2979049157
-99884 -4169157597
-59459 -4181499863
25337 -681382435
6232 -1138760045
-80683 -8479005009
20838 -4633379927
77572 -2699522165
40199 -4919502297
46157 -5404755287
-62271 -5732182179
-6938 -7340042963
-91989 -1003846635
30347 -1662221287
7759 -5374628913
27517 -8006238187
7238 -1244689053
88068 -5664732015
-14935 -976335741
10263 -4950999997
20456 -610452711
87782 -893082351
-92281 -3597910519
-80235 -5142281647
90416 -7831942461
66807 -9573725889
99008 -9363244719
8694 -6335270071
36549 -5136296395
14065 -4065702865
-94710 -4773061655
21024 -7801264469
-27294 -186860423
-72394 -7816951177
-3372 -2572591651
50301 -5421422363
62202 -2965883203
-13508 -8287708463
39341 -9594859685
3130 -5385256015
-87437 -9711701931
-7401 -1082606839
36159 -1129247481
-25043 -4044832513
-67705 -9387404491
-19296 -9762714019
-43659 -2675343209
-48536 60831811
-2249 -4757415667
-7601 -3644663897
21972 -5955062699
-49635 -7572370029
50278 -7332669861
6532 -9646744755
-47823 -5362894521
82815 -5870032355
-41634 -5285909875
58515 -6171393737
13840 -1856333793
-56714 -4903457101
13215 -7967370229
36230 -7864054409
13004 -5193723047
97554 -3312407155
34936 -8991600331
37706 -3206416711
84435 -1574493203
-37542 -5987945189
-63500 -4712889833
86110 -8542866115
-67645 -8381136223
-5417 -2983151235
58331 -7976869495
74806 -3314400929
89142 -306912433
67364 -9257575105
58598 -3076356225
46093 -4684152001
-47783 -8181669487
-75621 -2618817397
-45618 -6672846465
-40225 -2023310895
17620 -5469841017
-81723 -2013158003
85118 -2070562445
-99387 -5669392369
76769 -5345699331
55568 -2786530609
23548 -1852861889
-71222 -2208250373
15768 -3059116917
21904 -2676440519
-27733 -2549864249
-42147 -4768255755
-90706 831597219
31879 -1531432829
20219 -1804559319
53481 -744968493
16285 -723054743
25879 -2088705875
8442 -2276233929
-31381 -3969071741
52779 -8909582079
65650 -8853951161
30630 -5166366597
-17621 -8461891433
-51101 -4238490357
-11633 -3788742521
-56489 -425955419
43351 -8087620413
-1665 -7868350789
32363 -6773152935
29319 -2888646855
-86731 -2513252943
-94862 -6473053089
-28237 -3569473663
60272 -8381026581
-82915 -2944298671
10977 -2735103929
10105 -8928679911
-69785 -4730041003
-77448 -5563097009
63668 -520932283
-10958 -2383246353
-28548 -3599961803
-76384 -5935716141
-55700 -2975495121
-93738 -7581526989
-75595 -9523188805
87423 -8879902809
79813 -8458867619
-19419 -3897204391
46027 -4982562635
28 -4094421153
-85132 -6585251711
-95976 -6344760607
-80506 -7884329103
-73102 -3822562743
55909 -9402378845
-89461 -1024097453
-38070 -5385952823
-21616 -3700400713
6663 -3608746295
-27468 -8283054199
-60801 -9189602625
-72886 -7393040099
99210 -8520682573
44567 -9695649279
-11887 -1790157141
69981 -6120336247
-23250 -769589197
-63062 -605811099
-93251 -5216131129
26011 -6737036937
-26908 -9384193355
-90857 -9230345151
92083 -2589237233
99494 -5220036995
-87801 -1752054995
-20248 -5801943537
-80867 -9343967621
-76457 348245917
-85809 -1807641493
67971 -382286333
-66529 -1337223601
59963 -2490509109
-93202 -2225679633
-59963 -8840074087
-45451 29155907
-39259 -5940228263
87778 -9414067629
82565 -5838797095
-98807 -6208889591
-61707 -5218521081
61623 -3094626403
-35846 -144122055
58341 -3054116893
30714 -7078714133
-91892 -90900509
65358 -1822240773
1250 -8703598927
-33032 -2324260605
27255 -4065136427
20047 -3020500443
23682 -1315055709
97682 -778281669
-86612 -5333224049
-72975 -879843763
-86377 -6468002995
-83299 -7024509517
-96406 -5558184351
-87185 -5054214289
36995 -7494076209
68441 -540291617
-8940 -7293481369
-5826 -90856915
-7149 -1229842013
-8856 -3890337461
41204 -5090891647
90896 -9449326655
24309 -1802668299
95128 -8888975265
25290 -1465191029
-27819 -7970730867
-11532 -4877371619
9384 -3142730743
62342 -882518833
93776 -5947231387
53505 -4749563715
86991 -3939779405
-30853 -6286477765
-73099 -5124618919
16306 -9031162435
67523 -7433259101
-68070 -1730642451
-33353 -5627893555
1965 -9535119129
-5638 -891423199
8967 -8369728529
25830 -2519707383
-1239 -1962133435
-77931 -9203609057
9168 -3151111895
-5100 -2143156577
-56746 -8538514659
82750 -3262878853
55744 -6612176081
31044 -3348778851
68143 -9633982523
-62427 -3987004487
33721 -2849152383
-85362 -1712186297
-26348 -8928529815
-89491 -5862917341
15295 -4441510361
85562 -4718532167
-92535 -6729240995
-5470 -6027669901
-43747 -1558972667
17163 -2223026011
19054 -2278398979
-28546 -7010401357
67307 -517315373
-94917 -925301317
77869 -11794185
27556 -5027190935
-90965 -5876079659
39094 -4052581265
40167 -8670306707
-58830 -6064231429
96488 -2845184099
-13445 -3209055803
-49587 -8502528969
7261 -6270925077
11444 -8241708611
81562 -8210377351
-81156 397513477
42334 -3173323819
65655 -380018377
40099 -830020459
36422 -1290929985
-55779 -9869634155
-86182 920468573
-2927 -2848946389
87923 -3480712875
35106 -9671924395
-45373 -6922283539
78211 -1453334979
55903 -7689333291
-49015 -6275755273
90532 -1096038133
-82638 -76846183
21621 -9612325279
1499 -9869508967
-91919 -7117269865
43658 -2327033547
23848 -6345062955
-47195 -5574617575
8474 -813040227
-59704 -9307054651
-23657 -4875309571
-39849 -3334733715
-90478 -2216382949
62464 -4094486571
33206 -1631608939
30789 -821619739
-4172 -7927247125
-45635 -4543408989
72796 -5191845021
-36603 -4544013793
71161 -9265113599
-79229 -2625827929
-24730 -6572894535
1328 -3105117211
-69961 -1749362311
-9666 -271420889
-68002 -2793295899
8718 -958621421
44933 -4218387135
-83014 -6283521441
-53261 -6966839607
52623 -632288269
-54336 -5588973237
42268 -2009948773
77276 -3796622401
-24318 -7628010279
39595 -9359772109
82135 -132626149
-98410 -4742405359
92148 -8457829273
6186 -1884065053
-63583 -5812251923
37638 -4951058769
-39083 -3069330807
-60842 -2803764419
65633 -4104587505
-36949 -2233723333
61383 -2458882837
-59928 -8296505891
-81100 -1210528183
28479 -1832423411
28074 -2078430593
-58066 160461635
65991 -6612264115
-68631 -5140234817
-1078 -8479141887
-28766 -2062432263
-79278 -5082119167
-98480 -4932334435
-51727 -1616145243
-40199 -8165897053
-85409 -8738843123
-92614 -5693487889
25653 -5732181115
21580 -8181444011
59113 -2266650007
-40320 -6406946905
76197 -2724311395
35497 -3064426155
-84097 -1842439409
-9993 -8008424761
-41613 -7537086079
-43527 102561977
38433 -7165019651
84271 -7386035801
-4675 -7089885141
-66420 -571516409
54819 -6390698663
-15890 -9666830615
48009 -3072590121
-53560 -9414053855
-27544 -3660329169
87033 -9024185929
5068 -2481464319
-37279 -7063422547
42651 -1375012685
20509 -8339106077
93193 -133871275
4214 -4414223497
95834 -5340250915
31777 -7477755109
-88814 976217055
57474 -5085372659
59476 -8178137765
-33749 -4919358565
-4904 -6610550935
40451 -4148995527
-81009 -8883204081
45820 -3357753033
-38729 -3646273995
-10314 -5882140475
1748 -9470107189
26259 -6011953539
19308 -9752028569
14412 -5451629269
35859 -924523771
94847 -8471885661
16534 -4504519333
57177 -3044693603
30 -7068933143
-23811 -9841043071
-92198 -6402472239
95851 -7997375641
-48955 -1826328321
87280 -5736043967
79577 -1318932103
-12163 -2470111183
-65071 -6618094089
-7065 -3138230767
-60587 -2404707383
-31332 -3135198507
-13850 -3236229327
88025 -7127261895
46618 -5512699217
-64180 -9645098577
18449 -1163567569
40904 -1252708919
-95680 -5294134673
12688 -8485427463
-937 -5433354441
46394 -3401294479
40547 -9609779149
-28864 -5761201433
14270 -5099182879
12192 -390819985
-28143 -8723391575
84432 -3239806771
-14399 -1676477783
86670 -218264359
-97043 -6882895795
-20039 -1607004397
-50054 -692285405
64681 -9940261463
-53561 -3386266783
55785 -8218756913
29125 -629297847
66299 -5488061641
24638 -8970005177
-31176 -5232563101
53635 -6023209239
67145 -8616409695
-70953 -7370038461
77387 -8352681435
21815 -1715488671
-65438 -2607545019
83463 -2767430927
84080 -3327554065
-83948 -753958231
-53442 -248836127
-9632 -5036273707
20629 -8111117389
-45655 -2312211339
82546 -9808610923
8059 -8878374823
65995 -5173127935
20668 -4699812071
-79148 -9691547779
991 -4962671405
-38476 -8447998237
95659 -1316253901
70951 -641515143
24854 -3371402995
-87655 -7533321699
-1418 -8820586359
26493 -1142169605
34111 -8689307785
47913 -4633618971
-81408 -8181871657
3190 -6256552201
-95978 -4327688883
19411 -1599911413
52824 -1146623689
17768 -2992730567
-10549 -7949392235
53633 -7468051073
-69623 -7800286645
-98853 -7945308955
67819 -4185104893
36471 -1368952141
74861 -5473836657
-88132 -9582664521
-76665 -1767859671
-99856 1181106189
21006 -7321056011
-68595 -4549378643
81237 -166345117
66361 -2275991927
-24216 -3708171059
32731 -3238640429
67501 -3813563137
44092 -2455852105
-4747 -1586520323
-78382 -6703070929
23838 -6157839629
75585 -9145349789
75748 -4828426811
-71806 -309864053
49657 -9363457247
-80116 -7882954495
-45206 -7534484519
-57928 -355917213
66876 -6558758375
-17849 -8395620509
-50952 -3366338941
70984 -8902808123
75563 -4670600893
-71417 -981666775
-93870 -9781296507
62142 -6061532057
51668 -3339236013
68023 -1503973711
-64498 -2452218657
-32497 -3773861919
45705 -2128495775
-33479 -5669808773
-8225 -2264797031
-73533 -5403834533
46994 -1923746345
-32931 -5388083323
-22270 -5036515697
-56145 -4578269097
-55196 -6802885891
-99151 -6599757763
41236 -6105479853
73943 -4184768047
-43042 -1926034221
54706 -7955858781
-72577 -4862785685
-43944 -6735314921
86215 -2856237305
27683 -2173304915
68490 -8466665843
76639 -7253431371
84001 -2161100261
58219 -5590339199
63763 -7437431747
79485 -648530119
-14282 -5677336079
27288 -1819031923
26189 -1416701447
-76941 -785108799
42829 -957098105
-99714 -8583611171
25435 -7048679421
18723 -650507743
61102 -1735305885
21072 -1938001163
18093 -5970285071
-94219 978807347
52321 -6618074191
80633 -2167682983
86245 -7758033635
59538 -3076439489
9867 -6493072933
-61023 -7185663563
47784 -2943594877
19488 -8512488433
-69542 -4358063315
-48134 -3336206705
-85147 -1614712941
66517 -8678562625
14764 -2463920379
-30495 -7870444657
35727 -2450232843
-32303 -9315971911
10227 -7014687859
-46755 -4374221225
8925 -2897888979
-80231 -233276905
7588 -8989744717
-61292 -6375401583
46907 -982114101
-37121 -8773101979
-91974 -3418211795
-81212 -5932565549
-30052 -1794680537
96999 -9560840449
63496 -9443554831
-1979 -6432047147
99116 -9850719933
24718 -6841279615
-86556 -3530713871
94148 -9312295315
-43972 5958827
-22258 -2118169563
46310 -1031006735
43124 -9998700373
74787 -1074156611
-66925 -8951140895
44145 -5452543939
10326 -8050340219
47804 -3578088287
99436 -5525990611
-11296 -2241867877
28588 -823521855
-57649 -6818743657
90347 -9311247235
-25298 -1632071383
-55819 -2287751737
-34871 9123171
97902 -1033666287
-9908 -5425309707
43656 -881832443
70799 -3391444789
67941 -6851665849
-40094 -8254663781
-78849 -9553897455
83981 -3136668203
40181 -8895065049
71576 -4714783433
-42414 -2956378613
-65310 -6155901475
84561 -8999993415
-83679 -8581640657
-4622 -4976767617
-54965 -5362110863
-17502 -6515077073
34128 -1673672381
48055 -2943403189
74600 -9702797099
34280 -3232368981
-63763 -758655275
84495 -1485794703
29828 -2671469313
-73595 -8883754355
62458 -2692491867
69345 -8237295925
-69351 -4314697409
-47128 -7535472687
-79446 -936493521
-50108 -6579687281
-28231 -7221235575
-32465 -1970237415
-57112 -1151530723
-94610 251738495
-8820 -6636230227
-28907 -6826807707
60300 -222110485
-82778 -1154823441
4262 -797852179
-2759 -3334676321
41533 -9001870333
-4648 -6367939545
56132 -2322141453
-61113 -5617935941
66824 -2839354299
61999 -5750172145
72339 -8448074179
-70799 -8486354033
-52916 -3573914949
-84084 -3741278277
81134 -7760630599
-31453 -3763688465
-13387 -8526276073
71981 -6360636311
-74683 -5087357593
81954 -9509317679
-52849 -4678279947
-63874 -8889631165
-98420 -228512845
-80360 -6387945419
-74282 -9653329699
-75313 -8083373095
-68609 -9904075615
-80857 -9718471389
72854 -5939969019
82168 -9100799189
-38288 -8065515547
86946 -3324072751
31947 -9615779423
96492 -7006766319
64549 -1303184193
-67030 -5316511127
-70315 -7447936709
27941 -4776160285
74616 -7842180133
-96460 -6175733227
56535 -6956743873
23950 -7944550311
66926 -9678022075
78517 -7528444009
-38854 -4957189635
13168 -6879775161
-17918 -6616125599
-39728 -9078603119
4086 -9376549031
-86331 -298727465
74013 -1290793747
34206 -8123648653
-70335 -613823001
-56682 -9746547479
38903 -1081633345
76966 -3834834329
19141 -4689586043
-83059 -387813273
-60221 -3462466463
-16668 -9556447967
-81639 -4472789037
30724 -9950800209
242 -6866982151
80332 -8473596367
56536 -2129369805
31954 -1956159889
50120 -2660425495
-70395 -787299719
69302 -2413116973
-81391 -7374285139
-51589 -2916669867
-51220 -6619380259
-77672 -581712895
-81131 -4512297027
20335 -180896975
-33987 -5271535903
-19076 -4952519007
37673 -6597102745
-51336 -8783168353
-48609 -8633512167
-27064 -1484852027
-72250 -7798644279
27450 -3548786703
-58449 -5480929691
86824 -1167999179
4600 -4540345419
-95846 -8247702243
13900 -7747388315
96176 -4264901719
8133 -395565603
83008 -5368023235
-99111 -3497827117
-91348 -4130278339
63022 -9886210823
89420 -3118713023
45174 -8363106567
25464 -5707330969
24427 -84148843
82305 -6418186215
-6370 -2747020249
37084 -763382375
-20727 -974197469
28181 -9111831305
-75127 175757051
-80873 -9370401935
-15279 -396717949
-51398 -1044571437
19257 -6752672259
51003 -7603010203
51942 -158508799
-69430 -8619650523
-6072 -2148602419
2307 -466205675
65149 -5815996607
-85316 -3031582943
-46481 -8332898299
-67963 -9118688007
-37323 -2185760211
4336 -4534337299
3398 -7169703347
-39554 -5035391341
59460 -4617364651
-37785 -3795232423
-9918 -190796653
-27995 -7641153927
-46288 -5648293329
15458 -4225097773
-18182 -7023222891
44189 -5467103441
69471 -4525540497
-5088 -8473100673
-30601 -5964392395
-7577 -9008698671
4374 -6959827919
-40455 -7191156779
-35212 -4916451727
61784 -5235291455
10312 -5774518773
-87542 -5879211555
-13221 -5928081661
-74840 -1696333265
6343 -7985485503
59343 -1866070859
90068 -3504486087
-56475 -432427999
12027 -8560277879
9404 -3294284071
9536 -1342213575
98934 -302810955
-34282 -6343231041
-94590 -9122485371
-87563 -2704551643
208 -9037256393
-28280 -3701214307
4669 -3055082491
3686 -7021105485
-69324 -2774354507
-90951 -4308405599
-43637 -6714383297
60324 -4270118519
25174 -2506145941
28467 -8217831229
-52001 -6101550745
7935 -326962495
-42418 -5221417923
-11980 -1670117359
-94044 -5963440031
98187 -6133029113
-32692 -950625105
97369 -6566054313
-91022 -9379133469
78965 -8195814501
-59323 -6998277759
-91549 -2303504603
-77073 -6445206599
13831 -3304250901
-75331 30125389
17548 -6240403237
89536 -9543554335
22473 -4479051607
86360 -8078952775
33944 -5799800807
-88408 -5641185743
-10786 -1262261261
-3547 -7051234513
29228 -7296383447
-85099 -5231956241
75098 -6482055627
-25395 -7404975107
-48078 -5944490189
68639 -5524022725
59831 -8706534565
-88000 -972225345
31263 -501869473
-77401 -8925759359
-74302 -9216314209
-92778 -9108983057
-92838 -9660635133
47422 -1580564667
85628 -1436807639
81086 -7822241077
-16580 -7483282633
97718 -6944644605
-40175 -1932570073
64080 -6636842141
-57211 44222699
-5755 -2834383693
27840 -6626482541
-63686 -1529058273
68139 -1109285711
-60383 -8492737031
-4686 -2978034497
24792 -9816787707
-133 -4955430125
-63657 -1377557873
41983 -3508988883
86530 -9678466231
-11744 -4852828479
-24111 -1031796559
5744 -9837930451
-34515 -2611413523
-59768 -1566923555
57264 -2278678299
-10292 -5168553701
84911 -5021485317
-86578 -6998549585
-64401 -1425334613
24320 -6898875555
-21506 -8817401525
43451 -5475087061
-74065 -4727110189
80199 -5018883603
72649 -9486274387
-91462 -5937567923
-74311 503925521
-4163 -5987016293
38229 -6368603341
18780 -6348997023
-23919 -6915577031
-5879 -5355023637
96222 -1140232193
-17952 -4702473171
-47594 -399778057
-9753 -3704507793
63522 -1712133371
62003 -2622910039
-77 -9599081981
-79975 -6391984699
-7294 -6352290223
-70114 -926265435
59913 -7439149375
19718 -5687227779
-32366 -7757959197
4446 -2562436621
-57569 -4341867337
671 -3829545225
-77206 -1310660469
75725 -3227173789
-12676 -7982489217
-19059 -6135600923
71064 -496690333
75729 -4914211903
70673 -4879523925
63787 -6823321897
6216 -5921359545
3028 -7190667549
-35792 -3927087781
-73701 -5688284247
-32749 -2785897469
-53797 -1041127737
83761 -3214134919
77262 -5152194457
40813 -3905375835
56070 -3294362205
-40123 -3161424165
-30529 -6494763379
30603 -3684755555
89736 -1342038821
54788 -705278575
82086 -3247753415
66013 -6615633787
70751 -2611963119
-86113 -8132794989
-59344 -9198525319
19734 -169220229
-45524 -2856008715
70993 -2185246051
38080 -6560222517
-65336 -2502806583
27504 -3938884879
65638 -7911638785
20188 -5883379413
-56707 -835320795
61142 -5476481289
-19008 -2346292069
96464 -4409952123
26655 -4063166545
36020 -8592506979
-39577 -4619465251
85643 -9428514339
-45614 -7392135901
51694 -3224642755
-80007 -9530262503
-46828 -2580371805
19856 -3306520623
57485 -8642792275
-43988 -3369806027
84927 -7480836761
-77205 -1805814633
99757 -6860637855
-81078 -5851850273
-56453 -6832148843
64832 -139283359
-33836 -9076055669
-27399 -7974109693
-5374 -8362770531
-98212 -8706798425
-39783 -112280159
36632 -7588009993
-12264 -2480330023
-81275 -3743391647
-59327 -3818878049
-30228 -6936142619
-28804 -149193201
-61019 -2622277671
-48987 -5403506139
75316 -4110567373
-36124 -8786727895
-25562 -6520652779
52113 -465292831
-37322 -5561916965
22408 -2604965709
43285 -5796401659
26905 -7336660455
76119 -3375123643
-32365 -5632400433
73228 -7039790739
-69976 -6288732901
29950 -3022506777
-94073 -372543007
-95358 773455953
-98938 524858883
47783 -3370247737
-10330 -3300593945
-2258 -9758672425
45007 -2740478469
-26673 -3421946719
9098 -668098841
93367 -7870768477
-19787 -642376517
45382 -6747616061
79075 -1268516535
-67281 -4075433951
92091 -536089447
-68897 -8586945075
-89843 335251207
-82392 -171362237
-38102 -8757783241
82601 -3643097791
57706 -9864668919
81598 -9410779031
-69682 -8194205247
-19630 -4582584867
25624 -5911171691
64312 -6252708977
-73439 133374135
78722 -2232482615
25907 -7728456455
-88963 -5666243693
-14494 -3002329605
58772 -6086423815
18275 -3939340893
3623 -8904398105
96238 -9364679963
-42458 -580783307
85772 -8396591347
-81513 -6952248425
-24511 -8024042177
-39956 -2862975631
98427 -4533896609
57935 -7100266847
-15819 -1627809407
55942 -2373146749
-28984 -6633057429
74355 -5879714867
-36560 -4482679273
-19020 -498652073
-65433 -2716129075
-36221 -4558000109
-14921 -409933805
-80964 -378510235
-85233 -2750676631
-89295 -9837314749
-29901 -3096922135
86026 -8458161057
94722 -2386361065
-85810 -6167475265
-29780 -7411299889
-46772 -3225179703
18018 -9690775363
18160 -8703424211
71131 -8438681773
2404 -3884826117
-87594 -6564411615
-13764 -2295494003
-82942 -2614985823
-3545 -7596889245
-86222 -7762077701
61765 -7342824951
-86983 -114556357
-4952 -4519163663
-37379 -5606540111
-47073 -8089481209
-82055 -3781184543
27506 -1089320915
97159 -6083688061
-96868 -6111147021
92712 -32347537
29877 -8157264463
60733 -7714600543
-2351 -3968332953
-81062 -8250011503
93088 -9204617541
27837 -8870732313
8940 -5307957019
68006 -5092280971
-51768 -4582121651
10353 -2114283451
-69890 -3945433115
5874 -5967997927
-22401 -4641236173
-23008 -2822194143
-67025 -7490025345
-94725 -8339115847
3606 -5710961159
94950 -4886652003
5881 -5971260413
31513 -1022077307
35950 -5717810273
-73705 -9644555641
-55234 -134572063
-3749 -3691017219
4099 -9400484259
20856 -4372345295
-10723 -579223749
61782 -9466794749
-75204 -285488523
41149 -7233804545
34959 -5442630959
87215 -223067509
80540 -6504360813
-8531 -3550723943
-78435 -773617133
75190 -7332035199
-16786 -1259074911
86305 -7993871441
39021 -3984198085
58243 -9983619755
18583 -3868523857
82872 -6229358377
-82502 -9714120263
-45698 -9466682565
93693 -642837067
91176 -7582814905
14533 -3220457091
-73050 -5184221933
-67907 389431645
-85532 -1400197417
59794 -3994598899
-37788 -6595081267
30809 -7937427153
85575 -4368794875
51696 -6145103971
24671 -2051205687
59247 -9406042161
-72944 -5591211317
21186 -3302253299
-62458 -6481582239
-66382 -4764264759
95776 -7286330327
11662 -6449077569
-89730 -2807073967
77642 -6799958319
33308 -7314477325
-94798 -5839208411
-31142 -7145156123
9758 -5039921355
-36768 -3239474819
-71283 -4100228533
-26139 -7220256441
1214 -3619079541
-85549 -7136616455
40582 -7712545197
35777 -5796025777
-76603 -2689142005
-41727 -6627588931
29470 -9229076579
-40998 -7703061023
35528 -8477818923
-21376 -1856863349
-62318 -4975224419
-60592 -7687358161
14227 -4274461639
23515 -5667386229
-95699 -1347674257
-44222 -4295145983
14751 -2067956649
-77974 -5129504959
71116 -9622624623
-95281 -3005058729
59743 -6876702933
-86689 -9922420425
51334 -1421134173
4289 -18664643
-73312 -4800705159
-27237 -6268447247
11230 -8674733657
7134 -5556884197
88292 -8699825637
35259 -7492967219
-69861 -8989984043
-23890 -9346381843
98328 -6541624533
-288 -8739763013
-37646 -5325923075
-31552 -8751131775
-38313 -6805455651
32704 -3896555133
-36802 -6547660727
81277 -9979107137
-44439 -9741605499
92515 -251284603
-71646 -6317365869
-98280 -5181076745
94894 -3074048183
7375 -6200297265
31638 -1210618053
-69867 -5931385577
-91439 -6705865215
-22207 -1797042413
38432 -5846037205
56871 -9850888081
96409 -7742655949
-16793 -1002067711
-85407 -4446664065
-52203 -9635603889
30880 -701287051
-80816 -9685550699
-28481 -9660010543
50476 -378308683
80739 -3690810989
13882 -4265679817
86917 -7901004257
-93582 -4311685871
-15515 -5781389561
60280 -799602535
74450 -4288691563
-95461 -9183848451
-29036 -37260085
-20360 -5753045641
71826 -4124614847
75186 -7233972457
-5073 -2595698863
-78342 -9934756979
-58007 -2084292421
-31152 -9697725463
16657 -4628800649
-87821 -3854236243
-9344 -6736587699
-6140 -2998533575
10731 -5241289005
84979 -4343817485
65197 -5677497311
-61268 -4472084415
-15512 -4634418317
12499 -7087228829
99241 -6132939791
90549 -269055519
75199 -485493371
-755 -6135718945
-10181 -5260604041
-27321 -6473991127
-23157 -9410588567
75759 -7980770629
-387 -6450823747
5356 -8137254641
9320 -2126274265
16199 -6815474307
-22909 -8135222263
-42269 -2926733453
-20802 -8745558359
1707 -6441199579
63512 -6649312085
-67429 -4235221353
-59651 -1398944681
65191 -4018125419
3146 -7070494293
50947 -3358478715
36202 -7122065635
-41767 -3328437705
-66878 -7443598007
-36098 -5796656461
38100 -6078094835
43246 -2091998269
35791 -1626089413
56509 -6681526859
65226 -2722660469
-51061 -3243920389
-48539 270834671
75162 -1048060709
-68872 -7560563569
-5834 -4203728311
-8144 -29918797
-41611 -8463170553
-27089 -4041513811
-50624 -1020069493
55633 -2699178547
-1296 -9543780775
28164 -5312612947
-23400 -7659631145
11714 -5940664247
29728 -2125938375
18345 -5929368799
89706 -3598341867
52971 -7878752203
77272 -6997573245
41743 -5473893005
44464 -9144022629
-91247 -6945641495
2737 -3795949693
-6383 -2522201873
20186 -4947083233
57114 -6809077383
-91977 -7102900287
5221 -1527530167
19826 -1348580367
-84654 -8877475405
-76091 -2998368117
-45544 -6502675573
56121 -4349771603
-66530 -3117924913
-49348 41548387
35352 -5137390385
-89670 -5225670537
-87631 -5752883201
59949 -3516938203
54624 -8767423089
79868 -5012899787
44314 -4314616141
44450 -7063602837
-17270 -6814195509
-58876 -3543797943
-19992 -9525466779
-55758 -5107771033
-72029 -8198564635
-42068 -8888219387
-85377 -9709278137
34630 -4691660537
-97905 -3262502267
54471 -4109334919
73974 -1847569063
-67172 -5318108621
-71223 -228212995
9969 -5986160425
-25719 -598719927
-53599 -9479987589
-64706 -809855379
28376 -6676092817
-50252 -7853265137
-34984 -1592715569
-50322 -3206884625
-43210 -6359958037
1480 -7938809205
8955 -5244232553
65862 -1635476909
-17793 -9680610941
-26274 -9673246411
57835 -73107503
-29610 -211708373
-49202 -8532615607
-98303 -3412452279
-45351 -7521331493
-95491 -3132667453
17294 -2338697441
42630 -2046370343
-18922 -3063268649
46291 -1858237215
49512 -1672840137
-11661 -3844834601
7918 -2709349287
-39687 -1324484377
-8339 -1699324651
21412 -1145926239
-7469 -3597224437
-51262 -3660051315
40710 -9528465673
-50950 -289508923
-80927 -7159915515
-91568 222137935
-90269 -1979758341
26018 -9172454923
52410 -106047305
38128 -3918569473
-55611 -9920815669
10131 -3287159693
32165 -4004546579
34162 -5772805007
-17372 -2423587023
-86363 -3465140895
25745 -2211676787
95588 -6215388839
77475 -6170999365
-70565 -7743993507
-37532 -7146393165
24051 -5577047859
27578 -4210681559
35498 -7231906301
-3895 -8895157281
53513 -4458461053
-2840 -8006765493
-97767 -2587009639
-79381 -3577155483
97860 -4440594203
17704 -7274016123
68287 -367743107
81445 -2303072479
-82224 -3938323851
-44687 -9286116203
-46644 -1605580375
41924 -2939392219
-58970 -359241529
-95896 -1927650123
-45859 -8121588027
92477 -7553673779
7518 -6761094211
55621 -6634225335
25561 -9105221891
65275 -6016648645
4349 -1761352201
-4591 -8138433353
47078 -3567649453
17966 -8818604893
48061 -1418896391
-73077 -6279727827
25691 -5823648417
-13024 -3178224221
16443 -9281614031
-73981 -4262609749
-75556 -7969103539
-22832 -5364306885
-82015 -4349933583
-6674 -2034455153
39521 -9923256483
99745 -9435526903
37612 -696064191
-80478 -9984679119
29018 -2933758783
-25973 -248148313
-61258 -6908811957
-67985 -7946062929
-7299 -4473162557
2121 -1136438803
-16775 -6456777727
57420 -6722305543
-92058 860745341
-83632 82291673
76230 -8474097169
80282 -346815379
47735 -9573881143
-90398 -8125665661
93040 -1977224715
21167 -3044243139
-88051 -4343282761
-70002 -3805230795
-18585 -556572775
-80370 -2342381899
-70880 -3064972647
-79159 -1425824831
91398 -5239239535
-28611 -3679458593
13758 -8969699329
-61360 -241748591
-58924 -7534701665
51366 -4774862977
73105 -5742098389
-37746 -2526698087
-32224 -9965821263
-8888 -5055714485
-85083 -6704738689
33284 -8951357911
-9054 -9109275139
-38897 -237941819
-57021 -2552344345
-70535 -8154895323
-55558 -9004576307
-82114 439122075
23225 -4269001855
52478 -7600442453
38346 -2665692609
-91229 -9650249943
-64497 -6665807335
77110 -9744268889
-87832 -8163262473
-71750 -8844563739
72565 -334121283
50079 -2971734543
68410 -7591086565
77273 -6662711667
7568 -2599323889
-15263 -6367629085
25801 -7223139735
48832 -8102119941
-25799 -2225220575
50347 -2776268019
36913 -8375106899
44613 -6131604029
-16032 -5795567835
-37060 -6629847485
-12488 -7607501239
-93822 -4024415707
-86503 -1627584139
73000 -522786029
21220 -7495059939
-38950 -3422031267
62440 -3674083807
-49601 -3674703789
61822 -7987717269
-26955 -8236806917
23117 -7514025255
93787 -1996535903
-94997 -1810781751
-47247 -6311033345
-89829 -2822986377
84396 -9399012259
56768 -2351996747
35122 -196176143
-25782 -7421111533
86562 -8242710059
-88861 -4248270163
-91316 -863829359
41710 -19978589
17885 -4679157447
-21250 -4563980103
42900 -1391405717
-96938 -2091659161
34160 -4461669983
-97700 -1701604141
-81424 -7933309311
-63731 -3333367019
-33645 -6664259617
98123 -5420130265
6650 -470017915
-35231 -8842992765
23777 -2332013413
48532 -9087876275
-48646 -7420963197
-82562 396183725
44039 -8400805529
2068 -1111764117
65310 -6067346677
-21733 -9037751055
-20635 -6563108579
-24122 23844393
88888 -8920162751
58634 -1896963607
-23645 -5548051811
37896 -6108205999
-87762 -1302321631
22271 -6170967039
85808 -4545161291
1765 -6773106285
38308 -6609740193
-35050 -6514494247
72184 -8252183121
-80252 -9968215793
-97733 -338146327
-51636 -7410432787
65541 -707836339
77350 -3231710495
12705 -6033777157
71190 -6378355303
19792 -1183598729
-44307 -1896410011
20878 -876252627
-75801 -4494914645
-64184 409603129
-86772 -5888588507
-32044 -212119595
86739 -3505568363
-59107 -6703078067
-40804 -1238305939
-97206 -2513276093
-20795 -5165206923
-74024 -835621665
45051 -6818961841
-82857 -104773489
-95997 -8442502925
61137 -833841827
85266 -6423330683
93397 -926815829
72293 -2044055905
-14339 -5309525761
-64304 321909891
-32969 -4450239645
-72247 -8697392233
19543 -5916476147
-24956 -1301130505
-25879 -1966304189
53126 -6212749137
-9478 -8445981385
-44031 -3690485331
-90455 -7742696629
-34814 -1516959801
-10547 -3537478233
-88229 -6133200681
60015 -7140959077
12451 -7028204997
-15664 -4432770283
-19386 -45236499
33215 -8842692717
-70679 -4023409857
50614 -6362282763
88105 -379098061
-77792 -8349042167
-20931 -6473522903
-80324 -3874987263
-93632 -8211684575
-71850 -6677851395
82122 -7069928423
-22478 -1085604399
35866 -3478924965
46231 -5680310613
66659 -8060587629
-96374 -4156781815
24628 -9351343991
-77129 -6967110355
45811 -5560114375
14783 -4462957511
72217 -157237899
-97403 -6398112747
-39676 -2651256853
-87083 -1365693247
55874 -4384645429
-10463 -7790698373
-77957 681785233
11101 -6055781937
33368 -7956264305
25532 -5761518969
39045 -3029304535
90854 -6906321871
64571 -4646608255
-66030 -794486867
-1799 -3157015593
-19293 -3251608275
72056 -185358243
13290 -3652727941
66183 -3095668057
-84058 -6168616957
-75581 -838502359
-38039 -445563403
16674 -7967893083
-82858 -6023783279
11553 -235827155
-55466 -105848175
33500 -259497477
22596 -178328665
-5321 -6652819055
25220 -7734785315
54418 -2979446065
-83244 -6799861803
-78327 -8565369103
-76042 -2096598267
63947 -7613772797
-1111 -8329693287
52001 -4290258249
91678 -3110974631
-37144 -524655511
-1079 -5733118999
-80526 -4218033007
-16901 -5110483813
-62899 -2286402537
-1401 -1222900933
-74937 -5361750091
-94023 -4159747919
-97088 -2078183243
-43556 29127887
32834 -2442159435
-48942 -8362767267
47745 -8311119907
36342 -2504451337
-39397 -981860379
82344 -4539154091
-42247 -6515427841
-51512 -2740359229
77265 -102356545
82947 -6048392855
1091 -7186349959
-50549 -3956568317
4028 -7234806133
80667 -1942968137
94579 -1563778919
80442 -3688853337
1952 -4096347703
-96302 -5705595631
-32649 -9304761371
90818 -8757173147
-73307 -4460883199
-53020 -6981755009
-50577 -3224626661
-14722 -9595397413
82842 -5211845985
33352 -7805068707
-90242 -3342811039
71004 -9932205145
84828 -5888980011
22115 -5737050601
-74920 -3098157815
21941 -8058435667
-4402 -5243945525
-80083 -8936027105
55881 -4945752873
36031 -9318606355
-70588 -6077601467
-77605 -15810343
52787 -3495908853
50613 -1564113
26151 -6754114175
-11449 -7534938137
-33517 -5201971639
55127 -2604987889
5823 -6037102833
-15608 -4205744679
22624 -2510141163
-63219 -3567056129
86789 -4791223267
-31146 -994689163
-50872 -3043049577
-48105 -1598164339
1524 -7443069631
42679 -3603274493
-31263 -9231421001
-32292 -2572687285
21659 -959197013
-82337 -3360874249
-24258 -5583360085
10338 -1455884583
62151 -1070330597
88025 -263820571
-7844 -1314887679
15920 -9607594409
-86766 -8303792579
82980 -4023640525
-56229 -7916044301
77762 -4774032727
40368 -3718013807
-62615 -6968351039
-74756 -2120677635
30627 -568585671
38164 -8411928493
38167 -9993806431
60489 -275534479
-35588 -5672326647
37407 -5767346429
-30457 -7633652415
-84819 -2955389497
46392 -4986618301
-70903 -5038576965
85425 -3296166883
76068 -6121908963
-51615 -8511651909
34701 -5885262511
87947 -9074465377
34359 -7314959407
21505 -2735845933
56642 -6441957475
-54615 -3760487167
72167 -6699272357
-90717 -4856097927
2067 -713530023
40295 -6853984323
-71578 -6076180855
67534 -173877029
58752 -6793856831
80376 -9660250963
9463 -1624518663
-78851 -9519903141
4472 -5175254317
70602 -9663985929
-83592 -9538238673
-96266 -1520093905
93916 -2251994591
-65609 -367207337
67496 -1055311257
-37923 -2050563071
-33546 -2503717385
-29282 -8724432859
2664 -2994525627
22397 -192262383
-6294 -9025585037
28365 -6049686497
-49226 -2947686703
-61732 -6250735339
-20317 -7982485827
33041 -5511557781
-1277 -2469647751
-65291 -8029001477
53591 -1108152591
-98559 -9283785959
74008 -5914904143
-73442 -8311129905
-19554 -3342739203
26173 -3748996021
-87274 636172361
-33397 -7250906881
-34795 62430187
-97212 -1945446969
28652 -9654007281
-34700 -2414659187
16921 -6930505567
93896 -7343889843
-19382 -1769336555
-58609 -3623502707
-5140 -7067025671
50186 -1373929071
90609 -1397210759
36065 -9325392467
15404 -1943452699
98193 -4475801331
-24622 -8761354447
4111 -8429541667
-61280 -6637679105
-27796 -1268947939
8508 -3630757819
-18282 -7875119033
1603 -2184021455
-58145 -9392155401
-28111 -2532674321
-64661 -1267013659
-22805 -9084393635
5587 -9276599459
14643 -3190118869
-91758 -8968943977
26063 -5473755163
-63645 -2774299559
59723 -6420906925
74534 -9057094805
-71236 -9115516507
52713 -1922041759
-87505 -4859276439
95144 -745893683
-90713 -4323277305
45728 -2553285275
-14798 -9413341647
-67872 -8529078391
-3447 -7546769117
-30888 -9323664327
36358 -5740673703
-92366 -3992093479
71817 -129759405
-8360 -3448209715
-22311 -2801323979
90406 -2215162121
-38770 -9421966235
-49374 -5888856235
-31763 -7650808149
-17776 -9227208839
65313 -2297649021
-68885 -807062987
-37548 -5697605551
-37648 -8702319239
-35042 -2259247063
-95874 -9327684827
-51562 -7371821559
-7102 -3074655785
83619 -7606959215
-66345 -8140880187
-85159 -2674146699
20536 -556775919
-98607 -6868404451
-60956 -9718443403
-95347 -4089801633
61056 -1063167611
28648 -8694623273
-73638 -7039755249
72086 -2108648905
-10422 -6816430633
-65577 -2969554483
60103 -4925228975
60288 -134263713
-46683 -6603384421
-92895 -7711082901
-19311 -3040909533
70335 -9548665235
-39204 -6355200931
-26318 -2294465065
-27720 -7709905179
36976 -7422627039
34413 -3353276923
-52644 -7645929091
26493 -6188613683
-32755 -128793043
80954 -9680854633
-84000 -6156198957
10486 -3066030673
-99485 -9416631583
-59906 -292831463
73626 -1871401727
-74231 -3236164781
39435 -4952317521
18985 -847147883
29161 -6902411381
-72058 -128884517
-48696 113688707
13403 -5953633953
-81869 -7451794353
-80848 -6793159071
91489 -6355263791
-87650 -136283537
34228 -423575177
97129 -8035863333
88370 -3711128835
-17354 -6778139349
60810 -9728103919
-41345 -4499439675
98515 -7173715983
72746 -9676961923
28242 -7229213069
7914 -7664218291
-70564 -3823614985
51695 -8756198891
-6198 -6402318375
-64739 -4932078487
91495 -4047052637
-24754 -5200791429
-17504 -7685859737
-73938 -7882457135
28473 -7630343621
86024 -5952371169
60452 -1041968539
-55918 -7478206721
7868 -8711738835
27250 -7259540969
-48367 -6570973971
79319 -9041788683
-90686 -4652605071
32562 -3362183127
-80683 -9969250165
-90175 -7698572905
94823 -9338459567
50070 -8139549869
28423 -9710422337
72342 -5351261605
-58550 -6960251757
-77411 -7097742213
52998 -906620299
30768 -9685041513
21999 -93570925
-60297 -3321436759
-34386 -3790482069
-65951 -8886041837
44104 -7328093867
-33783 -1012557905
53993 -9056589307
-69934 -373285855
2598 -8192731371
10871 -9591140147
-53328 -8990869367
-31771 -656701147
32384 -6296978437
-74874 -9583465207
-47944 -3449821653
55943 -3889062595
-39936 -6310123329
-1544 -2733753445
-33600 -8634205713
79312 -8066519877
-83064 -7710008489
64610 -1719437739
-37880 -9974273741
68560 -5735757273
76332 -4908828257
-5944 -3545830053
41551 -8641787835
68733 -9691864879
-44254 -5442265833
-13381 -4589775603
-37391 -1835477183
59440 -2434019037
26446 -3963696839
-61805 -5012625193
28624 -4411343571
-65324 -8640259639
-40497 -1656830929
49148 -2403723601
86757 -6056002893
64835 -7736458479
-62617 -9792936073
-10497 -1925491785
91471 -7752054635
33875 -3403144585
-4445 -7228098427
17171 -683498331
13064 -4529866585
-44166 -6688070455
-18219 -1818247449
13884 -8375774939
-19524 -8600713345
-85040 -303694275
-81211 -1519265667
-38090 -8706793177
86357 -4873200267
97497 -5904148969
58755 -18130737
-84776 -5747208019
-94308 -4494442987
77228 -8270876311
53856 -3220288809
29923 -2645002831
75398 -6335031901
-5967 -9758992183
-53157 -6060144477
59447 -2328431989
-52256 -1602353443
-17680 -1988006115
75727 -2761926021
81702 -9227877167
-7122 -6704172589
-76986 -5858117425
86662 -9461041493
19240 -361120303
92556 -3899932553
75216 -5217909121
5757 -6807186863
-50921 -7163174305
-35926 -9895062693
97762 -7196770331
90388 -5498923459
-18010 -8481863879
-51238 -4383444659
-85071 -5199176581
36296 -8906593291
84010 -7779107197
82369 -9602832745
87864 -9626122763
53553 -9803138519
88790 -5059521789
26880 -4295192635
90024 -5074550327
-43899 -2800711909
-75241 44929023
-22820 -4574079535
-2525 -7119086367
77010 -5171894359
-89697 -5671568081
26085 -8012073755
-34453 -7273521945
81649 -4926737859
-70761 -9602963103
84683 -5325653517
-49615 -4026975599
-42996 -3854985773
-30134 -8379199455
78260 -7855018837
-34 -536177023
-26326 -2588494973
12936 -129052735
1760 -6673792281
-56553 -3965225539
8642 -9019031981
-62872 -5388190265
-72707 492742055
33490 -2917345793
67056 -6336491609
78976 -9807681611
29245 -4465994083
-39956 -9424112041
3331 -7780822273
30657 -8971011437
-43360 -4596051031
-51512 -7596576709
97345 -9231723133
-34229 -8588664553
-37668 -1972368923
-86622 -7430189435
64948 -4919601097
-61722 -9941852719
97392 -8409480221
7345 -1964346369
-23353 -7721862615
-54397 -3576080101
-24550 -6454850289
-51974 -9125566145
-60987 -451423805
63886 -458538881
78813 -8553915449
60453 -9282841643
24665 -8197642007
-66524 -3958865865
-76249 -7685223015
-75199 -3485023887
58198 -7277018929
34703 -4058930869
-97934 -2534229383
92667 -8314532055
64066 -1565052943
6695 -2490355043
-37174 -4992909537
-32237 -4234694233
67259 -760885111
-57749 -5221118395
31993 -503159583
-42807 -9400869065
-17546 -5818762641
73899 -7745409017
70603 -8522246505
10007 -7478473513
-1022 -7901194553
99465 -2048903601
57492 -1224173781
-11222 -896022113
93213 -1334639431
-64721 -5665970153
80884 -9291322797
-95002 -3504167749
-22913 -6465118207
11645 -847021275
-38269 -3277889285
-35363 -3598011131
58610 -4323676755
19615 -2557669559
-95474 -70042571
-78986 -503520579
10616 -3589563277
-9967 -9209584507
4154 -8403311887
-74880 -7332780491
79111 -9310272683
45704 -1660927757
48694 -7181457085
-84771 -1713496965
-73658 -7154917801
-25269 -7613408979
-6037 -332287329
-27387 -7118929339
-96017 -641574711
-28926 -856833193
29792 -9664486017
-18749 -6947357237
52345 -7783914237
-76394 -381785843
95129 -2541371975
-80752 -5660499827
-66194 -2344935459
50450 -3074551881
91921 -2640765015
-6344 -380578665
-89169 -2409104857
130 -5271839649
-80736 -9630944033
-30116 -9495774313
-94410 -1531767205
85809 -1882096663
16024 -740056657
-13509 -5581637923
-19234 -1064338701
69300 -4262504935
778 -8304045541
-30871 -1011732387
-20827 -304276287
32858 -580718573
41624 -7477816185
-27337 -9891150207
-14634 -9089528311
-26598 -8977483047
23607 -7893620991
-90198 -9423405301
46323 -3852166379
40327 -1224164125
-54352 -2369881119
-53458 -7599844239
-11398 -6955798463
5384 -887480251
-24307 -2529521439
54014 -4233961257
23728 -7702992033
53738 -2289712055
-54888 -3110827351
88796 -3192486179
-56444 -6949701157
68265 -2968981009
87799 -7343522779
40429 -4897713145
-9022 -9821776513
42118 -7379352327
72723 -188446059
18651 -9409492841
-40499 -8328509329
-57667 -2295950223
40798 -4891702273
35223 -2651209539
59254 -9981413617
-5686 -2866175411
94055 -1182906813
96363 -3707388637
-75652 -4430704681
86797 -2814098487
-76343 -5716702661
76591 -3614861333
14068 -1314118619
98771 -9831374041
-81136 -966238555
-40703 -341220981
88545 -7777732747
30986 -140679059
84048 -3100650269
6442 -4768701323
16499 -9324476133
60197 -4152691177
-16179 -6437442935
55217 -7700118417
-77222 -3543650063
83099 -6245980651
-11257 -5980439041
-38187 -2204672563
28490 -4416284933
50136 -7533904529
29303 -4755861255
17349 -8704870397
-33726 -2581483405
56457 -7157169477
-39432 -4503616879
69883 -7671183365
27148 -8183239509
-68997 -7199332297
-44034 -1386964075
83485 -75991053
-88012 -6130651929
-1992 -6855578219
-92195 -8729319101
-5389 -4030663305
28607 -5468210509
-13991 -7217081989
-44375 -3988790471
-42892 -929059749
38718 -3902910489
-69614 -8952621849
-7268 -188622353
-15545 -9643966073
22237 -3030850227
12742 -1929988617
-10243 -3239219205
92548 -6160588879
-30854 -5525107053
32533 -3382592921
-25414 -6427218235
-57497 -1831060121
-48147 -4704146193
-69027 -3242452477
-37003 -8336113257
27096 -7598156321
-16102 -8271606861
-52541 -7983982241
62246 -8301897573
8100 -9621861541
38555 -5905446097
4267 -338998091
27267 -3434809127
-56373 -7965535879
25271 -9632112903
-29174 -5963173517
-22982 -5725675247
-10656 -3513133529
67559 -865867671
15504 -1297794239
20211 -6305702359
90471 -4552104365
58289 -7882081917
81719 -1920992671
-49473 -2415018997
53717 -5666194353
27490 -7203388531
-44468 -9764975391
13341 -7340165725
54468 -318828755
-92495 -4881227415
-96837 -9149347997
