83489 428441711
86789 100847367
99214 172434561
72039 132307117
73784 15060339
58434 180864077
94040 140074863
66689 46370419
70682 259334737
53955 130578817
75183 272764915
94588 611251419
78705 470741737
63551 190993331
99939 585083879
87825 121200937
99743 284904207
99953 758085063
96209 709625077
92934 669469153
89792 451369975
84198 447511829
53732 63725467
82159 260966637
82950 20360977
61152 160918711
38361 120550565
84231 379487575
85417 496188333
79625 361297837
89207 39003807
88499 71098469
58271 138998019
70583 402603551
98801 299506865
72204 111306659
85317 558096377
71405 3087689
94851 733884689
47864 33939023
61254 80460689
97820 51454091
99483 152515423
85430 506616073
94673 623163247
98634 249797081
65336 60133683
31904 73096331
85746 440440109
98465 612961783
67727 10721745
56122 193755249
98126 433897417
83529 217653857
75909 407307539
26352 51229747
63035 64913683
58569 121648345
98813 234730003
57230 126623949
77750 201066961
69500 151581747
98083 615537573
81069 456193409
83393 541840205
81581 397489109
87194 287708645
86069 490212997
43352 47487271
45711 158833163
86156 250669259
46553 165841629
79033 254457693
75529 302717307
91047 400352297
83180 93930475
92756 481522291
89857 229170195
50327 141084027
65424 201794947
83484 191214139
67445 50266059
94757 48508267
97271 232664463
63835 240441585
54746 26010721
76181 286873521
54601 106359021
66249 184568381
81751 206653035
84467 509673283
26649 27023677
73771 249539649
93944 404475383
90886 386569413
77025 414625361
79651 412647945
86509 87325299
75024 30540991
85990 174621777
97381 645799341
58449 277428059
89722 460087893
87914 374461297
98853 521724245
74070 235594189
53078 116800397
74650 45890157
55335 232212629
78605 233023825
81578 186072113
91256 9995015
98810 670900025
81647 537802859
49589 63921475
40427 101554451
85073 178836391
41570 79574609
80237 171469183
64433 239308023
73976 27215923
79302 85991261
69755 343474835
66042 67525765
91704 481005847
67473 147959723
74601 363054329
86243 475225953
98782 77651145
62978 170500337
72224 403123759
91427 42647467
70356 51970135
55451 180790099
59409 65980727
77871 158642135
74750 54107749
98385 366263513
98760 495196375
89343 198015269
90530 617364701
87923 468413455
61953 236519927
46614 3037297
74621 445697393
51440 129925955
87360 421240963
82500 21137455
91743 264644941
25661 2964409
60689 178978043
96891 527085787
99621 324410497
64920 277721347
77049 470288557
96884 240164559
90543 126014903
63672 188678879
98927 372097653
69377 238180821
97709 213974959
77518 174914133
67367 277357705
65573 275378271
78522 26369521
65758 192810105
46859 2044895
80249 278044817
75272 306784899
77637 173493151
96119 160426581
91001 471971705
69744 279833939
76757 435069089
87889 252586185
87420 47767963
94360 649421403
94961 676454107
89615 446501793
87810 546236585
87693 472253491
30862 15663057
51992 148374131
77139 223574603
85497 135241129
79433 403862039
84737 376348011
52639 8376261
96120 421372823
98184 565109983
98675 785352875
79045 176551509
78461 408968441
90744 26302819
82124 30567467
99905 195345553
41312 50121699
37841 104080291
73441 235418259
58340 130053367
87651 349859993
34017 61244657
97099 305719245
94892 606028579
50231 101594639
91413 312121693
78114 312538481
62799 262922519
98256 585540443
87551 382336737
87291 402420295
37308 79462519
77357 427426279
99381 326813839
79944 485824879
78365 43751555
81059 273740005
82895 158026419
90300 358514335
84905 486582057
69801 388153499
49431 72634411
95663 169774065
70600 200729715
91964 106799007
96809 458556663
99738 776651057
91081 162583833
63368 222515039
49667 91055373
98296 123684051
71282 118302517
81950 321506445
98237 776500177
83637 136001315
87933 388912427
87183 333092149
89037 575264929
56951 43076631
92772 558205711
86895 64557385
55947 91566247
84683 384025377
70553 61795553
74613 291593381
75503 1225553
77396 472706839
79241 174545059
82232 213105695
90852 455930623
97773 338302739
72253 229713285
88185 381295447
89577 228356149
68503 249279423
74060 393816707
97153 599673981
65601 162250249
84856 134563083
82125 280254041
65117 275882667
88185 7555951
93280 627452739
71347 316440255
91655 349610477
77851 157779765
79236 206485675
23948 35646839
80476 386217699
99145 396496677
52002 192006677
97034 406874617
99017 72808985
35330 4393377
95540 465655755
76971 407794127
42989 149791215
75230 300134173
99781 597353019
82445 40492969
80999 123816907
75091 142551045
90727 168513597
98099 510977583
91879 613284111
83423 292057387
66363 307520203
88335 414496993
96241 558612393
67091 99154165
93699 161818949
70124 156285691
61132 122597307
64682 243061389
85151 240529515
59361 36318973
80685 193769945
31601 27210841
78518 113727209
92562 553299649
94565 677233705
39793 114034221
88115 88015665
57038 68755877
95514 258341689
91661 354670459
94178 215915205
69942 174438013
88041 33459047
98771 618001117
68297 271467115
70477 136142031
91186 450881289
48931 73181889
83946 89826097
87365 88082059
84785 482575763
8678 3590885
53549 9631691
53450 25100193
78065 15361293
81401 415490775
64550 143253705
58923 95409883
88155 321265727
82151 56474243
61988 200623311
73941 383454413
94484 697057459
98366 409202505
89333 168924803
9047 3165551
37451 58228213
90371 490480545
84207 305638907
97413 610805863
77133 343463093
51513 26524169
60131 86174411
96816 553389467
49604 203012227
43421 152743237
64994 230493981
96721 492167733
81798 408208573
68850 67983973
89915 56969921
54327 149001643
95519 346797261
61415 141011745
53723 213332743
86784 158665531
85649 333459279
63059 149518763
81988 350256723
84689 147500775
51104 172857939
80271 253779361
77701 239498883
99718 559296537
59511 175979539
99821 482396049
70622 21538805
44151 7823957
57409 224786439
97461 666573251
75583 400403607
96585 385742927
69383 257290819
86903 120698967
45848 105647299
64539 299803237
95975 574581407
58223 162179871
32808 88546547
88321 111518553
83651 284038791
92171 651709897
75805 241870275
96564 122742535
85383 285996689
69517 208680261
55388 7659415
87033 210208213
89923 523350339
92723 707580165
69185 10077335
89919 638999089
51980 13658091
84461 284217759
62351 1161629
61373 87887963
71111 112132487
69437 1810067
80586 17751493
64356 273582323
92470 230351061
80489 76872159
41339 1865675
37995 67994491
62279 284160985
72372 105264935
27858 51549389
81923 495050753
98203 86944245
85577 39304817
68206 343161225
36713 97861539
67583 290799143
46166 18526477
95250 245167273
96503 618583205
84839 485326367
87101 241629741
91475 686493081
80694 243458977
77209 216680301
77288 394564479
61441 144083493
99857 170672075
39117 60616301
77751 421638661
76223 197797823
69356 81339387
85491 568639429
84515 174041419
77468 74006411
92894 120091581
29961 39352561
95880 442394539
57463 156812523
96108 590343115
72524 50253631
23069 25849229
99653 449485651
92946 236431741
58029 101829067
90888 502579919
95817 712765603
97709 671591275
46664 108162491
51726 115174505
63137 310132295
97237 548534013
67693 95335281
69898 292099905
77369 295191735
99002 548376477
52639 27129189
85871 450066985
91598 523609537
73948 130934883
34047 54125411
58715 121789139
22470 35891129
44932 13712799
65225 38785699
80737 76495749
85800 326470727
71105 203827667
92553 281434711
32215 14947257
96071 180251581
85305 167790647
89015 316536237
60002 1813037
90459 523592731
53873 83424127
93194 714894817
79937 256912813
38791 4098843
89276 561029607
89863 626038443
78954 25527757
72414 291803141
98867 332189983
77387 478702981
94739 555955971
79472 279334015
80541 382639999
72791 426612743
32666 48105261
71590 189177633
78867 370206713
41970 103723577
93389 351677773
83390 73131513
80974 414556185
94499 222503379
70508 388669667
78575 331662257
73640 164921919
72646 60761013
81523 417786015
94202 433261785
69135 242641555
81146 289728265
95779 446703225
48321 105490711
94758 367607789
95525 356393755
88421 338832323
47815 51790857
86057 540528911
72995 411446295
99728 715552243
96483 487347911
37508 4844451
78461 464878781
96855 68672485
92928 423682331
67507 289499157
98093 176322819
94815 215100553
72200 91608615
87219 441272795
73864 361017027
98108 214569967
70155 261245975
80033 46870605
99065 476065585
64251 48368123
49485 12326549
93672 629035351
54498 176365469
57327 47327341
36072 88350947
81425 425934965
75697 86709255
57329 133694269
92989 272326251
58176 106890307
64271 6940545
56226 5610509
99386 531337049
90032 90747615
88010 282597789
88214 303852697
19322 18328141
58699 238804827
78348 70825447
86670 445284761
93811 370114131
92443 618865689
21233 14297075
95957 596903635
92112 486126503
84128 274300083
44080 27634899
49245 52711405
40997 58789301
99809 726018831
64412 71061875
87358 287092089
80518 59341893
66309 300779395
96812 137137403
86690 18228093
76755 337258679
82628 310301143
79844 49525691
87648 494858915
74049 90722701
55577 57704099
15269 6180407
80958 368945045
99823 619544265
77481 388390193
92913 411500029
28421 48362749
45294 165911533
66399 26839193
35087 40778513
74517 52107793
81609 338321635
90183 309508195
53483 57144683
97099 652622901
68903 270870563
69405 253268755
47953 101834745
83179 336594177
69533 400879453
69078 136338829
89427 11367877
86272 169727487
57374 272452609
84917 316525613
89831 376329093
76022 129522701
57635 239390217
76166 145748469
59045 82576149
64994 344704465
87155 35917957
81050 261026349
73190 136605525
68740 98595855
79852 376184451
95927 757565707
72264 339548999
98132 747435191
84401 28170703
93927 354713929
95597 312047613
91361 225463525
72329 58413711
30440 57457463
87304 256905423
22412 34963955
79168 255472863
63941 202004353
81729 464105533
94327 320744331
33409 87788625
87816 367409347
55326 78908669
99108 423309271
51333 197048005
91139 501945135
42920 128707359
92817 107142973
96969 537316913
86508 376112051
65042 165234857
92880 500732879
97946 389745133
80982 407901025
55991 225810173
49583 104671353
90017 405958937
82058 270890925
85640 388673471
67598 348584885
93214 37349481
87443 556601737
55059 1001123
78875 224988243
50018 6040105
93118 662207637
87638 539811937
98563 329520477
68794 59547657
86333 573259263
98607 42104479
79937 466010167
86961 373680871
85207 319296561
91599 450473243
77762 131921889
93569 386386241
38043 108764899
86147 158855089
72609 295805495
64361 241081351
99897 693728261
87195 504368579
61284 150472931
99317 245044325
70772 27703783
94119 508428029
77070 301564105
90815 549644123
95300 667560135
66650 255962061
99800 489525475
99767 209229615
86159 415541491
40645 47505765
88935 173880935
92273 361988477
96626 660501453
86107 510800727
55125 200768305
70227 245509471
80202 412221797
70249 39729789
98035 382758909
47306 157792405
88267 105910299
75926 7545589
34600 74401659
82208 401120627
79019 374715353
42931 63919839
59486 284720889
87492 117119459
20057 23810681
49993 113282307
36150 19579429
78188 487184551
68015 277814701
91080 500028311
98313 201378553
66165 211079317
90989 429379291
91670 591352573
93486 364644497
65361 147790015
85406 452741437
73333 146535471
59717 241529903
75859 426567495
95174 176000301
67617 44078323
88796 486286767
79789 350765241
66597 303965387
58635 279093499
87822 512676529
97090 422742861
47792 181829179
84040 452009775
62309 155585937
56685 8647915
78316 8449515
89456 321615415
81686 35845181
71859 98104247
68351 133198325
72017 353937755
69636 6119923
99812 393245071
51441 218008433
90008 284953443
21510 22393789
41129 20828631
58586 163495917
62593 158502969
83214 337094725
84936 74277479
96441 369775855
44678 136640069
79680 399218755
74347 453186243
72458 89206605
90929 372680317
58671 198262927
50094 74140957
76517 185233797
35021 52602749
97310 322915309
63465 55320559
99107 723644219
64486 335006541
88355 556828457
89001 392860099
96833 99044847
98739 510424535
89691 444755527
62281 40126167
31497 19876619
68058 177785305
95577 465838505
95517 674989757
95441 660178457
32943 27113099
91697 438862831
82191 454032905
88217 381299521
70906 15109305
29192 31818107
76661 445800831
85071 436084727
47834 25641021
39197 39983499
68288 93787167
77349 6069373
64734 285016009
97583 215489647
68021 227940333
56424 121021927
90811 91103727
96629 210638687
81417 124500415
85349 496549247
58771 8937315
80036 288913335
99983 258666493
76461 240316867
77285 400916833
54459 179542915
85720 236331855
70973 85413123
62631 250521067
84903 441669013
37315 49580859
94180 239403387
85592 269536311
73913 172750723
88137 544732403
83675 222807791
77855 111154079
82033 47595489
98219 176928639
29375 2540943
56675 9807703
98252 701023447
53097 58035263
86103 143469997
62545 199044759
63260 226734851
79601 157559725
84293 116712465
83043 493798553
95537 485788063
67757 210875193
55575 61291657
56779 213353367
63894 15530761
83253 472349795
93749 170079091
64167 68496401
88403 496753759
78632 225590587
92891 391527173
32053 9430827
95957 160714817
85571 2409837
96395 45120681
96869 293195449
61396 269580219
79560 285574475
70109 172848669
70922 238161409
47127 141143875
42719 75979015
99227 26626861
75689 341931045
98237 415433741
88055 126703903
46189 59406099
93437 276633819
95843 519735121
53731 21828039
49949 155406689
88119 129187021
95885 689668357
61387 242187573
56382 229998917
42163 30714687
18097 12282699
78332 196735367
84939 465555361
87047 86801513
56459 151416699
99911 274576473
96795 619857923
88540 60021735
89609 341567473
96220 465335955
94495 422036547
59096 258070559
26627 49089739
97755 233832409
71663 348736247
73229 211616141
53531 163532611
62937 105156557
81741 300871933
97799 494130385
93551 617297719
92129 199062575
52350 15370237
90588 598752887
91376 232533979
94019 20252391
45197 121548241
90405 368416993
95240 79294411
95487 483164479
91568 692531571
70565 122696103
90899 146531209
97869 460113347
75689 376262717
81800 522305123
57666 96506441
40661 81745143
81489 106357507
78628 304748595
68815 98829375
84827 94090703
81675 335939159
86278 490814001
50381 101369871
76137 31520407
95674 224042121
90556 95013123
68846 374487021
60536 156008799
68243 126969899
64553 27331331
79063 98989167
97788 706012051
69044 92967091
97071 729238129
97598 408191921
89281 494015373
66695 296717301
98199 159200989
80744 444822935
46941 140701261
92597 215737063
40623 39142067
73820 313145119
90275 196096571
79493 261289213
81364 597159
98105 602693371
85596 285340379
84146 84206401
73014 407748581
88751 164781771
53301 162170503
92496 522834079
58519 26271669
91217 182001379
65265 266384711
92343 451632919
53700 77427599
96399 565523273
81869 441134099
77091 354633485
73361 336531903
81437 255403421
41348 138926159
86993 279428993
51843 41657269
82814 443679469
11817 1353013
75855 37796413
77811 28848605
72899 277129151
62905 119584401
74883 410207351
87063 370193203
71475 279864667
85205 87845571
94881 249831055
88193 121735669
55766 144751857
34550 11259509
67330 308767917
77531 214325587
92089 21963423
85838 402569009
47639 93519187
93488 534688119
80421 475252115
67491 109249037
85649 520009921
94665 398825173
96451 743872185
95349 267660427
97845 338550125
84964 470050779
82718 196163437
98639 587390653
99987 649015765
69951 15868013
66326 181056797
97292 760563219
85837 74788227
65052 209402423
95696 383202191
58705 234049797
84455 565270003
67977 341976061
52676 149007587
79850 253614505
98849 256992727
43753 135064845
94883 467002599
68573 245155805
54542 191884193
97271 130955333
88853 194573331
98749 328614885
97233 650717405
66149 227454425
77327 78212751
85523 535064077
89864 417315471
79145 265864373
82735 261549513
55726 142426353
93669 168023791
96255 408992941
60503 22354453
73661 356072305
85923 167968043
80459 405173867
90563 328133309
65409 238651451
55667 236169609
80093 243183737
97427 609244477
75039 407734037
95501 346877347
96120 23804711
84479 585297263
75002 320165925
92014 449924409
93743 70941391
91174 607302525
76406 448093301
61229 275206945
67014 176861
82558 85854849
66431 169410577
88051 101649405
99467 469075901
70086 111965773
66641 143806695
90301 380579361
47566 78927945
76169 215942653
79285 473167851
91062 562348789
85001 420037791
65037 73297345
57086 69294173
83715 240419137
83294 21229209
89465 151401705
20585 20501175
61061 47214247
63168 203766163
85845 183940789
90202 566152497
27534 34632377
71537 326788939
98922 72068681
97007 9771535
97508 650685103
59183 6978575
19004 11879771
78393 442804027
71282 392872781
91577 560932861
86996 587494159
75442 404755581
47616 35390707
63924 292453727
75823 168081441
74407 2151597
80636 190334975
73383 381055429
85770 597527525
82331 528851459
64785 336138643
70344 38663243
77748 244164631
88447 218434947
51594 105477961
79718 227745241
82721 42692141
81149 180763895
75537 80087105
65378 28611945
96536 683131731
78995 271631001
69472 158144691
86574 148183417
97395 421072579
71855 403228413
69149 156995633
78029 221701019
56899 151216383
99040 226889631
96149 686943821
52703 168892179
66518 98684393
90147 577552625
59401 165935487
45201 27378461
88865 214717609
81049 63158457
77774 278562105
73881 435834229
85425 308507317
47348 54190479
85880 606395839
95193 654926969
67861 29184207
48665 147613267
61194 14689549
76673 227399659
91581 173331679
66203 19061443
63972 279749255
60132 290236175
95617 414904953
98258 457351865
57805 105360573
84472 279779967
26950 14390577
73724 428488619
37646 29470685
99438 725388653
83751 319002661
96032 586075639
95925 208608403
74918 224570741
38994 83145601
71826 420865157
61370 71341469
49463 144790853
88062 51655153
74449 179728881
99185 284408415
78491 478559679
91793 265049345
92645 303090799
36915 108942077
42554 147648869
54659 169136723
75817 65210931
35924 11744075
98084 133852123
77350 124107729
17198 13203785
45909 119857921
79762 314696493
88173 449334217
83761 64500945
95318 589926957
55214 102206069
44300 162481231
90506 263902093
86693 379396879
97642 535852773
84129 482239249
63290 181046921
95849 251187771
62619 259451555
97534 475723197
57917 252247695
58937 229356089
59825 105636813
90243 509577761
99473 324579259
75435 229497881
74415 413669239
75443 189365507
59100 218022215
85149 536174015
96439 736751949
76589 187365205
71572 415738407
91048 10002255
81783 99743413
96519 438303241
46047 107202371
99629 85337415
36117 104999617
88754 319267169
58709 213408963
88769 358494285
96926 615407485
68033 376453115
69557 64854617
81878 135190601
50928 31123099
68777 348725307
97637 550576419
82889 203278989
98151 359829647
73215 181240847
92837 208581459
92825 277705977
63974 36440129
60026 138860433
53759 113005571
96823 411163881
68906 185345185
89115 167682745
92464 169053351
71713 403394949
70787 362916773
48389 150700147
82714 220528389
53640 187129219
61247 184799589
98091 430251209
94611 671321945
79913 279126739
21704 25132931
99569 556077443
95741 377411773
93959 519835191
56453 226857825
93760 304663059
92662 693414033
59438 34355009
79043 347851241
65458 16762377
98459 80437915
92535 393052399
82067 96083921
67183 164738661
95522 71900725
88053 415304579
60155 54432139
53427 74956289
82965 327236099
51654 57950941
52793 110640077
99675 694905221
86595 331520357
83285 249141663
92839 515912235
90449 31213093
43323 94518557
58969 234055647
90245 511571877
98807 512877933
82073 158297723
92747 165504411
59864 101298675
98135 410780139
46761 54934651
68804 173650943
63107 214119977
65610 67825421
85517 522113489
94274 107167773
89885 210785097
67485 206387975
84072 506518747
91314 369401561
66111 196374677
43214 5404781
76125 255153521
19394 244441
70535 74093743
76366 52170945
49116 61637687
97677 347159203
70727 7015427
83967 35674913
77473 486360303
87236 256589263
30813 24567049
54609 210772315
96533 639295513
49661 77213013
64580 343603367
98754 211772801
48651 117016255
59988 221628187
76335 89581259
75522 185181473
61280 278516383
71910 221151217
98160 504522967
59642 83774649
96513 373499761
26769 22835203
90603 433955329
36446 93322345
74224 58031943
81955 527025561
71346 8252225
77715 309791771
57749 235974193
95748 583702271
86817 163750897
97623 543607015
73736 383799611
60251 26894311
68679 352058297
63606 122741653
44711 153644057
98486 288275957
96731 463568599
91993 600142923
95370 272362273
86948 106486799
82615 274612107
59836 2979987
57840 48481279
71319 246176159
90799 314967783
60697 105330099
87443 620583537
61787 53184367
99616 184578459
92212 217604727
88121 227091747
73451 362452429
78078 451613669
79847 196449313
11933 5005917
62237 12948201
85382 469487537
74765 367558281
97787 94051365
22213 3414087
24521 2768537
43781 101828685
81915 312813863
24859 23765211
30947 74311537
68279 130301517
85377 136879849
94683 277207253
83945 359643859
84864 492107419
39611 32504779
33209 59754527
98096 134905395
89621 153568167
80108 185463295
92631 127609315
87518 490881273
58109 243461531
63029 35151113
98821 568916979
79089 504086039
66869 260228143
66162 1204649
66830 96147449
94912 183897411
92397 67473599
97214 610465829
96095 119911039
90421 561432699
63167 332244019
79720 193488255
97486 354345177
68042 212969361
35144 32592483
62584 313812039
50589 75685429
71849 19428775
27111 47325025
98495 467423727
91065 71555375
92777 680405239
74798 408862489
98312 396204823
99056 541646907
90426 64000661
38679 96565919
96989 28026955
88854 318102701
97139 249996901
73383 24691901
46931 47676015
72846 97489361
85440 55464727
91763 333318013
88157 18769755
95163 150786967
22797 33480359
43395 9520957
65367 79966835
80926 284075985
96857 718160973
98534 372445417
60480 156138907
78255 72817927
63227 46283483
52287 89839117
61008 152936767
61263 290510063
25625 35006557
51492 63717683
67074 299260141
53765 139461437
96863 249961803
79422 346680145
65174 190863005
74411 300806103
86181 489681983
84419 312009781
60194 295508481
90891 537089311
64329 335398259
74815 76908147
88499 651527269
48500 30793359
92221 631416669
92295 244193669
74585 429022869
94271 247760015
76265 291852695
53951 85843165
97631 473147809
87795 122637185
91517 559655399
63836 87918251
43851 36840749
99455 640898597
66953 137597569
65879 317389185
99569 587613999
36902 60835053
96887 525779747
92740 43789719
67929 368773411
67523 140338877
84494 436185249
76259 56957835
93861 658320299
67581 38793893
77828 369695507
81446 430451469
93271 597108429
91364 451104235
69039 224194685
66799 128079051
69981 52327699
68020 234772443
64617 23871559
78749 329408507
69860 90723527
66976 185899695
46826 90613869
91307 208645917
98591 292830765
91454 154795073
58901 777695
96709 297581625
61623 77236259
85835 13033615
34507 16457799
62399 112045621
81403 119849745
94157 102709965
86763 553867697
85715 131723159
82691 245178111
44547 144324967
63047 243055611
91155 224690789
96331 251523255
93551 319916835
93605 437485677
80594 429049609
59383 125041575
61088 78843683
80721 250405045
68897 158447245
83633 160688325
77329 119531649
42129 8635571
87155 425245809
87440 466589775
88301 464914783
48761 85239519
56731 53778057
84429 214079111
59351 104693319
74443 99435303
53291 148052927
49973 109460093
82149 467377615
97353 269993273
51126 211872085
63693 184023791
86639 248252115
27587 27052131
80888 92682823
79935 513834277
43853 158748429
76916 70748735
86897 84568667
91208 110927027
85283 347350137
41273 42049751
98948 662690591
83119 124987005
82293 555008743
85432 405008487
94973 623290209
83033 147676555
73582 428984625
73253 318419729
77779 298050159
69653 377439705
59733 163906655
52095 154754119
73241 300052159
87741 604828297
85589 433151695
99101 449761163
83195 488793633
74441 165356303
97074 780168485
82324 371152347
92436 58013219
79973 292593563
90211 200822391
56841 139444903
90317 254512559
39829 117755205
98771 539212683
71751 30661631
95669 32455471
79074 410400661
67799 132714271
73805 12902973
94483 379653171
97602 269050769
85724 6470759
31675 56672991
12050 2862425
90675 627323317
68537 115049819
90074 481491125
82658 468308129
43207 28594677
57204 201695779
44481 95200369
76752 135006067
77735 494211633
78312 455939011
77401 365127687
81444 115767367
86661 337922681
87431 406795627
93296 615858291
72251 142853983
88701 651555031
71961 289404761
99750 205365665
53471 183679901
86893 529353633
97982 293976153
34709 7141975
86949 586704995
39417 66966731
95264 11742303
53843 139038283
71143 109560285
47974 54964017
64914 204061937
71675 366677633
76317 204696911
76976 126751447
22317 39251327
73158 277879277
48508 37812291
96893 348903567
84043 109360347
79461 284601565
94991 453366901
87374 312913905
77123 291296891
98193 675335273
76361 7419909
81855 39960889
92629 137499399
66341 28350805
73626 210194773
57383 239697823
70119 171249061
91382 23313977
32249 61404385
86381 546364893
75093 3054941
96054 532221073
86937 66949379
55883 84466997
93322 330682653
98237 168875103
47753 131490749
81295 306925017
88839 617233513
83045 374206701
87074 26731685
69873 355640737
88919 510808587
98180 318084187
79686 307606441
47973 142474871
52690 75589557
99446 582587597
94887 385906321
37004 83614043
63277 84913053
99003 532318927
35451 65462267
72261 334844495
65435 78757605
85362 45344465
86520 570503959
49581 26174435
89769 264924533
51329 32391315
85136 268945635
9525 1402919
92667 319824941
74652 405343631
99665 647373717
39893 26481503
63003 110652479
67005 45876149
87832 612878259
98477 368977857
98584 64269003
57011 8452451
92157 566595163
75939 360653425
93308 316950343
66677 83710449
74557 308561427
68417 386404135
53303 72064823
39069 26268371
35123 72452185
96677 351532525
86134 514157373
86612 612244031
80427 332099809
79862 220000405
93221 273301903
75027 193600813
91856 222930991
51448 218318919
80636 347152111
41553 134302339
92075 425431929
57037 134749311
50172 123948499
92073 461074229
89571 564356603
90951 223231121
26714 59162945
96470 649505093
68999 258851937
57433 217059795
74373 79076767
72424 66484299
94020 682153315
83609 438477353
95225 738202919
90405 388876847
96437 164877629
99841 211865211
96593 769649969
88523 380425001
49412 61238567
75956 148921567
96716 120218383
22025 8279959
99864 466570639
97743 703195219
75588 141843287
90564 74975275
83130 227609861
75452 175285503
75395 160292183
71816 6394455
46095 103561975
95704 589629651
95253 696524053
87183 457898215
77107 27377001
90055 492908175
87866 192629157
93009 337753841
92241 64024967
60440 57029043
70629 391910861
92543 65231791
39755 48562113
85594 371050893
73371 399077365
68856 83816567
84675 356313347
99255 771824485
94049 218063507
40373 109593957
83832 467199059
65787 181901575
73037 107969215
24284 9462955
87003 108850225
64859 187829949
69981 71477593
68258 142296901
91853 335107845
85172 601941555
75187 356058987
63863 100130945
64065 204655223
99677 792832429
55085 228024243
62207 351295
98957 34206457
49049 45694401
96851 226640495
91841 451436139
88396 319613835
97430 337871049
56432 54451243
83555 80421895
91005 374600659
78910 5587677
71003 191547303
87239 75646521
79373 365263237
92158 325366965
90380 21947587
87693 523503911
91089 574513561
37806 76167833
95988 392901611
70688 176596099
60885 174730733
89039 481728503
78995 372460093
94221 396056545
58335 78654155
97322 299936313
98945 24189415
48499 33057069
95985 456658891
58041 223226111
64217 243391841
74495 395976747
82208 62945091
59785 263091003
73530 389680333
85736 494368515
64082 169812613
49567 180856677
94742 367717005
81498 473277637
95827 32507937
78396 181738195
65078 54753349
68743 374995137
91552 332083791
76115 147138635
51870 221929681
93669 254878643
86407 289014555
66801 347576813
62445 288906743
87059 73064519
82037 488936995
85497 54009301
83845 195897435
78883 180944859
83218 266437641
89765 524361085
77581 170001477
53555 19996021
95979 584460727
74394 151422533
86679 164302535
96760 776065527
57298 36766401
96772 418345203
61859 61261665
69528 37239031
68516 77204839
99357 241267921
64297 303803805
82134 172790933
77196 160356727
88475 531799973
71693 123882713
92574 602457901
71051 252540691
82880 498024023
80022 509549825
75860 151672707
76308 25104119
45994 162805821
43112 105791595
84195 460121869
80027 307436583
40646 5197017
73899 296364211
87328 462030651
42586 34752801
89559 399513139
84117 328136833
83351 458745007
80033 483183077
54958 100119033
86954 432928541
86328 360164207
16955 19554435
95386 236768493
83663 438982861
86367 169066999
95523 389058127
78458 479594809
70743 17940029
44173 74466801
34583 72361259
92889 428430935
66619 37343841
87696 561180779
74123 214569731
80741 541968513
60363 209895889
76395 185358793
44390 7998529
39080 97199211
81852 299028839
94372 209877375
59004 275346451
67589 208432431
48153 124028213
82437 332867909
69803 267083901
55320 179461019
89107 213920031
72031 377679543
98499 665648345
81437 512633869
64290 232772521
95213 637980275
85386 141636769
48217 126018351
52814 209443845
95514 477267373
78926 185902433
93177 336555533
95555 371262735
97955 35762519
98250 705715021
71037 158283485
50415 50776585
90342 145638125
82665 528134837
73844 75654815
35434 68863761
43307 64046015
81248 497374119
95431 347212947
79838 21561189
77981 458459235
94223 281848275
64895 98177987
94670 555000525
87221 146620287
62826 277873241
85303 52515327
81057 494447659
86785 491167815
91969 307835469
94802 213335125
99149 752851401
99545 24085293
70970 39377793
64947 167272831
70328 198550023
92515 152385885
46391 112474025
80657 24156703
83484 536682319
90713 128177237
85445 43904361
50798 144356581
60197 248323849
90179 597686581
77157 184139029
91063 505495311
96039 637590277
66545 181332095
69902 309396113
49313 28640015
89067 49681099
83559 551839327
65937 43198463
65987 334117235
32576 24639031
34867 79641609
51657 194889689
96566 315470305
50777 187703541
65251 89607039
49239 111367963
65963 269767861
61904 279333071
44857 135327255
93166 602644293
39089 14920609
91463 559873993
97940 440843259
94658 194329345
73601 148215997
75121 147567615
79559 79765967
52347 61286317
68867 25894349
67251 366632725
83080 184968399
71567 65815571
88791 637684547
89931 547761709
76447 172238535
77462 290702029
99681 228061
95795 612401931
89426 571702989
66993 155471521
53243 123806557
95439 498915527
49715 177869059
93786 166731781
48434 28124225
94520 534568335
85572 320343763
92327 343992907
72555 249552905
82371 286085261
54695 62031401
74487 203135791
23855 6391063
80690 328701761
60987 51726055
86387 477171645
77429 109923089
83818 561743037
93504 378623719
70701 238764209
94727 388245285
94839 154109845
71563 417439353
91103 233456557
99357 28073671
54703 2709195
87923 361840641
55028 104441127
64392 154250855
46032 149065295
49505 76957633
98591 205463585
91739 423778643
96449 201328865
46028 90900483
94409 416032173
80067 59325299
92471 325204031
81644 203073167
95597 178244745
9711 5007965
84423 247332187
85351 605731839
95618 394303581
97802 246314509
29180 36846551
53403 20431459
97649 767877365
90810 429893165
66869 315652503
72165 98588563
68157 263081153
91565 129849387
70359 18779419
71624 224758855
95935 653549019
64469 83557169
80895 82465879
61602 84549121
87950 77535709
56339 72783085
75242 251235041
77773 455248287
99607 246631143
87413 169055681
93983 566473549
95078 354970341
86766 475896029
71717 131144629
80844 525961627
54345 89569637
99155 582542759
29333 40757119
91997 697215837
69377 338429247
95518 388428693
80297 390397747
73809 340507903
72161 47192859
95645 335461583
93075 331044215
61871 227048777
88325 296618711
82807 505457067
96453 17280959
99565 118150053
87205 327842565
95721 260675693
60791 102332791
71019 134053087
85605 172981717
49964 64917791
92711 280990831
86541 290418329
95649 97737901
36971 68880033
95759 557186911
81072 243069823
47234 55265717
85169 313950505
63525 95159737
89615 439434083
93201 71660105
53642 210699521
67003 146483493
77306 347278045
70703 16368633
41076 126265975
56313 50562433
56421 184645051
82505 268739691
30373 47216817
93687 303986797
29594 29590237
91779 170267029
73217 346805105
76548 140638531
55931 146430087
85139 502565427
86948 120779603
98883 542807569
73247 234406645
74861 381088299
45161 71607009
94175 474532269
81099 376751401
42215 63774861
96458 554166569
96351 6913223
45251 29602213
95594 238512013
74377 220987215
70658 129077649
66948 194867567
68566 248211585
93896 417090251
83831 215219883
66306 18718685
95211 329283047
99409 375686199
78053 502214079
86349 121734895
44936 109817159
87942 221046349
98107 302761677
67694 166961853
99635 109247455
81886 119274621
42914 94612905
82638 70623653
98282 409784517
86169 415736585
74379 130896917
88106 306884505
85059 526063739
63485 8932863
88735 379808913
70403 122201991
96537 31560695
47865 95121299
59914 289229769
56104 50157675
99457 663073695
70667 218980507
82337 33056509
46718 32886269
94511 541711287
81809 173592373
61809 307105661
52997 71275703
92111 660435859
58418 278249469
11110 9637497
47967 123805531
72936 275803511
84827 15878181
82793 455288923
63251 165654397
66083 341989247
96755 762689099
71036 4151631
91761 212070907
64316 159277587
43673 153779525
52277 97176063
57338 153043045
91010 48918125
89804 327983971
59111 143418907
71719 205970853
92024 168311595
92424 235922387
89117 588857523
80663 37057785
87401 248392317
92494 501174549
88595 525244277
86642 415260169
96359 114242101
61584 90139267
89979 6547361
77805 449524583
83718 375240565
99161 462798333
96706 688766793
93732 561302251
28982 21308629
78398 403326481
91916 684232407
74316 293022959
89321 232243415
88630 201345237
85999 147743757
66630 296550217
94565 568506703
80075 286695271
67611 282773873
37432 91981323
14855 12925599
99159 148161727
66545 96961789
47237 94311713
99857 361534827
76493 400941665
43449 32583701
68984 392604987
39750 39556049
74192 367330939
97502 298312645
77543 211008791
36981 45320033
86261 42967661
51585 126966751
64751 193029419
94289 395437695
96029 102974491
92612 408527759
77399 331784405
74157 207451099
75789 60316171
94141 689805207
54898 117777441
68241 371481253
95637 81166753
59132 279265427
76979 153855011
48585 120587495
98780 809527363
94604 402072483
42912 82491683
60857 110500653
88919 415767451
87984 453155419
56405 161830857
69788 337300535
94927 624161547
93965 184360853
90437 130427591
83286 166475813
68294 7570045
94863 27667729
47639 103073005
45072 140039035
62714 16913901
98059 5160849
93971 531298081
33308 88012799
46581 162763663
76028 443571327
96093 278318131
89512 638815191
81326 158802113
78029 139214761
85259 299039419
53011 24746577
90587 504498039
94217 222166295
90135 536833105
37079 97809849
80151 483974221
67742 180478481
97829 775385457
90851 127247827
44375 61882883
93419 701115271
66557 66170661
85769 246852501
88695 439347323
70782 34287497
58129 147627417
81527 61088361
62168 83983755
42077 144340349
45699 132856303
87570 243011989
83562 499381517
68213 331632921
92042 556518109
37799 62728933
74565 282691931
47499 8467907
71393 133754253
79692 187400443
49253 52462973
98779 523917951
99535 35504733
85208 101755511
66981 196047089
20258 5743589
63603 51589253
97868 116951539
88384 1147119
83786 494980405
14562 14503753
96371 159082435
84703 461677095
97029 444044191
92114 348722765
53741 10170803
73911 413259815
95450 691182549
57711 121359401
70262 223808137
76563 461272429
78066 37756817
69201 46176785
75133 184483311
99389 593835385
69221 219029905
81836 141756651
52322 57484577
31292 33889195
86885 123520329
90717 417799315
48609 175922545
97395 21079985
98333 610407053
80799 302147789
70773 173229475
94811 595006329
73869 189968293
58472 20757275
89207 428434581
70869 218811847
50975 150487417
73662 291371429
91935 492786523
54235 244479453
57127 90737529
5888 1574799
47933 138392183
36758 68368457
46925 130043141
49991 108890661
51044 150245135
94927 399987603
76565 238132039
83432 46367219
94285 697713945
87776 516900035
91364 281808171
64076 279404495
76247 243560177
93339 141635195
77490 315482929
91341 351857759
48697 34307751
78601 381463893
66957 174315101
94571 237129977
99533 8034165
59400 132319495
96949 493702431
59976 575195
89396 518649883
85079 124609863
61205 234617555
84011 74483879
54605 153976341
80293 78494391
56406 43517729
76696 227468331
74373 106090529
84819 538463003
93065 621417607
82949 457919151
36953 34149199
85165 296199699
84967 351963495
40907 101304277
88497 338131601
93812 668453367
84485 400591277
88242 30178921
38910 48644449
92609 673095101
73413 318724813
82721 166482269
87271 175290387
67800 234949327
91337 147277065
80241 146310535
89149 597607365
50121 89869511
96777 240299555
98396 382053923
45731 4153137
76683 231784163
81284 171171495
91199 377632945
28235 13478993
54846 117221533
95643 370562029
25527 44008195
85539 55127159
75017 32931105
64617 215647529
31733 27521815
88433 222480507
43982 5046473
62233 223091145
52838 124310921
68873 329600231
86672 461441635
90002 365597165
98474 507156849
80906 458868421
79032 21495067
73165 133041039
94409 193048773
91731 161961211
77777 76766887
66076 253828311
91799 302824853
93135 99758195
52972 160491387
66229 63161775
71162 362489073
64472 256750259
76659 450369061
89262 319314025
88343 203659953
72724 54987675
33591 51808475
80850 18592777
91225 361280559
98372 52314019
48875 142547419
74522 17383901
95927 238817993
51429 28454585
32814 18087029
92590 66137121
89447 190665479
71115 80750269
57393 68387773
98435 806804991
96471 257356327
53593 115566021
52925 172100175
57200 24005767
75786 399799237
57510 29280197
90035 243739997
24287 22540001
57867 82152475
62034 311761333
70983 189702523
43119 113682425
90988 232564275
64397 302143281
56852 210007223
89741 245073261
98813 464068123
59613 14274493
81104 279834791
99689 385157695
93082 425047629
86807 565219525
66053 98012367
90253 606224253
98773 468904089
50912 34001071
89513 541199461
86517 498235153
74453 130571009
35039 32673293
90633 205384877
26255 22130521
96333 417941417
38066 63598389
97575 555849113
88235 153400821
24016 47434899
75021 284826599
67293 217256585
84675 207644887
78836 401305687
93017 671334965
91236 205449043
76888 433787487
83378 554636589
71915 346964515
99401 654245381
55842 206371949
96109 291677169
27539 55420543
63029 182938201
75948 308199131
62105 308253063
77387 265448593
93942 156045025
90773 196474249
63311 249263271
86290 588687117
72476 35795619
72101 57572685
91889 537288979
29480 37152451
96573 719399947
47765 10961321
69233 220090797
60566 289569373
71409 8639047
96201 46817303
23231 35556315
84364 591227667
92106 460345981
61475 136209797
61647 119340553
52429 28695795
93240 128252803
82868 333283455
73254 267368033
57809 132030591
68458 61077897
63855 137746567
98561 634635899
41308 5262399
93265 651741003
95987 91333471
94581 505005125
83564 232047091
72133 147889851
47079 43972733
90869 256105091
87137 554080153
77242 359607501
54635 191673141
80123 290419493
92943 47443549
99425 194791619
59516 288988927
78359 230549569
22991 28680781
96458 329518325
69037 155155269
77388 378472879
95582 663031661
87888 638312099
90684 4351411
54755 102169377
85476 507621875
92729 688367643
68076 49493279
71509 332005413
99063 419641433
80537 161430949
65736 90267443
79371 363445253
72885 145843087
80779 148218705
92150 87973041
80774 426089357
92919 53813063
74739 157675991
91508 10230587
30457 51868305
86619 382651679
93271 625426659
53875 184310103
72694 160900893
38593 50018169
52032 10764335
45359 169004185
98054 45891285
48517 141348093
76976 458040967
59183 53793617
52185 117343913
89591 34556393
88392 255796823
92719 333403503
53949 29581583
93269 441260081
85748 164243823
33017 2705871
59459 25055685
73932 103736611
53265 160535825
86510 143098693
69274 132318453
54458 143702253
50169 125247643
64850 30309157
57493 186426315
68561 275304791
92441 81988135
91383 313175059
99689 299031419
23780 45015267
94147 415721817
87012 3796967
90603 244220437
54513 166454689
79664 213878743
78333 77209091
47892 32723567
64922 290047341
95711 187982533
68236 282110115
97896 11389015
92152 465851799
44971 159965409
94915 463983711
67727 159496955
92720 198223435
92921 349107733
63623 128844207
74717 112920965
91793 479090515
94077 222815605
65047 301714803
67831 157940439
92457 147790243
96598 547206705
98646 372242053
76277 252504037
81311 319350259
81422 239700705
44085 64766875
86938 538555677
98751 710308085
81939 154874615
80778 165324077
47444 43766179
87539 380977039
85923 180918643
69594 376874345
84569 266417293
81693 243410249
86639 533059129
41885 48011047
77256 268643339
79397 378005773
69197 332098881
83723 105891249
73248 121601735
45696 116578559
97426 568358541
77762 193555221
44203 110726175
73887 416934133
85141 379553673
53693 84972011
92336 147494283
80365 337127913
58079 52593627
83429 348553919
71403 122959385
64063 290174097
88908 514260883
95543 472286243
68492 106097455
90357 357712987
99755 385795747
50093 136218007
61269 105896203
94352 246319943
60707 229212531
99066 587127649
34879 23985957
87877 418036041
95627 586392061
94481 457957877
8853 6300349
39977 83371393
93036 195157459
54742 5111265
72359 279126873
83174 532366441
44943 29264029
85491 24989471
70538 386896321
97557 272884505
79137 323745949
80403 265047193
79032 442284743
90254 333481837
37123 77366265
73575 201321499
78939 127972345
21989 38603421
52380 115422319
48321 184769467
90581 667559635
30608 69422579
84978 211476793
72444 327259591
85712 192321703
67105 58283175
90161 504662705
64059 292240961
92095 81333981
47988 103104383
85360 144509763
93735 629673995
90294 6034369
76381 360684795
37677 80395919
87227 348905871
78831 353904349
64863 62698235
84499 174392247
57071 120372297
27780 14400671
95882 758102005
95238 520526821
97821 203515733
61367 179493135
85502 294214553
77555 473667099
89899 415512567
76962 355207873
53718 122750737
75947 295752325
99218 815382009
55685 153344943
87275 552645619
48763 78017703
90629 516814643
88391 578062805
69449 213201895
37361 68666281
70521 189000283
63261 253793701
90167 518882545
85231 46554243
76423 151866033
89556 553050203
76593 429593969
67244 296279175
78311 29246841
83615 246356881
60818 64416569
62463 118523125
51286 98960337
53409 175914733
43793 77379485
75215 462369749
96056 216457627
99843 727367155
78557 305802907
83820 252522739
74157 75190793
78783 178618469
52622 60896593
96753 280270247
66869 204931617
72660 3299483
50072 94004923
87857 146163175
97436 541053459
84335 45957077
90331 585183831
49329 196994327
86731 126187275
97789 558115677
72609 252457229
61391 90895125
28533 31132903
86345 606349259
89367 454526639
90617 581918629
91919 506466075
99982 548285433
95373 738492953
81042 311490109
81062 355942113
82418 231945313
84713 585447247
98481 58458529
63727 43792971
94481 175372711
64651 27454413
95972 135504479
69752 398421227
86207 23194189
86945 133364141
37732 45970959
34799 2544455
63376 33264183
81149 231708587
66025 229910577
91529 196037277
47412 88166983
84102 103123369
94047 35746813
99078 365533973
88959 161400571
79046 107011505
74987 21886521
33320 5525911
58385 222514681
80354 285347897
68427 102278183
15839 15780901
84234 491948905
85547 479694519
96847 411115767
91745 469232169
31430 73159093
68627 71699617
27519 33563771
93491 167300675
66339 33416305
75491 143496643
67806 121496489
55487 25444401
99590 119044693
57612 244786775
79049 279233
91186 388895709
91506 392792101
93257 597062651
59059 141232167
36644 83348899
83881 504674865
68638 173552229
48609 97799161
70746 37444109
81168 229915627
44177 115980845
55645 235086699
72641 71803019
70780 371556099
92213 519059983
65255 40544009
84619 570959403
39969 84890395
48925 181150455
91011 403902377
93032 710208435
82946 117216669
30482 9842681
95327 675119779
42728 4491895
55872 10529911
77711 85243689
96509 138501085
90433 5707215
69452 232474131
76253 368933367
84925 94297893
82121 229834465
64991 8806403
97377 113346205
92497 427936941
93167 365192699
78063 138932303
91967 49924307
87727 473675745
42399 102750875
51257 163273385
95535 192757615
75758 337406429
91852 17861211
91592 232162259
88197 66357007
98165 442617617
44958 70106597
86843 452263459
92255 427187375
96455 344756593
12714 12281657
79799 209875929
89864 516217867
92234 586939701
88232 306242343
98715 611761175
97751 297571387
96221 209516617
58419 249182551
92777 616051541
82091 543248135
64457 35973085
73161 72934177
55968 106660487
88928 587737911
59254 167403465
77247 256198885
56601 208040779
56753 129649587
95283 281380193
52603 203768595
61346 204930353
91921 533142489
74277 38871511
67916 95746147
71928 351499211
86108 263941119
33007 80660703
48124 18770655
53239 132364293
88441 540811209
56099 28761785
75066 406234405
75283 106640409
87177 476017675
74621 46327243
80435 477652225
99145 509247249
82251 432463915
51728 101015151
95660 403171051
65405 250189029
75636 363571351
75987 441016495
82917 343182427
77732 410310339
74972 364679211
78861 36755143
86497 56186751
77178 111578129
93509 66538965
63521 309016665
82779 466754611
86181 290987747
81095 240963119
50691 120280331
43793 3086297
57059 238526747
90593 192772345
98777 82567073
94277 132005297
98563 429267735
87377 36360625
56597 196292891
81015 230286779
55091 252095653
79038 52338545
67875 86242429
43628 74595687
79877 209453407
97327 495415269
95981 131108603
84231 74881747
92717 41813565
90851 165133583
49272 5715191
42275 40112373
35282 77473501
79368 70674347
77609 42977107
63563 8066565
89951 484717357
83448 223256167
49260 48640255
82677 369316039
42479 20006133
97001 753841021
66004 4306983
88476 620830459
60041 108991545
64109 208049669
99027 284376319
67703 95818323
86118 113215817
72967 365170257
24115 30624345
99221 800891351
81371 179989309
98370 349182185
98513 218779743
83539 459991839
99911 383416909
81554 22009077
50510 212465773
83543 228293695
99091 287688279
80936 283573419
85786 369586665
39345 100009079
84701 527882459
51419 114990509
94416 737854355
37712 113704391
89728 103141467
93362 153342361
62084 175227735
89921 8118487
51561 129594203
77808 358164767
96635 304897293
93074 28425949
83536 316884279
63438 73079213
82307 52740707
90899 222598649
81755 341196991
67737 267800627
96572 510732507
81650 277212897
95175 535798741
86860 196570647
87364 426818967
58808 23106191
70955 311236879
28092 18372355
62755 243529965
77957 217176703
46451 99741725
64482 14515025
92687 419430715
92691 568032811
39759 116660833
87310 200030541
64631 201798153
78861 155020519
89872 454756323
75349 176239359
87122 585172737
57455 138977919
76661 157606599
53777 59871207
95732 709085115
67887 127584115
69412 27634395
29328 45951151
61310 309748145
96479 107288263
67595 302764779
41864 139080927
92218 289039797
88515 346246825
65350 43131297
76581 319531
69315 187339651
68993 315238369
89417 47649965
88791 214001503
37417 66559311
35969 46124551
88349 512011167
54806 247146449
88139 286807179
91501 527821629
69756 209485567
58871 59910701
77042 60695153
59831 261936715
44121 140300759
99672 819774587
98318 529053469
93461 367166219
91157 20237081
37432 72821175
77505 494801315
70855 211964877
88515 456336343
68147 235556861
87396 193282651
84593 478126777
61535 132737799
52973 231093387
73746 306973885
56071 232322277
82602 506380489
94691 693235987
69191 388359709
79383 108989045
47461 151782741
63293 324680799
55877 253444823
91867 258432513
95860 606920607
37223 42496285
67437 163480933
41021 28317355
64415 332176205
90802 228660141
78057 142729319
89066 49629721
68895 131444653
71767 232046181
82890 287390429
84323 472116891
58557 116593291
36353 69873951
66048 213533851
78827 97073517
80366 422771893
78393 402474319
59759 296895659
56871 144884455
92121 638259419
81623 102144357
69939 228149437
95999 603989579
96062 107755541
75909 463053907
71532 192076435
94571 349049937
23120 4970163
77516 357947635
42571 948417
37206 4995145
80925 221139833
81101 56058585
70686 129583921
84677 416454793
47957 58822657
55921 46741611
95555 461467115
91171 672748281
96549 197598373
75746 214862245
96527 233321605
26237 20976777
99755 803027085
91810 219563877
43087 6539601
50833 140182437
92375 184131909
99922 476621373
78216 403988255
61559 266341909
92798 296953541
72785 240108877
67511 217452975
72861 81301633
34616 12585403
15893 2665941
98891 744778279
98291 228632953
85651 246280941
89609 116045859
70095 39221899
94031 282195763
56690 89846745
91695 446631491
72197 242212615
81647 358511103
51971 107433201
76787 264234211
85664 248838335
93673 363894759
48403 108679179
13454 6301829
47150 76745121
39169 62870727
57267 178817377
85567 80472897
16591 17362053
43331 24351773
80343 57162629
73609 156517521
64287 52855549
88774 530203017
86183 91484169
77006 307121521
90981 393826861
89672 538098171
89738 212917577
63714 299600081
86338 206890857
73631 330569503
99983 21048599
85688 13331195
93019 491276079
87659 542279727
33345 80793605
99057 313716973
49091 43295259
83753 549215009
92087 163738647
62617 241335045
95105 467548549
38178 50153045
81687 94791707
72533 417751539
68876 180035415
83853 348188441
55475 85793369
94209 735107309
45120 74217319
91246 176689953
96077 454421835
88007 541475085
95250 265928461
93746 670043701
87483 281210339
40937 82326085
82421 359011835
64865 33544745
85580 434989147
77652 195800791
83989 297088653
84993 231401731
91292 211561271
75401 250607479
77414 266904657
92789 178816375
54993 131582555
49817 160934331
97224 240302959
99449 780813235
94323 226838149
78261 464118937
72969 145755959
62829 64851967
87797 380187565
97858 688447809
94909 582969867
62630 177709677
40547 31886249
90851 147375529
74839 6613281
89571 665549419
95285 217957603
86123 133886201
77561 317758113
91061 467246269
76066 258414477
63689 267248505
95576 604087903
65969 130553327
62177 160553609
72873 349884649
82238 448493613
90029 55693839
99433 689235975
92715 394748017
97399 239618439
76259 265804765
95533 620560617
58557 271682881
50909 170944769
40156 61524975
46357 106481025
95244 156319255
78503 324769503
99713 406188887
64939 159132663
95909 117365585
84403 481586541
69941 244015157
87863 130015315
86549 429194491
48983 181075947
86862 292105885
95056 168727503
99697 678737601
42571 15716205
69607 316467597
70798 210839973
77702 460979353
53631 218266433
93753 687315391
97127 485561983
96737 260362025
33661 48581103
99267 631956349
92090 21585089
49467 128811203
47315 174713479
96497 770702643
87429 499905427
64679 58688693
39746 115741693
81343 161942949
69184 185913507
86963 432617131
93849 633040187
86912 3979067
49475 14064305
99895 776329281
77187 184586317
99122 315615745
78847 448259439
93899 237879189
79289 325091095
97239 112775119
73677 62835559
93948 345579443
89249 609699287
87125 39887469
91401 255567253
99770 614467133
90526 639932565
68827 231243249
99795 677360347
44240 61843935
59218 148870389
45156 30197783
98237 189259981
66203 37199545
78771 124156117
43802 133291961
83621 363288013
51527 115652737
68555 55555763
40624 28834155
92033 360511261
85121 15897701
96395 561076601
83948 243443135
82012 218344719
74687 372241587
82257 31229503
84132 128880535
60720 30054779
76063 248631621
94463 35407239
87581 125762765
80718 122116861
43707 34596577
73959 224620745
73413 205956217
54905 55188071
79661 414226391
80571 350517245
87261 487105663
81248 467592707
53589 130895243
71197 253692657
91337 21823447
96738 5686813
59515 142801623
74784 207968063
37887 3152077
62101 181623
78284 280254195
94287 15317437
98963 211091225
96495 165748301
48800 125624207
65411 55895769
46523 80299699
65075 145332721
25117 5545227
74780 368290023
58185 273146827
33491 59854795
76367 144043121
33585 61004689
57007 146827533
79739 89338353
62799 236392999
96410 370477237
83085 428890753
89057 65862059
76613 400752411
81941 90674401
89021 624318661
83334 173869697
94757 370442579
81631 532409163
77297 478719999
54605 124199719
89567 107040075
19748 9465171
89027 605896089
99890 777593093
80702 457688317
58589 249027999
30068 66776503
42589 104413491
99628 404954211
51696 194766295
66185 24985949
73470 62599865
91187 378398799
69779 196542099
86839 489198615
90327 450203675
80240 368064311
84605 101724091
76734 452557321
46088 101006039
80693 123684829
97251 242090471
92699 699217577
30387 62869895
80097 208850921
95726 342731281
84077 5618375
92263 19060551
65887 92840853
91707 139971751
37137 109502473
63794 277019997
96647 329220955
98252 733093987
26514 37567901
35339 2037399
86299 245447361
80660 519917623
66011 344325361
79617 231512327
59990 86435977
50513 44473117
92717 421024957
99080 400935963
91294 247635057
92849 665484977
91402 682437921
24357 42445789
83847 418570229
49443 59333077
89441 350062059
95577 455286829
64505 161366707
57473 202653285
81131 503873537
77679 115163093
76323 69893665
85371 195631459
92012 137485503
80261 244052471
63833 235385363
96802 258523065
37207 41014263
81966 166602157
63713 148060059
16646 2097029
47607 94049485
61643 58504747
98277 654359609
70329 243871265
90056 402918167
91859 505749311
39371 63308837
97181 682211915
72177 185950735
52345 202072779
79949 252685411
85325 193096621
97091 46033117
99557 803618881
68787 72568619
78767 60077053
97079 364212267
97920 412293251
78537 206916187
97398 10196305
45873 163170743
84019 222293787
54113 147729081
87065 9530029
84191 169861905
98354 751481849
95925 685898825
79617 37663783
87560 485714263
80559 294984455
88593 161758385
80115 462180325
73211 406911431
83891 12540383
92823 251050927
35021 34066041
82159 130517175
95325 51794345
94880 598059643
86225 316793685
98981 264348865
66245 200889747
99437 425176277
88109 334202477
86668 202779291
49167 61715983
83136 11263007
75555 241053157
87435 201893921
87321 1107529
95982 18413497
99861 814133285
89375 45638113
72169 119501331
77137 278882433
47619 75055957
53093 86663587
90834 531725953
83929 290079219
55282 62501745
99255 581972591
82458 136587341
84585 339551537
87187 621307863
56070 160770997
22179 36326021
74456 803839
96071 129398589
84613 573626775
58921 17472015
82301 260270859
35750 61181245
83738 145690265
96842 402750853
50439 164593079
53109 47586335
92359 80958591
70214 204039985
54840 52735927
51691 58767051
91096 25536243
61200 266934371
32700 18072203
34328 72741247
80358 13383377
88941 290236319
89648 294000727
71325 116609437
45869 161392065
92423 593673987
97758 387807133
34181 29912877
63857 16130751
85889 449813889
90011 364940199
94543 171581361
92183 304981867
82280 314491507
36756 37673531
83205 250218865
93377 55906557
83702 571535745
99767 316100965
97995 185127539
70355 141612271
93907 329772069
95951 95702367
79880 172875243
89746 591268581
70726 281390097
82785 172564949
77787 486465151
67005 109316765
82852 484002075
39275 83470547
88940 247110563
93786 206568917
66385 118654425
99461 435177199
73131 240928615
92935 342961551
47582 24183025
91527 238086439
64179 24751135
81236 514121587
92729 211724023
41221 105368091
40242 84557021
88364 588888615
44443 122580099
99167 414925215
92274 530740069
92363 438621215
70661 387012275
91589 158136151
69815 140570749
61751 170687437
54951 111846391
95359 325762779
80216 409058523
89096 527058099
99329 200015407
60814 214905201
62221 152762169
87090 612276065
54710 117049997
87863 540744925
76166 134245569
92229 460389883
94258 615299697
81551 245988379
48924 11415931
97641 466853101
97811 366167779
71453 244727597
58707 22684625
89099 242418367
95665 329821761
92564 90216067
98415 702323909
96055 548367339
96908 668055111
91393 491610417
93983 666994253
62453 101953809
80780 376427039
91724 342522627
86591 112433161
39649 52064679
68789 119868481
50605 555837
98903 151609757
96551 530389341
41837 20374555
75537 236291917
84846 129245497
78959 197528695
85582 95677449
89753 549592675
94997 599850531
98571 806114513
78853 311998017
81047 265234963
94610 436215129
58053 99997091
98211 364761901
67788 208824007
86115 448778935
34680 777475
43733 43957095
50232 118883183
91022 186598717
82523 267951683
98247 526664675
63227 142404721
44548 91219659
87435 83673667
83464 296446887
45419 144369295
65765 185250721
82031 349353529
45098 36098829
93107 100953107
62798 301221433
65780 310682335
94043 628131911
70088 272041463
97364 35375311
83603 155564129
59043 156432385
96300 401002595
92065 561423471
98517 338039447
80617 297749871
96845 264096679
34767 8532757
99162 418546645
82647 93956453
88562 275215761
71580 311546647
79265 150367657
66561 3069887
94661 181189573
89338 533803029
86628 105905227
42746 11653281
85781 99099001
89587 198388671
92660 217913391
88967 272294229
67777 181695381
82953 110765011
90470 623380913
81667 437910867
57458 203128597
26543 31649163
68933 6954967
80585 246750227
49934 92564617
95777 506242105
92903 359525667
69961 316788951
48249 141188911
99164 260014843
78524 184253327
79325 465730015
60886 67473609
35107 101156043
71414 110533597
74321 87995403
96068 344418691
30950 54341873
99712 83080131
83582 500477301
87929 245325973
75262 261568737
93650 434922413
87677 543214797
70964 196809311
85634 191413649
84264 185596871
88276 133858431
67323 374316281
88514 583698453
81443 362734745
75689 434152965
82022 326160101
78077 504532143
73991 411191467
94161 614837609
69955 304751487
62807 261312765
48164 6183531
94889 69131573
90869 457609075
99566 49596541
57141 131060933
74035 317103255
79734 85520137
35947 7920753
59189 214908059
90573 171367601
38128 70652163
98406 203478821
70085 292192301
82207 77320023
90561 447539171
91573 388048101
98427 355924831
93914 624597065
76865 344666027
81481 361946679
95113 626076717
80910 237345713
59162 153283233
99715 197531085
92805 287679275
63890 307052893
77679 324424321
55214 225901325
62649 41425439
48383 102913393
58344 106093207
58695 178175963
51794 3277501
96299 607128861
87418 631274865
22817 13540167
91316 675559875
46673 52462973
43331 85109537
91175 475787003
99773 153593671
97145 698657993
73867 210602313
92071 200861127
64694 27596669
42774 31932877
89147 639492829
96879 129895057
70556 340275851
88847 347352363
91933 485121837
71251 261323475
80114 96921941
51892 147864039
88321 175421007
81389 219752849
40604 15306979
96911 268399637
76477 442354401
91578 544547249
94545 300018097
71059 265461957
82391 103070921
57030 90595201
78651 164685215
90369 234347431
95841 163471667
83386 255748461
69871 190543743
99218 663659361
92871 343211489
77473 412160853
69065 347672561
90404 592793711
92779 98825043
42467 76876751
78423 278333747
94733 515365411
38383 63698613
89258 315082993
72681 369049691
77223 455713951
87300 6251767
82708 436927455
70673 398882071
80211 152405
95125 502483155
58202 200024945
65067 244392709
94353 199768745
55398 124070497
71351 146585679
89462 178045233
78203 326948037
34624 80793615
81363 332247157
75971 317663731
66320 28445275
74046 52268029
87464 317238771
83248 557714391
59486 21472705
76710 194034953
46278 89600869
62495 240172647
59435 188149955
80936 505654215
70003 400144587
71951 126263833
78341 143260053
86243 41112537
52442 98610249
94986 222431929
57105 232330793
42236 73742359
98967 671079529
68216 117013531
91931 582193463
51231 117492067
74495 108105743
52550 67927297
90810 640554877
76167 453915325
41213 14185295
42071 139782889
88674 458642021
83757 286218983
85559 138246819
43403 50691597
84315 432121453
48395 62325487
85548 187499555
89703 271824787
84043 370185069
66653 346706763
45783 124619029
79079 383755879
85769 124265463
93875 318696305
98513 4959073
89769 1473691
87057 489329357
75077 212602685
61178 238957413
31997 52344541
85643 249974963
93111 434128229
92477 358760481
85921 299601417
40958 92720441
93145 210213345
91628 127411039
75705 18694889
73976 230462599
96381 553292107
91082 168957789
89858 662212177
83408 439885963
83088 510350875
51059 188880905
80273 282335521
76719 478670893
44783 46304615
76561 436181637
73328 389697495
62588 184304303
46153 40145835
68401 70946409
83910 191023697
92445 529546769
89525 489039439
90665 444672205
61739 180510177
81859 79874865
63314 160408317
65759 77465465
60721 193617633
32981 71573369
76912 142480935
65693 229557345
65621 267439375
48974 74835661
71402 19580305
27209 4268077
81317 110367215
45562 93850389
30557 14090639
56517 126330517
94845 575185129
71229 58567739
85851 421943051
79617 222946177
58001 30670639
47157 5644831
26982 11534117
99140 415376915
90420 480384083
70657 340482381
35720 100845819
97580 541116551
60217 180661305
70253 373445131
33857 53345507
70211 304196651
95580 724524827
57509 121011649
48553 148791381
76046 258680865
38521 24227865
77140 257045259
93520 96308415
87530 312276193
98975 17397655
78089 322268271
58601 126567255
68383 277107897
82547 153343647
98708 120796351
47451 40996907
82571 76884117
93267 190251047
85352 563049515
95057 744301233
83559 15877409
56929 40892355
59600 25457963
49247 109270767
49985 139831795
98255 765063519
89999 590983151
78263 452055401
96827 626885007
90167 534888423
83123 26279957
40227 105830419
84575 555497533
83547 232306345
36275 98755511
92474 670575949
5820 969019
89667 556031945
97159 687097959
97343 238568119
79322 246342825
77645 33987281
70143 151024099
74370 135643517
72033 244952123
74725 117406389
88589 18023645
99671 206344807
69071 359840123
84120 481533059
95627 441508331
65805 338748521
25889 6628397
88457 307588049
65497 129337863
95704 246067107
88797 182448551
88623 195019907
29893 29236119
63497 322361241
82397 485681257
87555 383544497
81512 255821123
70790 217182461
80947 480793527
94412 322796943
75145 121657575
42485 25406707
77963 811689
84909 357299915
78599 208706233
76727 289898757
69227 330207519
99005 462328287
43197 35745637
86205 24623111
93098 463261181
69024 311871491
90395 373088123
79934 343073101
89142 535315861
77748 446330615
53320 176054799
98287 142554837
58241 109512327
79938 84122129
64721 153098793
65481 225636109
74480 117539919
92981 696391281
85583 454240443
70348 168898035
97082 629107773
40683 12169249
98543 707354333
63159 329720851
89513 276431327
95114 141167961
70036 195083811
79914 360424901
45147 122526077
82547 116509109
57663 161130973
22215 40762099
65269 276229257
81451 443245461
98303 323207993
72380 19997839
92375 310969113
63890 214637945
82193 480179257
86337 485243981
52122 25116041
93523 586545963
89365 49843395
98559 58496729
82184 386668963
87057 286328189
97111 277068945
59585 155537977
26627 40468835
72087 285082541
96689 345555325
62138 201597565
94374 660495233
97901 59816519
77698 469836537
53285 61528539
61127 275198423
80504 14247719
30373 33309753
95371 459640923
75313 375128817
64562 241800357
27269 57451799
90573 249722003
51095 193171865
89303 490130277
81014 154231001
85143 221217979
70463 38444403
98790 626718289
83279 46364221
82055 449466635
95832 418664099
59911 135655257
73349 139204859
84726 13477409
98885 671789071
95645 717462645
95575 398000745
86411 189252553
60929 228049579
75301 82316967
84155 513765219
54143 215455867
85334 425197065
83993 530871981
81243 385427627
76943 2218885
91919 524579387
54581 1806897
87801 70239691
14853 17069047
98537 202897263
43401 29714353
63809 8555849
86897 187363989
47483 51624989
75494 260809309
78184 41059707
99554 48181049
85486 506802873
79433 38938811
64635 488329
67361 320529021
49250 25825421
68109 57684641
51489 37341335
53531 217961497
85493 282656315
36933 67144699
81559 203726085
13031 11580535
73017 113194403
81902 324703581
97263 414211229
54653 165233157
53691 5342921
95550 45845737
57026 191844893
93674 349479585
59219 52318679
78923 342535915
76959 220061741
71414 234042749
98307 143262299
85187 187766717
39356 78207931
99853 669254073
66707 206370235
90877 252047865
29535 33279131
25866 52139593
56241 86559995
61937 150642179
92561 289295727
75713 417093879
50015 164003113
84097 420375381
48890 55051853
69164 348105911
46723 126430425
75139 390363171
59868 202800103
99671 518813793
80028 364263683
84665 381598061
77852 166672123
89738 567308249
79321 404804031
67257 56434001
66297 96814531
75900 410898971
89531 565695111
91790 253806009
71202 104436353
59529 276540811
95543 320588315
96101 308398195
99173 447591251
38407 2251827
69262 24343017
50471 172735905
96500 200805095
42785 21148687
74202 78537781
23259 14676095
92903 401657959
40080 48106951
90090 160721945
80108 257253215
74334 368507621
90303 80895623
88483 51727629
53799 37047829
56777 35296777
86402 205994465
91115 593129617
74438 61020449
20241 28138121
94587 343588513
95144 98423675
98163 85675607
82153 368073945
78161 24064381
64239 124516805
99579 316938047
64049 259980203
68178 326841941
99881 59815051
42867 82626715
78263 349678849
32099 36284629
44873 45694003
53537 99319257
52163 89211483
85184 572876639
95994 138858817
91848 62669479
46158 143677597
41608 18558099
58312 227245827
94383 126742261
71827 302480661
84686 377191869
76223 95765705
99933 240732787
86973 307627307
88305 281254511
83191 42688515
42689 28508189
78263 455670397
51083 15140837
75855 419659871
77929 131031645
79710 20400893
84813 419445163
94469 595969481
92351 307893083
68378 211524669
73827 354160459
90612 254169067
80458 245121105
87605 626673643
59291 132446571
85263 215466083
83533 44162025
77355 53830441
52400 183371199
97653 792110297
85043 518516965
66692 104656063
42701 99383815
58533 202965397
93741 382079749
43828 115696959
72486 184822505
85179 152295073
74759 122723753
85675 550441761
99359 809176381
97768 205420695
54260 82202283
97145 417594473
94445 191566175
67562 293768893
96431 40713851
34041 17352517
92837 532540523
95940 357653807
85934 88172917
93482 647501681
96661 482303139
63681 140293399
69659 42764949
63423 41531425
19568 28125287
90776 649736707
93675 551446729
81901 488129181
74578 228927429
55667 80468551
61153 93084531
99690 14373437
88109 622592173
79704 224771639
65778 249452141
77343 190411247
79792 503732259
51465 165172807
90864 595230535
72569 101836889
64369 113792511
95435 345190575
97636 134000403
79532 425496759
73142 204284065
63749 99275027
83349 291420415
55613 108751153
75254 81536505
48513 2757167
89724 270923975
70809 415741735
38969 54410243
98495 419138859
38981 117212353
58482 204453389
72009 392663257
98322 52220221
97770 738543277
89023 571542267
67401 9283475
87711 614177609
92802 169616057
26533 8394345
67083 86318407
99556 610017987
45681 105609047
86607 118885691
92408 624706271
72959 324596235
65813 47639103
91463 127676721
83183 115868495
94193 292184755
71817 25507429
98451 307975187
80235 196987507
42789 2138593
64070 255270465
89133 291613625
86564 68446851
53385 9687293
94908 140698951
84821 208259745
58569 243634759
91983 219088345
81513 59015201
76403 272227189
92648 467058115
98821 482717199
61419 306866587
95699 670292831
83993 363103481
54850 222717957
67599 375972499
65039 203658355
91161 654187087
65732 68636543
90045 392851633
80174 333312973
88567 1818141
93752 96622503
73535 23700817
98357 352318581
45932 60619515
83630 220346085
93183 68028037
86719 330392559
74069 380418121
85031 582883277
56747 26730745
67450 119374161
98949 345963085
34697 50267329
81373 221877513
99701 819752385
94662 115854565
92400 618613567
93507 337681363
68430 169752013
66654 229039673
36322 106324353
69366 128453309
75617 39641545
96267 444696787
82313 382043311
91617 647056159
81519 167186185
95240 476431415
87105 583434145
91685 216195847
83339 189322107
67836 299782715
58458 160055209
85603 392717973
57933 34687175
97158 374229605
97155 172825801
75835 239120829
64679 114485737
78933 209805511
67916 134631951
87163 71649909
64501 180044367
65370 112643285
96536 638459855
91578 534935573
49357 190669395
61938 153355717
85097 199071527
70159 278943603
59907 235732393
93092 688913531
88717 573220359
90585 282613331
70883 37872537
98459 85848127
71783 342793825
50315 80760885
34124 43894235
82133 371952191
70859 196716963
95004 502090627
85877 416874131
79461 442922537
79247 336488129
98447 539505461
94089 431892535
88941 514130665
56133 125340011
39207 6298019
44282 151778517
64826 143533101
99470 396472957
85593 581007593
92823 709492009
79030 514555041
71859 311760227
31277 36436243
81468 194072231
54825 67755235
83963 9768665
46373 63710017
82607 176730727
89147 646836813
62894 284615677
99809 478922307
48059 147525355
95288 560110863
96557 622003717
62135 295745659
49260 2939231
43598 24841253
38903 84000149
93610 139204497
69525 221089741
84226 122423049
37330 46745709
43340 63019967
78179 241756025
93045 250758569
55474 52266405
78981 268488797
68775 182769409
89901 399059375
85283 108838255
34875 79882565
42792 87647311
51434 141681685
48258 75537449
94530 676184509
84812 103787543
79415 285109207
57881 121145549
62411 185013159
93503 30343139
99934 551016897
78729 217120469
85374 203671841
98172 621115963
68475 306656233
57055 127283829
35681 56095711
61623 129988087
68249 387775103
76622 136233433
51711 105565565
94271 14967109
67431 85502057
84906 54278953
64106 244571285
73039 51123681
94590 668146745
77135 485928005
81593 241046767
58557 276018367
83607 561009023
94914 413813701
86510 478461897
87788 355977919
98343 594188603
60737 45277209
85265 115489483
98660 605848767
53540 168636239
90128 46343991
85955 69095629
80979 3035947
80237 151131165
87746 568986121
82779 481037063
88415 495661703
72198 422996605
39476 22030543
46493 99280337
98161 167814129
63506 10526621
20303 25382569
93669 482025949
83711 194890693
67939 16307331
32334 59279633
98438 386904529
53910 100676965
73835 266003527
88583 276909483
44413 159322569
87541 569824689
69909 168526615
44351 140537719
91110 243123869
96771 494960627
59737 195508365
91347 344368883
86711 608800737
93099 416757545
56081 54330863
95535 608176027
55364 56422535
90666 165540449
82449 340047679
97021 555069267
72461 170853417
81215 48288411
91875 39680927
79654 259747437
51695 105851743
96755 577932389
89536 141214587
87837 182636567
96896 433695007
85242 386045137
91457 363006667
68462 105868973
95472 184741135
22130 2901425
69870 342760837
57369 4832437
95272 234018615
71387 84188213
50448 132478451
76113 267531719
88208 620341447
93350 626376769
94485 196084793
44201 51670143
53813 67426477
93239 622664207
59360 203683347
77361 237289895
85847 154823333
84072 114905575
79703 122414739
86718 472349065
93619 64128819
41471 74455715
65209 104976981
81476 333909339
71769 75089507
81845 491620597
93059 301000291
90185 257310335
68144 170283703
68555 42363959
94878 410165593
55638 190807825
77935 31522749
77538 411986161
76389 115342519
86081 103075097
96090 263830789
80989 291135513
74654 324076789
90625 325892943
95319 49383571
40427 89526611
95311 347402397
83955 573155051
85505 312690987
78798 358167389
24483 23323375
92811 311832497
78692 80161107
77936 325366515
58989 100568795
97628 66386159
68109 274140233
72482 188433901
65687 323371965
82787 463698363
92936 541722123
74705 282571459
60479 249667193
92540 686367799
66814 330772653
95321 755539689
67902 106035905
85859 228421041
72408 338589071
93229 224568993
85881 334470215
50731 36006093
85562 285989057
70871 121854473
96668 158752979
99857 477945543
83031 192238399
67202 220479285
94371 165712985
96787 417376377
83619 160075547
90323 639952927
77147 420168021
96702 575606285
88122 57345665
82495 477598917
98874 189074053
89333 249620059
99815 788828969
98175 232637975
19427 8516783
93302 514275809
66494 215058121
39885 83976091
97658 196241037
55637 213040965
52323 73316381
58713 198533011
89234 482747337
97950 402095333
76523 14166451
95277 492403429
99641 31322427
47355 186145795
84595 171454491
97853 514972729
71866 212214993
95599 8303343
88043 128471813
93285 622016807
93732 550285391
50270 185187957
85811 225803537
96762 598524569
98342 299683793
66057 33588553
90355 346843035
89560 523806063
65343 58996861
97075 622306083
90318 77932009
93953 217236235
99858 820656941
79350 460618817
70649 295140365
97301 618473705
66243 332772017
89538 26570173
81272 45683283
88188 142830859
87279 485847643
95221 52642659
89584 654750051
95583 242625215
98356 428029443
62375 67231191
96881 355341839
94997 727711225
95985 649133495
95211 508424555
56291 258455825
72753 355957831
96194 416248053
78335 226254867
44339 4101675
79515 121224043
76314 361866193
34466 48576853
79191 401791949
91847 101798397
91060 8904903
77246 144235581
99966 64473325
78911 315365121
74641 387258495
88307 414507373
82563 327480359
49821 82267151
99981 476490371
94953 385222891
82065 227027663
89211 167969669
58337 56553955
67599 112667419
49529 86283243
53261 151951575
62617 325013277
93592 329735559
94221 633147419
94155 123216119
77015 484891665
80683 236576895
90621 138816961
62864 108113675
91475 570495889
53577 115967147
50678 189807369
25673 21087235
83141 309017151
80966 164944761
63779 127825743
83874 367990309
77164 176662839
94119 666490627
94158 139815973
74216 204214383
34919 43603777
66062 23557377
81312 207653543
37236 97787263
94966 9313209
85923 184257569
86066 224464349
94408 28475067
36223 86912415
85456 285625179
91653 128809955
84446 248080425
95103 424108229
97764 550250275
91994 363570921
98372 563695983
75971 119471153
74232 75276071
81424 137860467
94775 462809883
85415 39569507
79355 296020511
22904 21308583
46917 159763513
67136 219462183
70501 11475483
59663 103795635
90623 455880691
70805 325949225
61266 125398957
99973 332396391
83753 143778375
26312 11511707
96513 323706625
94384 322610139
96099 59459047
92249 603689231
74000 156004815
80381 165291955
37055 21370097
72384 198060979
99347 354984601
85909 466271139
64888 308483271
82721 314276295
77597 340883877
90009 533769385
87713 433071393
85138 307361769
62408 210918527
54345 8505701
27147 51855089
75603 401936359
100000 474459063
95237 125052735
82262 426423337
87638 422252681
79694 344196649
24485 33796003
53013 92220677
89880 66506351
70781 377325219
87539 10746045
78825 323926703
74064 87503035
57540 8128571
80390 5917437
94222 292626225
88851 150904969
98171 380082299
83542 458999961
86451 215057383
71678 19127241
93728 427121579
67478 81563245
53365 162117009
89909 213545531
75803 132568089
84741 117061009
67738 373886709
89171 396629355
74564 278027863
86157 349392223
91656 164813047
43577 121261295
95564 614878991
91211 131863265
70865 143619961
82812 363985763
59931 266565875
72846 412160869
42597 27548665
67451 305544463
71868 393654499
73973 17023223
70473 223643993
99363 363662563
86477 44711547
59975 120036875
76667 234760903
34077 40127861
70253 34979733
50270 18151229
82353 225944095
88478 426196357
96477 756805837
72553 336976785
31635 66609425
68789 104729275
84642 512496853
87424 295179843
67808 105772479
59352 288139663
85474 63876165
79667 329944753
62792 181959379
73491 245751007
70835 132772657
93974 543193605
73352 448189731
72935 81548971
91265 159088347
63585 266817493
55548 173965255
98910 45047741
91517 563403119
68993 354887673
84383 438829493
23165 8647185
82612 181005471
83348 101496887
85071 49943887
92987 355190939
95895 13620877
93543 40915127
98415 511074413
45583 6268809
66817 329059257
96365 428532231
89915 37793581
92249 87612957
88454 276048449
71345 129935893
78236 473413083
62701 49304289
98481 469750805
31433 76380311
82248 305037815
73245 270990253
93428 283222731
40785 68225185
96507 211712741
72305 257756297
89855 203762999
98965 279825159
90182 186137097
80081 109099205
66255 201790813
71847 176345875
39999 47527315
68027 70711331
74597 410630137
56385 264717455
63089 228556021
48953 101097147
98855 761278841
54393 233784967
88978 151381413
58235 74750621
90305 204692027
88601 136040533
97907 311563589
97679 614571645
80666 261026017
93497 500946211
47814 46725185
68369 46207037
94208 572530711
87139 527499153
86597 115648321
85505 589485117
58995 2914127
77711 327316853
60830 34673553
73829 225555881
59561 17135279
98480 501979695
56189 244994737
94433 239277297
54581 153279797
47607 83587517
92981 26584167
89370 571869037
64740 255642431
58315 137196807
75845 166081437
40507 57436113
91136 138970143
87004 514427955
67533 285562057
57709 224171865
56255 153335943
97129 387011433
86745 122407765
81597 530273773
86783 358448141
92885 138941721
99086 434510561
51457 22797735
84184 460022115
86657 294205455
67872 302976635
57669 212045525
98004 516078023
94796 419587391
90111 121600193
91783 85539177
55415 49884823
91989 393193639
70814 275889013
31281 75260681
91519 243232047
61198 254233857
68577 235700723
97733 450196033
90636 454164835
71675 202367159
87934 382040685
51259 19473513
74425 88155777
81410 412928693
83849 396374625
79941 470840227
21125 33532029
83105 468584951
23423 28199031
95966 394523381
67337 338074849
84713 540304569
85677 135479585
90458 207369749
60371 237075975
27222 8501873
83907 26567873
81087 200609311
54446 212813977
32800 52137759
82622 86377033
79202 243960669
95187 37747343
81425 158104967
98840 316846663
90240 580122535
72396 200532739
82445 487648733
89402 149648445
93780 47793571
54933 222896701
93141 613258009
99949 525429879
86468 193142611
59891 30634675
47677 78093267
35369 49897519
81825 548386711
52935 194487313
91047 651411709
88564 137894199
63518 326351945
51249 106978795
88164 369974107
76351 220423143
80568 501694687
99597 763913867
57889 41355093
16819 549279
92137 264456663
53423 225618279
63497 245078041
57505 187086207
88451 650778181
88520 248716487
37327 76407273
80051 491404513
59588 44329299
87237 316516949
86519 117005143
70225 330857067
88680 265160167
72673 156729771
96843 414324071
85547 5486243
69044 47154699
69086 70438753
86564 580836095
54449 50476555
93380 58052959
80553 56956999
92579 307847205
93354 418978921
85301 260187853
92427 419212153
21645 15278215
94928 646278603
72428 3630795
99914 145491169
89207 370833423
94882 368044113
77435 20410729
99412 767818083
64623 267068539
75287 184147179
87925 165030129
85007 230330595
79403 217791801
47461 142025163
91317 216046355
54845 34024239
61955 218068377
53563 96612135
20435 20820309
93252 536345983
84737 312469195
88968 267118931
70020 395748895
44448 14127691
92063 338565923
75917 270220609
85613 18578957
74927 304236177
76479 289820815
26174 42095397
64805 106421721
60477 217335191
83798 431360237
95463 143206585
81021 85697603
87252 450907507
99229 730060959
89180 330286263
81560 431981675
87441 172484995
42891 150862025
94070 449656149
98907 766019497
91487 308111203
86448 151902191
79332 115150315
91293 178670839
57774 62336617
21375 34928987
91496 154308539
68801 117277681
57602 186019729
81873 364423657
70771 397897629
67517 179576695
26107 50032251
63974 143062521
84414 430567957
96237 526298407
37209 46711717
48713 43737847
40435 13511805
66792 184441031
86292 392087435
74586 68999585
83173 298535277
86087 333465495
74658 273198857
89161 21481977
75849 423139289
90975 231918209
76694 272850853
98439 586684195
86322 446984213
83491 309414195
78921 69269863
78878 493667261
79598 227054821
89357 221347905
92984 517167131
88176 325946627
97174 337670997
91025 305141267
65333 116936661
21755 2834793
92369 123491499
95486 286636629
89153 141705259
97579 464589729
95141 546695225
94085 485895909
89889 257078135
72383 374361071
91169 20057119
89867 308473433
68147 158148439
65039 127774215
71153 179884003
76102 86388693
74547 79876565
95541 655068745
92405 77001729
94530 198003725
