-6079 3957655570
70403 8376352289
76757 8048716712
-88547 4507739765
14969 7621347658
-6019 7794810702
6695 2846101288
84921 8816430829
71157 2206189535
66493 9105271783
-2397 7508002160
78543 9102267314
48775 9097672575
-81905 6624786959
10103 406371104
65855 4757458844
-30637 8501637325
-70815 1634981091
-99641 9221233645
-99987 5547138120
39413 6783390724
-27825 7029674276
32749 2268443911
-90097 3047179161
-64187 3313833189
-56171 3058576075
-90403 5041499932
35469 1755041425
-18643 7284309623
-30383 1957279590
59407 1879621094
-68125 6756050567
-62697 8390744803
78333 9822775227
27743 2779200969
57789 2715225253
-78867 9990219364
72151 5381596411
78873 9593960773
50413 7360513933
-82423 3450932983
6085 4992882830
-65399 7349757751
-4353 2923153805
-43537 2128657868
6069 3793693562
-80433 5955523729
-10579 9828447209
55807 4727708780
40379 6130633598
-66931 1776994109
41059 2147388362
16735 3010384172
2855 6638382482
-49833 1523978375
-38975 8700935149
-49203 6145172735
37015 2069273821
-89547 3718171154
-53281 8990449759
75613 4255778357
-85637 2770947228
20557 7507681110
-92491 3115008643
65577 4315029298
-52287 6992008535
64835 8306088467
-73167 3729309806
89975 3490249757
-8223 899783104
-17419 5702742535
87523 3847422371
56847 6567950414
-41149 8464372466
87471 4058928750
-63407 6036043264
40959 2727744425
-44523 6027008670
-41347 9463109300
27687 6893806654
-13529 764879857
-29625 4627485240
88565 2513305664
66225 7010528450
-69367 8116553841
-84405 3987933529
82131 6548290521
16287 4534557968
49611 5872616347
47089 822935632
44771 1084229001
65929 6347961971
-44567 8531317275
7887 4834242283
-73053 6116022002
-22739 9174960659
-50889 8870917801
-75533 1496630034
-49103 5403314844
85883 2529362124
-60955 7744948065
27115 4050200586
-4885 4956478902
37827 9361914152
-88175 4635925885
-16503 6554393606
99633 2698365268
-93359 6071030214
-40611 5302360823
-45967 5565027990
-71597 8823751527
151 26206690
-4205 2531717654
27287 9943685780
54481 3826861270
-65905 6717461289
-77635 1989507259
23083 8498255726
-41459 6730576170
-85573 4276879265
-79349 7212957067
46537 2643577049
5781 8959356783
58663 5609896579
-33535 2114079767
9507 3086478553
20551 4509373437
91009 5278999998
-5737 6730100021
23833 7032469856
8647 770629260
-82721 2733529453
19953 5751957478
-11087 677374273
-66181 7489206537
14883 2005573434
49939 8962913219
86975 9242740790
64791 2278098207
-32661 9022622399
82609 5214029663
54151 5621246265
-35711 576734047
14295 6021546579
-45041 2743886905
-9915 2268272790
-89597 3491343048
80805 6993711457
15291 9552349831
22583 7412989955
1189 466608849
90121 5068057941
13705 8793881240
-33599 3077762061
-61709 8765237154
20739 5196301038
36403 6990207105
49361 5723372704
64481 8471903795
87211 5057385845
38695 2951965566
95965 8915525364
-66517 8681406134
90347 2058514344
-10059 6969235981
-33239 4700631791
96181 4147163920
-51717 4769959036
32355 2288553289
-42581 9761577505
-11355 8785221959
50717 3824452924
18297 880708888
25445 2337368042
2769 4819144354
75871 6846207173
-30627 683271333
78437 5618554203
-847 2738941640
-69913 5381377518
-42729 2113950692
-24897 1877002100
31849 9477531166
-32321 4226471321
87889 9999126807
35751 9748818242
-58443 4631654617
-65463 7406402602
59243 1688448797
97275 2833202530
-24819 2168091682
48443 5690498874
2303 4886968688
-77985 2086483150
-97763 5679158157
70661 6202000164
-23209 5318097508
80843 7189971331
-23881 5880704404
82087 4547406341
-72967 8093065096
8609 2181110762
-79671 5889581472
13273 9890703615
-21087 1727588491
-6631 2825440894
13223 7648430480
-3467 6674135394
-7889 4946181896
59071 9758409669
90269 2751444993
62955 3918870419
27889 4023837380
95813 8002898880
-9517 2012505233
-87479 9585348492
-8093 9073122167
-5315 9051228970
21405 1619220883
-32333 2217203857
-83857 8615673399
25725 1491045295
-87869 3123360924
82771 5357670681
-54177 3637497741
-4239 4056131010
88859 4876679934
-79553 7060123911
25957 6806259355
-77387 4318989671
-32449 5463674884
57641 3062834364
65889 5533711831
14693 8103031183
-61331 2986850960
-83069 5154308226
-90117 5375745455
-58469 1323152370
27185 654512619
18535 2593118458
9273 3432939705
-19823 1071998527
-61237 2080407024
-21671 3451859402
80823 4714244691
-61709 4145617523
-49223 1648273555
8573 2728186547
-61151 6398271214
7469 2222352133
88739 7091446964
25995 1099604490
-54339 9115675913
76841 4024021421
81121 8927076872
30107 9686736293
68449 7693792112
5633 2186848221
64497 1307596488
67121 5059970962
25305 7793336093
-10207 7156278064
-25513 6373706942
-63753 9504227558
-59981 7586280085
-78587 5076820681
23835 7591490855
33331 4158303551
-80299 9879313313
-22733 1646177134
-75011 2016079425
-43083 778463738
23775 9326784666
-21911 816145785
-34689 7319259267
-9499 6149384458
59813 9841881369
39465 7474691996
-2459 1550894997
-49265 8107791553
43795 7698001807
70337 3179161656
-51901 5576471461
67753 3899863211
-42935 7593133651
36107 5263202577
-4703 4693844737
-64131 4463002516
20987 1200708500
-48177 9109610080
-56559 8618071686
243 72210071
99665 3232615894
-94369 2329487723
45557 9767242190
97971 5207545230
64117 7544074265
-76825 6651034507
1043 5193989866
47685 4243344306
29757 2584161292
97073 4632189740
91937 3402196714
-91433 4283276225
-57349 5192052258
-43313 6731569487
10289 599864400
30115 5485904745
63427 2631159475
43731 9804324477
-46789 7132031697
-55101 9944988470
-70867 7340904447
75973 2829914152
-40125 1219517278
-57003 7664538806
-27133 4107111259
-98309 9706777339
40191 6180700981
-59543 2267494919
7899 2959914243
-41611 4166161460
88315 3640051370
-84661 4789959730
-45051 6308897669
97721 2611547679
64321 1945795132
-57053 8056285488
1311 7215750381
-25073 4150220910
51959 2847646830
-18081 6646029613
-81795 2897798858
-76919 7909743642
-92381 8765924031
-18725 7999672240
20807 1680378632
21211 7203376669
-12377 5144453707
-93697 3358566304
72997 7345982253
85937 8185316590
-34519 6262353773
-7919 8015310073
-21815 3112584055
-82251 9232861496
-38895 2589340036
19455 3825282309
-69781 6287431358
53711 1590692329
-7675 4417044780
17651 4527877158
-66055 1146510543
39159 7748328792
49679 4880815345
781 2037759197
-70799 5968240570
-67085 8455645238
-14957 4626928911
42709 2108799881
51041 6622446429
62801 7413223307
-82523 4176600049
-52001 4172966139
67323 5186392288
14361 1078613580
18393 4877394087
-12087 5759998644
38247 7935598432
-6427 9900976205
46663 9609993517
19485 3175272329
-59733 3900682062
72925 1667934028
-64587 9213428578
82421 9379200159
-38209 1024891484
-38533 7156992052
-75181 3057637491
4959 6421019474
-24201 1864569541
-96267 2383524623
15795 952857418
77771 2920364807
60771 1549716219
20331 5546673642
84279 8207617678
-37499 9998471373
28703 3068479931
-14713 3519220603
94827 5449023281
-22269 3789678953
-85255 8260844868
-41421 6060914304
37077 709018945
-29465 7319594673
25367 1080054013
79167 3344034039
-21305 9366030110
74761 8193260574
90583 7738060907
-8885 719125816
1023 6110930059
36673 5109905640
23491 7916120622
-3767 2682671885
-72235 4682338720
65097 9686022307
-80595 6683475987
42015 3125401430
49611 4067662090
-68603 7992801053
88697 5148920548
-13967 9200823589
14813 8261721537
-88269 7585140951
66683 9789114703
-72923 2415024317
-8511 1083420016
-20605 3671234293
-72957 3115883519
-29971 7899991327
-40483 4212742239
67193 9339716237
52927 8244483616
-6073 5889821511
9925 9822562839
8035 4314975853
-21447 7395213887
43481 4267362041
42195 8919929940
-54271 4171649061
28077 6893600087
18263 8282312192
-8647 6359415767
73065 7366404228
-26155 8795614657
34185 8863461702
46173 1877547908
-64461 9776102505
-54377 6229589080
-46075 3121057962
-14035 6237311537
-30645 1426785138
30743 6322604522
-57113 4622090661
-93465 9775990188
-21705 935561925
-92711 9330229920
-93045 9707294552
90737 4299452873
81969 5908616547
95763 4666902747
22067 9180411361
-25505 9691834265
5697 9269217748
-46609 721912515
44269 2283982835
-73005 5017372012
20195 3099243693
-56593 1421742254
-36967 2467030886
-36383 7954652812
5729 7613407628
-22849 6842630286
77623 7403395865
-83467 3669792398
-49345 6539949071
-71805 8949129251
-82617 6666995293
17351 2021511724
61431 7013964052
30457 7312380254
-7129 5480884854
17437 9374009175
-48133 6674093474
-58559 5615216621
-87929 6403668867
11413 2047487421
-76139 8202474580
-81635 2750551570
-48243 9052852110
-81885 7992651373
62309 6463203840
-17873 5741420295
35739 1043572279
-46919 8233378354
72931 2002282926
-90467 4574497478
57299 6712796394
90479 3056823316
12069 2789684422
-23839 6758659459
-8263 2077794904
16521 7506505014
-92487 9913650946
52675 6178601984
-36277 989039292
-67283 9341339899
-63953 2419936140
-73429 8925334963
30831 4556470121
-82397 1804994166
-57195 8021722395
-52603 6996442125
-14223 6102009547
-44271 1923913493
-19227 3395652915
42475 9591242444
81315 9791094683
-73127 3512111964
7555 4851194464
-38005 6694344754
13585 95839833
-17077 713045675
80253 7634037848
79199 3245079582
-43121 1229905795
-94629 8946470023
40331 2030302812
16965 8910587073
-49043 7867598689
-20551 9913535759
3451 8191772263
-95269 3641852327
-38437 848553316
97817 8528261444
-54241 6359922511
-70773 2052197417
-17547 4905421178
75065 5608202551
72779 2746202234
11031 9327451741
-37607 7966526589
84679 4849284863
47479 1812673754
57133 8595385744
-87129 6596612937
21879 5823860058
-16703 8497567755
-85785 6925544095
-28853 9556742832
21499 4605900548
-14867 1354871043
-86461 8090270512
-36931 6486872425
-9847 3983847872
32699 9881881609
-91297 7663435285
8505 1648242860
26869 2500516874
36055 1147162963
-22739 3138025972
98575 3293451430
-10003 110280151
-61367 3808704403
-77017 1880337922
-32111 1884084519
-66123 5969201846
-46343 1662480021
-87241 7988813482
-46047 5184872948
42949 3796834806
1027 2130644475
-32449 3618506435
-87873 3108093452
-28323 4927918124
62401 3503102689
-14789 6964547716
-52675 8909957192
-54953 7992653027
-6755 7500407354
-61349 2417766309
36081 6028238849
79363 2252975958
-64831 6774780117
78105 3592465987
-23965 5202056149
417 389390190
-70091 2450561030
-72943 4119604100
23509 313941011
-32903 7853766492
-8965 4994142270
-96417 9820982435
-97443 2652534662
33627 7794166718
-30447 7528952799
68599 6146309404
-74213 6297663907
60621 1545622141
49177 6727843152
47207 770332271
-99461 9902769687
-64935 4863129066
-8705 2679967990
53267 6442305171
-6379 6198818662
49945 6717854926
-83491 7036537736
38213 674002701
69139 1686085847
-21553 7839730672
-38957 1644686669
-77751 1700369103
82929 9307212282
68641 8576410147
81797 7679186488
-88615 7139808102
-69973 3493583936
33499 2934082665
34639 7359597832
13119 4598483890
-73845 6496934528
46059 4841891080
69451 1401482316
52989 2447869358
-96539 4668125827
-79965 6942706117
-9239 4053265860
22867 994803684
-42063 3188172897
6513 8306716619
24497 8111724034
26181 4727011372
-11975 2670114139
13843 7173983348
759 5908379823
-57063 3058013609
-66547 9296243749
81847 9014652169
-67039 3569101795
-88823 6410533759
46407 4332101599
14359 100532168
-84893 6921809813
-35497 6571682167
42763 8848776582
-38873 8084004963
-62409 2510011227
-15373 9654099202
17433 309205809
-27989 1961752893
-97015 4289639582
90529 3541325972
29517 9598759798
-6573 6960807321
-57699 8992837921
-31511 3288805852
-50331 6103095594
33407 9376298967
-79371 6553388099
-40641 1074534111
3619 8352151010
-16651 8671964895
-67619 1560000535
-33701 5713062358
57463 5863387846
62099 5755614641
4341 2417132953
54919 9346094473
59293 2532886286
29465 4141747168
82781 7048961842
-10579 896980044
-32143 9245562490
-43395 9450183700
-11093 684318355
17389 9898102763
-85865 5785745921
-43207 2134731588
-51709 6085601321
26231 1078596381
83135 9706210194
-41249 4495864982
-16993 6102767365
44111 3058034912
83891 3936275601
97969 6348013863
-32587 8338828347
97875 6963000487
-6585 975082151
35029 6489896976
-44923 1661290882
-69025 7026096174
72731 7049159546
66471 2078850629
-79541 7358620563
-86961 7141681108
-935 2149492839
17703 2984814001
-96709 2766800686
-94417 8753786697
-54663 5109825562
-12113 2100089728
-26209 6200505789
35277 7375955010
-7241 2909096947
-61409 1498507816
-59901 4337037301
-82727 9998389151
34317 6787272330
-9015 2053795733
5415 9169015759
-38871 4391320885
-55671 2856178269
21821 1387445728
57585 4686335872
-56623 4618839058
16279 9347128840
50771 1354546655
74121 4178237977
-61193 4645569434
61791 2679903060
-95017 6547290981
-70577 4188523929
32363 7560723276
96725 8406582878
26415 2037643617
74503 9291767565
-84445 5837462636
-79481 7347575109
-39815 4188023303
37769 5777889524
57287 1458204758
68011 9130367770
1641 947234736
-42195 850488618
-73505 2458587073
-44055 5367751923
-15347 7299903407
-75101 9307833724
-98169 9282758192
63165 1700894921
-69621 8939755546
96345 8052402662
-16143 3146031337
-78209 9128891124
-21517 7072086801
14087 9312284399
-41911 8994194616
-65691 4322989549
5245 8699373618
-19339 4437227285
80069 3323334102
-3601 8506703362
44223 9545450928
-96997 5874186896
-54491 9953118507
81707 9235601299
22009 1863269815
62315 7711157189
57577 1929283382
68499 8046909561
26079 1109426551
75509 6270242618
-26917 7491054922
94043 3258422186
27163 7959544392
-12347 6988859077
-25423 8892974925
93251 2554003848
-24739 1711133425
84203 7478388300
-29199 7105935799
93733 2437974447
-28873 2139218627
45787 9612748786
63361 6201579398
31143 570112908
-81609 7014464216
-96097 8917625616
-46371 3412828168
3309 5142734359
-86081 5630531322
69503 5092880785
-34331 5138081902
39007 380487558
62215 2071066790
85045 8933400564
-11447 7604439027
27941 6795784369
-72381 3692731822
-44537 5749400573
-5917 8000289967
26699 8689278886
36805 9408405762
70345 6513821359
-3995 4719507505
-1645 5621926403
27377 6966733729
-21797 3622171546
-19611 7208433286
-13135 7463638353
19799 8118705285
27517 6285956645
98791 9075584188
-4501 8868190015
75501 9292151649
-97077 6253519975
-2437 9804258420
37739 7274730421
76737 4540170737
-15689 545022999
-84575 3124325128
-46537 4673622801
46865 5806486359
80445 8950453543
-49873 5976550237
-87167 2818232863
18891 9882087391
20967 4918158812
-11071 7216460585
15749 4145001863
-1559 3301085331
56689 2957436169
2403 9335952437
39737 7651937785
-20521 7300598218
-42705 4049221442
39669 9900905729
9609 2933895494
59275 7243512028
-21245 4298937057
-3921 9802182908
41079 2676049958
54685 3874575994
-51433 3557364765
-32979 3109846483
-9001 4354564570
39041 2924139942
73599 7292546866
58285 5438836933
-49319 2912581216
39623 6470254808
-64845 8730076889
49331 4021051481
-70803 4476591369
76145 6832074114
-89035 7811644714
-17175 3087024367
-19769 9486154396
-17897 6878562786
-24585 6343825544
-29103 4818726281
-29227 8096287798
-55911 9346328636
65679 3528521193
97525 8685155149
-38491 5809774539
54071 5497373256
25753 3360369431
38293 3968977692
98979 5218889259
-38041 5466083161
57939 1780202406
84279 4255757879
35051 2339926861
87971 7889097138
-74833 7734319010
-4781 7619868303
-30901 8992528542
-54717 2781632117
96073 4680908568
22079 9286257428
39541 7661624055
2909 66182030
39303 8808845501
39949 2900600461
23527 6523337085
-67725 4635148351
-9293 2927516282
-16011 8840919854
-68295 2220130433
-64673 1270882923
-31601 3935987773
-91289 4862734412
92627 6058617428
-67895 6310761895
-95443 4458710013
-42917 8415924790
-39415 7339906241
-1311 5579190956
51161 6444605374
67445 2282000937
-53573 6766233550
-94759 8780368543
34883 5593751014
1955 5885051849
-55241 4663998292
7167 6832496149
-80831 2711145224
-80941 7681495705
-43629 7303543459
6891 4021147808
98467 5790198884
31717 1789477438
17453 6263691731
-78869 6901894937
-31947 8691813889
51171 7423855581
46601 7917317507
-45961 7772785624
-21293 3837154939
-637 6637918178
29381 1396006758
84363 8573637223
-50039 9431913334
77505 6887405121
-931 2414323192
-18517 1304228686
-95399 4606035495
-4047 9290108576
73499 9116716128
85593 2319721991
55529 6591210518
-63995 6964012407
-67831 7472978668
-39167 4479880294
-76173 2636775306
68275 6919770311
98063 7048775796
-60873 1975076695
38077 8116345786
93723 3920185815
82675 2508572130
37629 8611460984
-47315 3857664358
-45129 8669715316
17839 5060959750
-11949 1487765903
-47165 6442963302
13097 1913075475
65067 8553137227
24461 6274390797
-5391 609947293
-52827 2794587662
90203 5331591350
-39603 8310229810
52963 8265744676
96987 5166914395
41031 8014666576
78517 2289973036
35585 5088081605
-647 6524328401
-83947 2466194516
50059 1720398192
-2545 6575577871
-83289 8804055760
-59727 9243337786
-13623 2869043371
-70643 7700296407
50783 2409262252
-62767 7026752556
-21451 9591448723
-71659 1798587159
-95411 7667722053
-9305 4569881182
22055 368466547
14763 2044364930
51389 2160089062
-58317 1471016135
79845 9930590113
-22867 6178933835
36965 7926207476
-70803 1932044267
33359 3670332166
10355 9514177529
-71725 8393456232
-653 2763386540
-30115 7573445532
28539 1720649600
44365 5292416825
-2023 8359914549
3701 1548358994
-16295 1317919283
43365 2011070324
-47915 6314959815
22309 7063895700
-72245 5468239909
3429 2443734256
-87985 5301233379
33549 6048611159
-39023 2600093867
18225 1029201984
-55303 9419762000
-90023 3337731929
-82397 5788212039
76027 2183306091
33843 2962930929
7365 4857273901
8105 3042575813
-58419 1097375708
66247 9232413106
-99269 9160560166
-73235 8898423537
-27121 7372646788
-47125 9863625629
66251 5625341238
93791 5391686851
11459 6351195926
-80687 4036179516
53041 8344875037
-55211 2664874344
1933 2759469730
33839 4725471802
34589 4461059787
-10647 2078883332
-19819 2140919905
-2293 2471846945
-32113 8475311069
52405 6045719184
-80439 3863827789
-86323 7792635560
71395 4906906309
-54751 4440046034
4859 8966671040
85749 8321265411
22635 8835543710
-27535 4878224356
-10223 7028314889
-94491 8164671949
-52583 9029294608
-18395 2668112382
-11755 2752202049
70641 8896593337
-52149 6766403612
-60309 4508698939
89021 9823687525
-90185 5259565010
25927 4999228275
-26353 5838019650
-28435 7468644484
-18709 2701216556
17103 6316856623
-63141 7716195393
54455 8792022104
-18591 8851759728
-89159 2231328057
-35257 2893517687
-80125 2196034108
54919 4295533913
-59867 2833338002
-83599 5297697115
-51049 9372694591
28623 4287908713
-68975 4788902507
92551 4548989734
-31951 9917267627
-32197 2315674708
-72977 8331693513
66695 8958597389
64429 6331145322
46991 6357345545
22555 4689572639
-64063 6773244123
-95167 5224257127
74707 7205817683
55463 2886128675
82847 6567515714
-4551 1425416308
-8387 296716744
35111 3424134582
76361 1582802365
54757 9783643733
-7117 7960347555
-11263 4939019475
14799 390415826
-88671 7549471720
-35905 7284750523
58431 5314514977
-12115 3097923700
-86197 4170479546
65887 6292687361
-36731 9242578352
47937 3704201880
-815 7779349128
-94081 9933951981
-8301 8441958336
-48975 1367798536
-94095 8679444908
-82847 2863592280
-75167 4596235916
31103 8895519076
67445 5525758139
78091 3584816151
-9235 5394527736
82895 5502487029
-19315 953622610
92501 7684941934
87739 9927602389
42369 1869603081
-45163 1469206476
7403 180601850
-30907 603019938
27855 1642742712
53217 9593581409
87047 9294747317
66337 1823102319
-59927 1406589005
-74267 5179229041
58771 946327274
-88343 2968548918
-29497 1303653673
-2165 4106200328
-1117 7057623987
-5831 9387977273
-98809 8388235664
-49207 4037299836
-4289 6875475747
66345 1444065942
41089 9484962050
-97871 2573002588
-69725 6434119711
651 4310481366
-62603 8403514594
-23455 9615737948
83665 3281780098
21187 269409790
-19907 1554331867
58273 1610193250
-58159 1969417774
-39259 4746591126
-13279 9151169988
36447 9143191409
-72195 1337701232
19727 4545513090
-32549 6473055463
-63075 2356696889
-79677 8729299260
-65221 2720042153
38893 2026903527
-24921 843555964
-26851 9431872380
-67467 9938298634
64877 5254471610
99485 7999406220
-73833 6699162786
35135 3406377334
51149 4454347371
-54823 8978337764
-6439 2209630255
42369 4678063313
35713 3552770902
6297 9227490362
-20625 1996350351
-82585 5404840294
40255 9740446728
24733 9305222181
1665 7250346750
36545 2192423030
16169 4852146203
-33921 5818663038
93369 5697845939
-64047 4598963940
78437 8593428525
91335 9440570409
-79193 9882127573
-53273 4822636122
55407 8877783605
-4377 2457623786
-38883 7996110568
-32627 4202659832
-78385 5321707944
64653 1694122000
12079 1516509894
71745 4050907530
58089 3889257620
72369 7114543561
96567 5783107649
-4561 8577168527
-86391 7482842814
-15627 1286280177
-61741 3456944397
-9853 8120179533
78735 5329038541
20159 1807806242
-80717 6236181556
60995 7483951548
-49717 6930439526
84421 7380741967
-61609 5851463558
33045 9249189418
-11247 266457022
-71759 2180194567
40937 1833446167
-69395 7483822374
-10613 241919528
60745 1245112924
-90801 2597706310
-76189 2697935141
-90883 7778962021
75435 2051779022
2937 8157936475
22767 4147656268
-62687 5606089598
49355 6714386284
-55047 6885894487
-84445 9187283393
16335 4422197421
-51559 7758810162
94647 4606200710
-18745 5698951205
4781 2095054298
-35243 5965255248
29157 8466403631
49793 7828888198
-92677 6085918642
-75629 4891898090
-72801 6827961555
28011 2892183702
5829 4276451344
88901 3274867012
83269 6727011535
22031 9772980273
18949 2576725541
19019 5496380823
-91421 3796320888
-38605 9418689119
61975 2166493571
72037 5698414286
-95513 2401713364
82973 9082870925
-89687 2400190042
18627 254881123
50465 4536825764
-45975 7014501599
-72059 6789860768
-62723 6072258315
21017 7289689042
-77397 7357421201
-31597 4826636562
87363 2607454838
94495 5440661998
-42777 6012523744
38747 8306512228
-80073 4117667599
-21515 8424199485
-47221 1343481425
46983 9573045840
-36103 1967775698
78061 4763374369
-92765 2807408845
-15677 1383352200
19465 8222780934
57389 5790830746
-83225 5535510931
-57243 6395803076
-38913 6123239497
-58081 2179279347
-35879 3608054455
-23881 2417164791
24189 5824895936
99179 6337097493
64375 7781655467
86025 3184844859
37253 7062392026
24073 2251923034
-23253 1553423024
-49115 5073889360
-13105 809719523
-85201 4667267378
-38425 7675238238
42531 5318222798
-23375 5648079938
2081 880422524
-47719 8142649930
11661 5822552320
46345 9949702601
42819 7419727613
83709 6559266609
37917 8751919832
87597 8035428128
71183 9012773800
-61747 5721535264
-99955 2740206541
-77225 6184254355
-59931 4873630473
-42745 3867444633
85411 4297325787
-12287 4335419151
9975 5658163229
82247 4334695315
-52661 9374871586
-85667 3997392959
68041 6140351212
53925 2128426261
24155 4679849733
5617 9330376179
59895 2528001482
-52775 1062100707
93931 5242920927
-34177 8979129865
33489 9621419962
50389 2726297707
-41891 4295921479
-33349 5888546614
27729 608108295
-81257 3800090671
-83183 9408379797
54149 9450095265
-52711 9708348852
94353 2874906368
25589 2808597075
-27113 5314987437
-98863 3487306284
-7219 7157530575
86633 5132437166
-40611 8189876496
-55345 8800648976
-51473 8379838805
-98199 7198833071
-19525 4991271451
84967 4478434728
20321 2315870150
83035 8438721198
94743 7139025002
77203 2334346299
-45321 2735399269
41847 6366651619
-79337 5014724578
52313 2289938379
42937 4168344078
-42457 9222529880
-92351 2423705566
-92791 8449846407
-61263 9334475645
60043 5689011816
-60477 9346609556
-74311 2217640711
44643 9947258210
11503 5806966202
44201 9140256094
-85755 6920693753
-94401 3003841360
6427 7368702791
43101 4646566052
-17271 1784922893
-56533 9126357319
8867 511378545
77423 6663798439
8639 2320736881
-88533 4785179885
7593 5038690971
40415 4185471187
-89575 8759291224
-18495 7180678723
-11413 9876337630
-20883 2095239763
14083 3232241411
-13133 8392043511
74433 6888410329
-37717 6387768193
5287 6960547673
1989 6381877476
65899 4568345942
26335 8717832892
66535 3728343677
-60365 7676894769
-86353 9839657768
-74473 5173848096
99773 9596760451
-25699 6501805691
80501 5994560304
-1141 8546886796
92769 4679491258
-2017 2136145698
35585 8869945732
-96793 4119629982
38723 940534797
-21005 543121273
8411 9733877943
3127 4200098842
86563 2643175319
-42983 4907689703
-39333 5668267678
-79429 9948686888
11785 781670541
57701 8753092344
28603 2077540219
37489 9944920694
34789 2461297819
18943 9302638577
70057 5985473094
59027 2733973496
24641 8319446460
-39933 2958207352
83989 2140397113
77909 7211348122
62375 6377534871
73203 8534200488
80783 7110005292
51285 9662960584
42805 1766764180
-5765 2564157498
-1671 9348256715
-86087 5537583687
-10197 840218488
44157 5965511447
-6169 7943531712
-56401 9975717736
12971 2033039235
96885 5538210209
703 6615019576
94447 5410140805
31925 8229144923
-35447 1927834182
65513 8222586453
34203 8738867293
-14279 6633324820
1733 7428822653
62073 3060123330
64017 6045883685
86273 1919651166
69909 9396086369
-35811 5491097261
73921 9123718084
11127 4688691070
96649 3781666381
54113 5876054290
57339 6838701595
-15629 371932463
71143 3958601988
-44655 9865230071
20539 2521935408
-765 2717770840
73739 4176363555
3957 2691920688
-71947 7933126336
49587 9524296416
-26277 6590158188
-33283 4248268971
61359 2743635641
-62251 9479138963
-80167 3084576612
86959 7805892167
-31781 7181917373
28827 5655202113
69197 9128544793
-46177 4718715256
26677 6038426568
-41497 7145783510
-80827 4626453030
-76941 3455480714
43901 8362390328
-23877 5345863258
-58137 2777750294
27555 604888526
-64063 4035800826
19291 8129851856
36719 7334355048
44503 667053294
-71603 2460590809
-40305 1467565109
-25763 7447767686
61141 5147571367
20961 5332457826
13683 2748277050
-58869 902576569
29147 7966164575
-28297 6594347028
61997 3404085098
-13131 7895219023
-28151 9730101101
71727 7481495886
-78291 6979585104
-17951 3627837286
-67883 6841408247
92141 5067665660
15335 2669543381
-80993 7825137663
12181 317050711
74855 5429150674
-55687 9378426107
-61243 3205043379
-32523 913673402
35395 9974740214
87161 2698457945
-7499 8814359491
28585 5716245135
46391 6574751712
78651 9752494980
-35379 1596968181
-91633 9256511645
49203 8709944456
-36405 8404514728
-38821 5154770173
58329 4710934636
-69611 7769844013
-31035 5226274920
-73521 6328442201
-24045 6180078551
71949 8231671496
-20637 8863107103
-94367 3048948671
88227 7423455889
-40043 1156587865
-14659 127590184
42961 8440977868
39337 3346064283
-33203 7578239959
27117 6968104083
-39505 7322088685
-23761 1037062320
-9549 984232636
-82443 3569017009
97191 8109665589
-85625 4508914537
-66889 7709910763
-4911 9375475923
-80131 1922117362
-32787 8254947145
6701 8159912893
15523 2354674952
-66363 3593372829
-72041 3775516473
-51417 4472206824
36163 9302982675
-17651 6121558459
-49339 4995648768
71133 9106033898
17067 3893857505
61317 4889797833
-33809 9816917013
59243 9725021713
90685 8089586332
-73843 2621752487
-3935 5039313663
17699 3973982988
-11425 7989036458
26071 9730315357
16967 5836718952
-53463 5926914087
44351 2265527144
85943 8651631085
-87171 7458704689
81895 9121781316
16349 3003128860
-82335 6748708775
-46271 2306094431
-17575 4608794112
-33219 5242373402
39891 2292214659
88401 6872073433
-40523 2203592149
-58185 2804787302
67799 6061154152
13419 6867553955
79965 3044069319
15203 8861512831
47013 1024202715
-66799 8398875053
-48661 6277443305
13021 1319544411
53565 1270672459
87701 9298038381
19813 8862690937
-45181 8778894737
-56559 8151838392
5437 3000984670
-24045 953628382
-53367 8538222722
1689 2345375912
-2351 2544112720
83509 3270147028
-14487 9800240804
6053 1624383403
36769 6529749184
94225 5405641932
18741 1384759571
87881 2906833263
-50893 2885055077
14265 1628318140
93979 5606572732
-52063 1301894005
32991 1777340047
88855 8694215845
-25669 4796871504
-88085 2761219130
22505 2865217944
78903 1771848306
-41423 3039466277
-94427 7347948166
-63997 3869840885
-2905 1685069736
39269 5586387433
-58641 4485522926
-42111 9331340233
8819 5308239210
-75339 6455704402
24811 3196179623
-35253 2342024743
23575 6470367030
-39067 6864831588
-33603 6956776581
75239 1563192833
-26957 1504038031
-21587 597902851
-9899 1333664519
45081 2583031003
30283 5128456773
66005 8735583231
63963 5276912232
79193 3634370677
-42881 6270193024
23741 2200362749
38231 7095864936
-71759 7495734814
57117 1839450847
1509 5293715098
-21607 8618100887
-81145 4442350354
-59375 6172697111
-72985 5370989479
36251 2621220659
-45877 5016811590
61713 6716311250
-27351 8237062445
-43801 3537009985
3839 3223346189
68717 8310233457
-871 2044828894
-73299 7937208571
-76173 6874183096
-35169 871941482
-4097 2745339750
-3885 83593333
-39891 6960544292
-76705 7582573580
76063 3548805628
-27961 7497474886
33951 8377551338
-25703 6821790551
88183 7266039733
17749 4617356943
-83645 6144620309
-86397 3035542282
-23249 4254915754
-16071 6137482329
-80339 6295254925
-39197 6451236664
-18393 7257036919
62285 4639885763
75901 8188187643
-56047 5508770910
48755 2151839903
95421 8326276071
11463 3607024525
28415 8957718225
-11141 1286141696
-91847 2294593437
30483 1304843697
-68267 7142322274
-7587 6934107846
-44149 685485500
56381 9961283139
-97279 9403294475
21167 6169313405
-98309 7153609117
81177 5738344345
55379 1081376083
-38063 9917350007
-18083 9365115985
-50009 4321375464
98609 3929233775
68951 8593164336
34307 660157398
-53773 9850013025
-35747 6785033802
-58991 1835277505
2277 5479943177
15459 2150382701
84001 5970287736
21249 7452229634
-21583 4505086268
-45605 7085088375
-46945 2093137187
9567 7016160053
-50845 9373763708
-40743 7129810580
-12327 2720236823
87679 8560325116
-53525 9268121414
-58679 2041343934
75007 6457338464
-83563 3842127743
84133 7655820298
24251 2306102705
-23095 8802501291
-63599 9523169754
-7001 7272926866
-20889 1166841908
45997 2692339483
-15549 6386256517
-11283 8958554378
21155 7109631454
52447 7336915121
82525 5513488248
-92343 5566941308
-57895 9901656413
-23935 8470737694
-4785 7883045439
-28385 6076899436
-41293 1846327573
-82865 3254937031
18337 8276217264
97023 4124291816
67971 3529578839
-26377 2246933352
41243 3192411888
10133 8370047955
50347 800298870
81509 2654628932
66619 6426536080
-30933 9583259853
53613 1219013757
-98657 7698442210
-6999 545824784
89721 8674856615
-90309 7840119857
-10179 2852936302
-11791 9943375632
-64939 4782038677
-84571 5728134422
-41253 4835964023
91573 3184811260
33461 4587798644
-71367 2701810885
-76019 4227769627
-84753 7787382896
-53827 4649699970
-97075 9424745027
-15213 1158561541
-71817 6875689212
2099 8375223146
59437 3365348692
-66467 6574270568
49161 6094661374
-29369 2333761185
72697 2284874007
20501 2342159413
45035 4633758140
57693 7898435232
-64573 3087659786
4727 8776681479
-49299 8930615706
44541 6932049926
-57781 9933099398
-66603 8638680902
92667 6214735478
-97067 2706151882
88929 2873401617
-72271 5264717628
-35865 3377601452
-46935 4667163572
-46819 8837620342
95493 3959880847
-67413 5534908355
-67037 4127713960
-81647 5864040275
-29739 1326822675
65933 3044174749
17849 7893176720
-35455 7828437019
22183 6304986376
16341 4199847161
-12697 2476731090
26475 5111321815
98021 3991755117
95147 5504954863
50363 1038767963
-75497 4578277509
88577 7750066899
-37491 9864864094
-3425 8089157916
-72539 5598037464
28985 7806762315
92469 2489733214
80007 7047851741
91017 3093029101
25593 435468724
88495 4871250393
16695 4342718879
43143 6532297739
-27689 5227905510
95991 3853732193
-94931 6107850134
12861 5187436553
27479 4147262833
47131 7140782003
15383 4800362733
25179 6078724446
50421 4227443899
-5101 5743626204
-50221 9150691888
-64537 8285772191
84043 7952498181
-55579 4478837503
-35917 9836132178
72539 2618655688
-34369 3943195140
-92713 6234398888
34195 3858780910
69349 4572233314
-95873 4885127239
83509 7828168405
-51563 3111873090
50049 5865869982
-54773 5313484461
235 458361793
93149 7666482842
-12945 9121956049
15885 281541170
-83053 2476198017
21169 1656956047
50379 9474488645
-19163 8573441920
-32985 3898455960
59575 943892000
94927 8815753053
-60101 3374332788
-13629 6100508361
83727 8394720860
65169 2315173116
50197 7248372812
15831 8768547287
18407 782146882
-37103 1447999803
-87129 7455969390
20335 1011643832
-36219 1512159612
71727 3879769480
96987 6445850204
61775 9172104960
-94535 4982028488
30585 3069968301
-31017 394648716
84395 1815844948
78181 4417048684
95439 4762901219
-16035 9305001639
-81931 7770554839
65093 1187454244
-72199 7371864603
-24861 6265917799
-55327 6377541558
27259 2059335643
-77235 3245922670
78419 4109698923
-7269 2258683579
-24127 2091310856
43121 4193912051
85095 7215460208
-22117 5367932003
-65251 4077468270
-37363 4410684862
8199 6043306591
31163 7954944191
821 1562666875
68011 2827273872
-85307 3297911497
36477 8144269769
-66309 1745479244
68103 6691606625
-65967 5732577904
-92083 6676649313
38521 1689803817
89529 4879586363
-43473 2946331024
-89027 7651797673
-43497 7094597711
-63183 9760459775
-1903 9544751283
22337 246893219
51289 5436477806
-30271 5450449343
69797 3388613746
4449 5570602679
45181 6261078410
-49157 6417103528
-20097 4763246566
50679 1846541999
-64257 2409659774
70873 5771213696
2379 3777971195
-5977 2708623377
-42087 8591778157
-59467 8681515533
31053 7888087050
-8503 4135134744
42167 1750597557
14147 5940251534
38997 8186368197
-26311 7200881406
97877 2913329114
-56403 7253915692
-31439 9741471107
86033 9192581383
37505 9687916893
84931 4725046935
-69743 8621211925
-82271 3580302672
63921 2810875582
-21003 887997793
-71835 5211352851
-40445 3416599737
-54413 5583073389
-4015 7552000331
41799 8885194952
58083 9560953559
-55737 9986843209
-43321 5729328784
-72535 4860443246
58695 4542139712
-45029 8857839984
-82749 7923167332
62729 8164688911
-28633 4720632137
10537 5598719548
-32019 5746296413
72069 3586421283
-129 5156089535
-64339 5675690325
-88661 4851996800
-74275 6950963927
46709 7770657615
3881 1579475778
84689 6336229129
87447 7226909262
-93857 8766564736
60287 4472098816
95127 7887617857
-11991 2834642887
86113 6975041817
-45447 8430500418
-31331 8059080874
-38175 8916116809
70627 6186397230
-31233 9277305694
-89013 8396894878
69965 2372008247
26351 9591350762
17493 6491461713
-21713 2044708720
74219 2041512027
73553 1624097969
96079 7361970427
70913 4770367646
-95951 5581737171
14211 4826832524
71147 8007921384
94579 5987387685
-54241 8613192392
-48591 7433887473
63551 6672521130
89721 2460291976
68587 8762479742
-45361 4790697709
-85413 9367247600
56407 2766338472
11261 9037665209
81855 5153427929
-63675 3333802574
-75455 4685042166
93035 2341019463
8951 3652749844
-11835 6949797595
-59555 944149993
-89559 9273044872
-51741 9163629767
24941 2960646170
12869 6929324963
46687 4344708799
-10967 2212908051
-24197 2352738705
-34849 9580012567
-38785 7612570441
-5625 5389448591
21523 4948142524
-91759 2540764720
-99423 6828791679
-73563 7815625243
-59127 8491732614
-9655 5427559780
-36483 6490054918
-65467 4800889901
38693 3510616122
-74757 7636850410
79775 3301980183
77921 9301557455
15561 4031872595
-84857 3512315204
-42595 5007618577
48149 2737036826
-55323 8649676757
38173 3573377953
66757 4610839715
-55645 5796888028
-64849 9233356954
-75097 2092909479
66869 8014111799
75387 6448555190
64731 3712802908
2951 3253957436
45337 5969458578
-87093 4146589229
33393 1542472800
-43633 7214249940
-66583 1284536584
-67219 6052376673
-73475 8871904609
69785 6811291039
27943 4561177173
6989 1387324086
-56735 8502548020
-47367 8178587752
-32023 6689699381
-48503 6887659779
42197 3643467871
82015 7595692750
-38833 1756489153
-3663 1264605976
-19165 3315105382
-26377 9360639797
9963 7880896588
90951 3291232273
37423 6894345911
48011 9681770129
99757 9087767457
78791 2176029517
48523 7998464464
6973 6939640265
85063 7988194833
-29639 1669092512
-1121 9196379860
-51135 8016094400
11319 2883689705
-70839 3110104026
20801 6587755423
66467 5008818028
89239 8482901053
31081 441043648
-91335 6725496176
46955 6206149228
69001 2148407680
-97321 5790767985
-52221 6830582663
63517 3523455135
-12511 1637273587
-17033 5264347170
59325 9073233398
67005 6119069785
74533 4695824838
53243 7578639085
-38903 6251299704
-85767 2956517969
-17325 9003056504
-50287 1432929902
-20635 3688738091
26015 1601200743
18281 8153627234
-53817 6538553685
-11395 9727100675
64655 1922930180
-90027 6708674908
-51881 8425669539
-48043 1229948034
59641 2456447907
-25635 1434648202
49721 2619864500
40121 1125108692
25095 9828245413
-51527 9798664079
-6187 86960193
38107 5135172259
86139 9010054183
70243 9531570767
-78619 9109051289
26507 1046781806
92977 6057974768
-87063 5716522109
-3181 8429076037
47929 4281594434
64725 8492770043
26833 7466665840
-20157 9314710897
-23185 7706535045
25837 8632215590
71299 2868669144
-34653 845457344
-56449 4881539272
81851 5010673113
89429 8289979385
-96549 9653940621
93831 4685016826
-80023 8830338210
50383 5078552977
53105 3006669040
83487 8257733435
-11179 5179379962
-62443 8592478632
-84143 2513411160
48197 4101111286
-61597 9100185949
-24651 4763078491
82625 6526360253
-64081 4602650383
-40109 4793173348
91801 9662870740
-99311 4481634214
-9995 9223959914
-9861 8920423924
-43873 4972668896
-5833 228248908
92251 8720705922
27843 5782753826
88535 7405204074
4257 1345420020
-26041 1632576672
53367 4114987049
63237 4580211633
47113 8028590559
-10769 9042907494
35229 7015035671
77739 3894847576
5295 8788343901
-35541 9246540994
56747 5450263400
-42887 8062419112
-86871 6360579347
89713 3438057451
56273 4195430585
-54337 6986786522
29821 2118799839
85213 6140922724
-89505 6775619115
6929 1671947367
-12045 5620645553
-95285 5186300229
5221 1865871415
77785 4186966704
95341 4281692290
51823 5392967997
-3147 4837906876
26483 7947586275
-41785 3028770934
4651 4545643411
38617 4858444274
-61999 9322443990
-16597 287970326
-8211 7116091879
46507 2576229175
99603 5101701046
8391 3267858508
9435 7793355022
68577 2817557059
38057 5021303185
18297 3073448330
35927 4294545638
17843 1131424604
-67903 3602996839
-71013 6847863836
-66291 4063431071
-9017 4118618507
-83729 8032443003
-25095 1431213065
-93519 6637811750
-72433 3793095053
34669 9117535527
12559 7508082737
-87961 3486949096
18663 1473998257
49089 8454898221
-84937 2962447936
-21741 2518114324
-88291 5595408496
-92227 8120914736
2751 4900404136
9309 1620310334
-62481 9069486899
71795 4374898289
68149 8446616739
32185 9462209846
-88939 6491546241
-97891 4106566072
-93319 3162257941
61773 8940699556
-45317 1806811983
-25011 1168529548
-53865 3531764857
33713 2277435786
-3099 6490211799
78713 6806896552
-33683 5281918218
81145 5322510410
-85029 8816382689
67101 2752108886
80581 3532886146
52067 2557612643
63311 6298637489
-24181 6364684237
96595 8649883501
23369 4830657825
-36741 3383527159
24057 3493430945
-10659 9675307625
-6373 4276045983
26101 932960663
57797 5254518068
-69607 1790095347
-46387 6839800865
13537 1209168966
73633 3763759628
-83617 4308299641
78749 3522472511
-62575 1917612713
-22845 6019925077
43355 7973856246
-57483 2547310836
-46469 7743758980
68949 9951992002
78871 4123084943
70189 6476849982
-53799 2887147988
55239 3200097274
93415 2954309538
4915 2288901108
51139 6035238330
42493 7301733747
32991 8188164964
33099 2614641124
47017 711775016
6873 6570108132
-75131 6709811938
54155 1245325939
-62747 1474467145
-58475 9631490699
-67339 3120104183
2075 6747018349
-66241 9550767531
-68473 6215787256
82059 3257338853
49767 2575393710
2679 5636383516
74691 9196617024
40235 5463269783
-64431 8635948091
-82547 9828030192
-53997 8489614716
-89851 9680881244
-3081 5944916444
-54509 5939055128
88127 6579788370
12675 9986266264
33469 5414467088
62733 5980084861
-65821 1180741682
-21475 8296685752
-25417 1873673854
-12997 163864961
18447 1454273540
5429 5152061748
-5447 188713258
2101 6157073720
9145 6229940774
87613 2220398287
31021 8282222311
27783 8173544902
-62631 2316381278
-44383 4586391597
81689 3613414369
-70457 2793439800
1985 2558798350
11007 8168148928
19869 1796473554
-49303 7314647486
73347 9187491799
-2589 1865851137
52689 6791911364
33029 5500291207
-13139 4418805965
-40529 8129186664
77591 6067710827
92821 7471408778
-5155 5771700463
19955 8414700335
84713 8466660556
18971 8461923409
-86279 7534040280
29349 2572581614
41645 9639471876
-76685 3021465603
22109 4058043946
-66179 4225284529
-59799 8300736735
34721 992220164
-98253 6757999982
-9021 9760229574
33223 9613751204
45173 3751525857
5239 9255059079
-60619 1295444874
44565 8371998746
-99555 8021584050
71903 5408280504
-32737 5914569960
-25195 5995764070
-59297 4629402973
23459 946373657
75527 9294121461
-62377 4520391786
41781 8846837354
38171 4715592868
42869 3437078692
82111 5684694403
-51709 8889911877
-63207 2238536444
-52237 7514051647
72255 9042305688
-87915 6927756653
-34109 1521200043
-16035 8833266242
36233 6423998111
35451 6356219939
50239 9736032707
10373 657968177
-85307 3120576273
-35609 2911008204
-25887 3806769974
-34583 2306322733
27807 4445576834
-64425 2362782768
-9015 1908138490
-14339 9327795445
-94345 3952621298
61587 2414409825
21495 316485719
83409 3480640324
-21757 6837551623
-54003 9399538418
-31979 7049575895
-71173 6157981220
-71987 6223770051
-27391 6227879006
30963 493275088
56243 9115012971
-80869 9826335952
66543 9134518742
-6453 4262042620
-91883 7228486353
47825 9938513120
-50713 4193073797
-31189 4004880914
25139 1299949716
35177 3423394912
-69487 1389848814
42817 9352478385
-97341 3898559058
88823 2599495808
-7269 4882007401
-14155 9751436078
-77983 5353820561
-48763 7618360115
-4379 5226024322
-24129 9037718532
-16561 7585245376
-22637 8130130306
-77443 2771827355
27119 5807817458
-91261 2668052770
-69571 3172978536
-86545 3907926801
-6743 6032594279
40141 3918335056
5003 1436620234
-27353 7309581463
74891 3714712137
46955 4646281136
77801 2662079745
-11861 1749478152
-70199 6960261074
56807 5960917420
72797 2982843184
98783 7673906864
-48899 3226165083
-72857 6124026116
-21967 1072387894
96501 7669725067
-91815 8951780453
65531 3277765645
-66619 4625489310
86105 6809072388
27753 5181700007
52915 1244447767
-28153 422328719
-39729 4058785415
-73137 8205768417
99293 9666334176
2333 1574924073
-47279 4984196073
-25675 2672643496
4657 4010068449
-53783 2395059505
42379 6193775670
-13033 8022693093
92397 3146007635
-1005 9228028013
-44145 4237012150
33637 8809694300
-20217 3363265516
74201 7222694648
88107 5948226150
25519 5292972424
-83957 6492995929
-55317 9501720618
1453 1841783331
44921 6418256713
59941 3311558159
-57109 9227067532
5915 1357380794
26413 2621472955
-49629 6541543820
-44431 2210641213
87861 7008990817
59383 1711474158
-96523 2827869290
-92337 9349875352
90043 9431614656
33923 6134731336
99575 7866258907
24335 3649601627
-80025 8201872988
-70371 2250897745
-13327 782892706
77243 2786892881
-8159 9970780504
-44879 8827848123
48801 4499053597
-16165 8737722380
7909 4147077097
33267 4112681586
-78071 7515244232
13091 6002879572
-49749 1458826684
-29953 6281402409
44187 4638876105
-48675 1833931162
96501 2880071614
-60673 1670678809
48397 7111096901
81865 1888090639
74851 9617847665
-86173 7714463868
6101 4148788079
32863 6158462145
-47331 8171384422
67653 2647225352
37581 2243518672
-71765 6272080538
-99403 7969123753
33711 9351403878
-66131 7621484225
-7253 5929453264
37627 6008451631
50467 7365746524
-333 6639508015
16679 5204382252
88639 3023210403
73851 4843914302
-35191 9203006463
-92263 8477880187
-57349 3255174173
28699 5717840394
-86213 8526846405
23053 811576935
-15301 798695503
-45491 3044983520
-8737 188851982
54543 5897091449
17569 9661153761
6993 1697230519
68367 1916181442
17673 132895633
-23923 7083130636
10737 4484720755
84829 4239021121
25269 9046983615
-3833 9016720723
1151 2406084569
-4703 6927027630
-3527 3876931981
47237 6875782273
4783 8299584019
-88877 5755004326
19741 6598978121
21847 8876932651
88285 6246127347
-50813 8941934520
9853 1385122430
-2155 972440601
71261 3510363182
60945 1367751439
-97453 3106761893
-1183 4546773095
72773 9206896746
90285 8329165735
67095 8033985813
89085 7648092771
56899 4165079678
32383 2424044896
-71779 3292581872
-53465 8501721289
26859 449474222
62561 9991592789
86607 5160374643
-15697 8033015734
31455 5225372658
-89943 9390330877
-34105 4364375103
-21093 1081730810
-63309 5487385951
-66085 8068858816
-20067 9863825606
-73521 6831875946
11929 7793574769
-89171 9771382899
57375 4016829933
94379 4314577615
79593 7300047604
-65607 3771449388
-76053 3113534023
-90477 2744727077
-67769 2500756714
94075 9862075415
4227 4840235765
41873 6037555874
85313 4181761767
62621 3533810536
85177 5420330764
-15059 8908863696
-74607 4851002024
54787 2880633948
65727 8112529945
-56149 8557043028
22167 3151101983
1753 6145377699
42675 5603112844
-49827 8034065066
8903 679090154
3027 6408332683
-38727 9063904926
-89631 6888506646
97615 3324083772
13463 8939029806
60127 5814623482
48919 7762658690
68321 4085772201
85211 8723288981
29813 6612347645
-61891 1443748667
25587 313456114
-30303 1513202737
-50423 4706901169
25923 8652197890
25455 2949197453
-62645 8111933090
-16645 3261139357
-77057 4464881145
-1265 1924015796
-83299 4583833590
62291 9955789103
-93759 2757151710
-73131 7227164617
8315 6423123684
-64499 1946492808
36741 8832486110
-50327 5322239270
2653 8036673102
-8059 4846687022
-14615 2043898793
64569 7595086489
16807 6821751590
38891 994516517
44555 5704545694
74337 6271377055
99107 4930216356
96817 6976654177
-98101 5440312752
44637 6207573572
-1219 9109608199
-71493 7249278251
-39041 1088445518
24827 7226540786
-1973 5928239945
63223 8206036869
61889 9284790961
-70365 5672715330
-5689 6073905885
53475 8882742349
71315 8813888136
-10617 2940173429
44457 1946127723
25569 3218473144
25333 4912720425
31075 1486508350
-86137 3789825494
-75593 5405869126
18757 6558912572
-88915 3888194883
407 6708694680
85341 2213751561
-10803 8880864081
-74189 5246307813
35897 5843503314
39215 1951908181
39083 2377477179
-36949 4421556006
-60363 7822209626
89661 7057397209
-57251 8947574841
36599 4914007136
-15341 8190515199
-74151 2738796979
-39031 7703040708
-31121 5317703785
-25471 4626685506
44573 8190697383
64889 3457886164
-4467 885179831
9473 4426303617
-46739 3044662185
-75957 8764805215
-57387 5240968421
30685 3111548022
73343 4786537584
-24809 2728789927
35153 4405476184
76021 8285046888
-43013 9343242856
-47207 4064511877
67987 3271539435
-54373 1618403370
5899 4442091330
-63239 4543343615
-66139 6999625821
97739 3188440191
-27305 1998163116
65369 6169358717
72887 3715447722
12887 5424229626
46433 3854644051
48769 3531761078
33567 1045502057
-68499 3342238315
98863 3528018871
-30409 4615139842
47341 2698981410
72137 9029235726
87603 6495148789
-17807 2959440083
52909 8416534801
-10009 8646205821
12335 8285489021
40289 1064952509
29619 1836235849
-49637 4459480285
-71117 4888964438
27505 9631444710
-92917 5484463608
67853 6786266742
53203 8058069549
39047 8601783500
-67417 4512436904
97401 8486529470
66093 3525244303
-44827 7816559498
91069 5448539926
-24333 4658583758
89771 7570933621
-5497 2380471247
26445 3716036690
22763 4298382579
-95725 7240104251
-17049 5069944198
-16785 5649526139
-6333 9741740145
44313 1313727163
-18479 5908243198
-44861 8390595406
5623 9985538331
-6297 129362946
36055 7465705744
74163 2924232648
-6765 932665320
-5659 9426508308
33793 9334540620
41681 7748370190
-96115 6719720511
-2915 9518273535
12413 6367132930
28657 5752606423
-991 1844212743
44501 8591879727
55291 8178596817
-31687 3270176766
72893 2778632395
-8497 1829514846
17839 5967946098
25461 8850376040
71787 6095417784
-44663 4738650192
-21239 9204776441
-15985 9826705638
16929 9251105924
70453 6088596224
-11649 3272883067
-28789 5518581921
64059 5132601149
7313 5565493603
29337 9596426431
34781 7266123764
52567 7235300526
72999 2014882931
-9295 2940022858
35927 3792384075
36325 3070343839
-83509 8029803799
-95143 2619418304
42701 7050442206
-87131 2166838353
-32079 2998625883
83603 6169294815
61171 2992262845
-50491 9822947856
-2775 8115994114
-39793 2159812424
20507 6122661040
-68631 3546968710
83219 6983486405
65351 4288332196
-64997 7308764085
99575 7598905448
95761 9120158519
-89315 4505371713
-3089 195182592
12713 7491541194
-77763 3216422361
10745 3294621491
18995 7401909510
-19849 4783365970
94277 2645012459
-15665 5728926980
86465 6768345356
-79379 4147765844
48545 2427636254
27353 1909951144
79195 9491555487
-73593 8315960067
39033 1459208601
46551 9434613553
-26895 1636255958
89663 5621764484
21717 4176954959
57357 4493798364
1423 925328388
63733 1478856373
-20163 1436080582
26373 2401702508
-96737 2402677221
-64065 1692896027
-96557 3891649185
18339 6210059906
6137 8712089015
-15035 271679962
-35217 8333563532
89779 3099467681
-28781 7678248344
-58719 8924148265
75131 1712645270
31367 6454544801
747 1371377730
82905 8726278360
-6091 2364451921
42407 3918029078
6957 9871933039
-81051 7058932638
73373 5210433101
-16491 2971972816
-21901 9944803108
-88219 3865222186
10457 2299507834
-60755 4616223106
75779 7694075088
36473 6446175050
-57607 5833558955
-29477 8087266198
57843 7670996522
-77737 2503587225
-8857 6086591322
7617 3892013995
72469 3771616714
63217 8487507387
13061 1502998377
-49841 2009207017
-42445 4811260337
91219 9587318424
98635 5136784711
69879 2482052977
36111 1709487618
4831 6194636029
-60811 4902818191
-47643 5158168422
95001 3673665870
-54659 4599287203
-60995 7828328773
1055 6129094716
-21631 2623109194
89713 4209025917
75789 8048519804
-39707 1508716783
14933 8814774549
5401 8795759748
-36291 8881970120
-60641 1247976917
-37857 8454206330
-38223 4251512413
15019 906516252
67247 9737490445
-14307 4148594306
4021 4131593588
-54701 810813786
93317 2562866051
-64995 8460459332
88277 8533668928
2863 9360860589
-4147 7030105836
-94849 2334486113
26013 3937171109
-51467 4923065433
-50609 4757809137
44049 1985888499
61621 4250510200
-65063 3526557754
71579 8363355367
60291 2759399492
19437 2229045809
69901 2982387208
25155 8180637739
-14311 6977477260
-81937 4822051042
-78565 9309326581
-16261 7440158162
-54247 898359125
-50965 9728278391
-34927 1815070674
-13097 1929958782
-37753 700910394
-27279 9095525027
91391 5857341583
17053 6968910868
16811 8743403402
-17899 7108783652
55545 3024777049
-91653 7548099754
-47437 4206873523
-24445 4041514057
58629 3034031078
83223 4090232946
-83057 6877200953
57489 2656051228
15271 7961162203
-25077 3903827811
-44383 2227216490
64615 8625708289
12299 2461922233
-18837 2335973428
61471 9173221023
43123 9755007772
-55523 3055969644
98589 7275980643
18137 9543146768
99817 8326232767
-66973 5380685208
-93913 7531210466
55875 1672580977
-92681 9593068424
-22975 1120243457
14269 4309855786
26353 1271090884
71143 4319774530
59537 2633244014
69811 7771832599
-48223 766293878
-33249 762502891
-94447 6670164015
94145 4058181538
-23075 6233637526
39775 7761278148
10877 7756253205
591 7951183440
-64099 2675769951
-33259 4976507062
-56107 2824354903
-64129 7475179518
-83831 4751094127
-29407 8645231797
80071 9146283387
10655 7431669603
36237 6146776523
17025 3945979289
17179 2317105431
76325 9987569594
-72529 4123060875
85001 9151269695
97353 2910964477
-90769 4383896424
-63011 4981472361
-51811 6991500841
50905 5419695005
-86155 7340944157
-13709 2126339763
-20167 4991985847
77993 9825604292
-43145 1023975575
-86969 7973484493
-49453 987586534
28193 6643974164
-51909 3675482592
81247 1930982160
-27675 6799616501
-72487 7110354439
58237 7998591033
-26561 7809098310
64765 5327413443
-99843 8325286304
17811 6185816725
-47661 8418615575
17353 1245526503
-56561 8601945895
96969 6537204267
52481 3041435994
-59509 8068240953
45135 3279992135
71125 9663567383
95039 2862803089
-44077 2627599653
-30853 8436257381
-61309 3685531611
-18497 3349885041
20801 6293852270
-933 6687989464
-87515 3525717100
-14283 4476641376
-95397 8214063283
68155 6498541660
30675 3946503557
-6601 7479016141
-58611 4024633757
37049 5561135553
86507 6008950618
13421 7714045586
-60341 8260824548
-31945 9767065088
50041 9035536458
-77851 5805002333
75525 3099246007
60087 7108401964
54517 4005941430
-2785 2647459039
20421 8521222381
76443 1904633752
37257 8689030580
-34187 6524512410
-48803 1205608656
72029 3734084427
72707 6160483145
-90635 9422173312
-83225 2695540332
-88509 3739835398
-83069 7303916298
84169 8820087931
-81079 5440867969
28349 5815469994
-18931 8141942166
12497 7030772747
70895 2337691013
93349 7376197941
66041 7911396653
19563 9170928206
92667 2227986303
66287 3798720623
76295 6187180888
-9569 6345269516
18443 7045027029
18759 2863660373
18893 4225349208
-52337 8565412934
39259 1800450373
-73053 4477790674
-3671 4225225935
98545 6163748549
15971 5455265073
-41991 6781209847
93071 5274919215
-10085 4342592212
32873 4082796289
-51297 3191018877
-77095 3935773920
29783 9575426941
-35405 4690560661
34915 8767814442
96947 7474244872
-7195 1050883189
-44885 1489997368
-55889 9180192688
26101 958232356
-5293 1202057047
78437 9148660314
-40131 5717352115
10263 8890024622
66257 6871492582
18929 1049543760
82069 8636310883
-24097 2034934335
-41239 4539610650
-46853 5457323876
-53305 1574477478
-82247 5512140925
14543 2471293144
92857 4108395022
88481 9282972233
80951 2388398563
11593 2389790444
46889 9957191468
-26193 3682880187
-61031 3996441390
-755 2474383266
80089 4383733143
-47693 5913301722
-557 3104691633
-63439 6585971218
-88261 4113470928
38867 9003954105
37025 4356296780
-90165 4645346722
-64505 7452922017
36087 3702458751
30155 9928854109
28855 2500294402
-14181 2892667322
44945 6470872582
18079 7245602183
82715 2517782798
-87293 6322960865
79533 9144451664
-34355 4488817566
53263 8874327570
-421 7803375699
-59257 4472952162
66381 4285590666
-40985 3974344146
34041 6866133538
58533 4786637273
-24807 8581003440
8407 3427369251
-30493 7547290103
-30645 5944066400
35853 8242127351
-6577 452526188
36887 1025518973
-94665 7350583885
12325 2787285030
-92689 6643067317
28979 3980755904
56581 5865175312
85025 8519482842
64297 7351257204
83769 3398508641
-44805 7998080358
-17141 921641874
-26905 402243871
-22275 4600226404
67431 5468093653
36343 6798727427
-82319 3755520379
-38739 9623470513
-9213 6380890911
1105 5027996370
-21941 6754576762
30651 2278185977
86055 5744154053
-72823 2421408380
-49471 4019375342
36735 1785613922
-61507 9846194151
57529 2707208782
74591 8013838901
-61595 3291318431
-61233 1736293522
-6003 9951735998
-1213 3715790281
-59187 7728875134
6303 9801190837
57933 3922776252
-56657 8147891847
26625 8916172053
-54369 8498613569
-57961 9703791125
-14023 798277695
-14657 1672055723
-8303 2804880538
-42873 9900025693
83413 3031729455
-69341 8775458540
-62237 4911454791
75051 3103518384
-82359 5962161918
-88857 7755183175
59673 6041856197
41543 8677331746
32559 1231895878
-5381 1058762961
2853 9289851952
-74261 8178637201
43237 5416056187
58567 3684604011
98951 8190641475
11001 9604028500
-20575 296133867
56215 7045650152
29061 4984566587
-52881 4704077898
-77939 2035084555
32097 894691687
-86383 2231633499
-54525 2666508681
-18953 9585462936
56253 9377116249
-6249 5928009173
42115 9218315880
67035 4187338648
-7843 1697216714
82387 4101452495
-16277 481581376
-32205 7847407912
21819 2317573476
-44477 8167039749
24437 5606138828
77807 2390136125
-15945 4024217818
-29583 888147346
48675 5656418052
-44697 1645885327
-65399 6338063599
94189 9667316797
61537 4225860670
58399 7110475624
-29039 6537758128
-2681 5924397487
20109 4842662933
-96597 5294999326
-71599 8177007082
67783 4465601464
-16449 1024899989
-30373 3345648203
-83051 4193220748
-74975 3199106242
-84509 1857979643
-12761 96309275
-20551 9845987830
18323 4465435953
-16193 1953253148
-50543 9544551512
-69757 8143835638
-41747 9249304252
63441 6557674644
6063 933476518
69515 8777727842
77505 8906534065
13285 7577538468
36869 5475735937
-16209 5887220203
28435 4551117284
42443 6647095982
463 8005775596
-85645 6616816036
-69779 6352755489
-46277 9424792731
95791 4904928529
-85403 3172649522
-94823 8771185918
1865 1980041281
-58375 3523162891
-73555 7395217729
-38335 5946638930
32589 7601813436
39079 6979458796
-57517 4495101151
5653 748128871
16787 5945816451
67621 5615484955
-89015 6608174528
10131 8111607499
-37069 5024772074
46965 9603066685
-21641 2852278019
1761 5032536328
-2237 9212825715
-23737 2721582201
-9537 9393517090
42671 2146956692
-2151 7590621420
-88437 9727727747
-62341 6024243332
-4985 7094312187
-20643 6159242540
-12791 3366639374
-51243 6255323789
36809 660602362
-77123 9664807952
4195 5596758571
-62841 5318159538
-65037 9092513877
-62223 1381123770
-42553 7560482490
60093 5991383709
-60381 3873906001
28567 7922746758
-39463 9807306269
-6513 1801606788
-86077 2738595401
-30471 6369380666
22241 4557873525
2987 474574406
-397 8137295279
-3559 1354007022
-64813 9544096868
-35005 1157338918
5273 3863352675
44143 9692402304
77871 3349868483
45233 2512879023
-9261 6057488034
27143 2962258421
55951 3364072988
34853 464747006
97633 4028048041
-20447 9929170500
31625 8038014359
-43087 4069829981
-3237 3235079075
75465 7905194864
66673 8565219261
98105 3293939969
-41929 6800910173
-45307 1888665304
93381 5719802171
98945 3910871298
-66907 8464528701
18819 6320016243
-13389 1593216148
78167 2702817504
34607 2131876850
98409 2425261984
-27201 9643183945
73331 2771043722
-47975 3997617758
18779 4999201807
-14625 1248370520
26541 7426024441
16515 1200141421
87133 5042947328
-58297 7439755241
-30405 7698352045
-96203 6201003656
82499 9681327520
-25701 5211992230
22361 8541742637
-36355 6101371856
-25417 5053307801
-85081 9705475117
-45519 3838626031
53539 4360083568
-46975 3964958733
-23 6759560634
91191 9244811732
-98373 5001186914
-39717 9194157353
-28413 5315309585
99737 5798159687
10253 2122728863
-45589 3420098401
-79723 2413761590
-60329 6322132308
58337 6127971635
199 1982737987
24465 7522081801
-36387 2925367559
-61365 7382257197
74261 2937299245
-31755 7946302472
63495 1492543453
3039 914187986
91971 3230634342
33871 7266307744
-92491 8829770767
-73349 5990977740
81587 3357263276
-37549 507883017
37053 2286946117
78133 3500933426
33121 8441479873
-8167 1898041365
-7345 7590484825
-1625 1001100090
73821 6793769869
-77855 2563745037
62009 2502450724
-4573 1249211574
36133 3841782600
-72979 6720740009
4277 8401389337
94907 5319865654
45671 6459791284
82275 6333935344
-25669 5885125214
-82315 5719911429
29181 6803531999
21699 6205839610
15127 9155651781
53465 7917353403
-20867 9001850437
6639 7251760052
-12235 6918468533
40973 1458160772
-42931 9856266893
-29505 4696617787
84805 3784978665
22069 5661064880
75835 2400013016
-51351 3000614814
-94845 8022837540
83673 9948435449
89513 9177106281
74611 5683379309
-84639 4899726295
38347 6568801943
-10367 2540200662
-57429 6343449138
-79635 5468297106
-89131 8232153276
37331 6995740519
-93127 9520897319
45197 5801983722
-96165 4302155152
-92911 3967296685
43139 3096932584
-4615 3615713072
-40975 1607024591
14377 5149977608
-51591 5058212476
24067 2962064428
73445 1434045167
63947 6921504773
40149 5327624268
19255 687718453
1517 5591841254
-95757 7582260588
70919 9936586355
50493 3782971997
2269 3594613360
37225 1963848718
74991 7727429624
30235 488453292
-93575 5215690544
74907 7304206702
7261 7689252199
20145 8077521931
-19117 1038130391
44481 7980325712
-11009 269128200
79 7318092893
-4295 2416967122
-52295 8441151149
-64355 2702662625
-33917 9652688121
-58461 4983027716
-83187 7681457348
22247 4477761063
21563 715868034
20513 8996307029
-43145 9102362487
17073 1316044251
-98281 9908737588
-58537 4981508043
89183 5591264542
-21177 3718063076
10977 2056606180
-61705 9469399482
-87545 2589827009
28215 5239202330
-32429 3221061508
-5419 5282301032
-51619 8843445470
-73741 5925645709
56567 5760368657
17797 9245394695
42989 9288176100
-75643 1592918597
-22975 9905845525
3531 9918676753
23187 9781666386
-38191 1994646689
52179 4312708994
-28689 3353843815
87279 4647317524
-24059 4661570841
74407 7450289974
-2527 7867814897
75047 4792959699
-25995 8745882110
-77681 8785927253
-57427 6408653713
67659 1673100308
97001 4755611840
33287 6904196885
17681 5720529612
18503 6791942856
73077 8271676765
-44607 5942139230
55555 7311327085
-59477 6303355779
69315 9584601017
7951 678808467
-81835 9123746231
77285 5679191426
63371 1223656021
70063 1913094364
62277 4224246094
66263 1383069148
19019 8331921302
66537 3900879176
-75769 9021384904
38807 3957635175
-7717 9061335876
-58861 9932424669
-7081 500497813
-6623 7050738882
3743 1894545021
-2547 9975786202
-7969 4908167240
92997 9429503150
12675 1757508965
22387 4030028614
53917 5330183197
70803 4658419461
56275 8520206699
-21391 8210235109
20045 6746474232
-44999 4506535740
835 1825078590
35627 4437470584
-14529 3557979590
33655 8009719820
-78669 2805826427
-57773 3957137242
-12209 6570937016
-72083 8274042513
-9523 8096303391
29263 1007598059
-46639 7198878306
78509 8923380543
85581 2279471872
52493 2882679513
93801 2622569949
62027 2149291229
-25281 9140382918
24619 4805215617
39911 3447874413
69439 9080612004
-92427 6934654981
48759 6828776129
-1309 4013244155
65119 7230021934
26275 7784599941
30021 9739229627
81233 4897945465
-47887 4794721134
-37231 1588984911
-89455 8602130792
78065 4752530986
66875 2899926495
-66835 4218315695
-73855 9149316806
-28289 2909550409
21511 2601335112
3693 7959186346
-1261 1303469025
2271 267251134
62717 6825141002
45517 1871213557
-47009 8708165227
-23713 2939978417
-61285 7247494940
-40043 9526574602
-14711 7173596016
12313 6199780081
-20467 2261554275
66081 2481616706
-4653 4938897170
59921 9216399601
32537 3243235701
-6649 7264950655
-16247 8033616352
69133 7142759315
79969 6898343591
-33711 2812904995
-88285 8715038723
52511 3234683479
34937 7208181382
95455 8697904649
-95729 2476620110
38965 7823411855
-97831 7603501115
42833 3386311885
-1283 6450943088
4719 5319165098
48137 7378581330
-59673 5677600111
-40255 3671858983
2149 3580227696
60137 1567840964
51651 3788079331
-98601 5132666108
7213 288185958
-47801 5742719501
63965 2421133708
-65495 2466494596
53245 6778836885
-337 1305544160
-17355 919648121
-74177 2597994134
-22761 7172955787
-38681 1419951711
-34699 933576469
13855 8214901201
-54729 6435515300
6661 3132715877
13301 6127709498
13559 5756703241
-82083 4566021866
61515 9606770416
-75231 8282976659
7481 3378531850
-8745 5068139509
-79917 2141918224
-18715 6898175683
-65477 5429331748
-27445 2042156377
-43251 6923740460
80103 2449504396
60531 2013059570
10569 4707187208
-13857 6177472521
46801 5859044448
-6331 6345987387
-63753 6431685273
7503 9925924631
40285 5620917983
-98115 7215899552
-29877 3988296926
-55839 4626571029
63229 1007051978
8825 7422954828
53955 9178486288
59343 8952324468
59471 9974970205
-80485 8222017265
-57669 7129230805
23961 7781252881
74455 6951326719
-15313 6038206084
-21375 6844190980
31999 9849720730
-61649 4528189089
-56471 6886933868
87799 2051468670
-76853 8007676522
30163 7293704115
-24221 4643613834
-83077 2760810897
71265 7955478734
59847 4332053634
-73189 7171511407
-12181 5018174671
56689 5533184604
-76741 8697055341
-86143 9632803001
43633 6568957743
-75115 7028822635
5341 8373953997
17257 9191934819
-86349 9234998122
80037 7566448131
-50753 7248258860
11753 6055981851
-3107 2892074089
30869 8467187112
-87299 2764085515
85865 4504162778
-57605 5097439119
-81507 3355867015
2311 8878503963
-62241 4402873656
31237 5042462387
-84235 5985186444
83359 8804250512
8433 2205309855
69005 3597836578
73299 5277049037
-60443 5210571318
-99165 9115240846
-63353 8295271531
12057 4892477380
-93741 4023482368
-89679 5417387668
26099 6448847487
-9031 947864602
93417 9751551589
-55097 8531108789
83047 4731571530
29667 2563119443
-12953 470547427
98601 7085079006
-51067 5924488907
46131 2730404828
-25571 8494911518
-23997 708149589
-12779 2881542401
15681 6036280130
-44613 2366480053
-14191 5294551638
29857 607297575
19475 9836215041
-75121 4754585585
-60077 8493755952
77943 3459993963
98985 6559765378
-9833 6971002841
-22903 4705913854
-13905 4928630772
-68353 2620051532
70689 3771004852
26443 1362078435
-57079 2558418149
11219 5552701055
3969 2782929418
-71609 6557703181
-6847 2003166259
-23951 5553411271
90081 7129612925
34709 3120707081
-53979 7973651084
54661 7481499522
-89593 6088135273
43289 2589897856
-34971 4845606770
74451 9983408456
44177 7713125971
30559 271500249
-13869 6602277423
44659 2185731424
70031 1646624808
38891 9722673162
98459 5209143324
-18581 6282852426
78567 8201007173
20977 636144809
-48941 6868299858
-7705 6252991893
-85741 3148312356
21351 663300715
-27085 1534794266
-29967 3706305478
-46513 2112164387
16601 6286568094
-6781 4888657941
-28755 443421889
-97101 6238415755
34759 385176957
58713 6749897056
-43075 5347772958
-20933 1524868923
-69167 8580264528
4785 2231515031
19867 9521017892
-29469 7713951911
-45743 5986000615
-48461 3290660382
53753 8290709669
-94521 7796480203
38141 7039050985
58093 9133636160
-10183 7804723086
4477 311133411
-74757 2104753831
-88809 6092605588
-15363 1014168483
94893 8274926867
-89095 6083756743
-96693 4693219818
57897 8569593840
68849 5373873243
16211 8784507410
88161 7723140324
-96343 6232057263
-44743 2466491791
6615 6234030310
92027 2555533328
77743 5248152948
-77887 6938432974
-79007 6201084651
41173 8959768533
55653 1756913842
12583 4271151537
32523 291898820
-41009 1946380215
38893 8077051433
52227 5996702271
42537 8894342474
-93933 7268389988
-26761 9679784981
-24803 5748281519
65243 6737913280
64517 2502693752
31733 6715768022
-61999 5954658109
35269 1622012251
-7767 2206566667
-53089 9329153801
74653 4689290512
-77027 6898440780
77003 3179806152
-69195 4002711913
13761 3588064166
31427 2196253139
89177 9489263459
-8337 3613692644
62985 9277256107
93087 6773640143
28097 1680529053
49617 9553586843
-77917 8226354116
-66813 2453481097
35133 5732128272
21719 2674988768
-4535 4624628530
-63043 2075642834
6099 5945948895
-5763 5309279500
-84887 3806529530
73081 5480282164
-28435 6585834181
77617 1667131763
-33905 3221466360
7209 3274060136
-43759 4995903218
65537 3672222916
-39321 7307169879
32941 8669667029
79211 7610136031
99089 8559539066
-34381 733921451
36257 2730745785
-215 4364571208
-89699 6486180880
42661 6692123651
35871 5150959368
-99633 6977562116
-74253 1983676595
39723 5481426314
90107 9660116905
-11075 8870895327
50079 6758445867
72437 9060502779
-60625 4079999175
-98571 7241410781
64211 7532639628
-4061 7678816972
14735 3910566617
-35609 6542096085
79691 5420889966
1405 9538421646
96093 9243479306
-16853 578177061
-54959 7935769728
69923 7201900740
-29515 2959386549
-18721 2971362875
-42423 8966110538
-33219 5105631717
63963 9584595889
-31507 5866938181
31861 2814675327
-33953 2740265587
18823 2157761821
-53955 8928056536
-35113 7759998651
-83699 7920614821
21655 6452264057
5883 5723348250
-78621 6465084595
-64423 9279053341
3833 3632525047
-42397 1477162268
-46523 6740500806
41883 1948792773
-78233 6613711141
-28933 2829036778
-85361 3946858461
5661 243171613
67375 2171012278
53715 6081299279
-83535 8192639494
35509 5667562084
22135 2328987633
-7103 4332128599
56217 5297950750
-41745 5145690326
-13021 6477429821
61811 1514686947
-8343 8146646819
82165 4934798610
2433 1347845591
-99347 9252338804
-81273 2315921285
39063 7610156673
61269 4084123139
-18471 402269173
-82763 8067298609
83599 2894961456
88835 9760236689
67917 4723833752
-78021 2165375966
16373 3785180669
-37109 3270163493
16923 9924187100
3819 3160123978
80189 2272505949
-97077 9729617692
25341 3355554004
95757 6924238663
-2055 3642402990
-56459 5403931875
-30287 3454629716
-45923 5362768218
-74219 8448366225
-99025 3167959652
-22689 7526314463
-62445 9912772583
17355 9158537486
98413 7781457838
16131 6566576086
37673 8192259354
80599 8870174378
-62233 1415251821
25467 6231949725
-86129 2929087270
6965 238681548
47113 6481883207
37623 705935986
34065 5670360310
-92883 7829316946
-45857 5565637044
-85337 8487974373
-3307 6350011989
-44331 8059708562
82473 7182694153
50949 7458163037
-7583 7134748865
-15541 2827797966
-52747 6264676323
44639 9713418058
43299 4484620571
-39445 6780799937
73701 9238692818
-36003 9490571859
76007 8461068004
-63161 6592539419
22137 8430053511
15755 5018344776
39361 9712450587
15315 6448451764
25871 3085990304
57593 7686164089
-62623 2061515248
76851 2148538222
-83905 8171923860
-56993 4981121553
-85499 5530012866
79317 1952694233
98415 2686992488
-71481 4011846139
-66003 9318407300
27041 9386048604
58123 8992894659
-39109 7551536767
34923 6014559442
25017 2289151289
-30939 4982092337
99767 7834233159
-75649 9973712739
-72027 8869497850
-73711 2318510863
-80931 8665336153
39487 4669153240
-91623 9860769309
44279 6369188541
-75 3766210060
-78617 3320016348
-95047 5516989034
31779 2971606514
40719 8978465809
-11323 5120021516
9109 5730401989
16565 7083778261
-66079 7366577680
-23225 3515723013
-66383 7896632371
-54269 1790527692
54701 3406360947
-22699 7330176284
81413 9527611689
-60919 4811541886
29547 8428452847
77903 1784765561
-29531 9254577405
-84897 4294374366
-47853 1072907338
-85743 6486625101
57105 9170585170
-22707 3085159590
-59187 1442376481
42437 7707970092
83455 9301922168
47727 2651855747
75867 1825589474
57257 6767571367
37793 7747747463
14751 1416307854
-22527 6250642741
-4531 7623341766
-10781 4701153356
15423 1207830509
63453 5742611578
-87913 5261644849
-5279 4445258272
-95619 8465031352
14549 2107184219
51671 3871492618
-29833 7086541047
71157 5352793065
-26011 1193246904
-93069 2581435322
9475 1682663837
-7709 9208727842
-38509 9947904960
-45165 1788801101
74965 2146884123
9341 9956448673
-16437 7617514467
89387 9857362528
94681 2470199084
97937 4306033915
-11783 2625088748
29929 4891775375
43907 7296445346
-37139 4434785662
-75739 4608484086
-14341 3280627142
-42723 6384519071
60037 3200817722
-85127 3477064824
-19075 295228519
25091 3920304441
-69025 7598156674
-57009 9129370381
-4711 3171834149
18381 7862340634
-15301 2688587108
25085 4826392217
95699 4854702266
95129 8730294810
35985 9120314123
32185 2253254368
24657 9508419118
40203 9288745679
23799 7405199880
-49575 7402163245
15951 9594070430
43401 8443842028
53559 1236231578
6175 3464309235
-33655 8423068298
-68849 1494627750
52405 3203739070
-4803 3498139329
90659 6796392519
-30841 955025454
-98929 8850967572
-8119 8866162082
67449 6634247368
75555 9550307687
30505 3227281824
4519 6139940535
-68189 7844132302
-88185 4438923814
60981 3580007066
71743 3443372428
17361 5692435822
-46909 2195452650
80775 7582059971
-31687 1370845816
6073 1646476843
-23405 1027196694
-69425 3351239158
99275 8470092133
-12571 2172150720
-98543 5037751949
35719 3609839559
-61419 4490646782
66689 6429350123
18965 7148384495
12655 1768514533
-96945 6099794965
-83567 1773672370
-41519 8825548864
-93683 4408631721
-88801 3966654245
13843 1055981772
19051 2973223459
68763 5362774295
83501 3121973347
18281 7398429017
92061 6436478716
-58737 9773509728
-93197 6189312290
-74369 1383380354
-68823 4475343391
-96967 3554082756
-6751 3565495932
57999 6276636486
12025 4380212244
18529 7409434942
53923 5189087513
-54999 6043321265
-48315 8072143252
-78977 6820101841
-57037 9906278549
-32045 1626785340
-85415 3604718167
23781 3934166613
11503 2668678682
-30313 8668067258
-31583 2360167111
-74831 5736707424
89693 5077493287
98021 6502924931
14913 4969290418
-70033 2859411214
-55515 1275963303
-69125 5389916845
-70471 3605964600
-69617 8032919980
5495 1370181274
-75421 7784267664
-8985 9887679826
-40167 5691769969
54681 7866904647
94727 5926649757
-39921 8626336139
-25857 6783367669
-79409 3916563694
2153 7449376675
52219 2381773453
-58347 3694613608
-54893 6433390391
92927 7168403117
-91431 5003806133
38257 1251890967
-29393 6653173278
-27439 4083260774
-76679 1844427371
75557 9170711650
-5613 9965975935
73663 5768633938
66853 9035720580
63473 1339880796
74607 5225716013
-38169 1546499370
-34135 9617377948
-85203 2197440985
-31757 1285279229
-69469 2332210861
61469 2051713385
2263 9622208063
-26847 921059774
59731 6539494208
24957 8452816113
-93539 2233052764
17519 462759621
-17819 3673686358
-32633 6438557897
-33983 460155164
29935 2449067120
44349 6853643508
-35429 4485036187
20167 288724388
-40725 9805591276
19475 1394258782
-35199 9192086220
-21667 1310962287
-45501 9591253480
-81623 5548517248
18207 4765746940
49039 3489971943
31483 7455744273
63841 3422770218
99689 5865208861
75005 2773317921
-19077 1229501270
-62783 4016895276
38093 4736041566
-97263 8558765479
54465 9860874145
7859 6320996889
-19135 9454404735
14967 8903321822
26427 1893389102
20247 5893645918
-75667 5423176149
-17845 2012168223
36441 4691131716
-67803 1292271436
-80637 2405136230
92645 6094689016
48259 6343779355
-43403 2520446725
-20773 521701179
62451 7963382961
-81533 5917884797
-92017 3149080345
60035 8613533367
25721 4141464826
-41211 5280154279
9199 846039095
91539 8168640539
-12547 1200409383
58289 3654909098
99731 9553635022
82741 6619811991
-1701 6015984291
45153 1428429081
-87557 4229221723
-11639 7951541779
-15867 8318027176
-24311 9233690895
34715 9333252509
95505 5193878698
29243 5784216960
-32953 4156867603
-12965 5108790014
301 4710384782
-23279 5744554298
45727 781813406
3983 1097075658
-12987 8774607970
7647 31567854
31733 9154258035
-7239 4063866257
-56941 7171355183
-93501 9577237113
-44209 9785683136
57467 6411750095
-23219 7599443979
-31831 8333349606
-69397 9295226680
39157 7160990512
40381 3865360304
12957 4236465119
-45773 547312881
-16543 7592459588
52695 9935888826
28397 9357451999
-54631 8140130969
28283 2017001367
-19123 2675664379
53365 9540005010
-74835 9588517177
33359 4311499274
19221 6141266519
-4091 7588454465
8065 1904150762
-25517 908360175
11401 4487724686
-5391 9124922736
-69485 9608690341
86933 6993007093
39267 2195047105
51257 8547746239
-94133 9906186072
7395 4710840326
-71881 4851537298
-11467 386783871
-25417 8051415442
-88485 7186079834
-92701 9269747974
24359 1341567669
-75613 1548444958
-20337 5452529795
27289 1688335609
26573 2278315754
2555 5383561768
-83429 7579893468
43263 3566082194
14777 6918694659
28693 9036524025
-57993 9025087457
69561 7903765057
73329 2005629919
-98887 2734738826
78107 7069012965
-8081 7896856414
83325 8739538496
-87299 6870513258
-6715 2515411876
50091 3532364763
29517 3036086254
-49753 929160314
-15783 7401723126
-40443 3256370478
-14895 8201925774
82511 3059522253
78253 8259098495
84997 8204743456
-76613 7100622589
58211 2389185485
-61341 5531184631
-32947 9029053917
-84935 4471718628
41377 4549410379
37531 2876773027
-84639 6566446792
9837 4044092227
-34719 958852891
-68235 9013911428
-11423 3918274486
82341 8433682246
-52895 7916648743
-13285 1524954201
-60225 5389295388
-3961 1846052200
54253 980824622
47503 8577453319
67529 4722017763
-22617 7376717590
69737 1669133362
-49635 8381822498
22745 2486369541
-64493 4977730310
11157 821207920
-74637 2671486442
13071 9453622051
79505 4747580748
-33227 3067727134
-99357 8629927520
-34471 3099809963
-29209 5791429610
-75549 5317777345
40713 8658551854
24667 4324143433
4735 5924226243
93135 3612338831
74195 1818983930
-32887 7477377575
16891 3034415286
80521 7793863689
56909 3728788532
18645 6519205865
23801 5956947635
39159 4403722886
91485 8639695355
23717 2295021918
67883 7126411618
84963 3696745376
-48047 3038546708
88397 7482731779
-69163 6311250964
-48297 4962254872
62355 3543502915
67805 5356854130
-1289 5761522978
-24529 9960925608
58757 1953243922
75133 1691415576
-26417 1809472252
-11313 512627549
-20355 9840002297
-69715 9293964067
4049 3475762037
37411 2005064735
57 5565518772
30997 3616113174
14295 3369788107
-20919 1245197010
-29921 3206546974
97739 3545384035
14721 8225057756
-34595 4930487715
-28889 4849710813
-26203 6278269888
-8585 2665376956
45305 885029990
-33711 2986719534
-24443 6349074173
14035 2327304465
93735 3490625945
-38045 696763503
64621 2298758259
46749 7348379096
49237 8801379223
4019 1710293036
-79479 7546333864
-45343 1220382145
84515 9214695540
-81755 5064621531
-33379 1925929228
-27443 6753638004
-49661 2788666345
-30047 8957771329
-33539 7435760569
-35485 3418208829
56267 2372015763
78077 3965101179
4683 4098542490
7917 7539008662
-91225 2436004014
27957 1613965417
-42649 4404564752
-72753 1812873042
23617 1594150475
7963 5023380046
92771 6369372113
40853 1418735245
-10689 5485752833
77957 6148165168
-92769 4468340042
18825 7822216229
85117 6612972454
94671 8138189278
-72435 8501835031
-86257 9340164940
-9159 3132685954
-28407 3564778062
12579 1522698284
-6341 8972616599
80317 5342381117
-14747 531545088
88983 3215201935
97239 6922169833
77579 9980241353
24317 3795377399
11717 6455416199
-76207 5492253079
-93149 9697859142
-71297 1805177784
-30603 6446650048
-87519 4702150112
-26531 1141414979
-15781 6842299386
45963 9661184011
-50169 816894079
-68585 4962951744
46699 4753700076
-17463 5585542585
-50791 4471347204
-35489 1526056241
89521 8119520654
25449 343220308
-15637 6762949087
21225 1211456531
22257 8264565019
-38331 5864577426
-93175 6078893059
-13491 304724279
-77835 5304237695
-2673 2697366110
11705 782612914
-79253 9535905253
-91067 4830963724
-6769 7875259038
-98293 7601542205
23605 6090710535
1927 9534303238
7747 4019171990
90775 2675061107
-48457 1163948869
-10071 6957235525
91251 4919512368
-75527 5958652578
-95913 5932699475
-47731 4684160590
753 3659020010
69041 3208399203
-24991 3229296328
9981 649385082
-33173 9238148098
92607 9500659864
-10503 2366073673
16349 8821218419
15551 4976993495
-4043 9365562150
-87343 6559186395
-41165 8094670294
67251 1609718795
-21267 1757039365
75985 2110754554
-18381 357513828
13253 80897968
24083 9140570401
-5727 4221661719
-13927 2367035480
-11859 7426499312
-81373 5616392979
-71871 7714100086
91637 7443265929
-98567 4755208752
87031 3822629206
-3807 6341327517
80059 7157084131
11713 6316722188
36381 6887144740
49937 6987850910
-47589 7252121005
-30877 3538432699
33689 2173633856
49269 8285430356
-81255 5938211505
-32955 3660277518
-14803 8831267917
90873 9619133753
-90375 5225914885
-88395 3259258065
24579 6180889231
75129 3145209666
13701 3524950230
85669 3549364326
73479 8589522395
-42903 1614864905
73673 9046400949
71013 5513419030
98175 8054893325
-24975 4123764034
96087 7500876873
67989 7931396471
81431 1986858328
-72329 4547862106
38203 7762515247
44611 1393529610
-70005 4232153569
189 5783419970
55263 5953269814
2381 2186196476
-16645 1440684414
9343 5924305786
907 9882025201
-92341 5942556105
-83315 5081322927
-48769 6366708985
-33401 9072031988
21647 7904025852
29651 9583122567
-91229 7762049598
19773 9389928020
-64199 4241696491
-24543 7764972596
-58979 3485012767
-40741 9491469001
-55127 5099091576
16497 5663997160
46929 8860666990
48401 1633232530
74603 2275983833
97503 8313245121
-34415 7730500779
52109 4519157667
-21273 9113653872
62557 4148999899
39485 1922601956
10587 7152273943
-7563 7970657190
-3901 7440689398
37655 7521310188
63025 6529607951
71161 4567028414
785 5026604856
85569 8758039315
-88667 3608612610
-43135 4923508811
55755 3066231773
33149 1966689248
44147 8026299686
-64653 9463580680
49643 9507693350
43373 5045613164
10581 4052862044
-21479 8445456582
83661 2199664129
77825 3479785207
51059 3910335088
-3779 3035399464
28595 9035876579
-10293 9025361392
67139 4194679044
-67071 3690707872
-80103 1849806633
27963 6754851371
4009 6983633307
-76397 6174713258
92339 8662758413
-87275 6041919927
-23671 2539733144
-41061 7463072858
26763 5664189395
88881 8562811934
9683 6971379699
6121 6759942690
-3219 6472264572
90301 4035991679
71055 2543516244
-28479 5752689432
-82717 5476559578
22219 9473777051
92691 9750167077
32207 606079383
-28559 1681217237
64633 6874147596
26697 7466453847
-87173 9406916281
-67939 9477025744
-68075 8387019981
28613 6659707399
18035 8775138234
20833 1989093816
-90467 3537801180
-6815 1102621563
-62123 2919765539
-38885 6683580265
36581 1345980549
85457 9283224295
-76667 9065898730
7631 4030570187
46097 622936786
-24701 6900554506
-24109 6562489417
-30921 1748513607
-49537 1857498125
-79179 8487725546
78549 9091525160
-9091 4699776983
75081 4227266115
70077 8347242821
4587 969007523
-46861 7781234038
12603 7341273347
61903 8692381153
71515 1711389934
-33423 6680096396
-83013 3135264597
-53741 5236125901
-87409 2765744191
-2849 23616057
-70583 3995388237
-99205 5362213995
15643 253627349
18487 8899269119
-70719 2249555388
-9083 6718719264
64515 6679097429
-63173 6279902646
-32561 7956217699
-48561 7761456868
-3647 8014050145
-59709 8882469101
37097 9763235971
-769 3419108220
-13409 920157480
-28987 2751257521
-24275 7088879949
315 1196870544
80131 9729866306
-56025 895640778
-56195 6300179029
-36845 4412229243
77941 8904420454
75211 9567848418
25735 3280590102
-44035 4565660208
73293 2154773224
-37057 2152464704
-57795 6945785507
98155 8612204364
-98045 2745687158
62917 8636439261
32905 6804613251
-83487 3460614161
15847 5700711831
39105 8601174556
-32865 5521895853
-40199 6121058710
45317 3546564284
91271 5781420647
20475 5772510018
-9349 164209379
-3811 4123222119
24819 7597799554
-97349 3611487912
7483 6999371686
67663 4633817875
62937 8504515765
-12245 975389368
-52761 8301748648
50589 6157743431
-84195 7788638853
90927 6064769479
52631 7207336792
37559 6111850596
23315 3389555969
-38205 9748271592
34163 6361380824
-86517 6456871070
-83469 4615127116
98557 4758305268
-41203 1159903889
54171 8675748517
-47647 8882843175
-14023 1554578387
-41725 7017211783
-24447 854510289
3139 5311075300
3217 7087288677
-57075 9660287254
14561 1589539030
66443 2101461165
-36513 8337790387
-42021 6643138409
-53205 5367830296
-45307 7018226765
-44259 7469988260
45073 4635467015
-60047 3491322798
97747 6812726202
76763 1631333115
-62221 3724606313
2009 4991420074
51917 828649569
-46815 1160029410
-23937 2404560250
61919 4931601519
-21619 429790521
83055 9251092651
-14677 6270600653
60139 6330749207
-44921 2072869632
83499 3335690782
-49119 7946249617
91931 2316446187
-65755 4209565916
-43031 2034606777
-17713 1763180344
35283 2710890918
22089 5034509801
-29803 7408933455
26751 8706778076
-60955 9282024254
75983 7884041400
-50241 8372029763
78475 7303603926
16371 9187668848
1269 1593639781
-79785 7520604001
81775 8772672816
37595 4895651504
-39673 3241880044
-30759 4586784813
30977 5724274206
54073 5287209280
70087 3778584864
-21823 4249947902
-451 6929356684
-86807 2029710543
88107 5959080493
34485 5186816509
57315 5528236928
-70699 6703866202
44555 3294888083
-70913 8534418778
48561 2844106401
-14989 7338981260
-44055 4452500816
-24277 3221370522
17013 3943643123
-20649 790521070
10343 6091265218
-42473 5515441407
33599 2450196140
51541 1555100110
8601 8778637439
78943 5843669958
84081 9470028088
-86415 3165159723
6391 3428857717
53997 3769972509
-82621 7161798894
56129 3138765914
-83001 7782593579
97955 8433610176
72641 5626069757
68631 6594319354
-63299 8062468160
-83595 1886261386
-89609 7555606198
-97155 4426055847
-19673 9905355033
77619 2319631723
-5177 7462726195
44169 9668487602
63929 1569743620
-66235 3938199859
84055 9612435438
24843 6445829032
-99809 4385817321
29141 9419230964
-89785 9796068199
84925 6078308246
-14589 5338982317
48073 2156896060
-54073 4642720942
-12117 4706668598
26153 7019117866
-9645 2609168215
2269 3950287737
-46061 5054782402
21435 2439937961
51983 5905480987
-26931 6905582779
37785 818677293
5875 1186182781
-99939 7997663721
95609 2824889257
-70275 8413233409
51267 9083655532
-67385 9034091121
36251 2823303211
12557 9193240627
-38863 1723748910
11361 5690147319
-19399 1849953572
-31525 5609285200
-41703 1202891914
-9683 8162419580
16719 4319689187
-28003 9116011225
-28255 4338161922
23525 6315409708
-54855 3544807174
20543 9378637991
-11725 3995745962
-44493 4734707283
-79353 2067691838
-35291 1295178206
-80209 2751294758
33845 8569734109
78637 4168142079
69789 4482602938
-43145 8985122060
84539 6196794521
-93489 7729387991
87849 8249021357
63337 9518383349
62613 6513827409
-6165 3902480216
-29599 6187182756
-85681 5167353773
56257 5211599995
59995 8275287766
30305 7821072195
-18377 6574795215
-67329 8834460293
89809 8558803155
70089 7136650361
-38219 3478756915
-50539 6437874311
-78917 7925912713
-18755 9911925305
42839 9458509407
60959 4681978155
86589 6041356412
75091 9403169974
-28163 320926228
-2359 2107051204
-4909 4134921913
28651 7107054419
98727 7746128380
-97211 2425524039
22495 8017702339
-9161 3881263382
79635 9723312970
-86659 5229359978
6621 9135522354
-21859 8723625673
7083 8056045823
-86781 7298943208
41899 7892336137
-19735 9515907179
-20531 6648121906
-97073 8242348705
-86909 4941502029
4155 2139102993
-11151 2390114609
14351 8247148348
-78327 2799408833
-61699 9297800855
-84711 8577255085
26651 2195147138
68883 2959387172
7087 8705891151
49947 9300128639
-94285 5234320196
67567 9279360450
8597 4071428852
95187 6875436662
-6437 6354573091
-54199 7415887284
-16207 5916736588
82131 7849105678
99667 5510582276
-6597 3705372803
-11165 9565454756
-743 3803689062
-36483 6105244803
-88397 4721974621
-30565 2057987099
-97043 5432446151
49983 3958259623
67861 1272746095
-47787 8840527502
-5745 8126361766
52131 4662859630
9919 9475373399
42703 6923459570
88193 5829807139
10155 5811699714
-86749 4343321496
-563 9855632703
4655 5385620574
-49003 4427631304
-6403 3186273378
-7071 5555094049
8009 3075370039
-35061 8121476995
32665 7527552595
-33527 1991240670
-74931 9179093210
-39387 1358828371
89055 4273940866
63355 3505961437
84885 9749651258
-84359 8612549276
47101 8806766005
-31373 1423646499
-86827 2139766496
66365 2879659326
57601 4453945421
39695 1273220776
-8147 2501347817
27323 8341777936
6379 4394873992
69615 2637663121
-47635 6289227965
-24241 2102223322
-47043 5333473254
30087 5557560275
93495 3763721089
-54561 9012880288
-6665 3604065217
99113 9250340847
56575 5348475016
-63767 6295267082
44759 3428933846
15929 6286849100
49025 6665097509
17129 9369760477
59345 3587865017
29967 8918330288
-81697 2411394061
-4229 3992304099
-63573 9475100791
-30157 9532752881
50723 4998427354
85583 7418842198
-80147 7332294162
-913 2478340445
27401 1105171989
44643 6483226433
-86227 8351162426
-94001 5265253817
-83231 7075735314
-97385 8947655486
44755 4435011065
32379 9664971423
-78019 9061798385
80669 4533087274
-24483 6928304546
-65349 7772619128
59137 4085809214
-76879 1872952553
37917 3040105082
77117 8919711542
-7427 5683601396
-86219 2041741257
17951 725080372
51209 751695178
60001 7703119050
-80705 8218424601
-68491 7669620350
25407 4039564301
-18547 8209212633
-25053 4481139552
63349 8957823921
-75875 6732669769
37151 4621598969
-66677 3261418876
34995 1527169573
-37531 8844918827
-30859 1179819386
47849 6211034370
-28763 5901891076
47069 5744458349
-27729 9326126632
26633 6478350367
-9701 3436137080
-67829 6396092293
12743 790208939
-13185 3393814608
-13543 5935876675
12807 585070730
-62851 9459007578
-30083 8626074326
-3779 3317294435
68639 2540762512
14033 1738476108
-91763 4288706740
-24073 4681396625
74977 5730351633
2055 3412578121
48035 7698511850
-35449 1012107448
26593 4056211980
44531 7148164855
91595 7448754098
-81325 2462114044
6905 9403276530
80615 7087161402
49519 1079853726
-61377 8233463659
-98839 9495249248
-63859 1391447942
14609 8287953797
-22423 8176297932
74735 9885199130
-5749 4101623145
51273 9738712385
-16593 4483567484
-89005 8010942961
15345 6808905919
85325 1841706500
-27113 1259757304
-1481 3633004716
-33211 1915976658
75353 2967870572
24363 3058785419
45145 8498392257
1823 4265943874
68475 5186335316
-65873 3515774832
56747 7090678745
-78335 7165769616
33505 4594992773
-70851 1344274071
-47983 8503341163
