54464 2672732244
30170 1356699413
-94732 7909485815
-16084 4333579119
-54076 4259565174
99772 6669908304
-14376 2850168604
88424 2787174596
-56972 4208696831
-70438 4923418085
-45918 3705799318
-8050 4262518277
41080 1409480786
97440 4403707692
-15992 791948402
-26654 9487079938
-88814 6157982446
15452 8266270127
18866 2042867306
95280 8228598683
92178 8176568965
10320 6569467556
-25096 5345586286
-42484 9157884726
43674 1387814214
-88126 7014973456
17592 430285863
5172 4631365495
-36312 5369171074
45370 8166586856
-30150 5168017598
-77988 7726152631
-75132 9961082463
-15244 9442669335
73644 7105363055
82318 5338334754
-73556 8601377466
-75478 8035362182
25086 6423150757
1700 2601012358
-23596 3318884442
-71120 8178621460
-27728 2702786199
-14824 4765184812
-98056 7221092631
-61536 6120879927
46864 8584025828
-41672 4804360359
-79828 6542270698
60630 8451847462
-36536 3200586903
1564 2640895907
16026 3973449274
-59392 1298033795
62960 9789749023
-87746 2314571285
-72280 3404742979
-51302 5369505648
58162 1392136802
91104 8353567838
-47040 8412648804
-31990 9398433680
89308 5637421467
66248 7923127612
25196 8290899155
59450 4361563198
96418 6002370446
-35104 8090199724
-27628 8631805200
57484 2744520866
85450 7618201320
83908 5993086679
-86868 2299520840
34178 4859846834
-35528 5118033618
53346 5000294837
55718 4729112902
47072 5513029946
-32456 2728002452
39608 7511180468
94914 9334821882
-5416 3210192006
79084 6100950819
74644 9578889376
87240 2657820260
86118 8517560429
29488 5820693676
29606 2480801298
-80976 8986803510
-14528 1914107626
-19620 8865744814
49082 5154798117
-86700 9450115403
-52878 3171506264
12350 5877319990
81818 5271943629
-28 9307046104
24790 2835061660
35102 5180151660
59370 8904927280
-41302 6489880070
28588 9214477371
53518 8958649806
-81954 3051525666
82284 8958505336
-14856 8958905475
3396 6679317411
-89272 5989536178
-1182 8531211472
89054 7825360378
-1348 3243367386
42640 3200676955
72204 1941734838
-4390 8771494938
-58304 7108583508
-15024 9295796203
-36346 4441308310
63900 2605439296
-98200 7333004828
75730 3033534933
-87446 7577129488
-21500 5073398163
-62704 9534023758
9308 7362423394
-54552 8058011996
-2910 5949312024
42616 8265694642
18774 2190188132
-62244 6193024454
-336 5830538858
-19184 5349828015
33516 5340837526
-87498 5547031730
-2824 6111907587
82334 5270515405
33840 2987056692
75812 9393536031
33200 7373145579
-24356 5164408984
70506 7119439381
1110 3880880266
-76676 3072213966
-86848 6564142508
61918 3338032678
-7658 9718773276
-20376 374292238
14486 1266228986
-77848 3257078527
-85432 9442282027
60280 7169998198
14816 6857374347
38668 9399020088
-31800 7956462316
-17524 5367196646
-33984 2893751010
-2034 8706848210
-94192 3866731847
-39634 3215910341
66198 5302937030
60030 2442404322
-10254 5071800822
16922 9260420989
-41686 7038996954
3718 1278192190
5038 3305887308
-7146 9890317925
39186 6315256710
-11322 9890999996
-13210 4498847676
48254 7121793740
86914 4942763334
94052 8085262856
35006 9880339052
39658 402993634
36606 4858865268
43540 7252260342
5962 6189642642
69654 1354712878
-20674 9763809842
23370 559035229
70356 2344476214
65548 5311221678
99400 9552747234
2640 7280041444
43820 6202591816
80488 8956888956
-77432 6618839667
17414 7015946134
-82204 6664529815
80518 4657509685
7998 2371789130
286 5360769706
15526 2937659157
48046 8757165446
63640 6143490030
85594 9126937674
-29470 8642130102
-38086 4503850806
-56394 1231024954
35190 9727392540
98248 7453185590
57632 871259503
7834 2420870680
-95452 7726461199
-92522 3507426540
-78550 1964406485
87188 9816944599
-3852 346106880
-7278 9757150274
51326 3667586293
92404 6253421903
19992 628077411
-1334 8759526458
88438 3441089244
-50546 2264362717
-11074 5393753413
-54390 2143273234
-51356 5454696576
21844 3820690142
-59728 9812919732
-69486 9525055758
28836 7808177290
71194 2552818258
85082 3232873662
41174 8607557204
-14426 2640147286
39308 4462264398
68282 2623251730
-47784 8759364854
5044 8570972374
-14378 686337957
87326 8265681980
-54092 7688567271
76740 8591718184
-89140 7088345538
60996 6974487087
54008 1292946158
-96920 5653864988
86006 6882705733
-24066 220866958
-52258 5616614020
-62464 1870647258
31400 5000199356
-9774 9898619842
-38594 761812981
12006 9864182237
-92124 5598867019
27926 345497836
-51848 7248321743
-12426 8404984406
62862 2839550597
98240 8253832186
99724 6128575040
-91894 8298070264
84612 6393766912
-40214 2954279774
-83382 2699481058
12808 6031610218
-8046 4189970888
-23556 2794529426
-54180 8929226034
-21516 2942606131
95054 9301577060
27478 4836102342
-85824 2920271395
7816 3565519116
-37916 8081469091
-77440 8752433484
32340 7456326720
-47814 8875331149
20222 7829067989
34196 5647548967
51362 1394001232
-1238 7351210830
8470 2806652644
46954 9346310650
25280 9889336959
-46932 4805999704
77552 5504324123
75268 3488419655
6076 7929313576
25200 7797056718
-84642 5331552814
-63484 4508850139
-8542 9742453998
-44212 9825620811
28394 6477211589
72788 7691193174
38834 2773533158
-54100 5469601954
-13742 8126272774
96174 7442254118
46756 7742161494
-97476 3148468270
-43622 2347453240
20324 1930360680
99440 3260438635
12358 7284943837
-55324 9581318471
-98750 4042921658
46900 8084916707
-20520 1914163460
92618 7739000264
-40522 2944494804
-41602 2522148706
19620 7363724774
-64540 1062906743
-38400 1378546979
78332 9580809463
51330 7106065934
45656 1844557660
41886 9414047134
10556 774528162
73534 4317005134
-46418 4567180373
21016 9597812131
68528 7619004155
-67358 4384780614
-47334 1806508874
94254 6528057708
-43872 1924693118
86742 4261483285
-1468 6397254858
-24662 3683846602
-96250 4724327076
53406 8456674156
-10342 1392906514
-16692 1104150290
85444 7413803258
-15666 6143982100
-64020 8201267699
-76452 2783861290
76022 3018540518
-50584 1523848263
80710 3353601746
24324 4833760594
-6716 1775554587
-86280 4941219374
79474 8993918632
58080 8787640452
52178 7652231298
29590 655502620
83614 7921655325
-5268 6097057027
-66638 6749486502
5360 2376520726
-16134 9569485061
-32066 854767444
544 6458662991
-14362 1468044148
46956 7390442675
-78460 7833258631
-84662 9706391901
50598 4739557157
-33658 5244325213
-87528 6854525734
-46938 9914982018
-33310 3264260314
78606 6912537438
-82228 9562947818
-59060 4186922267
64936 3066943647
-43184 6454269558
-78980 4301954214
76948 6431930890
-58482 3918447046
63152 1376080639
-17198 4192975074
-75464 4542526579
-40356 5015842499
49956 626555671
67884 7451511058
-1428 5305201522
22458 7354729464
-93442 3817931045
-89424 4348700378
8024 1949572578
93238 4712525410
-75238 7672981717
-11730 5213848066
41124 9317019496
-80200 4225153103
4806 1907728381
91488 5731859206
6410 5411966090
-40954 8087561110
-89254 5918558006
-83744 9409019538
-32352 1714651732
-40084 3994550322
51818 5494814826
-46350 2308336829
-63000 9189986418
-6084 5338819286
-85094 5804236970
68746 6366542269
28396 8761137264
95612 7561067150
81238 4229274332
47684 5693152158
-82344 2258914444
77476 9312397211
-44194 5844479324
-55846 7643647602
13330 8820144426
72464 7318459778
-25584 1871451159
-20776 8082599668
-64218 1541103254
-61708 9226059158
430 4589120766
-866 6806753453
99404 2807983283
-94812 9843647355
554 7448800200
-47712 3980055590
65078 1324429746
-31758 7451684240
33312 3082570354
10276 9615034614
46090 670235173
71844 4810585264
-44776 9191745883
68672 3004440918
-49590 9449496694
-2446 5853270813
21352 2335741638
10420 1517361538
57720 1752461774
61196 2271844120
69924 4650575118
-62920 9043528164
17040 1096665687
14360 200258614
-24272 2658511122
-99008 5266296859
-8052 4350795178
3526 7937672990
85776 6020159230
24394 8098233954
31272 4134464374
-74014 3783608168
29430 5053325693
58344 1957341518
58866 3347537648
-89618 7645012221
-84298 5757490462
-84654 6690179294
-69176 6402392582
-47824 6669374951
69676 3666900278
30762 6887989744
-75196 2233712982
-33712 2403180418
16134 2497598997
-24136 391449687
68472 3800361686
33488 4368582700
81906 8416974184
-20586 7996155404
84712 4486876228
17858 3010607962
90156 2050048040
3740 5696155050
92672 4400289187
-72846 1409920294
9500 6427335078
-42072 6952612244
-54920 8984356306
-41850 9717497341
66326 2694115502
13420 3717864270
-36368 7103978043
-44962 3527938742
-22878 2113419142
-43090 4523161613
13380 9762760024
86574 6112731829
878 3391634645
-56130 3140779797
41016 7205125590
48646 6880538790
17912 6684137803
-73560 6386624794
44100 3422925079
-2150 4434355346
11914 4905820861
-10372 5333260399
97242 2592706686
43690 4691949150
-24620 9851069114
-49340 8842544336
79626 4791804262
-92254 6644004794
33906 1291995358
51836 828474008
28562 7048125677
-8258 6971187166
34748 4018784363
-81024 2070672827
82612 6975642110
64188 3088305410
30588 5814853838
80068 9053522107
-2440 9962989406
16532 8702464752
87356 8284453759
-1956 266144088
83512 4708519092
-5682 7972031114
-21326 2396082384
-4876 2142523974
-84990 5487836534
-76684 8860480682
-94460 3354044424
40802 781337838
-16788 4617053867
-57188 1651857544
4564 7256649658
81834 1851733698
-45778 9974587429
-29480 8838029242
86152 3610799911
40028 9141872250
28792 4997277439
-44212 5745832407
24584 9853745162
-70590 3456379517
-29950 961205982
-77912 2269655879
3050 893605958
54166 5732961842
-83494 2058972502
-20010 476749628
-74264 1412066466
93872 9860964996
-85924 6958819347
-58518 3656803133
-1852 7458916171
-60024 8806272087
46700 1904570978
64564 3138037160
-7730 8293909782
-83486 7273571589
4370 6674713390
-43132 5868646854
-23522 7764653373
-89196 8882605282
-80134 3570116944
-74128 6716761047
57924 3469740415
-27536 9901970311
-6288 731835355
-65504 2492350086
54610 6920145757
-10570 8149674909
18984 1716499870
-97322 4540170916
-69620 9699869782
-23916 8347181216
75826 6608969754
10278 2343838754
-5686 2628585826
54448 1701270991
96208 5377939515
-47980 5238590562
-56950 7405888301
65580 8410501847
60510 2227489250
-98774 9605843782
-78030 3464783093
3894 9300081989
50234 7931359474
72822 9664639109
28330 6780630462
4620 764268914
-86284 5359701354
-41254 3672956440
11810 8026606514
30742 1511370030
36440 5372876091
45338 1271546013
-16890 5970902461
-92330 2308104453
65542 3624771778
3732 6013928482
-22644 285485274
41776 8714810418
-75160 4954872052
11442 5570002448
-408 6763384500
-11536 1542132131
71026 8417938861
-37620 5876638522
-2672 7538180516
78688 6486890851
-30102 9212697141
-22156 9529819258
-56524 9785132826
-6018 6579763453
51556 5622817678
-41648 6058280191
55730 1809915366
-35812 1997297504
12472 1410942111
94424 9738340962
-85970 5786128482
-22678 6906758154
15610 9056366526
-81988 1756175598
62348 3727899527
42628 6913935864
134 1858733478
20266 9847090598
-14372 9644891643
94950 6317096556
39692 9009165855
84190 4706648053
46286 9452417613
37924 5312095358
-77476 4444076584
-38134 4862626706
22684 795779646
-38402 3548326530
78088 1802604355
73692 4393725058
40846 4960179709
-38448 2185624863
60736 7704126660
-16068 802679200
-5344 3731240822
-872 3619759039
-17696 4269364674
-73660 6958456071
-37198 351098466
52416 5378360692
-96362 2793963842
-57658 7269678252
52398 2385254582
43632 9370879540
-43358 5796563232
-35696 9637750423
86186 6600541374
1176 2136325427
-35052 2635915472
-79286 7018631466
-23082 2013357388
-86116 3156305326
-40108 521026368
-76138 7132943052
-68818 3628100948
-73932 4617084762
49290 8686592648
46336 4123130071
-63880 8360275772
-46532 739800079
-292 4446366295
-46032 8346467635
-92664 9725812178
12596 9840360000
-42348 6311663662
1694 5791360878
19724 3893942978
14530 7838589158
63038 2433111341
-98416 5624785931
76318 3719190845
-53454 5464734320
42896 4326679998
38342 2087025750
-82916 8359334343
-87580 4851155600
-99220 8892870344
32478 1068152686
33262 1803740898
-5634 5574034917
-99814 8352120104
-48534 5695337914
78148 2967925751
15356 1181769992
7152 1236145324
41928 9054733262
-27334 3693497394
3412 6469743551
-80538 6458171054
26040 4694683862
26510 5211786453
-33586 2389720916
68920 8425337946
-5330 4875473958
11916 467586094
79606 6243400198
-28132 1407638719
-2578 7324597877
-62090 1686090418
45998 9837723933
68698 6467703597
-29726 529659504
-20302 4352874997
79898 8312976248
-68948 3220488455
-90760 3370322202
67988 8222526015
20848 8364221331
-79536 5985013278
94054 8599822964
-47542 4710877080
-45304 8748705194
-49804 1144496386
39408 3114711148
95796 9687648159
30414 3489016862
-22660 5914556952
83634 7662561661
-21648 9085849827
30650 6212476253
30732 6234293822
-38056 8803366634
85476 7708089687
69278 5662081658
51924 9334388814
4970 3014516629
-24038 3193159710
17140 8171802674
85742 9403733042
-65350 3364680576
78018 9619338342
92850 3193722482
-6466 3490092478
-60796 9499687448
-17712 4180666070
10386 258122942
52116 2803632720
-32704 2632108479
28974 7295561666
-8882 2745396586
-94628 4939973784
6450 3488353430
-92826 3748878757
-35176 8966551907
97168 4937198836
-56596 3381170110
25942 8964412014
-14114 4161242196
-68762 8431907509
-44296 3235792474
-72786 1442831866
8272 8058844582
-87454 4974360509
2722 4205035054
-26076 3384013870
4278 2087213946
19652 4785130027
41962 7359009616
99464 3620462710
-78258 9987638718
-16944 3676725447
4812 8538100687
-36012 6821806814
-83518 4487978853
-3172 7411777656
20480 558743987
64930 5182639082
-19836 8645341048
23716 2608790174
-62616 4943433395
87414 8325634181
94458 5635467370
51158 8643586597
81618 5929267006
-31850 8440335333
74264 6162039614
-40338 9232052882
-75694 3164605808
-19458 4817724068
-14496 4587027482
-966 6393187509
55974 3024269653
-56808 5404205666
71910 2889442646
87020 5508351734
49854 4410622134
-57928 6499885451
-54990 1038926254
-66520 8068040940
70808 6180710519
-9146 4989091700
98274 4294777992
59252 4979200144
-7644 7812105872
62926 6525664436
-55038 6800190277
-89136 5948941702
12818 8613228310
-37378 4260579330
35636 3623250955
-37468 2123746747
-48460 4642040839
2760 5849176971
63118 4086885117
-60440 3912499090
73440 6771769299
51982 6602246722
39468 1533563026
-6826 7707653758
31808 536909671
-47106 8299444842
-24776 6724094451
-66534 3357035528
-50364 7623498808
23800 4910331294
98914 3905595406
22148 3094661752
8896 6093021620
-22200 1985309450
69054 5897483677
-30624 2018581030
14992 4856579118
-9688 4954587474
1902 8369099645
12236 1207974512
-28248 4879773636
-62300 6818165426
-17228 189691814
66092 7711363411
56224 9298283251
-80820 4294235199
16728 2313592991
16684 8995719891
-16902 9919820536
61660 5283583702
-65670 8431077664
-68958 4312165126
-34368 8678237159
97208 7727018910
-72822 9458777614
-85886 8247499125
-36012 1772134939
75764 9366235347
82474 6060244416
64780 4230426958
-40792 3100046718
21062 8231249741
87412 6702177687
21354 6949110040
-21644 3149552847
27008 8002132996
-44870 2015097888
21906 4652926736
-98584 3049145444
30350 2950318813
-35648 6754982116
-67336 8602748210
68170 7202223882
812 3381783048
-29972 6850885118
78842 4695889414
-94680 9701215239
-25698 9212800637
32448 4096306691
-5530 674938332
45688 2019606596
-17912 2255523267
-67538 2529875802
-72350 1849188869
76812 5719616512
39390 7815379269
97138 9338743765
34148 9319848546
-3592 4385506490
1868 1878855231
-48274 7930964140
10978 6198123069
-84070 7697897910
-78198 9058239862
78020 5952347623
-62356 5514962392
-12614 7331675382
-38746 7389812148
43206 8926258949
54512 2800285083
28514 4685800902
83652 2808904742
-44718 7948912090
11512 2020435654
-51336 9474297428
-12672 5789208042
8630 5647038102
-29928 9936765326
86472 5327658199
62156 1085645318
55394 4694314526
83668 9187541394
-49438 8782684278
98912 4588015932
-4712 7651925323
74732 7483395039
-70840 9460171676
-16224 8967132980
-27776 4285026276
-40980 7995815256
-92328 2614710811
-76530 9493337684
-47352 625962874
-75692 1943771211
10884 2660730991
30372 863237743
41480 7305142643
25422 4230716314
-89314 8879266253
67330 2743021854
-93576 7359822903
64550 2468846790
-96980 6684360768
-87956 8025139835
-69316 7497086416
-39430 4898913600
79096 6175029702
57952 9047245294
-77674 4031044268
-996 1134310978
-73372 5014197464
28042 8624866072
-15300 4030226107
-26164 5298068683
-3974 3736450613
57204 8883550440
59666 9168700638
69008 8170944916
-72558 5203767648
65120 2821907006
64940 5464103654
-57160 3065182559
80330 3453975229
45568 5089892764
-38588 8082052672
-32126 3540591630
9228 9025015319
60428 4292071743
11984 1696503423
-72718 1370881952
22776 3000243322
5694 4927852596
93990 5293975020
34542 8387542810
-62124 6087050671
57586 8978877053
-36164 9482517106
47226 1946585165
-7422 7491824726
22838 1139373866
37586 3403356982
90140 6838569050
-4622 446984382
9304 5344106998
-70246 9767216650
30966 3556091090
-87316 7529234582
-80502 4751969045
-85334 8417650437
-3274 5914444994
46308 4658331064
57866 7070001408
35178 4998751640
-92462 4497524614
-25046 6204993602
-20460 4424154114
-2430 7918242686
-77346 4600526642
-88464 6951364143
50578 9683528992
-70726 7107268589
-65948 7656572419
-38208 7120898450
-27114 5611092170
-376 3698777474
94410 5069917208
-72424 6424671726
-32394 6475598850
18622 5415228702
31464 9236253130
88422 4683905350
44870 5087256468
936 1692908426
7666 6986374533
-77420 2702476944
31414 7489116982
-8962 1902718372
67770 4136369464
55192 4331078778
20818 7163352094
49690 4275602026
-73378 7537038021
74780 5067467480
-22870 7501995344
-97394 5241924678
-11708 6441127168
-13906 7857042476
-78428 2654898664
-80892 9213485963
-29156 1676017703
-86632 3588669119
-64508 2263777938
-19798 3537332710
-87980 2145883778
97020 2947498995
18566 88849036
50352 3975997852
72204 5085474766
-298 9591797722
-4526 7448682874
-59748 5513881464
-33380 8953040122
-83930 8898391178
-85070 9981028477
-3658 889039068
23680 594507659
-81382 7833023504
-24068 8766667459
67748 3005127627
-18058 1907228220
90692 6107360424
27492 2879296367
32028 4542123064
14918 3546504162
-70564 8997035792
14992 1732944035
-18468 8981105024
-29540 1751814734
-79400 6227716500
-76686 2442033760
-62744 9769931444
-85494 3448217542
-99654 5879089336
10132 2085357431
-29190 713153216
63228 9758184166
-99058 6854909754
92468 8064800715
25128 2525126659
-65818 8528535818
55684 2691048547
-49420 8508281344
73198 9430873718
-4926 310240128
77012 5649639406
-64732 7883622343
63120 4796506374
-39320 8968452791
51626 771371064
-7652 2040635142
-10156 2164227978
-84430 7736877962
71434 4306904546
81482 8575797421
-59446 5023071392
-60450 9028530101
17656 2826292183
-30538 8759466938
36888 9355757650
12876 5849320823
22550 8392018637
-95798 3806009466
-71112 4082831210
-31298 3250141877
53268 5418132763
-73352 7262765164
14352 4292170531
25924 3131934831
21784 8053319186
-66110 5607694648
34744 2797172499
76884 6818813546
-41826 7488990941
822 2922668980
-25184 7247082807
-91652 7360114168
-13968 4500035503
-55700 3582834955
-96614 4591858424
-35360 2592579942
81344 7750470250
34336 1939260158
-32124 5574263407
7064 1061433859
838 1975387366
46552 3016555012
-69864 2127397100
41946 8489688654
10968 620762406
-14686 587385728
85712 9292781495
6596 621814175
-97904 3293460702
-19008 1507772887
21062 3522575022
-92104 5979245916
77540 4042021950
-77252 9298655426
-63036 9534665168
-15338 654600018
78530 5994305690
61000 3308079388
42404 4334872639
-74932 4039015839
97802 9776319896
-94244 4006920530
-57072 7576392678
-75846 9742505109
13362 1979131290
7080 2763552202
-3272 8308351366
18096 9158165179
65292 2736373434
67224 3190798499
-3710 4879683970
-40850 1281707050
-53430 5000808346
-39944 4488649223
-72780 2489718496
-47988 6559776622
-95610 2589540765
93432 4095309226
-3434 4589285382
9904 167189806
51700 6429179707
40310 3718675498
-49268 8222054307
-97158 6210870958
-91776 6818253710
-86804 2080251390
57492 3915907230
502 5046252069
-33598 3495716758
-21708 7345008354
-34470 781572910
-77312 3127549010
69420 9598510358
-5552 8029884115
26564 9707609483
85016 9625821415
60846 6329234054
-51362 3045966621
-5080 5447584260
57276 4287968095
45886 9120880476
36506 4026626910
43868 9646131382
29126 8135601382
-66088 7254704751
-74574 9286727813
-6198 6675963382
-62332 9535019523
-34748 4043641175
-25558 2669156925
97730 6162712238
-57116 7815963584
45028 6459329211
97300 9452632778
69626 6168830918
58608 7050855206
-3868 2293922016
-30378 1603793198
-40148 3578761815
-9226 2583437834
49556 5158925039
-14992 8408161087
-47256 1115658900
93396 3261522722
-39238 6009024466
54844 1192251822
-19888 413572495
98996 7845506243
16416 2852466402
-26248 3233467307
56972 1375345898
-14886 8016523293
61860 7934407255
76756 5107722960
-60856 5100848436
29758 4004974221
2784 6328154843
-75534 1749580656
74460 4981092842
-35840 360221482
-25328 5381543815
-29212 7283126656
-20836 8191988450
38486 3537044118
-34996 8097875611
27530 7752222430
34550 4481593132
-30154 8276022338
-16792 864366532
10622 7508395222
-58418 4774010621
85462 5603184298
56786 3558370606
-81144 6857466147
-26500 2753032326
192 5693724182
59100 7130109787
89132 8806548899
99362 2756040618
60806 7178747090
-28918 1188515962
99104 4071574146
56046 9970668613
12400 8899726183
-56588 3548441535
23304 5189291218
-30708 8424406895
-33156 3522316698
18868 9726312062
-5636 3563570136
-40240 2750280646
-138 8707270901
-88680 2926267187
-74132 8686735314
-90456 5240709334
-16948 6918796994
83512 6628008228
13606 8609086086
-13588 4608366038
85002 8670821918
-33032 9983791370
10106 3854799405
74870 9688530445
-56512 7642297690
-2156 6519783666
-52080 9840561322
-34274 7206081006
91238 9567540837
-69788 3666154151
97880 7325239571
63740 5194520238
59224 8560076770
5080 2486017738
-1538 1348760381
68932 2481131056
21796 6931962351
13260 7776609902
93924 7068013343
84806 6219269602
-7292 3144795950
87992 9452077510
7244 1632834411
51762 9018117278
51942 6638964310
-70192 2734431766
12700 2775351351
37252 918718662
-73312 4259928843
34008 6755321255
59328 7833198298
-66072 4917547204
89974 6063798918
-46230 8083648845
62222 7813015082
-89610 3089020706
58114 5671043104
-63256 5738913598
83800 3746426158
-64768 5296715100
60464 5262811983
57702 5528766853
-97410 5196788277
2200 5190062682
-57660 3285517968
17824 6722248620
-5894 8851188344
28930 9900698746
-87936 6311062838
42936 7320801743
13226 8998929062
77748 5435043298
4600 6476454726
-97908 7718661591
-800 9882169836
2770 9461215726
55046 8904208349
28428 8962918856
5226 2081057586
-93304 5615164190
29072 984665762
-33996 1689077411
29240 9198281634
52694 4546558318
78520 9522794771
91952 8974702023
7830 2616867178
-68198 9492385464
-65880 6977302370
4518 485634906
56352 7085087614
68270 2742817749
-69442 6719770570
-89202 8361889802
87608 1975918339
-29486 6228692589
42566 1782959222
-20308 9434495520
-36728 6343058902
20220 153229074
84344 9085162971
-3794 1183054876
-1654 3461495862
53182 3895132157
70726 9642873756
84598 8986456850
-96496 3728511052
-90944 2967645610
37124 4158507883
-4896 6396812270
-58774 9398471610
-69208 9821027627
-56402 5198033068
93212 9469704763
57590 6302660238
-26788 5494139243
-97976 9399097284
-18628 7574974662
-81758 2148282760
-65846 1767023541
51074 7341079402
-90766 9138384376
-27676 2587999746
55352 8340431986
-71240 3128826343
-11520 3597285410
72028 4751394975
-44518 3178269202
58752 1862448627
21854 3049391197
-83974 9519410450
-6146 1751353642
-56436 4985017250
-39504 5710360708
86522 5850054376
-54618 9059464156
12348 885980440
90378 8858898541
19520 7882727167
35036 3436447166
58144 882259636
-84040 8830768722
23594 2194784896
69292 8634155451
-19144 5530526758
-43168 2956828978
58032 8265398531
1588 9063774384
35010 1430729552
17768 4074884058
-87810 6989099054
-21042 6464671662
-86488 3680999300
4684 8267985138
5168 2716451047
-95110 9373906344
-46428 1879781311
90290 3809830304
-88406 5245001562
16788 4341062395
7898 5448175416
40828 3750864166
44496 9018841166
72812 3992696307
-10498 1536932069
94066 2592522866
55974 8148702406
55766 4742386541
-81164 9159820184
36518 1952741502
22740 4460718911
-98178 3190656660
10616 9753365110
50638 4740885910
80560 4570037332
-77214 3091542861
9040 1595003595
2702 933680254
-4936 6726088754
-25888 2151415122
-42932 6981402466
90846 4442591996
-24294 5043978906
-81326 2545841488
45324 4088834824
-69696 9215208418
93252 7554132139
67096 4595760071
-55686 8008873773
96638 8715844461
99566 8065029172
-28192 8517268718
64100 3484136338
43556 4898253603
80484 6322374296
-4542 9930483005
20432 9551725783
43824 4073587351
96452 2593678799
-49146 8397150965
84752 8979784742
15392 4621953723
-62890 6906730381
42266 9155821973
98082 8789391301
-86240 3860018915
64724 7965101526
99524 9140829688
-74138 8650073738
-39428 8082939451
27884 7465536147
84602 5672788710
-60532 5571173208
73700 6878565568
-73436 2996494126
65960 2286561892
77408 2308507711
48428 7296824552
-95764 4729709584
-58624 7079357414
-54526 9323665045
95626 8316050202
31954 754664194
1830 3595461614
-90392 2251097299
-97044 4960418280
46448 2874305843
-81068 8075361575
-22376 6143885354
-3414 7500505858
94496 4405205150
-53972 5325360934
-64156 2616976992
-57752 2819696867
81924 8409207552
-14242 8673524540
37690 1692972702
166 9098672220
82302 4626072150
10372 605781440
12640 2357034902
-10038 9212497790
-81422 4016313774
-52322 9947303974
-70490 8267015106
-47746 1853922066
56502 1817844428
65390 2767686797
-99230 3083292872
-33668 7061318050
-17346 7743559110
84280 5698632243
58466 8741328232
94460 9526198411
10220 2039103875
38 4288553154
-15498 7352600309
-45664 3172364046
5586 7782719680
580 209661738
-75278 2923738565
63004 5214637258
82380 5126030771
33786 9276292549
-18332 6912051143
-42416 9132604531
-19564 2999623120
47744 6841829908
-99368 3008746276
-62068 5535926326
-86732 2920907363
72874 2663978176
-10094 7456265210
-620 1358706627
28052 6200094582
-91822 8824486464
8812 700431147
68238 7178816708
27220 6322787311
55282 6255335666
15950 601207812
45238 4972416186
-3594 2234984250
-11346 8723107742
27862 1233533462
45714 874801522
-14820 5623135519
13392 4404579938
73002 4236433832
-49952 764035410
71882 3509131550
17662 2773376194
22104 9910426446
64388 7326253578
92908 5798630242
63856 8145828095
-65900 2849423864
-74474 2410485526
-68610 8248574564
-48782 1313523568
-42604 9836198856
-77770 4568775982
8372 5224066155
-7192 2030404758
-60234 4623965362
-40984 3433177474
52236 1221664363
-11192 9663316206
-77292 9100107287
2942 8465315684
-22950 7464809384
19182 2560189932
-7884 6205083358
-43994 8823532061
-86248 4329687195
29686 910545445
-71300 7085144648
-19694 4682233896
48726 5178502258
26378 810747662
87688 8914871867
17886 2651337332
-67808 8933278291
-92840 3361558295
61682 9833426798
-75326 6243313638
70640 2446608996
61982 5069024170
36520 5766402834
71020 7730273570
9786 8901725816
-66462 4207450853
-63658 9091669461
28756 3027808859
-16258 3398313078
82874 5845771120
14222 698594390
-8864 334908644
40232 9794706628
28154 1322393360
4058 8627065933
43758 9362841902
-9780 8909820186
-98012 6652450552
-74000 8871044583
-2548 7151167839
61784 3335386915
66616 1847934199
-76460 2863949383
-14424 6095847146
-90420 9019230219
42598 7637239612
48910 5595075268
88212 6207840063
-2474 530421045
-14210 8098011510
66036 7042578434
50940 4889643803
-81362 6359621402
35222 8070104300
-55786 6421314012
83744 7633344391
31574 1147940461
-23572 3671950311
83288 5168462815
-5506 9324442364
-46252 2539789842
29896 2959644674
57472 1869329122
3628 779357624
12632 8406982183
-68834 6077879374
-92486 6716589512
33766 5565133477
38650 7116387194
-77960 7702719859
-80512 7186058758
10354 6951352150
-19036 4166013570
-34954 9692385030
86048 4768852367
-44138 729122730
-55558 5900342202
49016 1120628004
-19662 861298846
-28450 1609307621
-63440 2634945179
-20450 3901286908
29114 4551371256
-96952 3300040614
18878 4740342333
37472 1153289670
-51980 4678302176
-15550 8671515256
2776 9831488839
71768 1492263271
10122 1177616738
-36728 1801847796
-73306 5672763221
71492 8997032675
87616 4786220454
1224 7094272907
-2048 7585860627
77990 6026249220
43856 7097920510
-89314 2356598268
332 8250998512
-34248 8110986020
-91754 6144460086
84070 3543479710
-27652 431412710
1452 4098749291
-37166 3779393424
-81718 7750544669
84482 9434082896
14512 4375489626
72208 7662365082
-25432 419717862
-25676 5313189984
-79090 9156737989
63326 4802658814
-83192 2853653524
-83788 2595219043
6362 5792146690
-72410 9282509522
66596 8465010379
-66194 1877983308
-65920 1285114820
94366 8756548298
22708 6549137682
63008 5890298914
-23536 7078425686
58534 9229681533
80098 8601884880
56292 2142723495
54978 6714262949
42186 7361437856
-10106 6670410837
50402 6651440848
-92160 4500178290
-56450 1030486604
12786 2725436141
-40232 2813474491
-41032 9642642147
-58758 1035104101
66592 5818226495
5492 1052304718
25466 4582781986
21500 8553765951
79910 3403273670
15908 9285127650
-59282 2829507668
83888 5799603598
17578 6335985501
-32216 7575451524
58080 4309731519
87706 4746253432
92912 5569609711
-81120 8840339956
-5708 4537878610
29362 7445675373
8640 9508696894
-33314 1378898549
91986 2643454142
1250 6768913026
27514 1356370784
83116 6265495240
-84774 7566897192
51752 8875698846
-37726 1664683248
22670 4283547970
-92802 9092015245
83640 9299455171
25872 4927740562
2486 3697304021
-64402 6680387756
-10662 8646940685
56216 3801207915
66566 9384483757
81002 9788699582
-22954 2658931810
78660 1549271659
-42426 9743364613
29790 4603012378
98742 7080338933
-4304 6773714979
31868 5943247952
12596 2244531499
40994 1891553693
73708 4974181455
-76184 3320081394
60494 3977481109
56332 1850928291
70296 6699739218
522 3970929365
-55616 7726104650
-81396 9365398376
-79384 9721132059
-38564 6823005459
26238 4462398618
29650 5345677870
18452 6484509671
-47054 8162973045
24978 4916417762
73772 5562674830
-13010 8866679754
51500 4328828383
89668 6816542359
37062 5714962301
29590 5554972013
48298 6573438349
-26858 6682679309
24506 8637032208
53458 4388769358
-17048 7652181787
28432 8589726071
4612 7196528127
-65740 6229165907
-19880 6172973398
-44110 8529695774
88124 2993168830
-37698 7359110390
84008 5874053119
-15768 475390183
-25260 1028246023
63148 1348246579
-46622 8382030530
32514 4930747912
85448 6786412796
95570 4036673058
98244 8979229819
71138 5647695418
-8434 7573448829
57134 2131991750
50936 5477172636
-61450 8107494036
-85234 3899176066
-81146 7516041885
-82690 3208714434
-68952 3068948356
-34958 3257658630
-69862 9538138909
24354 2695615504
12582 5800576046
14168 4449050418
35302 7548492186
53980 1351760734
3326 239942724
-7792 3370105635
-3212 3593416432
-32816 6878602668
61688 5273725550
-74244 4024054407
-74938 6984213020
-39004 1027232146
-36264 5519114482
49984 3223680787
-96882 9821809005
-92332 2372588742
60858 4692333594
8562 4611258374
-7394 3637807442
98238 8841489990
20924 7538402035
-10328 8583152740
-43540 8211632583
44918 9694585026
-12590 4616197573
-9020 1475453656
-30684 8307400355
59002 9495155848
52028 9956351304
-68890 9798019805
-60238 7365496526
-42442 6460853092
-64348 4389619464
-46586 9814222846
35850 6948229942
88412 4308275615
85006 6232154710
23324 6433233303
55704 7842842674
61582 9820910157
99360 6058409303
-15300 3660777183
29868 9927764987
55364 7016541863
-95720 3877920775
-37590 3376983736
95658 2369391502
3638 3073792957
4116 7109533307
33398 6676121925
-3544 7591377870
59666 7707131528
-42608 2297391478
37760 3179785340
-72912 9796757882
-158 5142331370
-77550 4747436714
-3832 7798717220
-5586 2105295749
69410 4709042170
3928 6076609274
96098 2595837344
-38578 1330348356
-44346 5822516588
37308 5452095384
-82800 6190401307
-6644 1883517750
-5582 4826350864
-66868 8328966832
-31088 7769280516
11556 5214367495
12976 4003521307
-69564 7956776342
56936 1210285812
88430 5767727886
65236 3807407646
-44008 5957377707
52308 3388197904
-18312 5397994115
-76040 5823288114
-12680 6039002038
94718 3291832045
-152 9661743674
-47640 1043987044
-67240 7653296694
-28876 750871131
25878 8828264108
54496 4163111378
-52732 4891468454
78998 4970062684
67096 8648334116
49542 9695228342
-76128 6581146987
44982 4575765166
84862 7011624988
33872 6140341886
-47152 8686570940
-85324 7238493047
-36788 3156660242
-55188 9527569690
22882 1207184206
-33730 8102546262
-77802 3251718702
83552 8358956294
43722 4522630184
43600 8415194150
-82440 8065836219
-51192 3921556563
45956 9394474856
30428 7389421034
-66622 7050401514
79468 8195141648
58324 866867290
-67858 8303006382
-42848 2340666354
-84978 3560776293
36602 6623814949
-25060 398015666
-81460 3244322134
-96782 6174836562
-63604 7465500160
-35674 4909910573
69156 4652271327
-84918 6591939478
59134 2535580442
-94850 4687740786
35180 1743862678
-46716 7717109120
-19086 4116509704
57752 5148311730
29586 7435982696
32048 5273219663
53084 7097578040
-390 8924031606
-80424 1764275751
-79332 2063280271
-45740 1234272114
-86966 9560117989
1792 5887737100
82608 5210422195
-8654 3589216416
43412 6771350355
-9746 3170290725
57324 1708381963
21722 407369096
3828 4589489211
-75078 4521945976
66648 8330880050
-47578 9939532578
5822 3558106758
31484 9463621106
44570 7066805634
94042 8363207064
-91424 7236606583
14138 6939289322
76858 6596987272
95290 6195524024
-77092 6596266035
-65660 9498655143
75530 5733675077
-54448 8538354610
-14042 421298564
50258 5241940790
12150 4477020206
29864 5880264691
-89716 9025317487
-35862 1961227872
-19432 7685260122
91948 7749188079
74754 4320570378
51578 8145348378
27588 3997403488
-40248 7430455114
698 1504489941
25190 2715833669
-93396 9378807742
-89774 3424746234
39408 7715450270
-21496 5375934284
47664 5434033019
-43148 5120317371
81874 3635967806
-48166 8539146725
-1676 6987871130
-75614 5254948776
50172 5974723211
87640 2332468459
40638 5772387636
67186 5914902421
-82462 2567114886
-1512 3195150782
84586 5995713606
-10852 7742624336
-73466 4874110358
-13134 3450825696
15818 2952751704
-85252 2757777243
56904 8522924636
9488 6803250011
45742 1870930790
15952 4594665323
-69556 8681810566
-36892 1598971183
78630 3293304054
13772 7061903790
-90874 3938563938
-65814 9854407298
-96380 9580119731
65348 2186368962
45962 9309125510
-76968 6462320846
-19616 1322912506
84080 3934151179
66074 9510996677
-6558 6812776837
-63738 8531908852
-49306 2662495250
-7224 7680748947
-21232 902607967
-96174 9467108501
-90060 8507117350
80196 9903799922
34088 1405405682
23596 8509471335
-59980 7571200346
-32374 2640150982
90300 4605538543
-55792 1200702227
35564 2102896286
38306 8283851552
78354 8079869941
62536 7279393974
-67224 6372532666
4960 5833944527
-54608 8143185836
-17040 9004727802
-46282 9744742981
28772 5845432043
-55676 895894416
92632 8894673030
-70904 3998599054
27720 5617752122
-60706 2546931501
93632 9067420546
90024 9781649427
-42526 533867320
78328 9597914362
-20052 4385376606
87286 6630923370
35052 6617758839
56772 3033980558
45974 9925878164
-35806 4153316958
-98232 2605791571
-70210 5564920014
-1850 6872237220
-77416 7850932380
-41362 984369853
10450 7967382805
-76144 4238614862
71410 3526647618
-27776 1370821051
-15572 3844047326
44250 3488726357
34800 3568118046
-22564 175650830
-58340 5680775027
13578 6685227304
-36800 5293449798
62112 6319806323
-23024 5698725035
20666 1716986749
36188 2310346434
6416 5333696055
73304 1350439975
-6822 4312603992
-4666 6038597
35670 7166717822
-81370 3070370902
66552 4111625407
5274 9195310970
-5444 3058739834
-31586 2074143526
-74636 7181019883
50102 1010330070
-4760 2466121063
-64884 4047686738
82030 2228935549
-86008 6618493884
-79132 3772133506
-90034 3785272490
44252 9201522867
50014 6617806030
-49984 4847283716
75188 7297749110
-92104 9200233059
11520 7173238143
-7946 5537448404
45190 7395935045
67594 6858752406
94278 8507148574
-54282 7626712132
58136 7543356084
-36258 2542708517
-55426 3564601556
7296 7665490502
-52626 6007590170
10550 3876555654
38682 6922211742
77088 9479908995
-77448 9791031399
-72916 1820808042
-86218 9352585378
51890 3704635078
-86502 7664953782
-98084 6743302583
-57582 9580480541
-1850 694037194
-96758 3758832358
96740 8427506127
48986 9345548581
-7160 5220575142
52828 5590618787
98446 6409278628
-38638 4846055293
81482 4450025312
63036 9759749490
24742 2660344438
-32702 4158238222
38890 5865213038
-90008 9152265610
74680 1518875554
-71960 6526648415
61172 7012700488
-59356 5324335286
66612 1221875952
46552 2564874983
26750 4988908724
56248 7059039042
54746 9290332152
43620 4859415654
-10618 9412744658
-20452 5112418114
-82330 5958700930
6788 3936975082
65260 3417820178
74328 8465572084
19334 9051812053
1014 1111112178
19450 3329673434
91380 6599025630
13142 1922983474
-66006 9897273152
-14006 4561839736
-37036 4810236434
-43914 5826568274
-3412 9138881698
18376 2951855502
61596 7480916915
81498 9055299094
-31058 3364944334
-89466 4767890450
-16912 9648851622
18494 8328272716
-20934 4924822712
-15000 5950197314
306 870906818
-65190 1303226702
55312 6685836838
-81388 9936121311
-44366 4781415838
-35960 9145508854
6756 4176783318
-33658 8433852845
34616 967210318
29644 2508170698
-80830 3587589453
61512 9446164084
-40688 5423444260
-44270 3033922702
-55772 1527714918
86098 8090219293
-96958 3947918461
-72144 2222636999
81056 4833243010
-85930 3304012229
-45192 8164925690
-36832 8741784911
14360 3562879750
67308 2557482126
-12068 6462034231
-37484 7292183542
-27140 3158525454
-49370 5063841290
50330 8703773421
36930 9182148730
-82702 6833611973
9242 8758555045
-71086 3289309046
-22008 3127702962
57618 1185176853
-31072 8690699303
-37202 6047292604
72420 4916185235
96494 3628006893
2982 7117064684
63728 7730852860
-17574 6237810504
-12866 7985547101
-27216 2309675530
17692 5107529387
-50898 3100249988
68392 5703620558
97412 6262239200
-45256 3550445918
16178 3652233728
97614 5749038413
-18980 8937280088
-99612 3370782995
-24664 4331354790
-88122 8357970126
97802 8275167445
17752 6211021942
-160 7560717010
-18264 4558788122
46522 2809505893
-28616 4006449119
61192 7435214860
80968 9427489171
-94790 5768059909
-33890 9336489122
32584 6605119570
65124 4533534531
-73626 9734313781
-21254 3358715642
-74670 7584651709
-95428 7938600334
21018 2176135106
-25004 6328405114
-81536 1831092987
-47800 1054876562
-47950 7961023101
15972 2005101706
95004 6047730736
7752 9892686427
16278 3995810178
47960 6449016932
36746 6315873621
61386 3359321144
9818 8852880608
-55208 8530631694
84244 5125826647
10204 8459456763
-11802 5923652446
32192 4115958403
80340 5284765299
64094 8804553578
-67930 6826130530
-60420 9924618687
35760 6887461291
-914 7141507910
54474 9732916741
-49036 3831320546
37600 8690214159
-80932 9147540047
55236 995403871
37380 5432956243
38010 1906499770
93858 4012309378
480 3909281316
58554 5207503478
-35966 886306466
61636 7564867480
-2776 7971145102
21222 6584415004
23604 9255510392
14200 9777472700
8690 6634698584
-222 3783613493
34772 6221502994
-24094 7360815318
-87040 5758268739
13980 8248904783
92822 3211946661
22720 1605220359
-30794 6560469566
47782 4218120130
17544 4073411466
76516 1627458736
55270 1605761314
-61164 8451944030
-23042 6373179428
87840 3737479954
39598 497604189
28636 9378077096
-74500 1978576656
60336 1483761902
-15666 3212730226
49700 7901769131
72082 2164609448
-77902 4410315592
-50352 3465474767
71960 5787411866
-3728 7410238322
30066 9029433218
-9574 9946020254
3784 5660000223
-85578 7486850661
-7178 7930225653
-84418 3829125398
-44696 3782571644
-66032 5594455843
89310 9849147386
1996 9086294666
2484 5673162087
58408 2724597523
71690 7761164933
-19836 6116054810
36564 8780384330
4642 9635225658
-77938 6122840918
1460 3650876144
52552 9437493862
86510 5084333204
-34832 9381499796
59524 3951191562
-36094 906183146
-69676 9991385559
14282 3524258808
24142 366456150
69416 4149027935
-8798 9826891758
-8370 2268448126
-41898 7019846164
-53572 6747951046
62922 2647839142
-61328 3385969662
64198 9968657853
-60414 2465806808
-47824 8016783282
93718 2719034764
-67394 3531550270
10578 990234397
1050 9234894512
28832 9462625950
48316 6765846240
-1080 2257045066
70124 7919362679
21010 6040111170
35648 1448408876
-98990 5424592416
-85780 6739009423
96580 7277378891
14528 7066254366
-21962 5270721405
5484 8421604638
-55766 8124043032
21666 6572319094
68816 7505476134
21374 4402133290
-3522 6213429029
15176 3533488006
75208 2859102636
-1094 7469316694
-44880 2542793315
80284 7491273599
12418 7019946277
-58708 1928099615
-4342 6047808650
-13892 2280014990
91226 6578881384
-67982 2648512533
26016 1046158852
12262 9966540636
-39818 6841599474
-1356 6982910430
-58512 4987323508
63630 3507841645
-51530 1232573413
42458 6042872962
-28432 4955173460
24316 2549012290
-97626 5517866998
-18902 7213957522
46130 3785043794
54362 9682034789
-4820 8677019726
-94262 3182596373
-89008 5757310119
-92332 9794790984
4750 3093879981
-14940 9482184152
-52590 3262580134
42480 6584356164
47818 5996888802
-38502 1966613710
83178 9420531800
-36402 7728089974
-67396 3531613231
31940 6854997742
-93232 5806032418
18168 7082734278
-90268 6423569648
4488 2876823811
-98196 5716413979
55020 3448734184
-72568 1674050891
14878 8124384660
-70738 3726785765
4734 2169007340
-88378 9787396461
58722 2689716157
17618 8936335782
8856 5188277052
57020 7197511216
44608 5563112922
73314 7008805928
81574 4249881654
57770 1676562846
-11962 9736747718
-97940 7391614336
15842 4449691272
-89144 9539364852
-52984 7194127966
99050 7496180258
-91020 6032761519
-31420 4885571384
68998 3077113094
57760 6719624159
-25550 1397068664
22316 4645660960
11142 5266509389
-44948 8433705600
24252 7872062186
45550 5197248066
24514 6608649054
83488 9914073956
-56404 5538500328
-41140 6303487016
248 1692345674
-25486 4763876922
-3924 348136104
8536 5257729404
-59000 7219276198
-9074 9323695941
21316 8491575438
59856 963482818
59196 7966704574
28302 7877448146
-74580 6189045224
80522 9531137864
51992 6453872762
22480 1032451371
54046 6561405306
29198 1371930806
36732 7237594414
-36368 7870518739
-86156 7932526879
-77074 4102206437
-68738 9441712718
29764 9816033362
54824 3386042636
-57176 9201296062
67888 5988655130
-3042 1677525122
69368 7993646964
84388 9960763270
36476 8271844795
63446 5291830860
-88358 5997914040
-10364 68456600
21284 9325692880
-64478 9111749886
87716 4242365779
49508 2998119944
-85306 2878504180
51440 7938555934
89464 6960982050
65224 3514198054
-14594 9745808866
90460 7959296514
57108 4492627398
-57650 5965683453
-87356 8872009178
9464 7252762923
-55318 6085173234
42196 6725021134
-82490 3260574630
-50358 7994136461
-48976 4715247779
-91370 2866937148
33368 4300098734
-16860 6459569474
-91352 4096148692
92748 4376506454
10414 9226966410
-1032 4777088067
50758 3375264102
92052 4582034302
38742 2481276052
31776 3598941574
-36834 7412631446
-70168 5054348466
11710 1328335196
60242 2186014622
37528 1715329254
35564 5818966498
90568 5998550291
-80216 4141663539
9816 9903815511
-48902 5115623938
-54796 5824527854
88596 5187611362
-2668 1133139494
45400 822076123
-49108 731551278
-95818 2908302333
-17976 8372619870
5882 2287296856
81948 6749207384
24638 189669677
22212 855455827
74886 3663318445
33364 7212797499
42406 9299909022
4586 2615652242
-67696 1955999444
-80684 8843723338
90284 5286437539
-41562 7555026226
-14684 5049426594
59840 2898128516
-55022 9204841470
-90234 5514850389
3152 1380624918
-60080 3433202999
-16708 5698763328
31390 1828780770
-49984 8221717907
-38956 1981932411
-58690 6287366116
-44130 8095837861
-53702 6110056902
-90418 4833140066
-16614 1870825318
4276 613334528
-41696 7209543063
-52110 2062566130
-21172 4452789351
-41950 5683050373
91228 4732960246
26226 9332271360
75156 7741017842
5532 7584055662
-30896 5828476483
-49048 6572706108
-64112 3445916511
-77502 3485079661
-89998 9219385584
-21486 5636600870
62622 4011951701
60028 5132133415
456 7054170492
67386 6264538397
-83038 5097728101
-33226 1314932109
-43406 9506721664
-122 5203693437
58932 923173320
14080 8754174075
5240 4590072302
-46408 2808139091
-5744 8134926319
-35304 5936948235
-66278 4011278638
-36250 2964589828
-33880 5744818658
-30492 5733520811
-74690 3473277589
-35948 1438151160
79084 5631123518
-40958 1064745013
73340 5116428990
80462 5574982341
36784 3596599026
-65070 4626642944
43368 8969216596
-33232 2786691378
28452 2635903000
24264 8212563236
94992 4049756971
-51372 3266557232
-42162 7385261294
-48786 8313639876
29544 2743001627
-34730 3252661308
-34286 4128677736
28114 2436906128
98420 2478560131
-6396 5342513335
-82832 6337803314
3896 6910863671
20980 6286724790
94298 9959604834
-64998 6477599854
-2694 6407487088
31614 7816006866
29078 6126807522
32304 899137934
-87272 8230640082
43166 8742106034
53708 2724461360
-78862 4082169621
-40108 494020779
-15590 6776694814
-63992 7636710467
-48216 4272730391
49992 2823362934
-71566 1917254286
-26708 2314434534
-56526 6481102469
88850 4977670362
84646 6857009573
18780 4943828194
62568 3612453548
-5004 5928269894
43196 1269637819
-5304 6147297908
38472 4701105214
70796 9194330642
41398 5496228886
30050 5706792582
63928 9170310420
75164 5242310872
59068 3836223679
75014 5083254446
12850 1327091544
10330 3157497797
40488 9258493083
-1922 9956805901
-62860 5418732640
45168 5744990235
-96728 4434935634
4920 1641115671
10620 4032738887
-16964 996524699
-5608 882813270
-35068 4628907670
-42476 4988011578
39236 8590536642
14924 7956697319
-14462 2083934398
8164 7438675758
12576 3218710351
6092 4145535434
37348 4823158424
84450 4859896536
22436 6188272410
-49022 3056484810
20906 6509522398
-25096 7199521418
32598 925816165
13198 8864803690
-45676 4963152171
94104 4763003719
45578 9182709694
-43410 1970237222
38394 3437064246
27978 8358232730
-49522 4349682277
-50502 8487358042
93514 5380216926
44592 2452975204
-35554 2247441898
-66774 7810255886
-58044 4302357302
-79154 7019063085
22384 6201743466
32564 4614128258
-4352 1926504774
-46354 5967185122
-25400 5887980131
688 2013906332
-99140 4865273896
35682 7815656301
-76692 1506384555
-10264 636464804
35404 494535472
-51288 6725364020
-47912 5905801218
-27972 6559226919
-73756 5017775218
-23750 7380961429
44958 2071899362
56392 9353133900
-50310 9078156333
29730 7722359824
-22038 7913758237
-55824 3822842332
-99468 8580692784
34690 5335324166
-15724 2494504726
13676 569229656
-6044 536430894
-9372 7289554267
-33472 4753834163
-84828 3084038282
56186 5815915806
-41072 9333362423
-14262 2686052960
-58218 9910398946
-41272 7877514052
7858 816521026
61388 1780037854
62180 4093740006
-66534 8449107064
37658 506696070
5212 5013038768
-54492 8034174926
-98758 6193703032
-2222 3885349840
53748 7950966067
-13048 9261446567
92684 6480706179
42932 6131599619
52520 827339263
82462 5226783214
-70792 6229707596
-40888 4112409095
43060 3355369840
-1282 1646468002
35970 9584950574
26580 2993638447
-1004 6447133939
-51108 4922131886
-28140 4989752950
30776 1516204750
-1066 9697123306
55276 2122956491
-46272 5332214431
70556 1832827582
42832 2865028198
94554 3095754397
60294 7742715234
94826 2724886493
-84690 8547327686
65030 9170372541
-18080 7814151780
35722 5801600997
-29014 6279841944
-65156 8263790847
-22628 5476156872
-1116 5492669304
27670 1313222269
21964 9815091678
33646 7342369684
-18148 6724865998
-17612 8648084826
-61570 3021582444
97764 6520603586
-67792 3526578623
-27768 6593517150
76020 5801049134
-73864 3980492268
72722 5207350114
99196 5037493558
40956 6834188951
-46718 4509500248
76724 2598995482
-5474 5788164174
-91330 9015177586
64946 7016137562
-80626 1872827594
-73192 2719415747
-23272 7692593979
-66844 8256708454
-52072 883166482
-71242 1319171086
-7748 6544930616
-35330 4046248794
88076 4966247062
-80884 5413247147
83614 2389155189
93000 8544822668
62696 6688643058
94054 2467686045
4712 7406349243
54218 2710555992
6822 1293463858
41138 6151320421
-85404 2563217206
5236 8144759431
14400 9186755438
1922 6988483550
68508 8054000706
-27220 8599207326
3642 1574216542
84782 3316907853
-35312 4993289959
-56470 5896684189
-43730 6565027060
48006 7939850414
17258 3649478672
76880 7495451395
-70688 1629715111
-73524 3078917224
-91188 5494417056
-37364 988929526
-91116 2720586130
-62152 8502602830
44944 5277371863
-51376 5287669132
-98182 9118224813
34050 980421352
17272 6726434743
-67810 3344131366
37174 8800830006
38858 8978555474
-10996 4972854042
20282 8640550045
-86304 5047201622
68888 5568585694
-22688 5704609674
-45910 679196029
-298 9200231702
-15608 5948160388
13684 9425546899
-43632 9205855828
49078 8650541422
-98756 5025710623
45140 1700814006
60212 4215466743
-72206 2187355365
40250 5393104762
-38754 4592305422
-15558 2301346654
-16502 9463622182
-40012 5382335987
-14304 969463603
47648 6204460503
-69248 2405903756
15196 7462143106
75076 7616222899
-94060 6852013586
-68836 5914452007
-61340 3724525258
-60484 6194465383
-74276 4651090591
50484 5358779320
21578 6492567754
41616 6949431399
-18130 8945869494
21118 4099263532
-57824 4509242118
-83502 9039517686
-94522 2569350172
-25240 2829001014
-9108 7088413199
-34706 5346220650
55504 6049989495
-84128 9859221908
38008 8077892118
68622 8644989138
18602 2675806294
68614 5247869724
66994 8455140565
12620 6006145995
33896 2019045172
90432 6692253487
-1010 3882256828
-59664 5878048548
-1226 7269621666
12952 6684505372
72196 9509975478
-57192 8117688908
-70422 7729560118
-48194 9639437653
56428 5220789295
11258 7685105280
66444 1806340746
-65720 4795836510
50598 9262845117
-5040 8304976244
-25892 6943826426
-34054 9663777958
73246 8324977762
-6310 445818058
-32774 6875774846
82198 6635766902
-30224 897477059
20940 5451681191
81016 9736571866
91488 3243465802
-19496 8828760898
-44494 4715027286
-8092 7032931451
-20312 7507602339
-69648 5856905556
76150 2389522770
-20106 5552375381
-88194 8194902429
84710 7768663322
-12312 3424017110
-65864 1715218859
-71530 6107449814
-35722 5253015300
412 7030517358
61380 2442935511
29774 3748670626
-80166 4055980661
89648 2042306238
76586 6787836373
-82484 7472505942
-96686 9056294698
21980 574108122
-1640 5971307270
-94788 7170359464
78708 3651507751
24670 6883188933
-85976 7438802734
-65288 1100064083
-60442 1239115182
-44008 1078664939
47412 1559108991
-94200 5219823894
51626 1360362186
-86856 8385622686
636 5020040139
-1040 6824878638
48200 5214343238
47356 1705234495
65174 8309963021
-89130 9858711332
15524 1471351895
-18666 7146858918
12732 572571798
-98672 2439428343
-28810 5729045180
82504 3323371918
-31884 1901266755
-63708 5295441920
-38214 9466978978
-86036 4644403522
-24416 2018119983
27038 9672413502
2810 9382073778
-42502 5499628176
-17798 5571353070
21406 7291458213
-80084 6613814966
92160 3395420338
66660 1817579416
-83018 8720997250
61404 3556953874
-32456 3932494975
22326 3739573614
25552 2471502703
-28594 3243846556
-19756 4566835968
-48592 5347059586
19394 5340964981
-9116 4799642547
-42654 2407025694
-27778 9081393812
-40004 1495890422
26004 8008055731
79920 1839867686
16600 1839837692
-61014 5691050846
-78996 9882236176
-28816 6771309347
36376 2076337894
-67394 7791249156
76182 3496512894
30004 6559085547
-73338 2303759125
-13694 8358500917
68836 3298387576
93290 4889951984
73066 5303064210
-31920 1032398718
71938 4449192978
38366 658467340
94464 2610404307
26104 5204336490
-60202 3955014532
6488 8255923186
14770 7468474410
33004 6687076288
-22458 5919448341
-79448 6039336303
64974 2874457244
33072 4513361979
-39056 4286003124
-9098 9256282898
-27440 9556688642
-45550 5191345474
3766 2260476597
-77340 6418298042
13786 9969833317
43236 3608537275
77906 6325076320
39382 3976436426
-73082 5249760106
-14124 4376993902
-70260 7053620818
94894 3144589853
-81816 8555993806
-42036 8287167619
53898 9934586570
26054 1522185588
55222 8907822509
35732 2619921822
-38146 1210358926
-90568 9813953026
-77918 2785930218
28302 8699137330
-23704 6918016239
39678 527551378
-51802 2345535950
-26788 6612662978
-94330 7601176450
47032 9002050142
-16206 4196308517
-29676 5668473931
66474 6964843144
39408 6712728050
-4746 3586497677
88668 4965697523
-2120 7481657884
56810 2287097264
-16184 816257772
54876 4638808867
27546 9793478082
29706 9830101448
-11686 1893685328
97250 6719021918
-90388 7105122579
12876 7150740704
69970 6624836094
74336 1401440683
-90514 4640595610
91384 5087764474
58174 7433332914
60124 6870444318
-9874 5070502989
-20088 2819287290
71422 5217244573
-53378 3864962070
25384 7690453143
79788 2549816350
-49634 6122390956
49492 4606095091
-43968 3798997042
-17166 9156494765
-7050 5748571882
-30096 1577575396
19014 5317602414
-98830 6707248306
2336 3250142062
-13718 8655322782
77028 1520933320
55514 3524567054
-60522 3638371042
-14570 9696253396
-13840 7595473332
92712 8699234738
-26374 1653021178
-90064 5560852930
-10198 4996932962
84862 8106585268
-81914 6012524350
-94390 2345545272
-14684 4232533031
-51048 3036510547
59860 7951545451
-83728 6410114460
37460 7129728274
58716 6839510102
-54610 9196932334
72288 5174700483
-47398 6511885357
-62022 1853852829
-67040 8708321426
46 3843925390
57656 8603712174
-97640 3618921244
3854 3137103726
27192 625997887
-86502 2547447846
17036 7633599639
-83872 7200389567
-23974 707595397
52234 8476293650
-70368 3551109095
-19488 7695243714
-47484 3968988696
-68666 9274478340
17362 1437063242
21362 7269692728
-88276 2377083483
72324 9874509530
14548 9932174055
-30330 9188280950
-47400 6700741643
62292 6951479072
83306 2988477664
88526 2799146861
38976 7632113783
-41304 492312367
-71498 6635811270
42540 9454123046
40852 7574903024
-67540 9824353552
92170 2651577120
1110 2012068318
-27084 2851075720
17484 5639484990
-32988 1879833342
-64720 9653109950
-53168 9887963748
-32202 8234802666
82024 7848539311
-96140 8270701867
-31152 5068975602
17596 6441687422
-32604 4690158190
-99424 8085285236
12568 6532836412
6338 4502288434
72512 6084881735
36862 7878660012
-39196 7982202210
16888 8260864355
31986 1263417746
30064 7531868316
-47612 3610653144
45418 9719826286
-14148 5660725598
23464 8220748814
-75556 9605208686
27778 5807960706
15910 9338813172
-42894 601595253
43052 2292270475
35126 3621960277
10464 2981955619
-78808 5865939627
29180 7733048695
-77996 3458127416
-82766 5010996314
88828 5709458666
-5584 1974917343
-23940 8278111640
88852 3215053104
-41896 3744545395
-98436 6044634210
-54834 5942572757
7016 2575882916
33184 5484507726
19252 2973252183
-67478 5597235165
23292 6655524003
53278 9930992388
-94704 9277066802
26340 4189446959
12780 6941497183
13888 3319300866
-19326 511593936
21004 5217891616
42992 2892577691
71210 4732768490
-13680 799386548
-11628 7788098122
-73218 7440158324
73680 8154837335
-69126 8588892094
-84500 5483584239
-92126 3354723662
-35580 8840709863
-91448 3306505643
-4094 979227904
-82480 5050341710
-75946 9785050885
-30770 7541122566
12692 5160806304
69644 8717525899
9348 7788974290
-23198 9689353893
-43534 2635227290
-68554 2128245150
80392 7529958530
55960 1598025118
53224 2698979220
-23662 9282628672
22070 5579303858
16576 8581228710
-4778 4695791622
31234 5724915141
14130 1086047562
32114 9472228280
-19704 6051158203
53930 1486447232
86710 7101254829
-83502 6308967936
37390 2118705154
-90246 7271686469
24644 1597422568
-10760 5472936235
-49942 8603351344
-47164 5652730826
2658 9721224256
13954 5767923669
-82696 2784063139
-73594 5884180230
-12048 39005052
57810 3257721022
98220 9171695120
78358 9945258452
47380 4764358582
-88390 7711138478
-36626 7778388981
71916 5953771102
-76424 6556541060
89776 6144995110
-64010 9838257253
7742 3755190597
7198 4514295877
72434 4990497042
-16954 3930877300
-69628 6732490059
8552 5805309300
-67430 6802205728
43350 1665273189
-81130 9782484370
-54012 758020634
30558 8962276509
-55386 7212146212
19648 4929212786
70744 6889423223
-47792 4034773858
70666 4499029298
-56670 2194937037
-28820 9529276008
95066 2831821608
-82124 3441043592
82278 8868420036
-12970 2612255964
28036 1226085170
-79188 8129865658
-57858 6759265122
-60736 1182916094
53088 4120431060
-16690 2623123916
-53794 6988034300
7952 2391748339
-44100 5498022086
12624 9858572723
-61928 3440228746
-24984 1008483443
77588 4600737488
-18682 9545270490
-34258 2178318046
20020 1447304014
-14572 1199681810
-60892 3827271823
93272 6664723598
-25876 1793931590
-11964 3061568784
67174 7768614598
-34422 5563174150
12240 8883051186
-46670 4326769046
71934 7078748948
11476 2120056695
-75482 5678566718
-93758 9987159648
-8562 4324535877
-95228 6803546318
55602 8191750413
81964 2107667176
1542 6026151134
38634 4236102546
57102 6918251141
97424 4087260356
-83624 6097778572
-5726 9418634194
69236 8729008570
-65316 6412717672
-10008 5989335236
-66410 6181723278
97706 2483291958
-66532 7435219027
-16988 4952524115
-21484 8073653422
-10416 4549721106
-23354 977897557
-45538 3861529686
28548 6008272006
-59694 2602436046
-41500 7997014818
-28616 8541720606
86672 8155998556
23684 6905448616
-42078 1743763592
-37388 3239461006
90078 7616580094
16784 4573833076
-29186 7000417958
98450 6413294194
79818 5261593037
23236 1284911943
18856 2751237987
80918 6533621948
6626 668386912
-58738 4449140732
27908 4938961704
9780 7079479458
11700 3324438327
19692 3296800610
99528 5873219279
38290 6456341560
54436 2101965120
-70780 9489584386
-39696 1282455450
-14202 4855035205
-10630 823912922
-40030 5992676213
-31140 4442838664
88558 5479234533
-83912 7098453915
30338 4200105464
85860 8492172950
55260 7825456099
48728 4243121342
-37982 9356586226
15250 9613653805
-96662 4604722686
18032 5648217019
-5250 2617215370
-4954 3211455846
-26390 2017693264
-45538 8600386962
-21758 6671864486
-85412 4144982632
-24440 7801487314
-89894 3256123066
19508 6976150400
-95610 9288062270
-37108 9573916774
46552 7742652934
91350 5624983669
77420 9917099863
-18876 6493378370
-17626 257613180
-16108 9203545295
7402 2671420122
46194 7690500538
68412 1781791503
-97536 2898107246
-94968 3390661514
27050 7052320162
41112 3743385930
71874 7949176592
-50194 7117340269
61828 5218270950
-45432 5845136458
99864 6923965066
37810 2194550126
56204 4518453543
95470 7702636068
21880 7454069572
-44520 2058544079
-65646 8419684478
-72152 3822687162
-19080 5899146451
-17934 439157016
32368 6240005359
-39840 5351792959
61612 5604404738
-75912 5883235235
97544 6303216611
-37862 3439069422
32828 7082163459
58600 5636470014
89694 4583932589
48602 916630464
-13934 6171272920
81358 3430844930
-36346 6749525218
-3182 308387414
99458 9667363394
-79046 8979101782
-22494 1009560194
-91140 7290556466
78768 7571809980
84346 8377851982
-19038 3923463082
69596 4985210974
29214 7501546876
-99494 8500375822
37064 4134544435
-74478 6652556278
-32188 6895095203
-3148 1197520256
-12478 4579163354
83864 2046728270
27688 5142721430
1144 2496150298
33568 8700023884
8224 7538192907
-61076 8481220240
-31926 7791223686
52956 6390745055
-50458 9683201260
-66354 9824814428
64456 7669943014
90034 8734151117
65052 3843896936
27038 4023225188
-18598 8538785029
-57202 3154057986
-78202 9630269834
-78426 9029187693
-57004 1560584246
-9552 1517171695
17720 3245114411
57482 4710661269
4204 9878949907
5632 236917260
-10312 9832750731
6012 7042667886
-20094 3664288816
-21236 3696606834
50344 7215584980
9770 9028105653
72810 9364265344
-95030 5364551264
87714 6425620848
-90014 9050215949
-91806 9606933208
-49624 2566282324
-11644 8910886530
-22420 4167343296
87736 7126192487
-67156 3079610774
10206 8750334442
56870 7314352405
-80730 6678891630
8554 3126673992
70440 8955048266
-79508 5201248158
51752 6604416764
-71978 7616547133
-98962 7214046764
13876 669119666
20840 9148932179
-43176 5439567818
-59264 9746279790
22764 5480566062
-26042 7216382914
31150 7483050852
-59640 9516939875
-76806 1584716192
41646 1614365669
-78994 4466467898
84934 9085234558
-28448 6878043828
-38868 3890425568
-43984 1792542644
95664 4311594826
92260 2311204478
-30072 5342111014
8038 8471624302
-13414 8603363230
-70958 7319910198
-64984 4880590103
6008 6439855372
-6554 5869683605
65312 6297344766
2996 6310471250
86920 3529222222
77808 7296170198
46334 7095170462
-12604 412081827
-61324 6886766387
43966 9916639389
38800 1663996930
-21746 7453091110
70758 9543730260
53908 841940008
-11220 3314645719
-42814 1791983994
77394 7791876288
37090 3237435658
-60558 1117249010
-62574 5041371442
-88764 2624421906
69296 5924132438
-43444 7017390816
-37984 7446591830
-67210 8082489894
69418 9564106312
82756 2819320762
8338 6131754637
19938 6245350008
36886 6600783086
83262 4745818772
10374 3204557093
-66608 2055685908
-32450 8742946986
66100 9345280403
-60116 8876297370
99776 5811135702
-24262 5183310056
-64308 1927382687
-83470 5849917352
58664 4268449346
-83262 7357268018
-31232 9023525503
3844 9729091319
51212 7217897067
-984 501631251
47212 9267468063
40228 6193472864
-90528 9118530154
-23186 4603110346
-61902 6960972078
23084 8370930592
-33394 4380174076
-5028 6043114392
-37636 8991496243
85848 8980247348
-14266 6131275165
14242 3447953310
73038 4627013261
38756 9594142299
-71714 8963467709
-7526 1519547157
-45394 2655596858
20538 7352877968
-92394 7129923474
13924 4224341123
34590 681004310
34926 6486927334
68656 1495462132
-78980 9358347683
26808 8133628582
38992 7264739527
-7558 2470957586
-16312 6557297275
41686 5878906844
-29048 2075944116
73966 8516100357
50428 6894209894
77468 3628324402
34868 6048507056
-35964 1315378368
14558 9294723658
51970 4645724786
-28336 8049355780
73352 5691486731
-70674 3360210650
43884 2376926922
38746 9435596685
91038 3131690204
37670 8369347101
68856 9356335202
1774 2919470245
37600 1405698436
-16418 4196147572
-94398 7620201302
36046 3665155829
21996 258668374
20726 442162230
30740 6328633931
46226 9246390354
64264 3325199866
-65578 5474502770
-47296 2925410794
-54282 1308816916
8076 9096997794
-99544 8404684484
-26590 8222931486
42222 3464021742
-11862 8265684882
-64768 1991461682
-20212 5066249686
6998 9940138892
-15268 7798415802
55844 5906696567
64532 8933306075
82308 3720328056
-12312 4476165204
-68392 3194469102
82286 9245481444
3712 5551610843
34910 4429602882
-71638 9177485440
-47664 3081764284
-56700 1970784815
-78916 9565536514
3940 5065791554
36040 610019918
-64316 6292311664
97064 6013913779
-2964 9379511151
14070 9109366820
76652 6252581950
-95344 7972110702
-17392 2208940727
6522 2909370000
-93944 4777079062
-13446 8587361581
42578 3610134066
-81780 5427911704
-92250 3126899798
28516 4581536735
26798 3802153314
-72772 3358329443
-2142 6750313078
52250 3482862376
-84764 9178556406
-72088 8349708822
14624 7571025570
-77370 8702933950
-35454 2389415744
-79524 4328579063
-48854 9190537090
14310 1603756394
60980 4601194387
-38708 6388636355
-77966 8160886653
-50004 4387488471
60506 4833131586
-40096 1431133947
-85422 2245868485
87158 8553915806
-63280 5885800331
55822 3837141558
-16236 1739687768
-30584 9201645966
12198 4214581837
3270 7362912134
-17022 3625441590
59252 1138667039
1566 6332329316
-55544 2625384907
-36448 6104649015
18456 9120121076
2928 4023287524
-18256 2201172711
-33388 9149604872
-43800 7482034319
-76106 3066266202
42218 6747820541
-38950 6469304798
43672 7838646660
71858 6455939490
-7298 3511845972
-26736 7649989370
12332 384480272
-55892 8462382527
-93834 9780913261
-61422 7795227890
84572 9848584906
-75896 9818224556
-79824 9255258118
89738 6592008858
-42892 5232923427
19736 8639115063
18734 2139761756
-47502 2942110310
19094 9108549981
-99604 7041073400
-61352 7380345367
-1920 5347736486
-12910 4845007726
-4160 8980977342
94642 6295016018
-57406 5545526229
-92072 5721000563
42408 785677958
-43600 2783809438
-94702 2519084549
42914 525689606
11636 9715675304
63758 9655000284
29030 4338822766
-80726 8785313010
62184 4696806075
26432 5227082683
784 9576048975
-43824 979156823
-21456 8389657467
68312 2801834002
15378 3994104301
-73118 8227840942
46478 8837236910
19300 717136456
18534 5419891926
-21056 150155943
82274 2276650664
-70172 3184277963
40760 1355942124
44196 4666598542
-71212 9009433414
69160 9859320583
27872 4756726963
3394 7613597392
93222 6184837546
-58238 6694103582
-68208 6487371990
-50564 6992036994
19678 4598619750
-87172 6372470447
-42418 6586293389
30750 6355695142
-426 8459908658
74656 3310738663
-82268 5627022462
98036 9598270398
-51740 1005825806
98114 9763127810
40206 7727895054
8476 6915676802
21614 4093707786
73034 5259730642
39412 2950970136
-11080 9451463823
4752 4699036556
5196 1126396387
99126 8988521922
26666 737447120
83758 7673430733
82824 6313821591
-16656 2273671343
65832 2209382890
-8896 5739450859
-98026 5701295162
5230 3970261780
41008 2478237618
-29692 9356289296
43676 1285397123
10088 5567824482
-9798 3344962218
36420 437625790
-17620 1393722182
53828 2590038787
34646 6363683982
-52558 8663574677
-50494 3623936314
62046 8153399026
72098 3682546086
8536 1056997426
7688 9586127718
-21922 5509088822
-40232 824191399
-31180 5088963215
87152 6654858678
93164 2885426222
93534 9705864146
-3386 884212621
12492 8840728135
-33520 3382850804
12212 9723633816
39114 2369104541
576 6556745078
-86148 5759858086
87758 9094523565
17114 5028690926
39174 1674844718
15166 1635188613
13770 3875276114
45618 1816273202
90752 8372999390
-6982 7739840438
-73052 7394259859
-79442 8854237078
37398 9414769394
26506 6071183062
5360 1783685447
91608 6894412820
-29378 4374237646
63446 5240437870
-942 2635227776
-19720 8689908244
10786 9548339248
-45762 7544461572
2848 3928836046
-7330 6059583588
-79568 7174807140
-73456 5452000114
35236 9658684963
88868 7571126272
77930 7330436797
-75618 6329685916
-26946 4018431749
-52390 6159161152
-2556 1172631728
25610 3068710496
-42678 2961341653
55354 3132465598
-2740 7166922448
-69578 6882503386
65604 3181275258
-6572 2041033747
2620 7491701410
52796 4571418923
25836 9803942770
44868 5065338506
-50736 9567531364
-14432 9648875646
58138 886774614
-9748 6215082822
-66262 9504441330
78804 3092838778
56884 9125971219
-18720 2643637787
31600 7158707987
-53076 3339906528
56130 5110859029
-65184 4005271518
-70080 7949968238
-40824 4712204866
60274 3737597256
-28134 1300688482
25688 5870974626
-6866 9658943698
-82990 5884141474
-34298 5682741229
-34992 6498470188
32606 1457491757
89936 6324502810
-88760 3107593063
-50356 5377258506
-55846 2390195046
-77510 1802276485
-21350 330215205
60778 9985650294
47414 6204564741
12578 7544718413
80192 9244723140
20752 1779351406
26010 1386946130
-37890 3187798466
-61180 2357087410
52104 6120356650
-61464 2721581980
-60284 4776344424
47408 774713807
36668 1646689218
-92686 8776691486
67040 7065658228
-57566 8060866944
-42662 9596161368
17036 638416679
-55886 1337221901
-31216 687755947
38500 3651684795
55244 7627562400
37818 4000043246
20678 4171101012
-28702 1591362877
94944 2517906547
97200 8514190026
35780 5909049451
84866 5876338869
62198 7357816666
-34310 1083248512
-32246 8033241984
86970 2642378776
82964 8754045150
-29616 3240776124
-61460 4998678746
-13548 6488278958
-8350 7466492050
65060 7215060378
18032 2677496367
87686 5794281538
-97544 9167273146
-35638 9006620118
-48030 8465002853
-85218 3522441005
-71788 6315110450
63812 4850816166
-43962 3032380397
-72204 9216626962
-54162 957622610
29906 4689393742
-36980 2945575718
90412 5326133339
-34780 537267150
25232 1760236123
-95606 4814589090
10096 7040738458
8554 1054010350
70014 3952575548
16302 6188007110
-89738 6209836237
-87404 9062424655
-76972 6660119408
41926 8319565869
43532 3390861856
-78958 8936255717
-59022 1446862306
34584 538210470
-54210 5418490622
99812 9105919811
-8148 9695384319
28986 3890939285
52550 1481777434
83028 9267307026
-14002 9646215246
70530 4619849920
-46492 1896624354
-90896 7512996332
7780 4375385162
-49714 7691890981
15600 5512309028
-96558 7905288258
69382 7019164509
32644 9766719592
-16378 5317617426
78598 3569982749
-17232 5789789180
-45710 890030510
8786 9984367066
-54618 6241512654
-9124 1675798079
-63748 8355298178
52104 4826024831
-43292 9840275392
-54866 2153779941
-6774 6516584968
38912 2541877839
-89596 6112897999
-19306 592301098
-34934 5780372826
5084 2741876819
-25974 904757661
94084 3892068712
29016 6005675191
15630 3845776366
-87994 7935951474
-40152 6934589391
-27258 5577618394
-5040 6758750710
79204 5376525328
22152 8793266243
-8096 3672839067
-45868 7122199355
-69980 9469128474
-75144 6636360574
89016 4667651476
-45240 8913320383
64236 3336904334
24540 326886350
-18752 3343073823
-88916 1986192279
12328 8711617534
-33974 1707048517
5202 8348632461
49036 8994332299
-16348 3501197630
86738 7663942445
88934 9141659724
-33176 4242425154
99950 5114930564
-56572 7250530042
-81978 7155871301
-79492 9341817755
12020 1681098143
-95964 5436006259
-82440 8089160815
-48338 9289086754
34680 6546580454
-42786 9608255746
-24424 4926178348
34574 5248219957
-82920 5983514695
-51062 3024825533
61042 1148458786
-332 3535696328
-23016 8863500311
-76188 2695647610
-45966 5174743634
55380 6186728399
-77544 5750328331
-40166 1130333374
13890 3851428562
37882 7678585534
-38792 6872668535
-88502 9321847189
83038 6079476949
93584 5539995575
69940 5067318880
38210 945442277
74502 4091328093
-75068 8729600824
-89632 6849278795
-30020 1535916415
-58554 2943460534
32 6305880340
84928 4062015938
74960 5963401659
-63856 2758430219
-75040 1418876298
-25216 5746450462
-29630 1996331600
-96106 8291805212
62560 5991644284
-44498 8907258533
9284 4168401263
-81766 7974586240
17418 7228274744
33598 3409547338
-88010 4003070941
-10080 1904286646
-45944 7530105140
-73788 9741065055
28 5303235163
6430 599850925
-60016 7764172356
-58744 5090985022
-42976 1892970090
-25952 6457351170
94570 5138971149
-19874 3091505142
-13572 6204065192
-7632 3651321119
-9574 3846375664
-47480 2631079455
20116 9647776434
70052 6332892672
-27928 2810507346
15250 7779777789
-48328 5677313606
-16994 7868895518
-26606 9842784549
8802 2913902029
-99532 8701728827
-82302 7610656373
57044 5576791246
94200 5080780996
-50474 1562659458
22846 4890448812
-96422 4281510381
5398 1045855462
92634 6243444557
59050 4931606808
27816 2377235146
12588 5365626150
51030 5323882978
-10828 1581320007
-17660 6634804331
-96482 4139221621
30574 2484199629
-80612 2766644938
49950 6536659634
86322 4533379944
-82932 6295780538
46180 3700669666
77346 7337877166
36176 1232452459
-2166 8971518714
58322 4528856525
69098 5162571930
-74944 7122654935
3280 6744802059
-76460 7599879528
-4180 9565410047
30616 5003849291
-26080 9759127283
26306 6877233270
8368 2640765934
-87402 5370506909
-92842 6429633532
-75076 7129270139
-21280 378558215
93700 2888095256
-98206 5646026830
-50632 3134153130
-52998 4146328392
-32940 5173420064
-16642 4339221068
22950 2345833445
52178 1945124962
87818 7046949973
-35274 2386200098
-62920 1398997147
-44158 1629615918
-21798 8277729565
69070 6134546014
-80936 4116466506
17786 3693294202
-11178 8908420438
-15062 8006189998
-14584 3685610542
-2236 7411750606
11044 2650416728
-19174 3299242000
27228 3283643800
-44694 9835026098
-53490 3816857301
-85498 7455319030
-49768 729001318
-25234 1845350317
-148 1135565634
18530 8634816998
36974 4744614029
23490 8699415024
83412 9852878838
59384 5138642878
-1698 5808619994
12420 8108994114
-936 2263203739
-48018 8687441917
38200 2974688682
4590 5906861621
-30186 3421693602
-11024 7648532866
-23668 428393195
-34090 838910348
-76858 8711567380
99834 4461516053
80086 8287765116
-11378 3582444162
-72498 2262039997
77038 8693691834
-55448 4132613875
43054 5623240476
87716 6085494802
62246 1654551606
-40576 9042070207
66028 5284264527
57632 2067458614
24996 710298960
35000 4590292539
35560 4740739315
-52984 7119653078
69984 2568022587
43896 4989160012
65038 6367705324
34982 6321985469
-86950 2540269093
36474 772676194
85402 7532746941
-34706 2380955836
-34196 733704775
60284 8051629414
95140 7601108434
-12824 1812768030
-6226 2465353180
12798 6824045078
-96018 9022472614
60826 4272318198
54964 2618686095
-23130 2050763526
80222 6842912338
21678 8509588228
-88122 8232017414
39822 7755975418
-82594 8776897293
-39956 9208190810
47854 1609434242
-4572 6133985235
86420 2068084195
-59536 7258440727
-86692 9668934635
-51206 2015105184
-85636 3224880062
49156 6753532730
-8988 1248586906
-31084 4513178824
44992 3730608654
-6772 9904086200
-13184 8824196194
23050 5627190562
46794 3738344478
-12730 1429365266
-13174 9632106798
-91734 4309607286
49590 2179591894
-94094 6781479208
95148 7248893683
-15124 3231664590
69154 1699820802
-34724 5101428638
-15600 958640764
-1640 4558500820
-98396 5717673327
65424 5512542359
-12532 2509147947
46964 1340554623
81694 7948288318
-88698 8146149333
-41128 7307376427
71912 4794380394
41486 3732988484
60228 8090810815
-23378 1541718708
21720 1646869038
29402 7638178709
-92130 4676538805
-62242 7994456764
-81516 6026122591
72668 2542645150
-87210 9151840708
23390 7646793948
60588 8757934903
-27282 9595344630
3552 3543105124
92186 3643604112
-58428 9615220635
-69456 3571116231
-68728 4724701332
-83320 4173962427
-12490 5209140042
-32202 7105099630
69906 9917678008
11098 2283935232
45928 2214701571
13426 7263897366
-11556 4589819931
14198 2943143284
-16314 3914161612
37932 8801919680
-68158 6636867816
82426 4398037989
79964 8272292608
-90788 9556818023
-64346 6857250006
63152 8592659947
-83310 7875027134
-26668 7896440934
-96714 8326029970
-41704 1528294302
-28218 5868365218
-74146 3390264574
-31504 7207014786
-80870 2051780325
-8712 9354940723
91388 7704084450
-20140 3290350560
-63136 4363749250
38906 9653175474
-72066 6628841270
-92010 6676658754
30000 6606383686
73256 3225666371
36954 872331109
23668 5699586906
24530 1394891762
-49548 8059135274
-48206 4439456474
-13486 9135698570
25386 2283058846
-4416 4171501106
72484 9804097630
24906 171741008
5654 6508863258
84086 7440555716
-48924 2370252680
55526 5625951940
-86698 3316885692
58610 2377042078
12688 7805634556
496 811516182
56288 8537254679
73396 3369652847
-38164 8242680134
34552 1672208260
-60430 7341588982
12822 7674012533
76216 3099376964
-11726 5312778592
-20608 9644999364
-32320 641698218
14832 9920676571
81190 8239365438
77496 4855895231
-37572 9942333296
63130 8347425758
14852 868042882
-13756 4248766642
16310 4973401702
12342 9607652946
-51464 3354967375
79540 5939589999
-67344 3273625158
-86846 9161201158
11866 9145724589
-56724 3876720507
-60382 2199229002
32728 7646048532
-9332 939380503
59792 7775393940
74604 9097422835
6726 4802586965
29454 9611425308
33600 8158461626
5340 5702083798
92872 2934372915
-16006 298987552
-28678 8342064592
-78326 9228365357
-16486 8855502000
17594 9935567518
60788 5337841978
-94384 7416309014
9518 7789188618
-12368 4240874470
9476 1089367808
-95992 3137974822
89550 8979735645
-63668 8895426127
-41772 6601194731
7740 4077795762
79732 3214494322
-46828 6300811610
88244 5790727651
-74790 4156579397
-50242 3147071838
-33348 2541621203
32516 2176252350
-71720 8827684034
-94744 5879918391
6536 1476080259
-7242 2190478474
35366 6716483613
-80184 5981609102
-13524 1271518106
15070 6321058982
94730 7225187101
-1930 8455194406
-26710 1952089614
-54424 919531630
69098 3539112938
-19728 4518924271
93218 9219601698
77900 5412645883
-46184 820938332
36628 7808502776
28542 5715403772
-41414 4109650362
-638 7792187973
-73082 8006453434
-29728 3110965038
65708 8795691216
-97434 7903856470
56128 2161922195
42756 6899430010
-18250 4320167821
99852 4735888886
-84678 3158514224
-43380 5370492050
51970 6869518486
98542 9984106598
51044 677703208
-84474 6213450206
-99640 8162071051
-41670 8713123194
16660 4339727711
-10570 5173261774
47802 8656727757
-79854 5846738330
66708 2970592384
82520 7456348018
-72930 8890100122
-32722 6773053565
9124 7301967566
-2722 8603325989
-81942 9896474405
-83672 8946251186
-58012 1148985122
-81098 6146377421
97096 8589432707
-62796 6597164815
50140 1711095494
28990 942956772
-28584 4416630807
-1772 4203740691
92572 2858428056
-68738 5226069206
-49268 5633906200
85976 5699838846
-44758 2089103053
15186 8169013878
-30816 9066243794
-63408 6739919108
40910 588478782
-90822 2778999341
-75108 6504382486
81508 5228293159
20604 676700098
-39134 8877390941
47220 4892742679
76214 9348312613
-16854 4135162106
12288 7191241534
77308 1605799000
-66698 9616533829
41360 3445142788
-69392 3424881358
34978 3405868789
-72508 5180715999
-63646 7121346046
-15996 8354898634
78164 2279899695
69790 3444572706
-32316 1366625871
35378 3649937222
-59544 7127247927
-4310 9864360798
64268 7590815642
-29550 2053095154
55148 1487783006
3244 2205725723
-24326 4096102698
-53620 915624272
46656 2550615798
24382 1968336982
-10426 1438251212
76924 4084123110
-10886 3788119250
52192 6577072874
-6418 8707457844
91114 6424594270
-98886 9315350674
35796 5841171056
8944 9100039215
47368 5181349162
-47454 9374157042
34384 7429067812
-93616 7371428091
35038 7910401885
-33396 2368231118
75860 6376060550
-69588 9669447968
94898 9798585728
-21490 9186767246
43432 7399629947
39774 6109211638
-59468 8260252200
-39948 3578552122
-38060 7125672426
77278 9689773509
71432 5177755347
17466 6660410946
-43208 1691716620
1392 6898362092
49876 2883068043
-88060 9860281760
8390 8581161372
65744 9468943679
88126 3178339236
-56594 6278924838
18008 9419107595
86258 7792270869
36070 2530826422
-5504 9932053734
15132 2585839832
19904 7917269186
9714 716567346
-79412 5721904322
-4612 8112060859
-80172 5290431803
65110 4091515434
96010 8262363304
40372 3831121899
-79424 8280534852
12258 2875567709
-86838 6024408362
-26098 6335608292
-57384 9815251340
8920 8774758707
-43958 6081500134
-60824 7526186471
22966 5579058514
39350 4550320645
92706 3289178072
11060 4924098536
-21970 6825615026
8720 6983719303
72172 4834178231
-86788 6188898355
17306 9892795965
91948 3628635995
-75092 4949882731
-46080 8758182887
69124 2480998144
16774 5889221492
-27368 8967731295
-15578 1208056820
-55438 7714091102
25386 6465454877
-10018 5561606492
-82820 1737221882
43372 6009308512
70566 7635384946
-87008 4550362182
-9674 1396537666
-3264 5818403018
-95492 4361412552
65308 6339111424
-58966 3758782376
75390 5344540354
-8180 6194841598
6406 6478274946
-96750 5510698949
-1092 4016854646
-17852 5864607898
15950 3224836364
-79768 2288555942
-38168 1015972556
-32698 2701397589
52022 6323732181
-30440 3174929874
-1966 5641293506
-258 5182188844
12794 5409333093
-68458 5816945021
8268 5462457483
97700 4991021455
21074 3500289501
19674 7206497706
-70436 8611609370
-34304 602841546
-76232 4199101860
76714 1697005210
61016 5939057174
-39438 6474487413
17864 4712855355
70316 8593951159
27646 4624882534
-94018 8960282725
-2574 9262038470
-41674 2716518402
-14366 5365495750
-34300 6209396614
-39082 2887011170
-6978 8052245885
-43082 4603042438
87586 2325805462
-39728 4013353042
43394 2134364064
46046 2061106454
93024 4067315310
13598 1595918318
-25946 9424443724
10804 7238730032
498 7598224789
9714 1451349824
57602 2319137120
90122 6655175674
-62938 4211958532
73348 2958938560
64844 5953542406
26442 3386706538
34572 4883754598
-16064 6058055623
-48478 6574802542
-12572 9749698563
85264 5318428396
20464 3873919222
1108 7123792431
-44296 706764303
61208 9386869947
-13256 1894422351
-5690 8341065364
44140 5864696200
-67768 5172826447
-47104 1401566419
-48416 5551552428
-56278 1058596822
89328 3002005975
5828 7211097455
42524 7777648843
20908 2823938495
31958 8728736356
9176 7424911599
4552 895563039
-21140 3610531096
-46178 9291958540
-88514 2323137670
-43374 8993259278
278 9376126661
98090 7424274730
54440 4328550458
-7192 574526548
23082 9505609778
-12734 2432083936
77044 3070101834
-29538 7405500006
31606 4089960301
67956 4920729739
-79320 4247318658
-70558 5939630632
29946 7248411442
53864 9388024903
70688 4456777694
30256 2093840638
96334 4872615772
24844 8759915056
79002 8127095445
1160 3171578402
41204 4711616176
-25322 7455534244
78000 5851948259
-34310 6988056910
-51570 7200252676
85364 3805004352
-12030 4320260090
-90936 5380860826
-16102 5379344322
-42406 2207790374
-57372 8211826066
-98578 8363231462
96648 3425723302
94336 7384813734
80326 4689701413
41536 1873608162
-13846 304911150
49646 647360962
-58398 6291349246
53228 9054514664
55996 1489704483
-84814 3978370394
-60252 7566908902
-62572 8924929015
75568 3070766870
-60164 5183232963
-31036 9657443887
27200 8498870723
1930 7641520998
-36928 2315215671
-4022 3742297286
8542 251677652
-20500 5426756643
458 6798534368
10902 3973139114
22140 2014248835
45924 9750020615
-12192 9173445659
71066 1990701893
85874 2053226014
97328 9998161042
46698 8205003517
36332 4788269634
99316 6643916779
-81992 4591420412
-17226 1891200662
38346 6279667328
-7908 2050033515
38380 6572197303
75650 3276854781
-77086 8493418578
45140 4784613203
85596 2801871968
12414 2001278012
20228 2296751882
39678 2405058790
28116 414035875
23598 9964131028
-13684 262730088
4208 3092238854
34448 9766520876
74592 6175380995
-26228 8561621102
79358 9812832022
-97228 3462856115
-28990 1513671128
-77668 8281871755
45324 9894941328
19898 8714945030
-72360 3900792595
75136 9184008054
59778 9389879102
19668 3946004951
80328 4765818463
-2278 2049324080
96556 6333699792
-71530 5640309309
66208 7235434138
-12894 3286685782
37342 8908958822
18926 4490335930
-18938 6695143045
-10702 5096109450
-28316 6808340928
-47104 3229331186
33576 5464361274
-74508 6135941615
22558 581774620
65690 4905484010
-34702 1583461650
12890 4337154474
6070 2152194270
-8588 537436126
-86562 5951095549
-16868 2750871255
19848 7069207630
52994 3683823437
3772 2193377986
71962 8215909186
-24874 5893367094
-76174 9801720685
-23238 8649508176
-39734 7243471152
28942 5359053450
-23490 5544067702
-3070 2664544197
93508 4684949863
53552 3771617036
-75458 7925709526
63872 3436674415
-66652 6913530171
62646 5882317226
-30540 8563356760
-22264 1607698390
19100 7362841520
-95028 3412768094
-76452 7911600171
98154 6520870802
-37052 8527405992
-29446 2177245514
-78380 6413273895
-3338 111467116
-46802 3531928620
-39856 3763883083
-41608 7556894220
-62082 4144143349
-44140 3056400175
-37972 5855473355
-27366 4050360400
65280 8086954639
-33108 9084121775
-51818 5649495956
-56446 1227180221
30320 5866642614
32210 5683067714
32832 812492858
66104 6966335550
-23330 6993626725
38060 3791776323
-2186 2745523354
-5804 2839664043
19452 6218093359
-81306 7984850934
-57260 1482451543
-55626 1276872588
79852 7696032931
-40828 8446410343
-84944 5679401604
43018 8643178486
-6728 1105086643
-92978 9084894845
-94656 4981278702
-33672 7747860254
35002 4263642333
75824 1460131682
70736 1728923747
3704 4919045266
-89300 2782146830
13222 7963496582
-49372 6588711898
-86964 4846651368
52436 6896176296
30600 9520016342
68018 3514543280
83032 8904934535
-94108 3460960443
79326 4463821348
-5040 5220352255
94016 9110887156
-78068 9514036720
-6504 2214012847
-59638 6195589181
-38980 9748748058
35360 451278798
66482 8824674341
31834 3911859770
-31330 3127231484
-3920 7458317710
-11772 806633528
96326 5068388802
-70410 3329464892
49986 7473869109
-81910 6889819440
35926 2527398909
-35814 5903120242
6818 7478549898
-80862 8333484037
-39582 6804115344
74814 5562063334
89136 8378570354
-67456 9252688411
34956 9974466014
33418 4189025512
-80502 5771150920
64562 6712842354
58272 1895100770
35596 9581156023
-70456 3206224516
-65476 5818609699
-38754 9868995590
-95556 3458472598
42700 4731112792
21166 4831593442
-78818 6884832341
1432 5101248874
14024 765475140
9460 5215179507
-35048 9304986998
50286 9038027236
-75272 2831858191
208 4141944818
59098 7346110320
-46088 9088682135
15556 5030143760
-35452 3864319759
-18548 7685881368
-7464 413552516
-39174 8578332461
19152 8773216844
-16732 9858348499
48416 8255210062
-98996 8669417382
74996 9244013191
40014 4595213500
58046 5509823822
-29806 8889376064
-85740 8705188864
-67132 5614235922
43578 7735931218
35006 6291998662
-88840 9801751034
-37492 9302539664
76926 4419682013
-71328 4334894546
-73174 5688771970
-132 7913264750
99520 7688386434
87900 9517983690
-26268 9253529594
-35902 6125565982
46508 7803137883
-22224 9450641740
-40256 9538198030
-85514 4238058934
10448 1755364022
-5324 9326922226
-95398 7004136904
92844 6617771787
24302 1787790557
27294 5153894646
43576 639729779
47020 754369067
-72264 7568198306
-77220 5029328866
29060 7334663599
-11788 7657274807
-78642 4778168294
-14520 8973659722
-56198 1990091320
-93480 8229742919
85034 5579382182
67628 7811268368
-71452 6360079902
58930 4837600550
43872 4906246310
-78240 6238233258
-52134 7707974442
14134 9846942826
48650 6918940920
-12078 2100932336
-72658 1614441250
20230 1060898101
-37358 6649356594
-35118 3988658790
23678 3718593678
-77164 1625029696
-94180 3768117791
34578 5773572494
30500 621562026
74216 8925148606
53618 5670496726
83432 3505385643
87870 7989975162
58596 4069903290
27364 6708832526
43520 2935357564
-62750 1005769382
-90666 6816037342
80580 6032342663
-67448 3169419963
-65282 7147449658
46684 7355254368
-23230 9342143150
38008 4073416215
93856 4601099050
-76930 9794351598
-57818 2782993082
-31228 6782736475
48 7148627299
-3046 5358699206
8358 2584297274
81858 8723008566
-18472 9711504714
-43666 5527871030
-35196 5784051663
14666 6915045726
51882 8412252405
-83606 9110392454
91884 3011994832
-18156 6136073619
7156 7221874415
-79154 5571330884
13920 3682621731
-84596 4636854339
-63876 3376523338
18558 6843391589
-88616 8774686679
70002 7466225558
24946 6382901334
-83348 9071049454
-63038 7821635074
62756 2264916155
-85730 4208909570
-71664 5560122795
82366 7203092874
-36356 6954465286
-51078 1347249488
19028 1140446754
-9822 902761552
-96920 5927649940
39812 3362091478
-5710 4814260718
54124 2180952978
86932 7603377787
-63784 5049126855
84576 7882610246
-90764 9420984824
-39924 1989534943
79142 3949767794
-68422 4931678085
43582 9446505546
-53188 8290940962
6050 4729847909
-46328 5924054823
-92500 9787094958
16 9988868914
-47100 5542251195
51236 1322149195
-70660 3119385451
-61352 9956919654
-73456 4508460835
95904 4339773388
-66832 8596433178
-68368 7026600140
-26908 4133138390
-43792 5717008404
-52296 6315378650
-48486 3858713326
70276 1452645990
37820 6281233416
-24224 4969716635
-30260 1685288659
87788 6320284199
66962 6844254378
-42112 1801625356
35934 2668033718
-56494 3797032032
42826 7774289278
-38722 8307498098
-53878 826604789
-10708 4511890367
35338 5609447286
-16780 5033225535
24368 4678632668
-544 335751358
63458 4180382870
92698 6086368672
96884 8071284511
-68064 2569152690
-34820 9549387246
22252 4944967843
-75312 2854300036
6378 2287724782
-35880 1790434306
17388 4565129182
-43016 3551877843
15590 6354336437
44320 5775660382
62744 9254346415
-58072 2737672398
-99434 8254913572
-7472 8894861676
-30788 7208222487
-67704 9166040146
-86030 7937560978
13838 8942478885
21838 7149272398
-18808 6995474942
99196 6093530775
91710 7793536845
-13758 3013777432
-51384 5902680718
64642 9382434040
-42738 8008398780
2496 8714170076
68134 2155182318
69294 6881252901
96264 5377649498
-21860 8825158787
-73810 2690075670
-12004 2852449955
51944 3624466055
4704 2005162970
72260 8035025935
-74660 9995523335
-94448 8761483067
-92674 7413074429
71688 6546516972
39574 9151412462
92694 9327177413
83568 6611512850
26410 9007140834
-36692 5902195311
-38642 2349197812
-21206 5435278301
-67756 6477872234
-44250 5809679500
-83434 5006295125
-2214 6128342453
-57858 2902145802
-83472 3680019158
46332 9481062563
16526 4239162717
-56352 5110960435
81622 6311750234
-4426 6233776198
23452 9844585359
-44552 7430821042
31084 1303402790
-31504 8712222706
26648 9650515530
55062 4183961093
9984 975021863
3216 4447326299
76240 5412895711
93532 6012696487
7066 9822094656
