96276 1109224372
80765 298503530
94972 313906948
55252 171631588
97532 850518228
72300 521314780
52700 280224570
91856 429493552
90884 448837652
57573 19532298
54861 171688882
83477 490042918
81757 230002558
89581 712364522
82740 132581610
97749 308709062
42548 216598858
73036 255884882
78588 393800538
87976 789168942
86764 203758642
94876 713677532
78792 391836318
94756 459007052
87876 101109922
32485 55240790
50508 89393898
92716 232428452
33029 119837482
64037 403149278
52036 7040762
45029 239486002
56453 366149978
65788 41117538
56000 42849720
71973 413304178
77821 625348422
75716 533243412
76005 156219530
71892 371891588
64605 502347710
82853 589025558
30589 14648702
46864 236356392
69812 383307258
95045 708083710
64456 240662112
62853 451607518
38252 151690338
45152 134308998
82316 343458362
79212 401970178
47024 8920672
80376 134091782
96301 193434062
87516 228947412
90816 196491062
39348 147199628
70796 296103732
46448 144533448
85388 488637418
68768 246523198
86588 483244868
89828 807144508
78181 582316482
71556 7251772
93677 763288378
48392 157123998
48549 153795682
61428 24695978
88405 556697590
77804 754797012
89544 376564072
97856 804699022
97384 187377702
78376 671082192
40309 4142302
44712 190353528
92684 1006790572
50445 277056770
68180 491355010
85676 564133322
91933 370013118
87349 189729662
61748 258130338
87461 836282802
95868 279946338
32424 57880632
54660 317081770
58349 315590802
56132 113359468
52420 204169210
65112 163467208
82765 201766490
41156 97862452
78236 185754282
64821 92219182
20693 5510638
83845 842564730
90821 916287122
38872 61749478
92973 286659618
64680 114537400
91821 821016602
40917 193115878
99701 904017962
68848 46578848
78989 471146802
85212 253589588
98596 99679652
45136 79600542
96045 1043680210
71885 102593170
52204 44283932
82805 534941370
97397 772429678
65452 506522418
58237 234357378
90920 710048480
97677 876562338
83909 439692362
92701 202868142
80397 389705538
69396 65711682
88397 672509758
66360 499414280
40781 167648882
86988 929237308
81600 271796390
73061 13573822
93252 133710378
40960 82214600
83956 752116642
69661 592359682
83341 610792102
9093 9634638
57832 850768
64336 43293432
58528 12692158
81944 94049352
67148 97954948
77156 696301522
51916 194221722
69517 261603018
88997 739648998
49900 52268660
80064 484714622
88460 193969300
84204 853905012
92669 491677142
68224 26551622
85452 894859628
87309 339762962
82928 576030758
81229 276047742
96949 84884922
93133 583658738
91100 546461410
96988 843268668
75668 629518938
80236 773225482
72720 611424480
78912 744334768
94936 345729352
97469 942024442
74349 69482682
88061 833709742
49128 296508368
70692 321273738
29252 19467748
98448 1030263718
93069 104214322
37236 28606372
99792 251940518
89964 791405122
63908 36899018
84244 102864602
67885 103342130
20901 29754702
44572 205554178
85940 906398010
52412 30222458
93900 882001130
95517 773101278
78909 352924442
74584 238990542
73156 49862332
37824 114190472
85876 773421922
73044 256899842
77604 404233612
79332 715256788
74820 64374770
99764 225870522
65896 197660702
97984 163503352
79093 11425918
99224 594674072
92172 430606948
58068 115326258
96560 895894640
94712 344900478
73704 444621632
92101 148991982
94904 669180182
73084 398598042
82245 578315570
90548 857212388
84972 583815548
65445 38827190
46716 54771332
93477 455189318
99780 571815140
97536 1102496872
74277 674416558
52312 299458958
33861 98268562
72085 552623910
80436 177590362
93324 21794092
82016 726374472
28524 98545972
66164 471834162
99864 796872022
65069 359871222
45492 38683498
60192 52819678
94016 695213382
68124 400023012
77405 502593290
88508 252501948
66205 133464170
93992 150233318
75488 35364168
75476 257801722
80996 523735372
75508 206112978
62168 120213928
49508 289607268
92436 832551562
78568 41041158
99821 100943262
47944 194913872
83136 781762672
87301 951236902
57904 353791912
71912 533309768
46964 262436082
82725 136612650
31645 112837090
76504 409185822
36184 30684032
75845 552312610
88680 731249280
65453 81528818
40728 155133038
55356 2849482
98148 749598458
94496 559913752
82824 601886112
98752 1052241158
87252 65462148
93981 1066387622
94468 20214138
90364 856619212
77032 396679238
88316 769057922
69404 297484082
73144 329674262
87885 90220710
73989 304776102
87781 541224102
52416 279001862
66276 187926372
27309 55317322
70700 495761290
99840 1144801560
88376 618433862
30436 80634042
60792 302028408
61684 455093652
51933 101383418
62448 381953238
66828 247638308
81285 406463330
94744 361166942
66476 246799132
89261 124217142
48976 255414712
48408 4010158
57469 376226302
71933 352455318
83069 478767282
41461 48184722
94800 806693950
97648 736501088
59920 296234840
17472 17865808
78000 53951720
93468 362094218
79240 628183910
63664 13341222
55308 375851778
70360 223636080
67688 324651208
82453 819191718
93800 305893430
97560 1084538240
96392 290128768
45181 103438902
84741 291257662
97677 133564598
92572 170256228
87349 318103742
76949 146433262
52884 167600002
72948 14126698
35464 115165502
75133 385989238
61757 201458138
80912 26652838
84285 353633510
82828 54214098
79324 373933362
68512 486650598
91461 101117302
76512 60001638
93861 636483522
86928 759962528
97220 14899250
86317 383318558
69285 24019350
97612 7976338
93533 543771018
94133 791855378
85312 506998888
51632 64039078
91477 784624718
39380 22089380
80324 249655882
94008 372161518
69853 291560618
19844 27414572
80333 649343598
95264 14053062
53468 262526258
70900 495331570
75120 429944000
60400 282809080
77916 222236012
79832 705949368
61421 467230862
52944 303530872
62084 188802922
66896 163547512
90957 560652118
51828 9694828
70032 588106528
81056 458299672
63028 211426828
74196 103611722
87005 634961670
97660 1131312610
76500 87012450
97072 868209688
93792 930562958
83180 791194020
98653 857156798
66616 408231832
72085 237406850
85676 304123212
96109 600984142
57997 327867918
48940 103837810
75616 194650912
59904 423139832
79333 372339578
82829 849336802
84744 751982712
85284 519192762
58725 356212890
46836 33675932
64957 35196538
94653 139025078
82968 491944638
93064 593721422
37848 120185848
92716 756750732
78733 182682598
94848 969631118
32768 20146768
77720 710514550
75221 575152122
61268 93196468
98180 727500260
97528 515254038
42960 41341200
55324 135434092
81212 574757108
41832 108482528
95208 312263518
64056 397721472
80972 590570538
99028 1089544218
95064 825149512
96709 619794582
97308 794664978
22008 22689688
95496 746406952
80405 240293730
58140 245215540
46613 166875778
70764 215250202
68360 442080760
89004 542819882
69400 281108760
55980 319159900
83260 495225970
66144 457448382
63380 359826580
57589 12954222
98336 149244632
88869 960276462
58888 300098998
84840 620209880
77072 207555208
48717 156763458
62933 253268198
86664 398649672
87360 213925430
55157 280040358
88660 722354850
59692 432441868
89301 107853022
98752 779596318
87980 157584820
85944 874056992
80445 493433330
95700 1057562820
41740 38901020
51093 5019938
76976 470920592
89765 808602690
69308 218883218
54548 102139788
89045 869771790
63053 384188338
73357 654880738
82236 683076682
82388 453584978
82952 508567038
86552 718789998
41496 61474942
81629 783999862
73325 614070530
73700 164661370
76912 155944478
57704 59480952
95848 239823608
98685 1185771650
65724 51172372
41821 95179862
87037 286322338
37040 45831990
37720 58469110
44976 181739262
93045 790806410
80420 544225130
72080 410733320
91013 377769838
80208 673707448
95509 37770582
63912 398747238
95156 667075292
79200 546264750
65677 119758658
47808 95067528
84117 305247018
98080 1067095430
91869 130775822
73860 133656660
83101 375299582
94904 791714502
30048 74415088
87384 407623022
62472 53586848
73133 39914298
78528 480737848
37576 44039552
95448 486374928
91900 936839540
61616 17420942
94464 28222992
59752 206740368
87276 195740922
64864 94996182
56405 200253690
95077 136522378
75376 6219302
70280 521281750
92421 355626622
87628 326639018
93348 586764938
97701 61207702
96040 679760720
82452 511586298
82616 249763592
83176 266668632
81309 251566702
96132 638347268
96868 54579658
38764 133440722
80896 160994352
86656 575078902
34869 101198902
54680 60805000
98789 219754442
89336 230604272
65244 183703962
76941 618115262
80808 664647848
94860 1063264220
75872 663877478
90628 973008908
49700 151156690
90824 1008340392
93349 164751802
31428 60290498
96784 672558352
86204 682992612
97556 14656642
99621 704431722
65208 482321198
88376 495731262
38485 116734870
81044 367564642
67688 515132878
18736 14796262
88564 651580492
88100 469498180
96029 1132150482
65532 458330388
77021 707773822
93108 560702298
86844 636086802
76269 325418542
64144 147704902
93976 971682792
54348 305215978
80149 164064742
79381 452016202
93300 1053422340
81768 557332238
75885 633409870
87192 171987608
99180 272745340
91629 231820662
36797 156283538
84556 846339362
69557 434815198
74116 679998082
91668 769793418
94620 306770300
99549 165033482
83224 304372112
69584 262760582
43412 40675748
84493 16318678
69600 349918760
86613 415099138
72516 317099122
85588 749451818
82180 322879850
99064 592118382
85381 192443542
65420 339734090
92840 768287920
88332 220230908
52053 43516238
74285 11105030
89573 521154378
74480 631219830
81712 11612088
86312 119929848
53268 163893018
96516 939183492
29376 49417702
99744 134025272
65756 342608722
97396 1034614132
70728 621199598
96160 797153350
47372 20060258
66957 526572978
89684 363885842
65588 445697498
31360 94709440
78936 469482822
88397 287037698
70693 115451998
83933 470690478
71397 355862818
75508 547544338
40432 154127808
93189 423778922
58701 248678882
82117 411737638
61037 2570178
65477 388672118
89533 52253498
74549 163516282
34548 83962588
99048 1183982278
60301 420665702
75420 186038050
55996 97533922
91476 1833722
85952 309056008
85324 521748492
79880 484034000
14716 4095922
58892 412098298
59760 311084070
83172 815108628
48536 34655992
63221 233152462
47568 188256598
57320 193615640
88088 936614648
92944 98025782
95776 456425032
77176 483009062
97365 181081430
65149 88596462
85064 12625342
75261 206398442
76997 602841058
78148 429201098
61157 376554058
92245 978837010
58389 383782062
78696 527518632
95277 112504558
44037 236632638
89896 584900582
87053 386731038
53949 224624842
77205 306488490
80861 451402502
58556 149436802
89205 579874230
85396 735184612
79184 736058662
97856 883303432
88037 148619218
54616 274019222
87064 188289152
84784 133114472
67720 101802510
96336 628806142
99581 320565282
53493 182254658
81869 466496742
64381 507682882
67469 441854442
91184 1003721102
43149 42047302
61861 350571702
70788 363084738
76524 343023572
79597 600904998
90981 958300362
65085 231156510
73093 23987438
85813 7343958
73972 254871148
79885 278745390
93981 1050541902
91624 463343622
89548 291365698
93020 824546500
45816 235863472
61104 456742582
95773 1143545438
42544 169223792
65820 254156700
52512 32228008
95933 749254318
99580 277177410
69088 465487918
97428 753017668
94565 124744930
64704 108662742
79564 518785492
93192 1067310328
84837 820735218
69584 78038102
36637 36507818
89584 314904702
91837 245112578
80301 54733502
53272 161170968
31484 30841602
76552 263079398
75752 54698158
97408 1022435238
92189 716934362
96341 975559102
94104 753126142
72348 413082818
73245 186244130
95484 822689652
87168 353198078
54912 287447048
88165 760276730
64204 221447732
60484 360108322
43816 218277942
99848 438653278
55440 44419520
35508 80103828
72053 81805118
91712 367889238
86044 663613282
66856 370610592
93176 61405672
65168 484321408
96576 871126462
86968 898504528
29884 57806082
62229 281617142
52872 131030848
84880 538384470
51608 322944998
80864 575121512
93224 214963382
42256 34254382
61781 447380802
83004 360877922
86557 104773138
47188 10766658
76317 169505098
99444 942571282
70720 583377110
61612 158460938
64765 201130470
66768 7742928
83616 21363112
99704 1635582
91448 2239118
72196 425009252
24661 843042
74629 592091862
87181 743743042
76360 502703950
88528 387484118
79740 403197940
47624 260316192
16568 20561728
93021 405768802
81261 761069262
46264 91994102
95732 465059458
95384 516580942
73644 24006452
64012 378848978
47116 256764732
62325 17077770
94901 61903682
83496 157776152
97077 821845018
88821 981309662
95828 251009748
99612 539882658
93180 321822140
90708 251332308
81949 655426682
82924 708818052
52717 112431058
84752 689571918
49552 284141478
95860 108940
61096 264590352
54381 6187682
99648 1014349118
94053 1063528998
76796 622138922
98517 242993338
51917 207923418
48061 123654462
85744 151195712
97976 195670942
94388 1080667058
92544 780107502
93344 948620702
79592 756201958
87188 762573028
90293 964201738
79884 656534532
91221 944833222
85116 411222652
91196 702026972
36944 162087832
57216 202737912
75220 699370130
79348 466515628
77980 580016450
94412 712544268
80044 575839042
71285 257454330
53304 70303942
87845 799692030
33268 18403628
89917 665254818
85268 628338418
94592 51719728
80477 412600818
57600 233079950
73408 670274398
58032 249548208
74312 115169168
65124 76989092
65581 62519382
34704 40220672
78357 453437818
85476 680542932
84520 358053000
65340 366633730
59364 333504892
83380 34385140
11468 2880668
89136 754656462
37720 7478990
91864 474624262
88853 57763438
66672 261949998
67836 400055772
89904 384317152
77248 454626518
84184 654141552
72616 271376342
61293 124182258
41476 51148692
98476 979840002
87420 581709370
68704 88967672
60588 307560978
86221 883890202
73676 119544362
47548 121806378
72988 462674628
97124 471714522
90968 216745558
70912 555697558
76660 361902300
70048 597907448
70616 291595622
95216 1131963872
30349 11226342
83836 57724492
85389 493676322
59205 417015890
70880 561428110
54784 93766032
69944 267186352
89533 35601198
43349 25209002
98824 1063602072
80124 147517842
96568 962178638
86732 836460788
92016 499715632
36012 19960578
94924 364053052
76101 625178682
90116 255075762
38576 171216512
96664 817719142
76261 479752482
78853 113204118
41844 218359242
75296 92944512
94908 183813498
69813 407057738
59253 184479618
70092 431150738
86532 456244818
70925 181416370
43456 168904192
88864 385997872
50884 116326522
66709 19589882
91556 136080322
83704 458978902
93240 536160670
90032 486869838
93725 1669070
85904 347163192
87461 395070962
68501 272446342
69308 425672538
69109 248954722
78237 398718278
95504 445496102
50560 310553470
58504 199121142
98188 550591578
51720 310331760
75309 599784562
59340 404058370
99512 554589278
44212 206491228
51293 59156758
91405 950813510
90392 367286848
92032 451818048
99629 790475882
40245 108780550
61965 391556150
40312 75719518
60320 67343310
92012 702786308
89432 855585518
91380 453675170
80064 678264152
60220 339593380
69605 459439910
98228 95791978
75972 598113868
66141 210252162
63421 293115522
67624 34286752
81448 47150838
58368 409234248
46996 88687532
42149 106044882
85408 888827328
92956 399651372
88509 826358902
56956 136108842
82888 520867718
88813 617529878
87805 929631350
73968 264821208
14328 15019368
49292 283914428
80624 638611952
76157 214877798
88080 308204480
97572 548144388
87028 784450258
63260 171046060
92900 907172410
100000 438642400
92880 333127640
89216 385543232
71565 202896750
9141 6526362
20400 9770080
70932 355079538
75424 703736062
84197 490710778
99309 8268042
83544 316131702
85293 418910518
56869 295780342
74284 318757252
90829 1003144462
49460 252706170
81228 731968988
87597 673974838
79840 420497390
99680 1140289430
45509 250326082
84029 112060722
64284 342078132
96805 197926470
70125 450716650
74172 594610628
83800 516081120
84836 235337252
61496 409668462
91597 315842618
79256 525618312
97784 969433352
89461 953463322
68552 82886678
39485 166633890
95096 453362032
66356 173783052
87300 920771810
92397 122591338
71236 598866532
42324 94127082
49416 155634382
83061 800027422
98196 790263562
98344 728872622
51968 267977368
93796 208124442
99996 31250612
72308 117183578
90552 155836008
91708 727923538
68188 176388148
90141 286377442
81224 425243712
69404 486765242
70028 17627428
55877 363107838
25885 75718150
57544 84299912
48808 97572478
70525 286673430
34724 11142242
96117 565456218
73736 463067662
87104 144697422
97765 886341450
23909 2616502
41877 12504558
47693 155340298
25253 38587598
43229 61564182
65548 481376828
95884 680567082
37149 100500162
84680 225569910
79544 515663832
92997 667434538
73360 451553310
74509 438359682
51917 229185158
30732 25528658
83268 233159268
85797 666517958
91997 684430458
71592 11374288
39213 81693638
82488 341543488
12820 14719690
79173 747920838
63213 20555158
87885 364334230
74788 368802188
98933 354095698
64764 200651492
68821 494254122
59197 214412658
12876 16115482
95316 574545602
21648 37055808
61924 236077482
92172 423958028
93524 49232682
85477 339094438
86789 844349602
41012 134262748
71056 578673192
47128 159739118
94992 131675528
86340 109340060
91152 996212448
91268 890738828
88344 849133992
67888 5149768
80005 21447450
94192 866768078
83852 842334948
84789 445281402
57861 214046462
84248 837997208
86757 790653318
89021 564044322
95436 770632652
90445 517381630
94348 57302778
78488 301742358
99660 730914770
90845 451586470
93208 5849608
45340 66399450
40276 148064332
38453 88919118
69789 547640462
84604 247671972
94045 78852550
87693 723929038
64992 126733968
69044 442290682
37984 114474512
73573 343180138
94596 71746122
82253 95584578
77485 612304870
94381 651821502
53192 333197568
98292 986251508
91572 75049938
65373 15692018
76109 258103422
46485 132722470
79420 643606450
64149 333743862
85453 763342058
33112 14868608
87717 207984238
87552 239682478
51236 176123042
94424 776427312
83152 387974168
37469 140268902
82888 539340718
37900 159066490
78672 623986718
44920 88024720
64120 146342120
99276 1104778602
42644 169018522
71392 237334838
70524 11306572
96428 402159618
86333 113818878
41712 143071688
44968 166726448
98880 303870230
94173 847899278
84468 497030188
91772 629782538
86228 919735618
34893 122893258
99957 257047458
92808 712725568
69077 276180038
70768 506932318
96317 464355998
93045 366099430
79693 119787298
70365 502826490
93208 18282848
95180 1001098010
76864 359591432
99397 1126145378
63077 208740778
28552 92593408
62420 468928650
92717 324637798
42144 186632792
72572 382481578
60268 362930898
98388 360932378
84692 139208778
81104 802404152
77309 506609962
89032 860860078
74608 642500328
99525 868905990
56532 206498058
97629 614445902
96048 393391678
96816 295540912
92960 491178680
73992 391534648
94548 879378988
86869 595946242
99252 232957618
88005 515811670
96933 910484338
97748 737359508
74764 22476132
99056 428927032
91564 817804412
70920 238804640
99560 194251750
99540 549252890
97973 93887998
94752 14741438
99152 589490998
57365 354408650
75888 130480958
85356 335547882
89564 281884362
67069 42418262
66784 12255262
72172 111957938
76336 671547752
92165 816835570
58972 380476748
52268 192437418
93700 771884620
84621 542760742
90588 653072538
89536 854013662
92021 235604702
44100 116493690
38236 72866522
93357 884539718
80509 549816162
85452 203778178
59848 152869688
90293 121999778
67412 467385378
49132 120879548
57885 44280470
97112 291222318
95700 1017628100
39701 85180522
96020 1036146010
60285 34335950
99604 1074798202
38808 70381878
88972 335104418
80320 531590160
72712 467230488
76469 341350022
93588 350323858
58669 107069202
52672 192909558
73773 486698638
88652 932180788
64820 282366700
95088 991901798
61388 209595028
77685 315891450
87376 356942542
59348 98242138
71060 531493450
70896 61441862
78557 130718198
70576 204928462
90365 416754850
81021 618091182
88812 731048388
92272 968871798
64956 420315572
68012 128996778
64900 439417700
68080 345796360
77700 51331490
60636 37168732
89952 365620768
88332 687038028
90316 751977052
97821 523067122
72789 627070382
90248 978845878
82092 232554868
83172 636073618
80680 38980910
34644 76610612
64632 143499118
77301 122233902
91392 327686648
87764 55134922
38680 14694200
63421 78391602
89829 754992602
84288 618418598
57448 119427488
72180 338622620
49109 160119182
89989 618141222
75232 602786928
80164 410458202
69733 413878338
62340 186903210
66148 270128138
71485 315026030
57312 240427798
73016 148096152
48544 155796422
99280 1148095910
87901 941154242
86764 429177332
84024 863768592
70888 165413848
96972 1057485788
95752 685400318
55088 317899918
79461 763674642
93005 316257610
93096 720251022
96800 458149150
77133 730062878
64517 441843298
43544 154114152
28589 5135682
61840 71398600
58773 164758158
61797 153979878
84877 509513398
85700 818920210
97013 865085578
84388 802113588
84677 536455358
16612 31850588
89157 712754238
84045 13236810
86044 233100482
82452 350063098
93748 936477578
81525 395174670
91557 817983358
93020 717389500
86536 821130662
94252 159076338
72044 427828162
82789 78534822
99280 591174520
97748 213622908
67720 521070510
99248 607881918
92093 697612978
88869 403356462
67324 201272042
39456 188148822
91565 339804970
92789 585238722
66892 458088338
64188 59982498
44892 195558218
89280 249586800
64877 159424598
89096 705718502
84796 500315562
42312 217826198
88280 99374640
83804 432089452
89900 810322100
92444 899179052
87652 472557308
54005 91693050
58989 572742
15957 3269978
77760 700361030
84748 350923868
35205 73584050
83229 790104342
75328 423126638
79360 154895710
67504 523819152
96869 131936422
88868 423832058
31260 1408740
93732 688068578
20640 3619440
90805 210035230
66733 328518898
74632 461183038
75032 280651128
74956 394418562
35645 44451690
87740 265414020
60500 352890090
96884 817270532
88684 86851322
85944 630074392
69181 341499982
97909 244101402
78632 504455838
66040 64517280
93172 146371348
59408 408693008
78061 179248822
82384 649339832
42844 58409722
60300 21276170
69029 359913262
89621 954535562
73517 116486638
65140 259951340
62504 242402142
78821 493911962
36216 159025142
90652 733238308
74024 375258022
55332 357018138
81332 730635748
71357 520497238
49773 186891558
51888 78421478
71368 309667558
90269 619252622
81032 568399518
87428 732057058
91525 737717390
75672 713975528
56189 142060202
98632 355995568
38840 7137520
29861 99346462
89452 916361668
80488 555313878
52916 174594332
93640 927827000
87472 202332648
82389 132330642
75469 643570022
56133 45728098
81504 708969302
43772 11762388
81368 787500048
67452 184646588
32000 25367160
85152 90710208
94485 547311030
95888 1082851798
71452 281612148
83440 83743550
51460 288633290
60260 369171820
99904 408931792
53272 74924568
60548 236830298
89244 239557412
30053 70365338
93157 703309538
98284 509578482
70580 216601610
97964 383128852
96205 582337570
91500 115004500
99800 809531390
92165 767301490
96869 868534302
83064 201420432
51720 109568670
25588 47368818
93192 90727238
88312 778599398
60028 447692548
76405 310246470
85344 575194472
88220 440371340
78288 360063318
52972 257685938
91900 815353330
70060 247163970
89013 277064898
66272 376409638
89628 210204948
94293 394577598
87101 748004642
91272 906156488
79757 439352278
28804 28554732
13605 8249690
65920 390287440
60629 429306342
77124 257664652
71069 564841882
97440 69020840
82997 426019198
98829 319937822
60365 4439590
70493 217223038
92712 93865968
98556 65055442
98060 906471010
83860 56663930
52885 141682890
65541 184103482
73748 46328668
78976 511176552
93844 778027202
93936 189034782
84088 190124008
75820 155797140
39156 8180682
97788 973243338
80061 695956402
89476 708218172
68461 65030962
74748 430549868
72301 251059222
71469 518567942
82748 650849898
69264 495008502
57781 414856802
38448 46482158
92885 164600850
64492 187832188
37781 83855182
22320 62091520
53576 277632782
89988 27328738
56420 396206220
96972 1043200858
75237 233974538
57581 397483162
82861 143990362
77392 146526198
90581 597042042
99388 1209391788
75616 461983752
82184 23590302
98293 58900698
75796 392271252
99501 1023952342
88144 901179982
85180 188600650
60248 433008438
79644 176814042
82240 263944030
99493 542133338
63925 168583110
97276 1147688802
74445 66720810
96608 234288648
96144 203684352
96148 1082036748
64264 72252112
47309 208742842
85352 78164288
61916 117328282
89860 861508770
56013 83420978
85500 173608490
77252 334549588
86429 653048822
81956 81630372
73772 520119828
76356 241973932
84764 356870372
53552 11290638
82236 534728252
80653 787039398
98612 205554298
90004 391930652
99365 361973790
79588 58975858
79949 155811822
83108 695341538
62480 245518710
76404 692283412
24829 40364282
92068 221894018
94032 303288918
47116 222280132
72477 624130678
91780 441920450
88653 264272658
87701 114223802
98120 86753510
69565 242363150
60640 405500640
59156 35625692
76925 362601890
68085 91259730
52768 161130048
85293 288276738
98916 893573612
97928 699122598
89852 629596748
81168 301590438
81436 15183492
86221 484629102
72296 599300272
77936 171559992
90653 271738358
73216 334667672
50356 13540852
61077 138926658
57340 380916690
70021 503647942
70061 302068762
98685 641005090
80556 702413532
96885 351483870
33108 56318738
29812 41199468
69928 253521638
86184 342113152
71852 515804618
14965 3253430
76501 444674122
62061 57424302
88765 575916930
80965 227092510
89429 165752462
99485 172435450
56080 325887630
58984 56302902
77765 747992810
50936 265117832
84752 303060488
78776 517573472
82357 168202538
82701 197592082
80000 553885310
79485 489199930
63928 198537088
76320 174171710
84940 281983020
67029 379921862
52692 12641828
53957 306310758
89293 969696378
78509 650361722
64316 407544402
61160 164544040
87488 708621598
53240 164129760
47292 141878868
54536 223223662
85205 699598910
94544 507415032
42340 212590820
14333 14423958
87944 782821632
99068 1173258178
77901 202466242
87877 285644578
53501 49889762
97733 692463038
78405 748333630
26788 18202788
90588 897735628
90396 421105652
72560 30222360
99564 1118581452
64773 159802158
28452 42673308
20677 40275558
95757 6800018
85904 34741112
88960 770650910
91725 276600210
80400 291629600
93832 125169128
26861 47712482
89704 374996342
45116 194926012
95792 238482528
96037 804924238
52397 78309858
54708 13682948
60781 197489722
74832 602934558
75133 390036398
97613 166711238
72372 477750978
70325 475004350
62928 76922448
92324 537584532
76920 323871630
62760 229383990
95828 302620218
92253 111983078
99580 723151050
91620 333357210
29800 54601710
91053 696911698
92444 299062962
93400 335354560
75488 62348648
88408 807040048
45644 103911252
54228 89148378
52168 162569198
90660 918258050
81173 624237778
72428 196818138
77692 723946338
87120 887920190
59672 170305438
93104 349526352
82501 693997402
67269 447366162
86813 578659378
66364 485354442
89160 279019950
97792 168439808
89428 68675538
88756 872995402
85205 839390590
98421 564336862
76244 309799652
52412 177159658
30477 110388438
90876 865044682
98092 721114818
68360 53397400
61397 56832678
66536 487924152
97732 303034788
89893 255045538
86800 688997640
92981 161236882
78460 758295100
60476 342404892
65536 513207512
89317 569104418
92400 286173390
61284 282937292
83372 827174588
97069 106851542
59357 416887118
81768 121016928
53461 45463322
79661 402476762
85964 292174532
31965 56989930
94132 863549658
72144 224964462
70964 392122492
55768 290162718
98669 492176362
95156 606188012
70020 151367130
72856 214187422
54872 143404888
95364 1075670242
32704 52022512
37236 61176562
73416 126084032
25045 42271970
98660 636009250
92296 251764632
96221 49090862
33997 106258578
25380 44725530
92125 113672630
91888 799448728
77925 480866010
81608 801249848
93284 539231882
99845 57292810
35248 14973288
81660 630396410
91988 612394258
71988 169063978
74016 541930632
68013 5735618
91976 722784512
60060 445710370
25821 7600262
66012 510437418
84216 460805832
66364 168443852
51012 16945058
78261 325127122
49669 68995122
72120 510380670
73944 522835352
85864 836491072
79728 357928198
66928 194254608
58892 264840988
76456 698024112
97869 589364382
74776 4417752
95072 493499688
68960 441785750
57549 149742462
95941 1098617742
86845 55563770
79316 508539452
45152 235235278
73704 678736592
78864 482462672
85004 331033162
94568 62026608
65341 343565562
97396 827885242
99272 302531688
94293 200221878
30772 65147828
51440 329868910
93077 425371278
88064 950491422
50237 79428438
66432 230607208
58924 241642012
63332 64140338
81277 428954438
81501 492432022
21780 6280770
77896 723571902
91984 808712142
84932 502036698
99624 763916032
65736 457730432
70844 187796762
84048 374412438
86221 52024662
75445 54727690
70656 215268302
95152 493561928
93656 761080102
65432 398277998
86392 727730208
89420 385214530
82568 345667358
90712 562888918
96741 862671542
79116 247041882
88812 358931738
61836 390264802
90789 810116782
91892 117774788
87704 176912832
85541 758718062
99816 1063044592
78429 373444322
26408 72182488
65640 263344120
76112 363209758
36876 10553042
87013 248183078
69412 191462178
37436 1045562
54648 284290198
64373 123576358
84140 745443220
91860 827222850
96304 733912822
65981 398217482
98004 984532442
91528 33598208
89336 424099552
80077 398934718
98364 461034122
53261 246581762
59628 30429658
70388 316915108
92276 967556772
36616 88293862
25672 53361928
85101 726496242
84408 189066328
41744 195460152
95292 236424828
92784 225036752
61021 404553342
87844 103022722
85477 887347958
19680 19302670
45876 259444332
98900 695743580
84608 598677848
65101 234767482
71317 448325118
99228 56126068
79069 544814462
80269 35656542
63405 351850950
98821 386915002
84656 236675382
73264 237110902
85181 276239762
43436 177463172
83680 564125950
77280 439936230
88332 100011228
92349 982955702
89644 729089722
92548 549327908
50556 74156122
93381 298064082
94837 638493398
98136 1117770192
19380 38245730
88168 49063198
88941 429110702
36260 65406810
37056 13970552
56024 360181142
93700 441696500
82669 649107222
85693 342396618
83052 322984058
45436 93380172
51076 220941962
68668 345548628
84764 537273162
62828 412579178
50688 128607798
84988 253382228
88792 421629208
91892 366809498
63813 500904518
91021 634423242
80277 236347618
96109 960515222
85768 408007688
91485 875592310
56277 290672018
68253 215271838
84184 362068422
98125 724610370
89488 253743558
53485 219450070
71600 341675360
96384 161070552
63532 123695498
87917 524762358
46149 151251262
52941 109302182
84517 637648498
85944 257703622
72040 61915630
52813 166803718
77696 42526112
60992 234146168
67668 124762068
97045 969655670
75053 333468158
72476 636450802
98068 1040876348
31276 32747812
41624 127000942
11664 13195472
69716 358353122
97396 1183759722
45544 22316302
90908 331467018
91453 27696918
51808 23930248
59616 236689352
81344 555849592
70392 94014488
52013 269798378
83460 447329260
96616 868785102
65164 390750532
94820 55749380
65308 352394738
84344 322859422
60912 41851208
80988 2314178
89720 747103190
50957 39230198
71045 1681170
75652 152747138
92589 914380062
47316 17910162
79493 354260838
64796 109390442
37629 46129202
71548 16724908
99228 1022433418
88396 877802602
55829 71570582
88732 371446778
15600 29495360
85381 24965022
92088 549010518
66412 238346028
87368 722184038
98832 250965158
81852 348146418
90052 284186258
89268 760985628
89964 968353492
71992 273176528
73468 337354908
91184 320643112
65437 109591878
98157 593778278
80485 621131250
74133 155363818
85700 314369980
66741 540283142
40024 150074742
93432 963965728
83981 325697322
93488 41801198
77208 319530488
77392 537097158
83653 116161238
73136 256995432
76884 610835602
53981 330090102
82016 362413462
81372 196205868
61292 14185898
98848 586868598
99640 885193510
78165 437915250
93760 636556750
85964 523013572
80604 12085412
93637 850404418
88436 62314932
69392 73635208
36597 111349078
45724 97272812
99292 101340628
80464 259148462
91664 1049697992
89844 992833812
63132 159953978
56861 91412162
96341 933161842
61205 363690190
93304 910529742
55293 38708998
91173 477847278
99764 161188492
67405 307134510
