98808 -7374691242
-38040 -6553616410
-90392 -5287224232
-44060 -1897420390
32836 -3436508348
82901 -1858288258
-47820 -9056840710
-18856 -7820758538
53768 -9024159072
23173 -1840601242
-25171 -7172925378
-86500 -1548166390
97100 -3907122790
-14048 -6115367882
-82712 -6868506122
-88652 -2933947172
-71888 -2615919032
-74491 -6705603178
83909 -6428447198
68536 -1407969688
-30283 -7957567082
-79531 -6029775878
-78888 -2819229352
28048 -7821975792
65196 -3984722038
-81712 485420008
-6515 -5374277410
-85528 -8105572802
-28291 -1687756738
1592 -7479252832
93560 -3166377530
27396 -186499188
-70552 -8505090872
99764 -5707663998
-5307 -5161271362
51885 -4219023790
66908 -9264755502
-56156 119533242
75576 -707043018
-99512 -8813242322
41608 -589519602
64429 -9193087798
15780 -2704441940
44084 -9136587958
-93507 -8687322202
-30856 -9101125368
-59587 -6253640542
26012 -1307643942
-12851 -5185514718
-98996 -322825798
-97520 1020691440
-28868 -1364135172
34380 -2946757140
7829 -9424184498
-39660 -757732750
-67808 -6632823392
30156 -6652107798
-29971 -2232029898
-75988 -9793782542
39900 -960127820
-40971 -4411301758
-53872 -6273454682
-5584 -7574541088
50892 -4100358262
-51928 -3313293122
-93155 -8757405590
32356 -1551784228
38517 -475196342
-44212 -8963819782
48804 -9813946828
349 -2716849358
17848 -7140601802
57396 -6111042628
-56704 -7940768408
80592 -7008071362
80261 -1836477358
89765 -2343183790
92984 -859440418
-40931 -6641721238
-99112 -8950587282
87589 -7924139698
-82619 -2884945378
92885 -6202560410
-39136 -5615124248
93968 -5663284002
-82764 -5179770918
96544 -1301310848
37376 -7270747088
90325 -7363119430
-63160 -4629586440
26944 -3764763048
-76796 -1400051068
34968 -7214534562
99452 -5142987772
31261 -2027761158
-83092 -438765862
-24096 -1924174008
45460 -7233816940
85004 -2945590748
12525 -7072189970
-50572 -1653779812
-46707 -8467606462
-36464 -9334040968
-75456 -161097258
-97051 -2755727158
-44323 -9384070182
12741 -9175897898
85517 -442469962
50765 -2288892590
27901 -2572643478
-13692 -7501562652
-32428 -2616948622
-27120 -5587700680
-55835 -5225684650
-96124 -3937367388
36797 -3972378802
-25816 -8642211728
-49843 -2720944242
12120 -5833716600
32256 -9354254528
36052 -2843911622
12000 -8626360000
-11548 -4214840102
-2355 -5154798210
-17128 -3708553042
-95328 -5316949552
15496 -9619105168
84973 -3255740622
84464 -3226599968
95045 -9700633830
16600 -3410532890
-12580 -4194999900
43893 -8352160642
-62028 96386778
-14392 -8584521282
53028 -8838901812
-14876 -4159857628
-95672 -5316089002
10564 -4442110038
-1304 -1846213498
46445 -847004790
9840 -8587036840
25453 -8240038262
-35264 -1781550698
-96576 -8692444898
-76996 498536042
10016 -3364801048
-419 -3949275698
19604 -6318120828
80356 -5768618548
63504 -12654978
34072 -8072658962
-93864 980526062
86045 -8415874650
33877 -9681570022
-17987 -1663434402
-57003 -9900922402
21132 -7707539422
-75235 -5167759930
37653 -7469684782
53845 -4224560010
-19296 -8860563848
57980 -4497601260
82396 -2848168148
-61627 -275962122
40061 -9936871478
-84459 -4673173438
-35331 -9883736918
-44108 -1989488892
56029 -5790997898
-93643 -7590466442
-49859 -2254322198
17420 -5690642100
-60144 -9970654698
-40364 -2011409828
-1244 -1770834508
48589 -4540165798
764 -4619525838
33956 -9784129838
94237 -1332473842
37924 -3381874508
82860 -8902672340
-56136 -8812676168
71365 -678381790
59316 -9083894308
12544 -9391364298
85108 -7753823772
-37443 -4117375402
82512 -5818085592
37645 -5371248410
2012 -6055927222
94981 -5288951578
-31675 -9408392650
9808 -8837676672
33669 -2734618258
-84436 -2340764668
90768 -7565165202
43804 -6929950038
28660 -8907193980
4589 -8284083078
-25540 -4045061990
98632 -3938030952
16936 -6561735738
46912 -4144230952
75093 -502055462
41861 -7803409198
74349 -7854422738
50224 -2728561058
-76008 -9523583112
-50144 -3480210848
-52924 -8095681428
66984 -7095758088
-79932 -3040699102
-12088 -9724716992
-68096 -4382227658
93908 -2376368942
-23020 -2980531340
-668 -9509930302
96005 -7363589030
63556 -8277708158
9956 -3235943118
-67764 -7454384798
-99468 -4336566542
-13832 -348857882
-78688 -9881015312
39592 -4189105962
88997 -623972062
66949 -8720324438
-21472 -8217802952
60516 -5140232548
-5268 -8946128092
-22211 -6537164738
-9552 -7481512392
-61816 -8782599928
-77888 -4840968552
3788 -9829844732
72452 -4184894782
-72451 -2306597938
-74699 -993633738
78165 -8177606610
43541 -7367471318
4880 -6791041640
36844 -7925356278
-23843 -4719269682
-87996 -327858638
-88988 -6591298022
-85356 -4075277518
-19499 -7736161338
68301 -8988580198
84732 -8512168262
35693 -822813742
34045 -7681445730
-62080 -3685715530
66316 -6357591478
-37992 -7687893712
44589 -9281460198
89852 -1780818292
-63676 -5850009788
75541 -9558033118
23652 -4757949902
-9880 -9461204370
77708 -708195012
-67708 -7321347342
39464 -501190048
-36848 -6703018192
-70904 -7473800018
46893 -4657785762
27941 -8714453778
14965 -6420231390
-71291 -1679524738
95128 -682873312
70780 -5285012620
-15427 -8225042502
3800 -3808100610
-95539 -420319578
75149 -3688764258
44976 -7854460698
-27443 -1930531142
-88004 -472989148
-96083 -6302469942
11248 -3151728842
98165 -2213901990
-21424 -1001627258
85509 -2379829198
45460 -3221132260
-97116 -7128610798
-38368 -1426008072
-17536 -4029641368
43504 -1638750008
85996 -5652424708
-30491 -8514402598
-54732 -8764191532
95112 -9351537552
25048 -1600464082
-30080 -3898960210
-16080 -2889987720
-19027 -2394151562
59437 -7966082282
69788 -5222624582
60888 -5683537952
17732 -1264777612
-91291 -7327670078
17440 -3684230930
38461 -8423056118
-13152 -8445315402
38324 -4145608228
-16243 -8010872142
-32104 -8266356408
26524 -7947073188
-86720 -556187890
85181 -1993649098
-18880 -4388442610
35812 -8146106982
17077 -2236905102
14773 -1969764322
91949 -4827858518
65749 -5407460598
-72424 -682278208
-32692 -9194288852
-68844 -7015079668
-92036 -1124924908
-77536 -6729121498
23368 -3916259392
-23188 -948209852
-78811 205348642
41125 -7026728710
389 -9445149118
-36628 -7878089582
-20108 -3114748012
-2812 -1209169702
-3155 -1278911830
77645 -2417830170
-1308 -3286433292
-65072 -5400092522
69856 -2816813258
6364 -3699430268
-88092 -9275121662
99492 -4635904782
78277 -7287501582
-20512 -2072215362
65653 -5772498222
22352 -1049473152
38984 -7133500978
77100 -3076535300
-33084 -1098858518
-45044 -321219838
-77992 -5341581032
96136 -6829903458
-86579 -6584219458
75573 -665852682
20528 -1648778482
4504 -9834327848
53317 -3734208002
-13804 -4360275068
-6955 -434410330
-43428 -5193524932
61636 -3575899068
-29043 -4435933682
-55099 -2665590878
32277 -6899718862
32429 -2386215398
-9208 -4037555632
-24536 -8084383848
-33883 -8376203442
-62164 -1389042798
1848 -4181945642
-62936 -4443378888
-36707 -219560382
-4100 -1664143540
-69699 -684411318
-92811 -1668113918
-79016 -9846599978
-94764 -8282017198
-19152 -4103908872
-34928 -1382123482
6360 -8858510610
-63348 -3280879822
32544 -3840187578
-17227 -46208302
-80332 -5467042052
30344 -8319978578
-62984 50108342
23060 -9400156660
-67851 -4879255738
-70707 -1847832642
-53075 -5803962530
52893 -3818648602
-95228 -635600582
-60283 -1083417102
1053 -9761701062
92776 -7372074618
1053 -5645354702
15340 -5769249910
-22484 -5487058028
85468 -5430279332
-33988 -8199186692
98621 -2892662118
14533 -4033426642
-42435 -9467909690
-88856 -2639883178
-47196 -5083389508
-73436 -2851953668
28144 -8572304658
91245 -2123239070
54488 -3039890322
50493 -6103859542
-88564 -1081852468
37240 -2946183160
-32771 -3432524658
21820 -2794248900
72188 -2622159622
-23828 -5411643212
78276 -8628224068
70093 -426765342
67352 -8959341602
-41512 -7542989242
-704 -8514218448
33645 -2971962390
80148 -6195069422
16836 -8464084108
-22268 -6471170262
-88683 -5603548182
-26011 -3582246038
23181 -8724520158
-14371 -7894363918
58189 -2933138398
-53284 -9859038388
11576 -363374738
-780 -1726397340
-2772 -3929491662
-12515 -4620162870
84669 -2284532618
6765 -7268966090
51128 -2250150952
-30200 -6634228640
10144 -9149007418
67613 -8334678582
66384 -9477282488
58485 -7255555390
-55892 -453171662
-59595 -5957693470
31317 -1091717382
62140 -334539950
-12144 -2518545378
38232 -2912335442
64309 -9872203898
-74539 -3084188358
84909 -6582553758
-50604 -6833409478
71236 -6311437748
51208 -633244802
84312 -1661382272
31261 -9327390058
45477 -8246064282
-55571 -4669765318
-21900 -7630945180
82940 -2778705620
26476 -4134990948
-39836 -5598772478
28216 -5226195938
2476 -1176185348
74876 -3957724548
61005 -6658644150
-42323 -5888275862
53364 -2088865998
16437 -6247136782
-41451 -2367266098
82372 -74492662
-58292 -9583670382
-68556 -8049985428
15756 -1272650228
-92952 -4097163952
-8856 -909776378
14936 -8712154008
-34411 -6659084858
-55724 -8811857958
-68635 99165250
35453 -917640642
5040 -5806363450
-48027 -1515665862
98896 -6808390608
-984 -6500038058
74789 -9887950198
-84259 321994022
29544 -8986423688
-49228 -9071929172
-70472 -2785481602
-7548 -1880459622
-46668 -7028216612
30908 -9304094422
-27683 -7234681082
35037 -3371718962
60989 -7772078
81341 -6539221398
-69475 -9964073670
-94539 70376602
79205 -9503654410
-4931 -8137289078
-81788 -8637721582
-90451 -3442159638
-77716 -3830090758
-66532 -2906570852
-69699 -1063254578
-89860 -7689760830
-62556 -1859927358
44100 -1852606430
-28692 -8270076052
95080 -9068862440
13336 -3533293978
40605 -7370632870
-92916 -6548416188
34605 -2750395110
5221 -2066148858
85284 -3621764598
-73403 -5329049182
-50467 -3632492002
-49164 -7440992628
-97227 -8488527262
36836 -5096448828
-14588 -2108077422
93892 -8330165172
-17051 -3089422418
40808 -4743352752
17156 -9769945508
28424 -5364847128
87620 -5491168590
-98080 -1329014720
-70544 -3790730778
-51520 -5300076010
13240 -7318446410
94064 -1591593728
-78068 -626749742
-32132 -304449932
-21784 -5881750138
-19616 -8681026528
-81200 -3582845440
-27048 -2806974432
-5048 -9879058322
3413 -1316962942
-38156 -220159508
44672 -7471053232
-35536 -9552886608
-65608 -4509245642
53845 -382012510
-32708 -3735690982
-56659 -55443518
-89403 -3241426482
-11699 -299031758
49869 -2049904878
-93176 -5007687858
76045 -687986250
-9299 -497265278
-8224 -5386252858
42757 -6067126402
87780 -4840316030
-9192 -8800299682
-33772 -58447772
70268 -5829558342
27620 -5396902350
-71812 -9619277862
36488 -5197372872
68317 -6477282602
2692 -7403834212
64800 -398530760
-10068 -7691191732
-61744 -9475679458
15208 -112286192
67749 -3119297898
-7004 -1119004998
6880 -6353076050
-30560 -6183884800
41924 -2336257358
99317 -1579147722
-22619 -9741019598
-16060 -517046900
41660 -7645766340
81740 -5935499230
35816 -7573829328
-28260 -5781487020
-89040 -7058595890
-99324 851556642
-11124 -6176342668
-37012 -4084677692
-10660 -7899477470
-11811 -7986498698
31813 -9240801082
78860 -4749242470
44492 -4291227372
23645 -4073915250
-67616 -4943839698
-63892 -787091062
13261 -9397040778
99768 -7245321402
32960 -97285250
20253 -6130481482
92692 -7236959452
-92560 849247960
78984 -8967382088
-54392 -8652305232
-41888 -6379101872
-35843 -6730703702
-76443 -9248608922
74568 -6607638242
-62904 -8153446648
-24408 -4362604872
-45376 -4366481698
42605 -8377872910
-40076 -4182755358
-77188 -4155413972
-92620 852249250
14981 -6680322098
-96363 -9692969202
80048 -1593548162
829 -8239623798
-29328 -940884802
92765 -8962499370
59764 -566024958
-37276 -8092398078
-37848 -9408527792
-15219 -9849458558
11372 -3483944782
96548 -6680747982
60349 -1793843758
-70324 -3616791508
-56920 -1209642450
-92843 -7138316262
-40140 -1852594190
76973 -3494698262
27604 -8130062078
51604 -6849219988
37933 -894261942
-58779 -5678952158
-33496 -4655038858
47396 -8079609468
40448 -1424561202
-77600 -602443450
-86688 -3747960752
96164 -8231127078
-51724 285152452
4528 -5308630872
-17835 -6576679750
65236 -3812233468
17484 -8227116948
-81083 621455658
96752 -1661575952
-62204 -5748856508
-11628 -9893492942
-92204 -831557118
-17704 -7674514778
53824 -150451418
84261 -4425441418
-86212 276156978
11236 -120437668
45412 -1669015942
79924 -9306513598
-1664 -1869901338
29037 -7080153042
-75268 -4737924092
3936 -5747890618
21832 -3177309562
12221 -6251639858
81552 -5009050802
47200 -3091822770
90501 -9180451918
-91427 -9410465702
-65147 -1605057482
-88560 -9258127920
-44144 -3946083168
79600 -8807777400
62492 -3982383532
14676 -4259818148
-63128 -9929350232
-64148 -5721646502
71533 -3938205682
4117 -6260358802
93189 -1146765378
33304 -3655480528
53160 -6229777400
78732 -4564591892
-30388 -6844856812
73613 -1242787042
-89344 -8997157408
-4488 -2995028762
84952 -6822995312
-90012 -3710978052
-72832 -4678032
67517 -6383142502
39668 -5634445132
48980 -6549824900
-84251 -3903165958
20356 -2349458028
69192 -6691872872
-14756 -5604245478
-88403 -6707904242
63332 -6127591942
-78940 -9800451150
-2600 -5511914160
87988 -1672019412
46892 -3571784262
19284 -5432788588
-43784 -6255677088
-18600 -6367509680
11813 -482453002
280 -2104372920
48484 -8671801358
46221 -8583049418
-58516 -3300916228
-40748 -2195303932
-73776 -2300269048
4028 -5140820062
-27251 -3488429038
59277 -4940544962
55349 -8837118838
-9307 -9834579822
38180 -8424781990
789 -7269044898
88741 -619963658
30508 -1871188782
-48388 -6141541862
3920 -3373627610
-7908 -4624008102
77324 -7753007228
-73955 -8278406950
-93323 -7331098222
-70576 -2094323018
-23627 -6914153442
17381 -3241260938
59296 -1138125618
-63611 -4352962538
42284 -9321585908
76748 -8403498532
-53060 -7365693060
-79388 -7011030622
4821 -3568395918
-34208 -6051007272
75228 -8386700182
-82708 -9077454092
-57323 -8895849902
27716 -4824537638
-6616 -7782835578
-49139 -8446707878
-33139 -7045617178
-39624 -7932223928
12612 -2779907772
91892 -1949944492
1076 -3461178198
-48979 -7415363918
71861 -2320264558
-81819 -1127389118
4856 -493316338
-53776 -4853276978
-61787 -1514822522
-47288 -1129245552
-18352 -7576999512
-29723 -8886249622
41429 -3121798318
-15476 -3637224148
91336 -9596364218
93517 -7977207862
-5836 -6506371398
29541 -7556921418
-36643 -3382982882
17036 -8939694188
-37595 -1878406010
56096 -1986344938
-45603 -6429817002
-98771 -1060451278
63997 -1933256842
-94963 -6450633342
93125 -4908170250
-83624 -2785320688
7980 -6633133790
2260 -7031861350
22349 -5902747538
23005 -2298044830
41848 -6703541442
68948 -2584372502
82096 -4098764608
25136 -848613178
86660 -2105665420
59300 -8268249430
37548 -4743314982
65589 -7461142498
-96660 -6716679860
88680 -1724212530
-40859 -7813531998
-9768 -2496464592
64956 -4433928838
-6336 -583441698
94540 -6242279100
43365 -3867036330
22829 -2721627698
-37179 126787902
-6624 -1179945458
-20528 -1425012112
-57212 -8676805412
-2180 -7060104750
94356 -7214499158
16309 -604866898
-45328 -8630183152
-74020 -5745165660
-80600 -7078332640
-99368 285790118
-64796 -1906333478
-36256 -2137060178
-18403 -7577857002
72037 -6517204842
49693 -9704867802
-43700 -2629169910
-41107 -1858709422
79960 -7977453450
-86787 -4033312702
-97004 -7605614348
-55179 -9301789398
-57708 -8553991692
-88704 -9886990488
79924 -4708260428
2740 -5682661510
31160 -1738508520
69968 -7117481832
20896 -9829075048
-92696 -4887333658
-81659 -2764485958
87565 -6633627850
-74992 -6936760362
37516 -3646703038
74564 -6785555788
-48116 -7596845348
83085 -6336239750
62197 -3807037562
-92555 -5166141050
-22748 -7517824292
-49644 -9163759508
35716 -4553954988
4236 -5456233508
-50328 -1455726442
-71912 -101578112
35429 -2787388398
53220 -922322310
16176 -4017007048
29748 -5317373612
64020 -1817940060
-40952 -3078715362
71800 -7059015600
-80308 -9715293662
-99684 -3335315428
-55440 -7809184960
57549 -2194453178
-80780 -6720726310
97941 -8881987638
48461 -2254042478
49221 -1467805738
62524 -6513590278
-23760 -7151632530
-49900 45091380
-9108 -3001924772
96869 -3168417878
-95928 -4572939352
57621 -7762689018
52421 -9077026738
94612 -1884323252
-85600 -8470760800
-17299 -8015117898
19228 -6366726102
50128 -2784277522
54824 -5122103048
-32320 -3056837920
-80323 -1602991702
-72388 -4981471452
17973 -2216287542
-4427 -8022152542
-59028 23268658
16805 -6076361610
83056 -5978123698
39516 -2800632348
18357 -8995751482
-44443 -3284156702
-14592 -9081310792
47445 -8952745030
-75036 -7834428798
37437 -8776665562
29340 -7249140630
91136 -6547937778
-94043 -1279925382
-95992 -6716183122
4725 -9956820130
62964 -1535592918
33997 -5736006442
-73427 -1161044502
-81420 -7620706630
81896 -5936355978
26768 -1899571912
-44712 -6152721552
68600 -2080918400
-61932 -3093932572
94996 -9033870198
-38299 -2908746938
-27651 -9318612878
48188 -7198428822
-22596 -4926149948
38896 -8388074208
-73203 -2943177702
72768 -7864109552
-38552 -662239432
81941 -1859483378
-58024 -7942329538
-16776 -5896326378
32789 -5978503018
23520 -8183526160
-49944 -2397912488
-65052 -4754827662
43520 -9080173240
80440 -7983864650
-73931 -9620775418
-67296 -7221524088
-93187 -7133036742
97981 -7344496398
74048 -4835853272
41224 -7047618528
-52660 -8889920140
-41012 -8653236982
-54296 -481838418
-99364 -3680506678
96088 -4377436712
-48908 -2821384732
-6355 -4008091230
-37092 -7423358452
-74436 -3880316268
45200 -5247341850
-70956 -375499278
60724 -7752751628
57356 -3683879118
-86968 -2153368072
-97211 -972616358
68341 -7987938158
-3944 -5598373378
8720 -1962005600
35932 -3906332702
-91668 -6968687292
-93011 -7649276178
76860 -6627061070
25792 -810502232
13852 -5406803982
-25291 -1955645098
-31411 -3878371358
48804 -9519349518
28340 -3337439140
-56360 -3366073200
11237 -4785132982
-43099 -5531823958
-86196 -5674133748
72624 -3971568818
-84939 739825522
47269 -8526120778
-89872 -7314425602
-60588 -554336502
-44536 -9633776328
68317 -3510544562
-20392 -9918678592
82176 -2886056138
34220 -9010958670
-93856 -8872993538
-69827 -9827012342
47072 -3947365752
-61128 -8453934472
-13979 -3312112398
-14384 -4627519498
-69112 -8917982242
-98200 -5485322570
-5940 -5695382670
-57443 -1147730422
-72568 -8979066442
-13604 -8186761908
-72044 -5071010758
-63456 -6383557658
59533 -4215122042
35572 -4801876702
-79587 -3962611962
-73616 -6130598658
62052 -7357842892
34164 -9323177268
38701 -2341502818
-57368 -733805592
-8684 -2906884358
-99048 -2028205152
12848 -7315172632
60936 -5295927248
-20784 -7956625728
72909 -6027111758
-1427 -8592120882
89440 -1191377330
87805 -2455181570
73548 -9818181372
-36187 -5642184042
20541 -1411734898
31488 -7631484522
35420 -7192646310
-26928 -8455946192
-86132 -2308541222
5872 -1913268922
-88584 -6908464858
43037 -1403197262
94909 -4198271498
-8956 -4494123118
-60008 -3497503632
-120 -110348210
792 -3707845672
-18880 -4167482840
-17468 -3853718102
-2040 -1422465210
-73076 -8195417468
-45036 -4958851438
43013 -7701297722
-70244 -2378591838
-23508 -759356932
69749 -9013367798
35221 -3099094598
-40459 -7244069198
-29052 -295448782
49520 -6580829920
-47524 -3326740318
86924 -6631447588
24868 -5137365502
92068 -8565056972
-46796 -1084275318
-48763 -3315429602
-3627 -6676989762
71588 -9922831462
21944 -5228347608
-30448 -9402604032
90820 -7223977980
-60524 -8826914108
77984 -7881563968
54676 -3986078908
76784 -5900663978
64725 -1258096450
-65624 -8101827138
-91172 -8002444892
50164 -601276438
-64147 -6502924602
-728 -6514678792
-98084 -5287509638
-89667 -6551329942
4092 -9847008942
17056 -1109975288
-21667 -1378098782
32860 -9136258150
-70043 -2824622362
-4744 -4657775458
-16928 -3105139722
9349 -7832732578
62445 -5841682850
-91003 -8826566262
68096 -222547128
4549 -3663752458
9461 -4667931178
65424 -3981757058
-92572 445568738
46216 -2704723418
51037 -8960734462
22032 -4941878442
-62444 53157322
34496 -1464329008
-39664 -4716155778
-90483 -874903542
19392 -9984458352
-1435 -9705314290
11628 -2545625292
77016 -7464979968
-67724 -6050709908
1680 -7221537810
58437 -6311894722
80168 -1659319242
51528 -2430762272
-38268 -7920206492
-38796 -5952923998
-85468 -1899360662
-37568 -3279617962
-94347 -1120278302
-84264 -9449818298
-77096 -7665913168
-59340 -698497780
-9320 -6078898290
50780 -1943055310
-88020 -3862762260
24804 -6489984078
42192 -400953352
35733 -6487917402
62461 -9958498438
55053 -7072017702
-77044 -1045853838
-36739 -6945719218
-6196 -1930819588
-90824 -4972870658
-88571 -3728088938
-27972 -928492172
10080 -6490687680
-84352 -4845525602
5568 -628550712
-49044 -2154529508
-25008 -9824033672
39496 -5896799298
-75587 -8226329382
-75635 -6176435850
-39459 -1025575618
80120 -7170613360
-15724 -9560100548
-7531 -1698109738
81868 -2266998492
46325 -3081572950
36856 -8021090098
93208 -5500123202
-58683 -3354862262
-8144 -1187186538
-94896 -7958895608
-72860 -554449660
36484 -483158188
-55260 -9220307740
55088 -8307774432
-4516 -2227260838
-99955 -9837709490
16888 -7658387072
-61667 -2491214362
96661 -3838882258
48932 -4338557862
83821 -8245252638
-24320 -7061669570
-8347 -1300942522
-97883 -7094282102
28260 -8959759750
-1784 -9397112488
30653 -6894923402
-3683 -9178780762
45736 -1741016458
60725 -1832115070
86893 -5281543662
19788 -226347172
23132 -4310822022
-41708 -5678034422
34645 -548647110
7112 -1683986592
51309 -5197535518
-28515 -2809648770
73452 -8158578702
84920 -7439671730
37213 -7410911102
85936 -1088594728
62765 -7722510350
-70432 -4283352162
-19976 -5088361498
-39040 -4238297530
-49760 -8555123570
13389 -1977588018
-21024 -7834845698
61472 -6580414112
-93571 -1660213658
68293 -3186323162
96004 -1921501788
-57635 -3140722490
5704 -3139547738
-77843 -528051442
23808 -359895192
84732 -6811094812
28344 -8329383578
40976 -8831523418
94173 -4181014202
23301 -5425910018
-39648 -7676438922
-76140 -1602216710
-53379 -932662058
-99915 -9209565770
90588 -5066297062
29432 -9399835192
-21595 -5004855970
-37544 -1294526738
78972 -1898903182
-37784 -944771728
78144 -315759768
4720 -2836174640
27808 -4509940632
98509 -8381788238
86029 -9517859958
-76004 -5457246998
66860 -6714644790
99312 -1974390522
96152 -2214616352
-39756 -9833865798
95197 -6738974562
36760 -8635374050
67812 -767258662
98500 -2685903310
9944 -9777126088
3688 -3505055312
58500 -4853563460
68 -5984764212
-69859 -8959769298
-81412 669003938
-81356 407643162
-62659 -493693058
56653 -5443165562
-45563 -8791451602
30760 -5821895050
-77203 -5342879062
-25531 -685991118
26237 -8347843822
82372 -4893656702
-90560 -8073944730
82232 -1613077832
63064 -3080092648
27168 -358737432
-17736 -1303087338
-21452 -5380372542
10260 -9535541910
38524 -4107977868
-80939 237525102
78685 -6600961450
40213 -3351232222
9280 -3985805890
89301 -1449692778
-66704 -8356292528
49000 -5794073890
-63180 -6500378830
83325 -7574289670
-29240 -8793952280
-92472 -4048541712
-39204 -2804611868
-85192 -9410430282
38204 -846649228
53452 -7843722572
46973 -1766226342
-78995 -1879021590
-81756 -733918548
71388 -8534129742
-96584 626823182
-71220 -1609239460
26032 -4620280642
-23784 -2685834498
-24780 -3728047750
80572 -1887159412
84232 -2021436392
17885 -6470400410
-26259 -426084318
91344 -8873189538
52565 -404500430
-2844 -588723308
-11364 -9465847108
-7187 -9582067322
23372 -2724453262
45720 -4712349720
-49052 -4918810692
99740 -6141369990
-27744 -894802858
-81539 -8422831478
81392 -5844856192
40564 -2834883718
-58888 -3834588962
-30728 -9359239602
-66475 -9428417630
-68891 -7650479778
69796 -7306353118
4428 -8310075052
-56987 -9288213702
5813 -62491342
-68707 -7849355302
-64699 -9794693558
24464 -3354255568
26324 -2751639238
-95948 -4444486942
-65720 -3373993450
-23332 -9251620132
-20496 -8603532048
67533 -3755827742
-65148 169659178
41085 -3846378410
28524 -670995678
-40556 -7827134708
-32931 -5259840418
11712 -4119042962
30880 -323912090
92445 -3365512410
-98568 -4404786832
-20176 -4193345298
-18080 -5647071890
-59888 -6619208992
14648 -351925872
-33452 -7053219662
-52035 -5117297730
-20555 -1560007150
-12728 -5491810642
74504 -4897263458
-81612 -8895239292
-49980 133734090
-59147 -8470305202
-1668 -2662328422
86800 -9021783760
40197 -5638260162
-17376 -7063476978
47828 -3664110532
98773 -1141597502
28000 -3666376000
22653 -388673762
-98059 -6987818938
29173 -3705604702
25005 -3707453090
-94736 -2689714498
7336 -3164463658
34980 -4440686460
49317 -7567044862
4856 -8409653248
-66019 -2711330478
24228 -6785672542
30117 -8811577462
28072 -4481428002
42964 -5532374748
-52712 -7681923992
9028 -359003692
-29488 -2089986002
29845 -1520484110
-63872 -1934835992
7960 -8256702810
84309 -3609693278
-21352 -1373916552
-86163 -9412300522
-22520 -3122487970
29677 -1487120702
-49899 -7068349798
92085 -812617990
-35360 -4606474600
-28636 -7400025348
-29843 -9992152062
-68600 -8686697490
-12939 -3057368918
1308 -2735947052
-3816 -8532156378
-32348 -8639884662
-68232 -9609583122
780 -7751614860
10189 -2396178738
73772 -5064575022
-85128 -3287584202
-74884 -9672067118
-68256 -8545286968
-13067 -4780848662
-5236 -3073761108
74748 -6658256292
47196 -1537628478
-36404 -137054478
86984 -6450973408
20876 -4232060828
83060 -1819347540
55056 -4566989408
78916 -2723215508
71429 -2872477958
35773 -2262114922
-78404 -7965627918
14936 -5782204378
-43755 -7916572270
-23379 -3584660418
-95480 -2117691570
-91204 -3765520638
-19048 -7827439872
-99171 577597742
-44528 -2629407672
5332 -6354336302
29925 -2272784730
76053 -7133668822
61832 -6037980152
-66892 -4074816652
-29836 -3852090878
89076 -7084780668
62408 -3399453552
-85316 -4186794238
-23955 -6619764870
47104 -999951048
-70140 -6952942820
41276 -7971625908
-61307 -670981102
-48348 -1788314812
23880 -339549600
75941 -2236519378
72509 -2657256958
1768 -466546362
52296 -8547270088
-83044 -1000233108
37085 -6508981390
-95724 -5127067678
1060 -441778390
22228 -8511452092
57597 -7962052122
-5388 -7573506732
8365 -772637290
-24819 -4982887318
18765 -4326359790
65493 -838372302
-25859 -431453678
-91500 -9374730110
-40076 -4478354988
37476 -3374332148
-74760 -9681453690
97648 -4714537032
98524 -8229405388
49836 -517387398
65972 -3120522572
96868 -4497715132
5876 -1290995748
83933 -7651669382
-86019 -5029372958
17832 -7549410322
30708 -8088327452
-21924 -6650830678
-11179 -5719272878
-68459 324974662
-90363 -3219191202
-99843 -7726970042
34580 -7516354500
-44011 -7711429818
39868 -2267523182
87736 -6637673248
16 -27762368
-2392 -863004192
-46907 -7415252422
95868 -2797189532
-72251 -3367220358
-90811 -9744314358
32120 -3161564250
11164 -186145268
83292 -3600212012
20317 -5521564742
53141 -9468801358
99245 -2938467570
67524 -6670369628
-92244 -8495231348
-62131 -1996778778
-84739 -1419118398
-78568 -917620722
82037 -2879330262
-48032 92154968
-30904 -8387084938
64388 -2085397742
-96476 -2267544428
-94200 627692640
85440 -5230733440
88832 -1447974312
92485 -8486999930
-96203 -8221060262
-21248 -9168102632
-56140 -3736251900
-65484 -1680442548
-80059 -3681507018
-47612 -1450523102
95941 -7482922218
67893 -1899450582
-95804 -5564956388
-59740 -7236208460
73501 -8433612938
9016 -8798143178
-10596 -6471885188
-67099 -3225306318
-15523 -1091876722
79612 -7949705862
-47836 -2312266038
9661 -8796263538
56045 -1219921550
-12536 -7238334768
-76076 -1696244878
11264 -2403093648
96096 -3009813088
-79992 -6202613802
-33416 -9293340808
16768 -2224377842
71952 -8693333792
-80140 -2814426350
-10072 -3349760272
-79676 -7314093148
23208 -609039592
-71756 -3702945518
-31459 -2217507138
71472 -9657827232
30008 -9341028912
-93816 -2619655698
51061 -4866765418
20277 -2977924022
-62896 -9014962298
-48780 -9698386700
17669 -5000608998
71664 -8936313378
-34424 -3803542128
-74752 -5672203472
-14019 -6111009658
-85404 -3749952158
24164 -6405778478
-52667 -5493251602
75692 -9011264572
67852 -5318877462
-85084 -1970870548
-13971 -6792717238
-60432 -7602302432
12077 -7264331442
7628 -1824572542
97909 -1630535058
45380 -6824771900
47517 -5859754622
23688 -5325668002
36172 -2646373702
-65995 -6437281570
-1732 -7657955902
24656 -3369936848
3429 -8190690078
33980 -3417982190
46004 -8188550348
84600 -1947942200
-8428 -3727285942
-1859 -2108379738
-39932 -3097467492
-27320 -2589741890
-96131 -3895767678
-74736 665464382
-89787 -9021379462
19077 -8703529262
-59668 -1351636982
12272 -1241500752
-31859 -5106058218
84708 -7891445222
-44188 -856369022
-48043 -3874582842
12637 -6157478502
64996 -1682979478
-56928 274950358
-59536 -2336006368
30652 -949302782
-97912 -7343797922
-72776 -4006269778
13060 -3360527630
-44688 -7103630632
91792 -8181001872
14877 -1626370682
-75008 -7847147712
-539 -9034888738
-54987 -8557349942
-99596 -9264457078
4032 -8344296112
-5987 -5099262882
4581 -6197606278
18412 -7112195932
-9292 -4988648702
-73036 -4208969588
-20800 -5553664920
79368 -3231004442
41005 -2017142790
45584 -4968936848
-95288 -20796632
12216 -5938774768
13052 -4696423452
-46283 -4623266002
-88568 -3069524632
15696 -8654929298
-45580 -1814889550
-83712 -650402152
-58299 -5207027478
-24980 -5539077620
83405 -9770328190
-65560 -3491793160
-22892 -4755280332
9392 -4205617512
23536 -3364302578
-41203 -6692860482
-39088 -1055265602
26708 -5295716932
16125 -3729672970
91680 -8036772570
56741 -9874742578
71680 -2724365880
13757 -1357095702
-74692 -4059243662
-65124 -3801740908
-76507 -5134308102
-66848 482930998
-55856 -1549292538
-73539 -384204038
-50176 -1338105368
-10556 -3375345198
-62395 -1053532590
-32272 -9096036002
98168 -8617979472
68004 -8715356678
-58131 -6507305678
-76203 -105494782
50052 -6042326892
87392 -807948952
-38856 -440453218
-40596 -1527801508
70828 -976234452
-29208 -8980444552
75685 -5688511410
66724 -6846468708
95021 -3337270418
49156 -6087712428
67000 -6662373770
-86868 -6207851542
11533 -6054758922
-25716 -2569142348
51020 -5062200030
-86680 -8934270650
-51579 -6340928178
-86056 -334011048
24957 -1217570602
-26107 -5054053862
-74768 -2062871522
-81904 -6862994498
46404 -4549944348
-28028 -9798063582
-61420 -7029623620
20020 -8046951310
-5908 -2763608892
-60668 -3668587812
-516 -8835036718
9972 -8019823222
58029 -3625789138
30900 -4046124430
-78068 -1311341172
-79044 -1043578948
15360 -9156314570
1885 -7174970410
99200 -4604874890
74472 -1766914912
-30004 -1171286198
-48920 -2076487720
10460 -7268925100
-92280 -3483559170
-35000 -5144787130
-42051 -9931669958
79312 -3249786762
30068 -8626396292
7781 -2425249658
-56827 -7991953942
22316 -562088878
4700 -8350921990
34312 -7463442112
-43235 -3782027390
-9448 -8817964352
70781 -8584858318
17048 -1717697162
-71640 -8483794490
46380 -6893626070
-65123 -4234446442
42432 -9129434002
-92920 -8346188720
36372 -5758459772
-65299 -3871701538
99296 -3925667218
-81371 -9127051458
-74732 -1649966102
-5416 -1394038128
67136 -2811099858
20464 -2875596648
-9427 -9078941862
-74668 -6056086372
70997 -5577248582
90912 -7926395882
-63379 -4219473138
-20240 -6997359240
-6084 -3098443958
32293 -2242129642
-95572 -2692015382
84372 -2554047212
92364 -1603729638
77861 -9969020078
43324 -2940827548
-70196 -9987358158
-90688 -5558986152
42493 -7750373482
-29123 -7915895582
40400 -9248001840
68164 -9243966318
17053 -6416140762
-27784 -3955419968
29429 -7299890558
47752 -6492869952
-19683 -5192775922
66212 -303008372
77724 -9270673838
13632 -15093602
-15816 -2923934778
74116 -9531189958
96612 -973564532
42512 -2021936922
-12936 -5850119568
79612 -9576270812
-8315 -5491146190
12772 -6931343102
-25668 -8183538302
-23900 -4290383980
-72892 -5571812932
87597 -1996029262
26456 -3819328608
-63419 -961518338
14296 -6391099008
-29224 -6797650338
81565 -1268846670
98836 -4313151748
91440 -1182315360
13272 -5500683242
32789 -5637044198
99136 -9061282208
-64880 -6367002400
-97419 1089713642
-28915 -6707703610
83612 -2578466182
-35315 -114721310
-36411 -5219995918
-60376 -7377282578
93960 -8761993400
16357 -8717578802
-11827 -9202396542
8861 -6228444618
-87868 -1262738172
-31128 -7350795952
62488 -4575267032
52752 -3877329522
74845 -888216450
78728 -846941562
-37307 -3282383602
-68612 -9292704572
69205 -8840542810
-52891 -801141678
39740 -4441654220
39220 -5880514630
4637 -9251040162
13356 -2415344628
73661 -7035338358
-18480 -2683904240
24824 -9689493888
22173 -7135877962
18533 -7660695702
-81484 -6690024198
-51340 -1188180860
-21072 -8229054952
63988 -9268197372
77304 -3670714618
-66763 -7557673562
17133 -660340042
-48648 -625841162
-66195 -6924173190
-77380 -5833590
97437 -2175687602
-5840 -7061517010
30668 -3967223742
-50224 -2403834928
853 -6442665082
-19664 -831862888
5788 -8596186772
30804 -8556746278
-59700 -2917732100
69680 -1562096170
-10251 -756878438
-7923 -6350419722
-59824 -8282240458
14080 -276888490
71380 -9945848540
45300 -7021172830
-74888 -3861878042
87416 -5961979008
27173 -2880319402
29948 -9058381252
-88544 -1459692688
-80187 -4500540322
78852 -6192960612
-91060 -3282752860
-31019 -3706091798
-26464 -4533581928
93304 -9330719898
21512 -6146338432
-88812 203940058
99840 -412265000
-41488 -6397593082
-39268 -1665789452
70260 -2305831390
-50272 -3085271522
24104 -6317651178
-35587 -4399368282
3916 -7656467318
87952 -1758918432
-43976 -1545637698
41816 -1133123378
3880 -9936831560
-55731 -3073050798
-48396 -5136140678
28429 -1335012098
96020 -2225003030
-12076 -9018552718
-32243 -9473218342
95068 -4897397732
-99028 -1441741612
98584 -409373658
73821 -7622777178
26832 -933743112
-25211 -9477599678
-13132 -8519420612
-78028 -5412056452
-27412 -2295170582
-80216 -1238165938
81060 -547988910
-683 -2744992602
28312 -4955094912
77573 -9204870342
59248 -7883835992
-93708 -2007872742
71572 -2649266022
13920 -6168476720
-39664 -9082624738
68860 -5399017540
93232 -4410432082
-9468 -6317614062
30824 -3509857458
82544 -7701050658
97088 -5211557072
-36512 -1893785632
97197 -1242729722
49165 -4463968650
41700 -5456840860
34220 -304813030
4280 -4693573770
-33283 -502669362
-94436 -593960348
-98059 -1091876718
82832 -787461312
91340 -8340592060
-36240 -4709830610
-46236 -8603064838
2853 -4731018322
-8192 -5262412032
-81900 -2324102580
18032 -4730770642
-20644 -3539904428
12421 -5085519518
-53888 -5524984682
84328 -4252358472
-62428 -858091212
-61720 -891554040
75357 -5060708482
63088 -639482242
-50916 -6637516998
-20643 -3978033502
-95564 -1732976438
-84960 -1061821400
6668 -200332572
-94740 -345833500
-84635 -9544046670
9805 -75462270
82453 -5552897922
-71131 -5000850658
-55811 -8926893998
-62316 -3096272438
-12536 -9060006728
-85555 274355370
-46419 -8320913978
90165 -5744390850
-35484 -15246398
86832 -7764765442
33277 -4466226302
-7256 -3283901448
-34755 -2349256410
-38539 -5192346858
-74467 -6410720242
54005 -9040299650
-89955 -5766845630
66848 -894829632
-68283 380154698
-52491 -3856510158
-79419 -2354822758
-65123 -5070769802
81976 -9104686008
-51235 -9101821790
-60851 -9357812858
-43 -1510668522
67205 -5642266270
36788 -6553174892
-82339 -9052510678
31232 -4749247352
-17172 -3549837742
28852 -8800353702
88245 -7035111870
28076 -535469398
63360 -5207364040
64325 -1917434110
37920 -2972141210
-59056 -8303539738
-98976 -4586123288
67229 -2742973298
19597 -8662587382
87532 -8811385652
41552 -9244414402
97997 -2487656242
-7632 -6732948552
5212 -4530351332
33028 -129227612
25621 -4763933198
-66148 -790430822
-73595 -7696514670
-18044 -6696584558
41196 -7268928838
52704 -1059213408
-63696 -1534347898
15389 -8552999238
-8467 -8157987182
-39572 -9741678382
26192 -6329426642
87317 -5565909562
88037 -5213316002
-82512 -5837345952
80948 -3895509742
2589 -8600161938
-55899 -2864227378
-35160 -4806016360
-50144 -580477408
-7756 -4473801078
94744 -367370418
19280 -2945403440
-21948 -632326972
-98800 -2258405210
14173 -1950334482
64052 -2823865902
3520 -9538278370
-37968 -253230962
81493 -4242016322
81517 -4934162582
42508 -440094742
29004 -411645628
43852 -4668186942
-48968 -639764162
36240 -9668187840
-42688 -5908790672
-30872 -9525749152
65485 -659745150
47133 -1552438782
-2675 -3789245710
-70608 -4554643882
-40888 -2569340122
-75051 -109395498
-45560 -593430600
71304 -4661138898
28820 -1875987060
-11179 -9725201638
9636 -7416046398
-38216 -7275107058
5488 -5904689112
-28635 -6027373450
-86772 -395671372
72756 -9112990118
-39652 -686406572
52197 -2743369942
-33867 -7883909822
-95923 -3245775842
-96259 -9021474798
-80896 -3348682818
72724 -4386655198
-84699 -3191273638
-4408 -3099270322
-69816 -9454579648
-760 -5562562890
-99091 -3923059898
-28884 -4831045998
68893 -918716602
-89364 -9411431028
-723 -4390378542
-38228 -6895819412
89868 -5053368262
-38259 -3554232858
-17288 -3382588362
82341 -7620093038
99308 -7587145382
-36203 -8647011542
-5360 -3611932400
-80380 -3092059900
97484 -8574837108
-30460 -6069055820
86973 -4935203982
-36180 -9020044430
-984 -5465244248
76296 -6156446378
76829 -9191466098
51012 -5396216182
-58435 -2511033210
98972 -7308059102
34917 -965764442
-11467 -3952673122
-92236 686825122
18525 -8955757450
-38140 -8970356350
41261 -3616730958
7744 -2958309168
-1739 -3134718858
-45960 -158289570
-2740 -8605437780
4332 -7154443102
-61531 -6504185318
-13164 -2881147678
6261 -888628258
25740 -3832538150
-69579 413968762
-75996 -458074478
