47934 7297068015
90982 8801329271
21838 9076095251
8016 7376705340
-74096 8399508532
60064 3423117620
-12578 3834928915
-40110 6461155203
85308 5741821728
-47928 7593583992
27216 4008386664
38824 3616701104
42244 3058922812
-64194 4831061859
48088 9087387796
-743 2623010362
65853 9627330546
52129 5150911798
86722 9058647763
-74055 6839782698
32580 1329337800
-6020 4153152044
23722 5092085911
99412 7845146516
79357 2715011674
-63831 8547307830
-14112 2411468136
43885 7492703194
65200 2964877000
-30959 6404153114
-96203 5667990518
-89268 5199464772
-52526 8087560607
93310 1663287875
-52406 4234529059
-57846 8048242071
20040 6367623744
-29430 8109654927
20616 507362736
39568 1338699356
-41336 287113456
-27978 8800655583
-48656 4500063652
25417 5968697654
57000 1892908140
53688 2363324868
7317 5763438594
-96410 6277956535
18616 3010406920
96588 2407564188
-11811 8685272454
22698 350546787
-28247 5852044858
-8570 3306279835
-43590 2277104295
-90144 5991890340
-47303 3885176750
-27456 7855567596
35146 1658386591
97842 9490278363
-50124 8064203640
39646 3329958863
17032 8238322240
-35603 672610642
18850 5692399915
-45548 628360436
-48296 4622581084
78262 1901922211
46453 6632312758
38382 3121386267
44113 7837567510
-34518 8105336943
-17432 8165725412
61984 4865538976
91417 4078241522
-43023 825097542
81880 7629452452
-40743 7847387442
95304 1237159548
-14955 3527887686
57252 5583147024
90070 3327382763
-47034 5604655299
-62891 6088945862
54304 8903150464
-77720 6171186392
-66875 3731643170
-57803 2401490614
46246 1104294059
310 4936771187
-17948 3065039428
-66335 1926446386
-84599 747262918
98728 3221900732
77289 8767839426
-85608 6543843300
61837 4646021230
-33506 5900555071
39117 1914575046
80062 9236146463
-98855 5106445634
-54744 3971207676
73404 5232097656
-9008 3386208920
-46106 9523233959
-4754 3831508939
36721 9289652482
-18356 7718933192
-9699 505339914
33880 1961997884
80710 9814222747
-16190 5168963831
-93848 6928376984
14578 9014924731
-22128 7098216108
48138 321796599
75076 1496703808
74722 1529620919
37642 512855855
73822 1534413859
60477 5481475470
30385 7595452978
-43722 7028960259
-67032 939507156
-89016 8901556296
70548 8382598524
58318 9936191935
57240 4380012936
-78786 3837044151
-42618 4798120719
-14450 265548391
9564 4069658148
27930 3503151075
-93083 1856615714
68197 4816492010
27360 4814452920
-6180 5030943636
50473 5287295210
20946 3538341435
92497 5838545050
-32735 7691246102
-13214 8872472699
-18600 2532644280
-99659 9959607290
-33671 8780676814
49018 1829364263
-8550 2187689667
-44568 3641862648
78586 2624034379
2374 8849647615
35980 5884910392
33885 4713076014
43036 4474248932
95689 4584965326
-6950 6245279911
93828 8169697260
92013 3580360566
69744 9163081440
-88076 9167066504
40917 4235128542
93598 4350748531
81046 638625503
-45648 1619658876
-64631 4190604238
99918 5775539259
-36327 5377155222
20421 4249445490
-41760 2456675004
-35012 3583973380
33453 9925938582
-78516 8620456824
-22868 5351194676
67306 3115745855
-30854 9825683023
9337 8762357122
-87530 8090608355
72336 2762588340
-61943 7724083642
23334 7685728035
-26114 4672079843
46206 9883545303
-88484 3493678172
-84546 3725934711
14818 35446855
59008 2929359488
98496 1282318656
82402 8887697959
-3722 9087781667
87918 5491073859
15402 6188839683
53058 7363377447
-26504 6741094744
-93239 8321314510
-9251 5594645530
-36851 9851055694
-62300 7055898124
-6090 652795431
30561 7207449978
-19571 652273330
33069 9674195454
9837 1741589046
-98619 8618915382
-57024 3988285272
30205 9795451570
-21915 4857881994
-49958 3666447295
59170 4696776791
-63035 2653842290
4510 2147421623
42156 5737544424
94450 4968868955
90490 2093477659
-71468 6544333004
-17655 3355310046
32994 2491450227
79677 3739392882
43966 297124331
56314 3309607891
-14888 8252287192
77481 8465369910
52750 5654225003
41440 4935762940
42057 9606657666
-47138 7822387871
-61158 4622166627
15054 4783072215
97926 3021090471
-57104 7522757272
-7218 1893282315
-97863 7755560106
-60926 5553476611
-87279 6419842902
98152 8976435988
90490 9238284287
-83976 2992097028
-77207 5313914302
-2859 9405382146
38734 4970519803
25597 6217192042
-11162 608751103
74140 5778087788
45478 5578817299
-22422 9277192923
13165 3271787354
-70146 8479064535
50242 5469872695
-50334 7819618071
-5804 8259444380
-45302 9254845907
83352 9712081332
-16124 7475325100
-48366 8139428919
-15863 214716698
-59978 5852741239
16873 3834222074
34900 302142988
31489 7603550902
62170 6407970223
-96960 4398934128
3096 9938275884
51366 7162084539
-24140 806494384
-90498 1549992483
-60356 7660806932
-83303 785741774
-41112 1828799244
-77604 8183993664
-74798 8255065867
-61532 6029015348
39157 1047120734
78837 1123366158
81801 3310419786
-91958 2494107095
38610 8674216731
72717 1308105978
70858 6694591691
-29288 7870988144
77809 4211012938
29482 5530820327
48340 1922783320
60445 5137049338
-39755 6731974802
76984 7407911272
42316 876752956
21600 7402263960
-92238 2284697631
-80336 2787585880
-84452 5146526680
91908 1359359784
-36719 2466289982
-7511 4352736370
80145 6361482066
-23028 8382034296
21076 1462329692
96469 9771640442
-12572 568404596
34764 8274264468
11266 8343476903
-26292 4976878536
59502 9604531035
-95772 9550708980
-48230 3936769835
-96434 2603147843
-58779 9782620950
-73043 9300306074
77065 4651041674
22354 7613529103
92929 6654819730
-38166 5938323135
-18482 4530773911
10045 3916145810
-74694 4540258491
-8760 6913954404
-19754 6337803803
-22376 4154705720
-10490 9501845279
26452 535742116
25828 2073067384
93973 6957699406
-67508 7556947988
84313 8385458234
-85838 2048541407
56740 3119112052
-72978 6256460355
73533 9528437718
97705 8249271206
-81374 812291731
36156 9191980380
-68376 5079496188
-46154 4890592199
58078 1296120907
94048 2312561936
-21488 354891184
82357 4948018802
-97526 3826403255
-13608 688758744
-72866 6655667347
-59867 4471632226
-60264 5061893580
-58460 5575205236
9736 6978574124
-25520 2165643248
20536 5473944436
-19790 4859415523
-71168 1633902916
93060 5550324264
7350 3024675903
89785 9902852530
-40148 9924352952
-64508 9625696712
-7103 1327899446
-31376 657194548
-31908 4635620700
-96722 4138028911
-30983 7059316154
-20298 2436213747
-21854 6583610719
-5070 3285370983
-15699 1695908730
-49106 2813709827
45196 7768382296
90765 5054040990
72948 3670923900
74865 5286421470
-97994 8049425519
49666 3918792923
-38087 2092605266
2749 8215031714
-60983 9197771834
-21194 6399738191
71934 8882044227
82758 1398611979
86173 8099968130
46117 4889981738
2010 5766025107
-42714 1692823359
-37607 6478990790
23221 7700197138
18448 1429967096
-54147 9409176534
6702 9781193487
80382 7286862795
2908 5467788968
-8663 9891466258
-90018 6213445227
-41840 2416206232
29125 3349186670
83428 2396343520
-22055 4314750134
-66927 3246846606
-84644 8139410980
61909 7877022286
17229 3558726414
-32250 8640137583
65388 8528853936
63832 1575885868
-77010 7907337663
-58130 7011999511
58948 481177504
-48044 421137512
47713 1519783774
26356 9855644012
91776 7415491620
4269 8130357858
-19208 1385953652
-88163 3695891074
-23178 8547691515
74077 9541705630
34648 3218214964
23934 7132238283
44569 3010323430
-87098 5659160615
-73107 534581934
-93908 4002647156
-84234 1118538375
41697 1369276938
32332 955301768
94077 9643919922
63082 3823564703
6601 243548150
-27239 816763594
1248 7088936772
-31871 9447569434
65437 1423640090
23889 5692674738
32080 9057131032
-35855 1091960894
61597 3483274654
-29867 2707551394
90474 4027354731
-83583 4056971898
19162 3002482963
82305 1290366534
91357 9592138154
-16124 3901332544
906 8652998883
71658 9114529935
61984 5062118708
-1947 6920684286
19338 5932764711
-25646 7288018675
37866 2086534707
-10764 9698512824
-18822 8397273555
53101 2904681502
78064 2657211256
-84947 7533332342
-55839 6459420738
36766 869633479
48058 6313832711
-11003 9147119822
-69650 2081252611
-84230 2114894899
19078 9712992727
45882 2883784359
-95330 4379306455
-79151 7695115442
-85206 9409090443
-14051 4988309438
44857 2030266334
-15683 7650236294
-50060 3394116236
-28188 1839625764
42949 7380617086
28618 1978976303
31680 4051417788
26788 4436557088
1270 7008118079
79333 3039772294
51850 2726295847
-18398 3056690411
86025 3043100874
66328 8638023404
96393 9630331350
-55796 9657888208
96228 831110664
98496 833281140
-37406 6807483251
-22016 9762291688
-38948 3213254948
-79115 7267985122
38545 9292052234
23689 419971934
72541 9562721218
41988 562815672
88248 9989602308
-65312 2408037904
14602 8754351055
11353 820992554
-91683 8212665798
-49440 5257453500
98688 9300932304
-8415 7579077426
-53090 9544681423
-93128 3317893648
-13892 1884933328
-71682 1897534959
-78111 6382657890
-88694 8200919243
-64572 1684208640
59280 6107701824
43728 1004467452
-9012 9069017832
95581 2053354102
50116 8756479156
-70554 4079093091
70146 8361100203
19386 1735475103
6277 999024398
-15336 8632697616
-26928 3915035460
10030 2242957199
-90627 5271705354
-96242 4957345691
-22418 656397523
29424 8097908832
-69530 6825833107
28638 9708361983
45118 1237336207
-38759 6785627306
-39635 7787597798
-35975 5900431130
74946 9535683003
-55475 789808066
64264 8916817220
1533 8675214582
45058 1342554971
-44172 8833124436
31468 8195792108
24837 7850005482
-5810 877882147
-42186 7207071699
-29366 9428929547
-30179 8492091034
73449 3748033590
-75396 5488289484
26050 1575073103
1014 6239125551
-46286 5313426307
-56798 8169581431
61426 4604667707
24693 1603006242
86920 2131819780
-35235 432059766
83254 1114063811
-59340 7833397200
-43319 9821719394
52522 5023418723
-61994 3331383187
-27990 4156876059
53373 3647907702
-19331 4879541170
-28076 3208545728
60177 5957393586
-9039 4452647034
32908 3913318808
64332 7665544632
-99854 1008738415
55113 7525718154
18874 9754850935
22440 6467259936
-43260 6851744940
-27687 3975444186
-19527 9022684650
27724 8119392136
-7772 5692176616
-92475 6918753570
99748 3110680180
-50939 6615265154
23338 323159699
66961 9952853558
-8279 9455126126
-84347 7795767506
36541 6491679010
99286 6279097967
-57378 6089767779
30034 4342866595
-56316 6054704052
30940 4507691428
-91898 4733270647
41685 5810421558
-49086 8733535227
-24258 3827376135
15574 5771861563
22045 9610949734
-5316 5929851120
-50219 6991873598
10564 922955512
-37086 4581202899
98752 6237948860
-29271 6865774758
-67235 7933124266
-8283 9178917414
-64892 8005678960
-71271 7273625562
-43338 6056928363
9922 6360000947
-41330 2903033827
91062 4925304483
-69534 8007369459
32410 7309289639
90673 3352711294
30265 5584045162
63982 9328035947
-10260 9032711544
14833 7246477738
62386 9883016707
-88404 9076413600
79434 2129498283
20017 2805209546
-64755 5131688730
-69012 9023212620
-23078 4161141179
58425 2580117198
57568 6730320184
2994 3960674847
79932 4525864824
9304 81729020
-42896 5493254084
90316 5823581500
12649 7184866202
-44690 3719522203
78550 1048951783
12525 9052668570
-6228 5066578212
-61620 4467725172
-23436 621595452
-51314 8628515599
12720 4916894748
-64463 9465210374
-17868 419793588
-78390 1218970431
73494 7431128571
-25619 443813890
-92819 6065015422
-38072 9196437124
5872 25615240
37705 9350792882
27690 1614478095
-6540 400682244
-56354 6617040107
-11688 7554969624
88378 7045976767
-72446 1533341335
13660 8306844508
-63431 5383523894
-62660 4894244464
-37070 7720498103
79626 2525858055
90189 1021257042
-78176 6620074364
-72855 3322288482
8410 538113175
36334 9948089651
-80028 9313130868
-71543 2320669118
61006 642545423
66165 3591262650
-20306 1721381411
-6462 5428752015
-69351 700640742
-76343 8599637006
-86343 9792335082
-25394 1302338491
-42767 880746274
18984 1367073816
-96512 5696398852
-68510 1670891327
313 4933791658
56890 4533911867
-27138 1870580043
20098 4188840355
31296 495628728
91941 6270548478
21009 7962008550
74046 3170788503
-84156 2471782620
-6719 7315270982
90109 3391332302
-99956 7742708848
-12147 6718151010
85065 6779910858
-43127 3546341798
69037 2532837554
8673 1566292494
-97500 5701028388
10498 1777423967
-4944 6286159332
-14039 712705474
75474 4442189835
80313 4770397734
74317 9223992058
-80592 9126942672
-79010 5462355139
99757 2099610146
24597 6040030734
-1307 7402166306
-4088 7327129124
32445 8509504962
-10616 5167886000
69636 6293273112
59281 526070486
63376 7513557140
-23603 3630506786
-8168 7012156840
-62990 859769695
96418 9330919495
61416 5631383748
-4064 6403364384
54573 3840325182
-33000 7472117928
-7580 4183050520
-65243 2236188406
73873 3795757574
-33686 1091351291
72229 2860801510
-33671 2381001986
85600 8207637476
-63932 4680075064
69421 6973828486
-20096 4196418208
54000 390908316
74500 6168582488
68836 8711574404
55645 8343705898
-31656 6736687932
50796 4258530936
-68756 9810958724
-34251 5174320770
42009 6273960642
-10239 3383203482
45769 1569253342
-26838 6506835879
-3951 383485134
72130 5699857595
89820 5450224116
-91166 2431027655
-93380 794384044
-96903 5301995718
59908 1533653656
32481 1416962946
-50372 330565228
-71055 1209047694
24789 4120447722
-76922 3630158431
54064 1211355776
34240 2539329424
-64727 1427794862
-14342 4435414951
88660 8596665712
35728 2034102932
-94028 5589318352
-99960 4386199320
-68778 2499635643
-20787 8437269162
-97527 8896081542
51634 4626960707
35389 9874161070
-14663 3889154038
-80339 7286774786
-35675 6752154674
95502 3801287955
-39308 4048370284
-78090 7482017319
30312 6840412224
-98156 8832171404
71280 5487985620
41164 2037524408
-92183 8656723058
27961 9994143802
-41966 2205573851
-72071 7012059514
-46902 4196027427
30174 6313248351
34336 1690273324
-46202 2664762379
91338 7011522507
-67347 4111413342
-1094 2994614015
-89759 9201457498
54337 7958049566
-77447 5933893394
-92696 9618524728
11616 8127163920
84438 6133542915
-24960 7981164636
67872 3051765516
-12191 4756260398
-85130 6562332767
48064 1643633864
-32022 2798117547
82485 7251031074
55369 820135918
-99074 6599980927
27376 5999532904
-29118 522393507
5664 3281572452
-96447 9478746066
2724 1531701528
-94760 5134519220
-42252 242259756
13929 3177073578
23284 1170769276
-1439 7984411502
-43124 2872018588
72849 4597281834
46750 7890090439
5817 1422668622
42961 2269079810
-26906 9153660623
-92804 7967131036
-79031 8590316278
-1808 4503275272
40740 2882251032
2497 2467428290
-8255 2639467090
42510 1131324699
7770 8044483563
87844 9136242068
31402 3951862003
-35820 4988796324
-86126 3118753327
6361 2488097074
-71627 4795347238
-29384 4216033204
-30891 7844837346
33969 9017193066
47370 1064334567
-25503 7387386834
95910 8080693803
47680 8898997040
70873 5752705754
-73023 6082440366
-30498 8922032187
50661 903655674
96924 6196110000
-83072 6317292244
75214 5206330019
-94419 2659466970
91573 1622258018
22072 8938661008
85246 2165417075
-25316 911257576
-13995 9502073142
89326 5659913183
-44672 6933859828
62857 9779400398
-14607 7861763838
71869 5450899262
42898 5533057943
-19814 1508677375
-85920 2744953212
-4010 6836781779
-33626 1036312807
-36954 8713912803
-34962 5583321771
89308 3187918756
-68136 1548999804
2562 279607971
-48330 9862905207
33976 5700134696
62533 5789676002
-28271 572998270
93229 8265545318
-56319 6075203898
-18147 3346927782
-64200 9443670900
43884 1176135660
47080 7396561964
-27674 5027112043
-89706 4229988255
82528 6045683716
93733 4500487190
-60315 5627920422
74920 5221191284
19944 9892252284
-76155 3336417378
-53876 1448164180
15078 1330215159
94945 9002675590
52974 1347570267
22732 9546244976
-251 8202710234
36312 5103475692
-29051 2491373678
-98712 8161864836
-32667 9121130778
20526 9538559427
82753 6117772610
-94088 4650730552
7165 5407142522
32757 9182233974
-83042 6934783295
32457 168749106
-23900 8935821908
-47462 6442579003
7401 5066698794
-4688 9935251504
-45312 6777475836
49405 4332849070
-35919 556524102
58552 5388245624
-7643 9350602798
86965 6856891202
-17250 6100914819
-83915 4337126794
4750 8910509647
-10679 749246974
-41387 5579910130
-87038 5533346723
90790 9294030863
63453 8258374542
68173 1430316418
-75872 5923513664
-25256 4261704680
50566 9758179859
-37994 6796986803
47844 5973437232
20692 8871422524
94134 4846406835
53893 5212834882
39361 6939905702
-82742 5716682167
-80024 8777770900
9489 8355390690
-3663 4314304986
-79140 8639539848
-47648 4925064856
-24023 426697886
-9179 4802421790
-97436 6015961712
58098 4068822759
58170 7932672099
27309 9758537862
-67950 3057496191
78244 9868797260
25117 4153658582
-10196 5576122796
92017 1675518806
7581 3592465134
81349 8844837862
63925 9934349026
-69756 1090918764
-70262 9032954923
-28512 9435468876
-63843 2943829710
74530 3720292471
60058 1970158399
25642 8657386211
57540 4461005544
-56352 6061789644
45370 4913185903
-50276 3503020736
-27723 9024481842
-23559 7556776494
36453 6203975646
-71175 5484844638
68521 7976038354
-17442 3831093831
-21587 4138227466
-67283 2182836562
96756 2830164108
-59520 6681025812
-67391 7348767658
97350 4861178175
-14022 841442607
-87692 4323709312
30045 4479491514
-59423 9012206806
-33132 3109206564
75154 9787771031
-46595 780020050
73186 3793080631
3805 589412542
-37790 7388625731
-98363 9030970982
50962 3211007371
86241 2787962574
-8222 397906783
-89196 1602829092
29682 5394589407
-14291 2415183530
97414 1625483099
17128 9773603696
-98660 933241220
87229 1112944894
94086 7908638667
54873 9170383326
99880 4382329148
24154 6873497947
48298 7086603671
-97620 7756084512
-50468 1690787600
-8042 6757837343
-30051 840688434
66789 4023310818
-56412 687887340
44301 1375935654
-82412 7602601088
81136 4340111716
24481 1669040506
-2700 2762500992
46021 1089666490
54609 4417661874
92992 6116430056
13929 9142371954
64660 2367342868
-41459 4099663430
-51744 6688344900
90805 4226628554
65397 4221752502
59526 4856292543
-61082 4550791811
8458 4330699507
-67259 2947402190
23122 7518187519
42618 7742419095
52602 4099467963
-89214 7978875543
69856 1090303472
-8832 2765667840
8041 890136590
-59936 2755204528
-527 5341300334
51205 6007311346
44257 4447844494
61452 9750379920
-51308 6953150156
-2447 7053410026
40924 2245619288
-91322 2995852255
68157 709198698
-899 5299496206
-53784 4788999516
93301 9330926426
-56048 5798904388
-74996 6196448800
-2694 6191015403
86566 6488672755
47706 5196726615
-26766 3309686595
59149 3270777806
3673 1524202930
5268 3324319560
5040 116931528
14754 6718770279
-49964 4192676296
67084 7602770468
-70727 8237803594
64117 8593606078
34650 2296951083
65790 9834909807
-71252 5238558640
-9464 7885769900
-9788 2716819144
-79499 6004605770
-35511 5835676602
16789 5371183886
28944 5771761644
71104 7691870572
70126 7092807643
61824 4454064024
-21783 3913844850
70045 8988885686
22852 7157584504
-26922 7377847611
6474 9094661463
27541 5395689398
89292 8975875452
-25362 2069166603
25414 8910548047
78490 714346763
-81959 5593076986
48802 3071049827
-22307 3784994402
79516 6416273444
8209 2201166646
-67484 5297542384
41889 2599071978
-46650 8506700475
-64202 6327120875
38704 261314140
-76334 3413750659
25237 3663531190
74830 8583653867
-88872 5670990468
28750 3039387631
22792 3473864404
-17387 4279867306
-29723 591334594
7942 1494073411
54804 5313719904
38236 7974973724
-33399 5888219586
45058 5246851379
-64139 8307195430
-19374 3095365899
-21912 1709598672
-25359 8115389310
46497 2376506910
48070 5181854695
-2492 9770144740
57577 4084930742
-29078 3683745091
74248 5616036116
-7172 731915512
-62592 1826839200
42321 264523194
92290 7370826983
43456 5832509768
-40131 3867616530
-77903 5108227466
-8180 2556945968
93238 8736512219
-29546 4137432491
-78704 2301560228
51081 2145629154
-36566 765363979
-26330 5695209287
25662 6008681175
-52743 4788986394
-69527 6041027882
45057 7466581842
-51062 5651491759
-53898 6347152791
-61868 5062766104
42150 2466413139
-47406 990279915
14130 469640151
31269 9115531698
38548 2443618384
24646 1150560215
-74468 6355532168
-75386 928434487
26122 5997005483
-45227 1663712122
-91767 2813168130
-94520 4454275256
17122 570752987
-47111 6246136294
-28191 7849903506
-45680 5962288696
10546 7980981607
-22871 4061986298
57060 7540645560
88162 9724464539
6658 7796530115
50724 5087403996
14598 2007299643
-81483 5203771650
64333 8812348574
12892 2405880760
42424 8278973828
9366 5659091895
-75519 7634115762
-18627 3699256374
4168 9563578612
-60042 7460345667
2736 4848392184
-93896 4828055020
29653 7867235218
-12552 2749151088
25282 8560348331
-50496 1376547012
-46956 774977388
-40827 8675732790
10513 8158426598
-11202 8214283383
-74991 5738832258
-28847 9396202826
-42798 9500288991
15724 6596164076
82713 9280774098
74838 1470973419
-65451 5727401022
81021 3460371594
-80322 2860507515
-46860 3420077088
-26054 6471616667
31545 7634229402
4897 3753228826
-60672 7552859832
10354 246239059
-29322 2251175943
-69899 9015670058
-51800 4186439440
65989 8832918526
-40347 4724137674
87246 1113864447
-27915 314231154
3172 6038179972
-11514 1296058803
3906 2640246711
-73016 7283190340
-70188 5537886900
-74924 8548490504
-67436 421732184
55810 6299772463
45277 1841874274
5722 8153598847
-6107 1861343078
-56624 3691590380
-31262 8014050427
98008 3428721116
-52715 3295982758
-51423 8053552002
65832 5450845272
-16724 4264810624
1909 8723364202
-53690 7590060367
-80267 9138575114
-35255 9702830846
41130 7777686483
67528 852970316
92809 6314293262
-61718 799771715
-71420 7966273432
-41168 2015686972
76324 1304149432
44437 3681043006
50650 5736940499
-17171 737716942
16150 6355322575
95373 3612982902
19425 8993703690
19545 3414318750
-40704 4739614416
-15860 2016668780
70684 5184184864
79297 5753253826
44749 5097801922
78781 6035383462
29644 2909798480
82573 4192486382
-86526 4987353495
-42278 5183181959
87885 8110851918
97708 6977856824
598 3734717575
-390 2045878587
57496 8233303904
5298 4761554691
93129 6833080398
-81000 4795466640
46788 2048734764
1057 8382417862
-80267 997807210
13158 2448237783
29632 9857429972
-2678 8877506891
3361 2184090530
7357 5111304974
68428 7541402860
1936 8042800768
-68708 2335149424
-32367 3795397686
-35256 1482962364
35130 4211103867
-92418 5432584947
-46088 2902635496
-8838 6415583463
68110 1930222495
2629 2084595838
35281 1470637694
-74559 1833586734
-74567 9538365214
25713 2386910694
34410 268497027
67120 7608571532
-60066 7096339263
5338 1437404771
68682 9993244191
-5276 1798803848
-39110 3692863535
88878 7689201135
-75236 9380534836
94476 1760348964
-44699 9694255094
-50603 9920635258
82146 2896057563
-91475 7177144262
92572 2609236592
-84012 8996003652
89101 7661383306
-47216 380976076
94594 2621786543
40840 3832633208
-71942 2985023047
-95199 6536920338
33684 1821509196
-69167 9952510418
3418 1480649339
80692 8853506948
32196 7279493352
37737 6281894106
-42447 3336597858
-54974 2678242639
53413 6485203082
89794 1049328155
-79335 8276523894
42910 9573035287
-98127 7431253674
-84480 2732815764
-54596 4342798988
-40230 5531669907
-71903 9354040226
50274 5040601155
31213 2000165506
54414 4757388999
-30740 5725899988
46657 4314093190
-99858 5986898055
60094 3485427775
-98603 3173711522
37264 6479334232
-63059 9883973086
19401 3796563546
44458 7981227895
68401 1548248182
-13904 3780933316
-68444 5527885712
13141 3780004334
-30047 1505169386
-68438 6741284507
-40883 2588479918
93109 6335221174
-53220 262313196
-20550 7438441479
77161 4249406734
95961 1534903386
-95195 5702532598
-96210 1472214759
9466 3751880303
69664 4570971052
5724 3068507220
-39468 1313427624
-31367 4045235114
27132 2469799632
-96899 9315026458
33372 9831795792
90021 4753949874
-45608 6206483912
-48942 6986623419
94660 9302010392
44890 1944023975
-17960 5309053132
72562 6284934715
-5810 2622923747
82848 7253732400
97 4054327262
-35772 3653420604
15165 1842150702
-84948 3945136764
3597 6066111414
-56564 6263400692
8973 4327888998
-40980 4717974828
86704 7832198888
76602 4582651563
-85044 4442544336
92274 7434942255
76885 7083531670
20076 4902406320
64092 8123865384
26649 5520214098
-68490 3748111563
84432 4380499308
-56519 7676825014
67498 2864168491
86452 6145948628
-4776 8819098620
83137 4544707414
31762 1743338687
60561 6411207318
-27170 584704063
42972 6505579200
11854 9734630627
-10763 1339542230
7449 4442294070
84286 6133016815
-88107 7194013926
97110 2801384019
62914 9860072551
88390 2279791087
16534 8859156419
4333 5526711854
27936 9769237260
-5456 4610099936
-27135 6282720126
-84620 4875671800
-40602 4247806023
-88826 2008092011
-66050 5124881683
79194 9166693935
-5718 366593727
33609 3239217510
-8282 1733324255
-88092 4624062696
75808 6092296400
67444 1852471172
33510 2108136591
86806 9188381867
67249 5997174874
12256 3955149172
13678 4557101399
64608 2576632524
-81554 2347906883
58900 1205410604
7368 7775852244
-91371 1034022498
-80159 2965145090
-65870 4384419467
-94292 3193256084
44116 6635882812
82285 1020521434
-4370 2367700367
1852 5174055580
-13616 5598287228
-21188 8179342112
-6332 3468617188
-38750 7117387747
59974 5607656011
29526 9772846059
41265 1600435470
64965 367257786
32442 5590255419
25014 6188107299
-75872 8085589264
3486 8318986731
-76071 4752196350
57625 3625417738
68830 9499822831
36153 2311785966
40186 790181399
60166 3547608703
-93644 1946151676
-66923 3402041578
-93491 4001644978
-75279 8804861574
17362 1913938327
49962 6232046427
-25160 4595854804
71985 1186873530
-42896 1779581740
-3911 6575758330
-30735 9343016382
82504 2548760540
-58235 3918651154
29481 7141844754
32397 9645248658
-15842 3730686859
-58991 7527062894
-97340 5457764456
-97250 4638024259
-74904 3748169088
56802 5284549659
8473 2238749134
-55836 9778262904
13861 8179234738
-16880 9663773692
-66467 5091862450
50125 5037350714
-29946 9785709939
33576 5459262288
-89708 7726946200
-67055 8276733602
-17120 9551163424
-30660 9909492552
27649 6190093330
-96240 5084061732
42496 5199951116
73834 3512895067
61464 856118904
-728 3236809388
-40511 4980157822
-19095 1280908938
25170 7021889271
-55664 3372257444
-78315 6017281506
-71075 3304075634
-21398 1027574855
-15564 2457420420
-21219 8816689662
-44835 305974026
-42128 2640563624
-88988 4241539996
-83931 4172827770
-42090 6936881955
-13580 7280803744
7501 6292109650
-32226 1560787911
46356 4972568100
-29616 6108026844
-23907 8894448138
81952 3583101088
51210 5000293503
57712 1585312556
77058 1502066955
-27252 8626402404
31858 9243900775
51910 6300753275
18826 1697274875
-71979 4754424786
-81810 3438835959
-53054 7343072231
19464 9436698552
74181 8885571366
37032 3839474712
63598 7557782983
-52776 8673855348
-35288 8824237904
-57194 9163190531
67924 9735800648
13468 1916648252
36654 1389708075
24832 2012146156
85305 7397230818
-61119 3803955774
76624 8308514164
-7316 9891325612
56845 3749418790
84069 8258592510
-26180 2009996584
80521 5106983914
97189 3979764562
36726 2983200723
-48162 4089730827
-12908 36570860
2377 3628582606
-72275 1260744334
-92246 2535897083
20041 2663468662
-60710 7565210879
6838 4935883447
70533 6567379338
51825 5096771958
61174 7424624071
-92006 6765395671
-38358 4920622851
41113 1305508570
96805 4394379830
9654 2706045627
-28311 292665954
33438 7331431791
6088 3890422328
16108 8407704640
99888 6829604352
-99648 7671514584
18424 1233209036
-18488 2236831120
-23906 5059707131
61842 5656386147
-8906 3175892023
56761 6439698910
-38663 3545619118
31854 9675020043
74076 6852607008
71406 1339217907
68136 1393551516
-22352 7215255536
-13044 7135531512
-37716 3070082712
23944 7753038568
-61136 5865002804
-78824 2256503132
-96686 8238525499
47590 4684418615
9169 5077310870
86314 6978114643
-33554 1230491479
-94239 2597989890
-9159 3927998598
58978 9098270659
99978 8391783291
14200 5009667320
-60608 8769552976
96252 4942475484
43969 4810844606
84637 8843534570
-10047 5769971430
73045 9803849254
40077 7132043778
16092 7450154376
-41519 5983363174
79474 7814508343
-82878 1867324299
-35552 5867928244
-59519 2236640230
25153 4416076658
-71324 7005493748
-63483 7390846074
86898 4571126355
67308 6236510232
-89876 5062202876
-5451 899174298
39196 2019287296
80200 7890190720
10576 296590280
25446 5001430539
-8111 3220654654
-76178 3153744443
94861 1355369002
-67974 1438485015
-68360 6056602036
-29894 3268480171
-50672 3758039948
70134 3538960623
89712 7934934828
26338 7261570511
-56846 9067483171
80565 1348737150
57298 666780503
-30414 5272504299
58342 7310463871
82528 3223562044
58233 465690270
75688 7623359720
-97019 3290195242
-17139 3751893738
-17742 9948044979
11865 7594353822
-69164 3794026124
4474 8946777299
-12738 7037404227
-85112 872388644
9270 7097365611
-95738 3356474219
976 7208635604
-13022 8891040067
75217 4283553806
11289 3085620858
-20231 1250859542
-84224 9870562808
78114 2592899847
68085 9682191450
-76659 2579067054
-92894 9066678223
-21026 2957936035
-94154 1905999947
-32184 7914972948
65482 4562616475
17460 1563718320
-38987 6068053118
-22022 8467105615
-28811 9174525914
73510 1265244655
16153 7595117434
4006 6275531651
-66980 4393047448
19969 2064017078
-35910 3037683591
99613 4130050834
-76040 5918367832
27996 4351328700
-13694 9897673603
31810 1145901571
71436 6429390300
-59823 4479939522
-78056 6238533592
-37334 897390235
-95723 1754325286
34666 5764717147
80884 8448005000
-19032 1061573208
-4754 4891014103
62002 6215030935
66393 1760122398
-38616 8557752228
7348 7167479800
-74495 4589909198
-50123 541877086
-39230 633668335
18321 7318598802
58546 9510997979
70834 3100738535
-24294 8267558607
-81068 1858333904
-69051 5625130926
83874 5586955959
86758 2728017179
3061 9849435242
-28571 2408905582
-69938 2108120587
-92136 7882676700
64825 818563754
-99299 7263697130
-94343 6154104550
68293 4791776342
-60195 8265634842
91308 5207455392
96505 9017774678
59190 881674167
40021 7599308890
31825 7614755938
88354 4278285979
-38567 4594120802
-66938 3508741295
63414 6814954911
62725 994363730
8053 2932491550
-59142 4459885083
26824 2895511660
-75936 8222817720
40777 6922821410
47086 7400477195
79428 2932165500
-61560 4455729960
-98468 8099913200
-65435 8690083982
-65219 7805474330
-42395 1492272214
58978 9716022943
-42944 3253007132
24756 1792227600
-48951 9798468114
19308 860658672
-77223 1363518894
25389 5292059142
44985 1434358038
676 3188961988
-10166 9391119911
57505 8030659990
13728 8879446608
-49548 6450120420
-21696 5148587460
-35648 3595296220
-30764 253193060
11217 5322566526
-63714 3603524307
-33107 8075804674
-66507 6501247074
7380 2781586728
96946 9810911591
-40527 392413242
-83391 3878509086
-9435 9981740130
71541 5301914934
-91814 1165020755
91269 3356101494
5254 835123223
21006 4365404727
32764 6354747688
-70304 9913356580
-21863 2424357218
91738 5253378635
39061 5817876122
29196 9687973656
-41055 3758313942
57184 8303496668
-58232 8877600236
-65598 5540629911
52201 7035840482
-97820 6852577820
20200 3744978676
77098 3216692059
42012 8519293848
-19110 2634836619
44374 9048053011
11328 6457252680
59004 4579918596
-36851 7877428118
97029 8587078914
-79850 6401179487
-9686 3176369063
-34791 1978462782
-31070 6472127963
-95894 7107466831
442 2356013887
-98799 5832710814
-35619 3000778206
63262 4125027263
-94751 6234658030
89550 2956264683
24448 2970035392
-17060 4132341376
-35844 9028595472
17314 7422035035
-10838 6478219279
-96219 9597362274
-24051 6435928890
15358 8921477983
66988 2774792980
-3194 1672255927
-56514 3382374711
76566 2217450795
-82112 4426187576
76686 7909929543
-25251 1692650430
92776 1214422856
28462 186558719
60894 2467942095
-37367 4029728882
55584 2793318864
35434 7591918475
-66951 9488236518
8638 6902885027
-57174 7909373967
-85115 5444906878
55324 4712840884
19713 7342840830
-69414 7230626307
16513 6218192722
-54864 7593928284
-51647 6279665810
-83450 7964815799
89053 9637400954
-6395 2503903262
27064 297452588
-27608 9285030692
74280 1252953264
-30438 8538395319
-81863 8323597774
37492 4937491136
-84099 5689230210
34662 4391871471
42345 4675676010
2601 369451026
83706 4256911731
85500 1487036784
74701 9638441870
40510 5044400951
96526 9848197211
-79047 7278322806
57493 8489482106
-73727 7510175654
98809 8888713778
37510 310628387
-7715 585842114
36505 3595824182
57990 2976025611
-71934 7493030223
-70940 4726307740
-3779 9259068182
14005 3022064462
-69486 5065929303
55326 3971422563
3328 3993172204
45354 9001925223
-88314 1868264391
33678 4054936707
-29780 8452413412
-43938 9392468979
-56922 5949257127
38937 5212955346
83070 3248991543
-13874 5349792919
56344 1626304324
51076 8285270132
58128 711623352
12952 4283808652
-52088 1098031144
-53982 2761558635
59293 6058617346
83326 1337002523
7713 7672033830
49032 9666371796
53814 4588682823
-15387 9690319002
48229 1902543958
-33912 2582764920
30720 7539855444
-34164 7757785608
2401 4948895234
27792 4901269884
43018 4148232499
-94814 4145573003
-62796 4145099136
43468 558755252
-84608 1306201096
-85235 7468228870
90592 7475048128
-30372 7822499928
-46511 3140661922
-92016 3986715876
-3620 3309859840
56208 6891772032
30108 3557438304
-84494 9107413139
30985 376782014
45561 5762271714
-4088 2920912388
-39128 5438771288
29958 1184636403
17329 2073006826
-93164 1673147236
57322 6090637879
-94818 1646104551
44469 4162371606
31849 8081610194
-37931 8780765110
-69156 6842327952
-21026 3571064167
-21498 7155682215
12933 2999433414
14380 7210354348
-93768 1034130972
38905 2126399606
23049 8132049486
47997 5227243998
-13079 4606142330
61176 9177033036
-16718 7872964483
-95754 4583683827
-41720 9051204140
14829 3016899150
-55923 2792169486
97309 5539764562
-72402 3101404671
-77855 5905812938
-45362 6005249635
-67886 5732475055
74409 5593078266
38529 7306108266
-90392 1600860668
-94611 2176351422
-72299 5287842586
24277 6974418238
-52131 3102549366
66990 6398152191
87405 3932265834
-69638 1287497219
-38888 9632265208
-51942 2173029147
45309 5161200426
-71883 6213347406
11418 4274759667
-52611 2960269986
-36483 3050643546
97104 2808594588
-48455 1113455018
-7367 2006967334
70198 6217951031
-4458 3341608371
-82790 1261995899
97393 9356316998
-50175 9404747694
29016 4523510484
-69546 3983956059
78028 6459197780
-65351 3550221262
-80132 2899228652
-61382 8869463095
47001 3854936334
16618 8853942731
86056 1345056268
16492 1789172296
98026 5443336187
-51696 5047788468
-60191 7873603502
-65562 7663893351
-43283 6493241126
79017 1195872642
43141 6112711130
-7560 6511251144
53476 2144985608
-19935 2494573314
42904 1112117644
-77663 8697961946
9874 4622273867
-90572 6813178856
97029 3868996638
87454 6818349619
-94655 1781491574
-78458 5865677423
36340 4445684284
18042 3036303975
-82995 9435552186
60409 5481845182
60333 6910822926
-40763 1972697798
-48800 7740704744
11152 6361994764
-98208 1740918480
47094 9556301691
21396 4994579304
-9588 3740306664
-2846 1511473439
20098 4953942479
36277 2188383202
87438 8433231651
-75830 9590249879
51952 4463128984
90330 2159191611
63898 9763100371
29266 1303991099
-54527 6871494482
-75474 554543163
82750 3500148875
-91047 6673829178
84766 2100873875
67452 7063535628
76512 2311534500
-47195 7978342330
-63926 5371386211
52558 3178016543
88998 9246225111
-69983 1401573430
17892 7146578364
10078 6667364071
-73970 5025595919
45952 9485405704
77998 4408400087
-14792 7088569928
-32400 2342373480
-18371 6154097062
72984 1258434624
-47780 3155246096
95622 4933569951
-34395 2598660474
45064 2340551392
-51570 7519743399
2524 541241152
23737 2100821966
-27887 5766319546
19726 7228116343
37420 922703212
-15762 1769721843
34138 7592845255
-79268 2003446544
-19896 2826470280
20710 2356420991
-15927 6776069646
65088 4097986812
99178 6068883215
-72671 2654584906
20797 4703825890
22276 370509832
87786 7073882667
-37898 6373515319
-24464 9212634764
35277 5596586022
92086 7723849627
-17118 88198875
-60762 9301532283
99102 5775597459
-5726 4307632375
-14504 8647999736
-94274 6418796195
46345 6541956214
-3348 6635486748
47289 5844979062
5976 9705398340
62125 7211638154
-8684 5489662988
-22607 6590055314
-84215 5265344566
-25979 9693698938
61864 9895244032
75616 8379715600
43713 4857092238
25662 2807484111
-79434 9982104099
-49298 5589777659
-97812 3930567648
-65819 4479741958
-49502 7268790439
-58818 7355538339
90598 3981778163
-14243 2306549542
-10140 6964554000
-81512 3913120888
25653 2850030378
40480 8404692184
-11486 7504264727
28174 4404664399
-58130 8829731863
13389 703579230
-28320 4424289468
57237 7446538794
5508 8475158952
27034 2541752027
47073 6310774626
-34740 7923317784
-66351 6504701622
-87987 1010829558
47446 1224431515
-63974 3578330315
-983 8731083950
51493 8907966070
-94322 9242029163
16990 7915089347
54966 5074041387
1636 2562327812
58945 3641385238
-13080 6329282520
89517 7096920786
53656 3679905140
53530 3836169427
-61434 6321050703
11214 843151779
-29279 9828761530
77892 7221894168
12172 6340309168
45028 217633696
-34871 3522843646
-20246 5001240391
96498 4611941007
-38174 1479615899
69102 8516713359
-45264 4652867256
85662 1841868579
3262 9150410447
34434 8539609527
67990 6087141863
-80474 7578619199
-21342 9517492011
946 605617823
44809 7104940382
-37979 1994990366
-89942 8984685659
74373 4915117602
86332 5460865928
18073 7141686886
-56738 1097597359
37404 2724111984
-27774 2591369127
-95150 1781203987
37458 9303700059
65272 8992292396
-92292 2466655392
63028 8478833996
53704 8346885116
35673 9349146030
98145 1514199882
-22352 1260854188
-80091 7727837070
14445 5703442002
29620 1846671832
71685 3034472142
11049 9367694994
-77819 2071936994
31882 929506787
-31475 9674862038
-66158 9911451863
68736 7510248576
38149 6867451622
-87462 5062682883
29070 9749940723
75348 9391674648
54382 2316422347
-71522 9328934275
78300 1913057016
-85382 1257922175
-57308 1755007960
36640 9947115668
-3980 1879250312
-94248 7270435188
-33888 1739492088
74377 2308613594
-20900 872308000
-4352 5557845032
94482 6220972635
-54618 9309367215
-5235 8204635902
-66426 9278255427
-25898 9495094963
9220 860848972
89874 870691323
85756 4139260072
72669 2252143902
98818 5997390659
-95747 4581789038
-50615 6720812038
80134 8019661279
-58398 6342341931
-87140 2707046824
72382 9629597795
-14576 1623163144
8293 2040579590
-25710 634990563
48718 6302204611
46801 1822263770
-76007 3209804966
-96806 3130226203
25392 3110430060
46530 6304189035
53524 7697813504
91702 8656768447
-2190 2826206115
-36611 7032928082
-19638 8856438471
14962 6115510823
-29396 4862517196
73441 7925083498
-50747 3463036294
-75146 1567711715
82240 6270496868
22578 7089633759
86353 9048493198
-94539 9747089094
3244 5758483624
60442 4311507863
-73254 4885131063
-36752 8543653928
-31814 4156235363
81781 4388211166
-54608 7373912300
-62171 8835404126
-272 9437653772
-84960 4219405740
59242 3154510375
-70964 6960715844
-78315 3059096262
-74630 5897791235
-62204 5304282028
37696 9198109616
61081 2644218346
-79127 6068173082
46812 8033887632
-47480 4159913200
-81870 7896362175
63466 9429808655
58056 8808441900
6645 6969611034
38637 3953678058
96730 6959350955
76425 2184391014
-43655 2865384682
80016 9968330724
604 8775057872
-75947 7987981738
-23426 7821120763
37044 4687540068
95841 6508398618
81436 2057330632
-29298 7162458807
-58407 4956819402
86809 830958046
54256 913819040
30709 8793948110
73677 5633232954
-53582 2704058503
17314 6202392679
-40482 3525625047
17032 3375996232
-26807 8860737094
22273 3606305494
92721 9824823390
28908 9057408396
41077 7873496998
96109 7731484042
-86472 2935854636
65422 3757143835
-94199 9145129730
33792 3764734728
78828 7150707768
32824 1070947184
46128 5733300264
-15264 2135524260
-65123 6909371894
-84786 8913091395
-98795 5323594094
96465 1724686674
41113 8215475594
-40548 1776231264
-99710 7887842687
-92336 7754651680
-43719 2715475230
-93096 4308212748
53322 6443200911
46582 3233053207
-31374 2659755747
-98015 2408886310
-16160 2134165604
42214 5745886855
32640 5959854972
9906 37114179
96325 2700669658
86353 928557242
8065 5759518766
-4076 9683695864
70152 9555712404
-38630 1282266215
95713 1606212442
-34616 9757310548
-27264 9368986212
79998 2551933659
74244 4511254824
70681 6404887418
-96044 5188558252
84333 1348522770
-84140 6665921008
33280 3895718692
-67580 6343965068
5533 1689105538
-9986 9080561419
4834 2737818619
-42674 7885975643
-13203 4245176022
68085 444868770
-39350 7529068363
-23228 1425417404
-58263 9252126294
-94154 3495633683
75994 1872598279
11938 931743131
-9272 4117122008
53224 8608106416
81144 2279813928
-83996 9666180316
-60002 6921450659
-52524 9441228720
-82538 7626200819
-15734 4660653323
-66086 4886454079
15240 2989942380
-27647 5352877726
-7832 4588583860
-40559 6082547686
-9116 5112328384
2929 3728368358
-46619 6387771782
-24479 6539991782
80497 1807064854
99000 879575232
-80859 2758715598
95776 3023229964
14700 1705180368
-87119 7041024578
86745 1869890802
72804 2716180536
44893 4397045870
-93399 3726476586
-79659 5718573774
-40382 5192796479
13158 1820226711
-96428 1612475212
36064 3595036480
28741 9674602730
-15236 310005428
69877 3884897314
53002 2140604087
36789 1317223662
-48123 2319997890
-75266 1267124119
-996 7319130300
-83358 3715785879
-44583 9299873358
41637 5809361346
-15627 9146229798
64206 3653972103
97114 9306080323
-75206 1819089083
18238 7158753139
8506 3917763839
2044 2426899340
-14124 5511738660
-57152 7800125896
13498 1414476395
-82808 5358506900
93706 7821510203
87640 8609883848
98521 5721305854
-28763 8913255770
-82680 7887069816
77758 6391516411
71958 9333622947
-63576 2383422720
55485 4022860638
-37448 7937319416
-12263 6902256262
-96528 1601060916
-25730 9744239755
-17747 8081339614
-10412 9247095320
22513 2063299990
10650 1380120843
16798 8081484835
-69288 2717365116
27805 7017698678
-2352 4306380312
96432 2278037064
-90522 9389237943
-79427 9647503462
-29768 2646615200
-32850 9327827475
-25016 1928829380
-89727 4671831990
-48068 9825482696
-81947 9129617626
-32852 7923309848
-67212 6570648444
-83679 4413570126
57508 8222931676
-41856 4530028452
-69872 3964014728
-97440 9485270772
45016 7334654912
58896 2239316940
-40587 9842393742
-14427 6694228854
73645 8646344486
-25326 7319416059
43096 8886497048
72274 4612666075
-94683 7791682734
87846 700884075
33117 9514526430
83433 3930127914
-79490 4414020239
22225 2347349810
7878 5064677235
-49154 856885075
-53274 7847087655
-55407 5498891238
-3384 937865772
-34112 8947943000
-98855 8544336998
76248 7643275968
17028 5041532916
8869 6249164054
-36428 1466710172
55116 3075691944
31860 1318856496
-46736 4368103792
53541 3821690934
2862 7008635091
-1122 8901598023
-80711 567881998
92388 2857834116
12112 5866768952
50713 9933543902
1797 1546431162
45673 3849333986
48700 3039541000
73398 3887121255
-36942 1754311071
-18567 5653607586
-80588 2425891780
-46259 4496323838
-21992 6187992236
-996 7808355552
-86435 1869070390
-7052 7638413920
53380 8394651988
-659 6485364670
87333 1052068290
-75242 2896461323
-75863 2592970778
-99783 8606433150
11965 7785876634
-86520 6425388996
93769 9562109714
-79262 9277865359
-65660 3554407816
37572 4813059468
32742 99925863
23268 6068998836
76944 3882889740
-52646 1283525455
-70487 3272555522
-11786 3137014219
15984 8503979664
42918 8084492031
-1308 9307911996
-96671 9716161726
54702 5600116863
38188 7838018944
-31302 5995146939
22077 5212575558
-22346 3013265531
36144 7058671464
-66558 7610258307
54720 6434552652
-11294 3987566735
594 1011903195
76702 8446748755
12390 6115578891
-29940 4623473328
-21416 4132060592
7921 1382903042
55845 1153547370
-3491 9884967926
19965 1528079118
44341 9315593426
56124 6592091712
-48254 4080394907
-95543 5113021606
-82692 2710329444
90700 5243136328
-86714 770014339
-56628 5089238004
46401 1526014890
14244 4388194044
-49824 9242515692
-926 9579135175
-98919 1403343666
21493 6562762394
15004 9768143620
-47135 8580612946
81018 1560246663
-88959 3745643178
-25358 9347054111
8584 2198205688
67228 6938467472
-15228 8283998664
-83919 617645274
32605 2873959930
96576 8589573312
80068 1989686780
9936 1157843052
85426 6433662127
17937 2631839430
-20975 5870345498
-77772 7324491348
-85322 8178784411
-40463 3547832414
63781 7376009410
-21048 7245513636
-60740 4726142120
26136 2307946416
85984 7743975376
-62031 9876620322
-36278 4863359471
97180 1505680060
-89268 8910090948
-56336 8435654800
-39395 8273516642
-85424 9303405964
-58847 6100313386
7668 685607520
24 8751734700
58117 1014067502
18697 7918374982
-75791 5364708070
-16538 8468421619
9156 8050044492
66544 2865252980
-5732 3313272832
-59426 2133225299
75133 1735104182
-58094 3417943331
-31758 1166971851
-8486 7976479375
-32444 1896400708
-69047 991520974
-60671 8065461566
-87939 7743865338
-65351 6562124774
-28422 6363202191
-32004 5292900672
-36891 5989479618
-27014 2449135967
13233 5555897022
36088 7702885556
32521 6268943506
-28722 2422731843
35466 6216132867
-1223 1395979318
-37796 5754385420
2976 5510340312
-37824 9250724640
-83354 6779332355
35358 9920918067
-39870 2141571507
-97242 7020930111
-20672 1620294080
41772 2425687380
-49395 4418122110
-58998 8545903611
53353 6414124426
92820 9240368424
-94490 5703711031
-80919 7234369890
-96030 3534982023
30544 8369766904
-18344 5915107936
21690 2716471863
43266 8506359159
54045 9250043430
-81804 5953823520
39625 6748727150
-91268 2364468752
17242 837620783
-12866 7672026427
-26328 9699258576
82561 8980933046
-77223 7554653982
-70088 8464988284
97564 9376359232
-45179 2904737810
65533 609656974
-15135 862368702
-52124 4501836152
-7550 3125890819
-61296 2946857748
27057 1664561826
4621 852911762
-12582 4768797999
-25251 2432297610
-55922 4598269523
63904 1093525096
-98823 5511403914
-15170 9875574707
-75528 3052557948
78066 6547980327
-16808 8794962104
-95682 1053079203
20661 2121731370
-6468 1106188368
-10038 2023325415
51189 387357618
-42972 8542168344
61480 3483476912
6081 5004915378
51853 3890672098
-40355 1224380278
-57647 4840028966
67689 4326243486
-14090 5572117175
77260 8070587584
26064 4149454572
-6083 2814931478
22530 8973331755
-53354 6337685267
-59112 343102440
53178 3147644295
-27030 4492564911
38394 5790707055
-98283 1264671726
-99996 7817634996
-72939 8600999946
-77930 5527594015
-88539 712160238
-15596 8565364472
62773 1702231874
-29618 975786527
60234 8466617703
-56564 3218464100
8461 6712170946
-6716 1872715420
-92459 9023277134
61962 3572117763
-25490 5769154619
66685 8657151974
-90588 5903577516
78348 3373588140
59293 8328104078
-57339 3579155814
-11180 1554787820
-54287 3206994050
86416 6639593912
22908 7400638404
-38996 6296667440
-27782 225493247
20589 1217436066
75061 5005604174
95662 3695372831
-70542 8028607479
52948 7078490876
9316 2686877632
22530 1817943183
-25350 5180994939
4804 9251093812
-83672 8289815176
-50604 4628749572
76288 1345856300
-38586 997076607
-85412 7765506676
-82511 1220644798
72754 4728082411
-10835 3920063378
-45068 2343921196
42922 2102398175
70714 6309373483
-61475 4521534182
-11883 1409772930
-72600 785411844
11461 7396908938
-71387 9807493586
55077 9218372118
50365 8966591822
31873 9076500418
67213 5626839998
16453 9231796198
-84323 4136930734
40812 1378937220
37306 2198188195
-16338 3322993419
-5871 8421498018
-29231 9812942182
-57668 2227803452
-28479 9297995946
4492 4795408544
77997 6795575586
95854 3064917991
-42839 424693258
-9464 4841267264
81964 1036634936
54805 4276141514
-74108 7462977628
-74558 2726270459
66985 3939703118
-44288 2828703308
13870 5605417499
86785 5340971270
39093 1444716678
86761 9892837274
-45728 9797849024
10012 5942422672
4545 7312249170
-64439 6907711582
-3212 7137230272
-67283 8549519650
84265 1005051646
9780 4424185584
-83118 9607662363
-39267 7600552110
88689 8017200174
-2084 4444019852
2932 4590145304
-62576 7605258440
-31728 1343427168
-92288 9145044704
84688 1319512204
93037 4295874650
-17759 8751842230
61858 6889961359
-11516 6385890424
85464 5376095388
49465 3220018138
9198 2305244643
-52490 6616384291
28186 9504346879
90213 7501799454
19434 9408447567
4201 181716070
-75851 5529648934
-74474 1728266279
-85254 9127129419
-72219 8894827602
3388 8637772000
95869 5158179434
62734 996731671
76870 5992689139
-28623 296065302
42886 637301183
47682 1505738823
-5823 5437107174
-37691 192431954
-35234 3836637731
-56894 4683850639
-58076 2793771896
51402 4207257111
-41606 2341899367
-86718 2788088919
-99560 3196545160
92473 7764797834
64690 5049212075
-3186 9275945475
80572 704457140
-96494 4397790047
53710 6398532163
-39584 5562078788
-92006 4344090271
68184 7227252972
-51230 4847285063
75184 3581888212
69804 1430187540
77994 6829608231
-48224 3743294312
-65804 6696402604
-36294 3640793115
-14540 1731826960
-73880 3614532188
20349 192544422
-88874 7405713439
-1667 329276758
20584 6836961508
61482 7804295031
63937 9064074142
65218 7735772771
90084 5171236332
-34272 5396670792
-38760 4094405952
73761 4088298738
90193 9374253214
-41790 1256514003
-37850 6639320651
52686 3447480399
-34523 7243819358
-87495 3030106542
-43839 4077880902
1042 2111169235
-37728 3876360096
64314 3077219079
-64343 7600025846
-43298 7237072607
42970 3052184323
-38070 7532212155
4950 4839741951
-47171 6706114834
-15264 5213511576
87510 5588451471
-65579 2794596830
-41264 3992288504
-75914 7720963711
4630 1619186003
54180 2837657364
60601 5306905106
-82506 4287899031
-15383 4823966386
19716 6983078664
76624 4312736200
26796 9143332044
89002 1360820891
-40902 6745953459
10650 4423167819
-74160 3161016072
-48986 7605087451
64909 8031727922
27985 8797828534
8212 863944612
12132 7151021832
27346 3748651927
18813 2931513894
-70832 1472335328
-71108 1547841688
36432 5640956016
-16607 5556874598
-58098 8261362215
-94748 3853794776
82393 2251051514
31488 5739770628
-89828 6474242104
89104 7223000468
52860 2405093148
-39108 1237428552
-86480 2166476708
35505 1428953406
8098 1953239543
-15947 5955881270
-24314 6796066471
-41108 2840722952
12198 7263341679
-38442 7996005135
36166 5601927095
21912 3915673920
65260 6325619128
42088 157309612
36336 1784905164
69085 7053645782
51477 8905650894
-92654 8813518691
84900 3458203968
46125 1601250486
-70556 4992187000
19465 7531650890
48160 5613028624
85365 6319619610
11929 343326830
23008 6295381108
-35531 4136795710
-64446 8573421147
85564 6268894556
-85716 7406548296
-52139 5862539278
-65876 7437691516
70222 4356921479
-29327 8657560418
9265 2256359038
86493 3479518986
-66516 1834295940
-61947 8084964714
40861 4063823746
96082 3964658791
18937 6988081474
-85686 4060219599
93781 7047120646
-78711 9057254214
59725 2952802150
-63987 3925426626
87024 6947595660
31041 2951278434
80364 4109028456
86701 9082694686
-46262 3183796907
-12762 2655149871
-68535 4822468590
75594 6955309035
-66422 1523995879
-74243 1917796850
95946 7893330339
-45690 1783918335
20842 7064109571
-12642 2258747607
49113 9935716602
48718 8201551111
49144 4218385976
81985 6611833318
-76959 506374050
-98324 9458044976
62716 5336048768
-15026 7964602603
-84876 2865166488
39778 4225337279
80274 2982786783
-48732 8377970988
93477 8991158526
83566 5377372439
-90872 992865304
-20342 6590455883
30745 8296011262
-16583 2063995262
46336 8885593840
15934 9204154195
33097 7635783410
-20843 628489874
-23594 3914498879
-33276 528941532
3330 501758763
63409 7537057558
78526 9252991451
15352 3966433544
89104 4125889760
93208 7753990784
45841 7673971522
-29036 3567860896
12394 827968691
-68952 6230314380
-30075 6881364750
6010 4247059655
-14754 8836432947
-84468 9205704456
-45174 8982103251
-48479 5650972378
30004 4197048596
21376 2574690608
65877 7103685870
-93828 934377108
-66102 5395684827
-6792 6694366860
-93740 2113720924
-29532 4742947200
-51416 5568445564
7105 3092715490
-9276 7953057840
-95580 9080848200
-1212 8770867212
57058 9521645915
-23231 5708683622
-23184 8551514736
9505 7744349306
45012 4428478740
-39927 9182558994
43474 3437589487
-770 9149522323
94693 7457003554
54802 8341063031
-7988 8092763284
-72420 2060478876
13797 8430318390
-94755 6501057678
10804 3089279744
-39771 1117519338
-11811 5573109990
76326 5144542455
85 1274423090
37102 4250470219
49326 1589981799
99196 3234139100
3120 1911241128
-29928 5570298000
44661 7092148662
86485 5221717322
-28382 6255685195
69829 8096014966
-57600 1048130280
17154 2342064855
-43070 7865181503
-1352 9826062032
-93395 5942131930
-82826 2784182771
-26646 4733109603
-80990 8217596363
47049 2051839830
-42767 2261606702
-50571 9102254178
-70818 6688988391
-3732 956017632
68208 7928883324
-6204 868574652
-41288 1388442940
-79656 6175073232
-41108 5394842432
-82103 3745718198
-45566 7785620039
-91380 8945724708
-63855 8735395674
-71546 1379878963
80262 9801259923
87405 7353632958
-45876 3975621936
-90227 2510376634
-88286 1393654607
62206 1012898107
-74892 3786328992
420 7776600612
90628 7956235736
55377 7930349538
96409 7213332182
-53339 6379410622
-62060 2239209304
38785 4849970342
-69020 8779444004
46434 863889135
-74363 9471057106
-74156 1595888080
-86907 5290724010
48741 8326839882
-54231 333246966
-57416 2651165816
-92646 6183283791
-52650 5403635799
-61160 1070263268
-52658 6403960843
48565 3796939094
-63231 854335902
76422 7625961975
46090 3524411743
-79112 8454419864
79177 2026245770
56886 4486757859
-16206 8040441159
55153 6665743094
15106 8053612459
74608 6126417704
-6798 9776065695
-90419 8767317454
80230 6699519859
26032 6213964940
44356 840660056
-30900 213816468
18609 7995334878
57354 3189313311
64 4942231756
9277 4577798542
32676 9662642460
-27504 7358025216
-53271 6036614742
42166 5721165943
-70598 3829821131
73153 3451344770
73705 2070866878
80877 8489148678
14332 907307816
31017 4045373058
67744 5299973564
25078 8544781535
-58596 9753616668
-36956 2440848820
93084 2363284776
-76862 5398719151
-25287 5867685642
93958 2232448663
8064 2358181044
39513 9121521366
2010 1018174407
-71235 9063295878
35113 5189598014
-67688 3092763292
-80112 7366874136
21885 2652029778
79042 6713598119
56502 9720263295
80845 8237123338
-84647 8966613502
-38694 512757879
-18779 9024948250
-65472 8941313496
-51734 1082014163
75456 1754689344
34738 3642841811
33057 6102624894
37216 4665604528
-5540 4571032360
41764 3220651952
68536 4272595228
-54948 7541964456
-66107 4267279846
76981 4798501762
-3575 2605960318
808 37489828
21001 2964272822
-36758 7417624747
-54467 3549292862
51469 4655724418
18268 2420181136
-85668 881366448
57220 1322061472
-91331 7162656370
13012 5629539820
-18155 3004698458
5181 9768725982
40552 4641137092
86706 6980124255
13065 6581714658
-74588 9886740272
-60002 3389845663
-35963 9998688238
-68876 9138126220
-25256 7285830596
80218 7554544975
49194 6004481031
-91670 2954988835
-70698 4005355083
90240 6837857052
10389 3657537918
-38888 2575190972
92961 6993821766
-99690 1073440587
-2175 9074409822
14949 4148225178
-40680 2094718380
-97982 5956844023
-62264 7889672656
-33902 6886994375
-65340 8358572604
39118 9122498027
3045 1449969738
-19806 7162385919
-58583 792390298
92670 8016973323
22129 7194175510
39090 6788843991
84982 3906999287
-8802 7274358879
-45827 3671300786
-70055 849722542
-76631 1973938318
21022 7056254935
-34287 3619092030
72957 3852294858
27162 7951845471
24724 503314552
-96824 1620389936
75958 3903629339
-954 3087843939
48973 3740557370
81429 3870125490
-23976 9585798612
-94890 3405383775
36501 4032691566
-98930 7787845723
-42776 5064228772
-4466 3165501359
-60666 8254435275
-56888 7405312744
19204 124120856
9985 9925608842
-30548 9329634020
2818 3384345115
85266 5231669127
-72819 8598881250
25765 7210325398
-81155 4840569130
-48170 7653115495
-72738 8726334123
-86795 2762994238
-75558 8226088707
-15462 1348010415
-7352 1920409364
1062 7514259687
14325 2206632114
-73187 1915575382
47697 8757872154
65160 8569733892
82252 1914495604
99456 5053967220
-18530 8013212335
-73398 8937713415
-20463 6100933194
-88058 5532336535
18033 9749984082
32530 4998841411
-51018 5887483899
-94683 4191733734
-47307 2172772866
13033 5602304750
91264 3211555040
8680 4209819488
35577 8917969290
91048 7881337148
-6663 8488899606
-93738 7003764027
-61139 9928158202
20422 9459864383
77218 5122222447
98533 3877328746
21244 5669213180
19669 9964312402
97992 7685672232
85342 3974945767
-79778 4161024415
-40895 850899934
-87071 8038366078
2578 4318628107
-22124 6284553040
-19616 2692241060
52861 2020896814
-72755 8125065694
870 1502042931
62584 8401507784
-20147 5962360306
-78747 8589773946
80578 8251273699
-76860 8844403176
-33347 5335448150
62406 2470936119
-24950 6500213479
-33083 3170660050
-879 4759102362
-94571 954153802
-5979 8094089442
-15776 8146687700
-29760 1296783492
22810 209856091
-51170 6689205743
34074 7833956403
-74939 9987227962
-55799 1628263118
11721 5950623006
-28343 9947956250
82816 8821799920
-73514 9559295615
-92270 7505054587
23868 5457063312
-81498 3213768411
-1568 3897687044
-68898 4488718311
21682 3157112419
-53528 9423388588
27402 8036807931
-47315 259430282
47373 1956458058
18853 3941633330
-83012 9135368368
21921 7506907890
-98436 5551833768
49089 6852443346
57130 9442289603
55330 3888750131
52618 7027408807
-46679 4159095070
-55568 7836779164
21522 2802228987
-42692 2700696028
-57743 4276436662
-38048 4306051304
15376 6240544648
-97332 5064425952
-75852 4659993048
96136 8688160412
-63360 3629346732
-45146 6441498343
-79262 2731735535
-80867 4364027714
-14555 8043513598
48321 6595347738
-10068 4444365540
-3219 6349784706
-6786 5928465255
-89271 4254259782
44310 8450947095
-87828 7750989504
49810 6116746747
33624 4998966588
7726 6929910959
-24495 8809423794
87562 8867468755
-39714 9617070135
-67178 8853563807
-64703 8760580174
21780 4352255232
-91668 5198500296
-55200 3359404368
38524 2083061644
-64247 9460575166
-45644 9070148600
-18707 7334947390
-68094 7048209747
81109 1896335218
92958 1331227347
17682 6447159651
-41142 454625367
-11016 6155069148
-54948 2050625508
-44802 5396385663
60598 8251488455
34408 8018016788
44664 8922345852
54561 1166897850
76482 6733093275
-38936 6233834060
-29010 5414416443
-44355 603301602
-73398 7746183783
780 6237461892
83784 8539783800
66262 3194840579
-93083 4653997654
15381 6945652950
14725 820712494
-60914 9507220139
-30504 145972164
-28626 310547571
-89502 7779818523
25425 5860131402
88417 7206363770
-43824 7488121800
37090 7713073711
-69260 3387181468
-22586 276111095
52005 7836625734
-86624 4516434016
-74960 9760548592
28372 1399861376
-64695 6843860406
56109 4226769666
38248 4026021968
19785 4674832242
67252 3151204376
-15290 5949316627
-1794 3152679135
-65762 8662636339
67840 3679538996
-11879 1737186742
-85340 6296650732
-6686 5972006203
70773 8555827926
-96548 6745965980
96966 5632461087
-90323 3365487118
86416 9925235632
-48474 4453190991
5365 5233050326
57372 2651394192
-81116 2000434064
-98216 4194220516
40504 8279513512
-71282 5966125067
-87662 6070293463
32548 115773368
21402 8074270431
-51048 2640680208
-13419 6198151986
-45839 9939180610
47140 8023828648
27349 2872744190
72916 2136739780
-27974 124647119
19402 7037999795
-99470 3799153451
37308 9068920464
34944 7393707960
-35112 199063008
25972 9342461368
-50292 5508061464
92970 7139476071
-31286 3561864767
98158 6710661223
-99396 5448888204
45250 9813482351
18202 6100465919
74113 8343014210
-10466 989802479
-45543 6391681818
-76040 1209042092
-4460 5577590128
31432 7429367984
-58983 314086242
33693 3989460102
-40266 6611525163
76288 8105922724
3433 6765091654
-84294 2964554835
-73499 9883776158
64750 6882226415
-37943 6966378610
37153 654734782
67446 2044534215
-23822 533841451
-69642 9802389003
-79098 9634894551
18220 7056310580
38770 4740279623
-31571 6361896062
-75596 8888623100
-66582 4303499475
64452 1137646404
44392 2616931076
84060 3506794512
54561 731767446
14926 3373455995
-41847 6698818446
-53906 7751795891
-55638 2965808823
-91266 4561993167
12589 2468634758
-43550 5912094187
-38483 4503197026
-67494 6680561271
4674 7463380047
-27696 5746298604
-63911 9346297706
-91956 4902823728
6036 8809319256
99148 1132648820
55336 1067304328
-76343 1426150178
-88530 7245199467
85012 6106122296
10842 2619181335
30702 4841134683
47905 6597313262
-43239 4671059538
96822 3366361251
-51866 8172951539
-28563 2195458962
41773 7145690594
-93198 8199921711
-39731 7566039386
47997 1650514542
34821 7268735922
71758 871465163
31938 557959443
97021 1256173814
-48326 4058614915
-40671 5389740582
-22560 718607832
-40070 4505543927
63864 6318710844
79086 7765635015
94972 9527081764
-93875 8947943914
84690 2557582911
-57572 6473300468
23680 7808888536
14865 4071806214
-31559 6270039274
-64986 4097169327
-3327 4570776114
-16508 2252990920
-64094 7168582807
69117 4316930718
62613 4979735010
74814 9310282647
-91868 9889756916
98092 5651978560
-77214 2544913719
-72675 6743831934
90909 4046867286
86221 960859886
49464 8686494444
-40700 6468137524
-64223 9269237702
-94116 8132333160
-66314 5951555083
-31466 7163919343
-28802 6163224607
66898 9868661663
-56220 1375514280
-93812 2448038128
69712 6259613008
-24291 1454220342
-42567 8098649706
64816 3836702956
-59859 1308501870
44577 3594880902
-14750 8574644747
-999 5681658426
-7379 4773788354
-82638 2740941603
53697 7164298746
-75150 7317081531
-38823 6413135358
-71151 2376974622
-56955 4586054082
-75864 4806677220
-58052 2352185012
-3651 7490369838
-4211 7973110046
-28539 8808878442
-84014 1492659271
-9875 2025864278
-73352 7886534032
23322 5054747175
-36219 9692660250
-76398 7714029435
94846 9190267559
61437 1215995478
41338 9188348411
-22058 2839273979
1030 977383259
8866 1423090315
96025 2335399114
-99299 1772954938
-46983 2281803174
-26663 395274542
-77016 9842492592
5170 2943347759
-95030 5226966239
-34776 997015176
-2504 836901328
84432 6422335308
-60018 7384534347
-68679 5042694510
-90608 5401985012
-70038 5446863879
84301 1937845286
-42654 3265706019
24957 8214706494
-68063 7573928054
-8619 2233159218
85842 7708162707
45357 2114135490
20581 5891483558
14398 8324795735
76984 1072609400
-40770 824635995
48877 5444087294
2710 5403481763
-73307 6240256294
57508 5972394860
77046 1148208075
-56367 2157207714
-87170 7212854983
-22979 1225882514
32409 6499872894
-71436 5417260512
-2423 5393865266
-82014 669558567
-11811 5689812954
-46302 8891757219
-66026 9647854615
-54950 9321504659
60820 4321764352
-29552 3027294320
95449 6958731382
-70460 9415053700
-87764 7957875824
10288 4173405388
15582 7119332127
-78218 971813791
-52475 2147212906
-37238 7841030899
74374 1752567995
-21491 1782889318
32269 8075300182
-15803 7832289322
-65607 694975086
27498 3758448615
-99275 2254576802
18304 8614223720
-11562 7452613563
-38042 4611928051
-62814 8567301855
23866 7556035295
-19452 9599469816
-57236 4234459252
1408 7509995644
61861 4801015438
36268 1001280772
11866 8894149879
54984 7415213388
39709 5608309330
-27731 8767218350
-84206 7219954487
90682 5826625175
75697 7087702934
17502 6865208031
22180 9641812372
-7118 1425748223
-24714 5533192131
47233 8611860610
-90879 1368568626
70176 3230669316
58389 2293046166
-35930 3624931831
21402 8073974031
-28056 9358264836
-78536 2074779980
78960 6989693724
36016 9026580016
-31538 6515495731
87594 3775366899
-20736 8691386880
-59963 3245897462
78024 3835941096
-15344 3297034976
30070 5809015463
98764 4699199312
-67119 6247362522
-15756 3202918140
-56187 9441462486
58672 7152892988
32028 2325261576
-3572 7924548112
106 6508366231
27648 3880283304
7576 8340347548
77748 2090346048
-5043 9202403610
96370 4551193811
-57290 9661281547
92154 2445590775
624 6396103308
-92255 3406716482
-39851 2599670374
68980 9644718604
-75534 2693326239
-90066 4720729323
-25850 431858287
-69279 1568486910
-41411 194733722
-36752 4774940176
-13611 7813839042
-24494 8831747131
43957 9264117922
-95378 7042691159
20721 1422927294
-14063 3815491658
45469 7884646358
85204 3661586128
-38966 6847629395
21145 7784056258
-13635 6039182550
27714 491749671
-93188 7875309896
-81867 3302804166
-47519 9558829954
62802 4548789699
11538 427139823
-12996 8750505072
98328 1677323364
-34740 8627789016
98968 9420954316
40776 5078139204
40488 7035654852
65041 5815113362
-99264 6742085520
-37866 1455457611
-58071 967892514
-7958 5932746847
10486 8472232271
-75959 6353807954
-78347 1475533954
72409 8526667202
-24062 5168636071
80509 8230985386
36009 9105343482
-49344 3428571840
-56724 1477309332
-71864 5558229340
-30704 8115134696
-11520 1869285024
43714 4854622987
-47747 6126780862
-28067 8545596190
-24827 2920916086
-44367 5003487282
38736 628969236
67069 5828635054
36828 4585094484
55290 4997403207
-57758 7636453099
-18984 9781301040
59118 9369890643
9865 2908398278
45825 4092494094
-6366 6986342283
65326 9648386167
-50594 5659012295
-89775 4814623806
3384 9426927720
-12635 6907152386
57504 1815286380
-95615 7799362774
25884 9528601812
53917 3435299626
-11759 375624098
29673 7265318934
54040 3610187692
-31034 7257008371
8764 9393784868
-10995 392742906
-94623 9899437722
4869 6719987562
80862 8552320743
-91440 2313306156
-2640 1961470596
25197 3787215582
-54179 6039331166
-25464 8665470312
-30258 1970274027
63582 3007990167
-28482 6442764339
-91536 1774032144
-43874 8552456047
87813 9727146846
-20192 1164990932
-62936 9861468284
41961 4491189462
55300 3713000936
-20559 7805921262
31834 139519663
-99111 3973739022
22288 5850721808
-43911 5675960418
-82352 6574311436
34686 9449736627
76209 3407962446
-77276 5133785824
37401 6910129014
69997 8191889086
20754 3054792699
-83531 8628715898
-54635 8846644534
55981 1582365382
-65991 1826158218
48637 822738974
89248 1065651776
-63438 2906425203
85318 4405766795
81985 601684682
48061 7509840670
-71 7952220478
99538 8151108931
58420 2760342656
-64782 9256284963
-13323 6705318438
-42602 7607659271
-51794 4389872083
-72612 2752563036
21289 7887799330
97114 4119831671
-11819 8303706670
-97098 1055318283
-61494 5431210827
-1802 1814109011
20308 642235552
-69966 8505475659
-15404 7413019964
84246 9919669959
-1295 8384842694
32670 3426126219
-87120 2791212144
-22704 164198220
-59166 3945866439
-52815 1302605898
-1574 7730581591
-61056 8844265440
60714 4298349903
71038 8210473859
77032 4839502588
70228 2070489580
-63252 8128992588
8184 6835434408
-64779 8938310010
-36203 6064730302
92317 3998404898
18352 9533008060
56101 5397369538
-4992 981206316
-1548 575452188
10009 5757655862
65092 6229272436
-89586 4001539923
-91728 8132687544
252 4171342668
57528 4229311524
-31343 6003130054
32250 114831495
75934 6910877567
-72782 830202683
-41603 9939504886
-20414 5323019435
-66740 8234879416
-6530 4170423535
-99399 9150914670
-85400 1222455580
8041 6782916226
86326 5247812695
62748 967573584
16270 3597557987
-61175 1812647234
4489 7349459966
-80036 8749213724
59260 6674180012
-28724 773606336
-54474 4732523835
66889 9709248202
38341 788361598
23722 5104863659
-70203 411984546
-97802 1468055651
69157 6276132770
41908 9418411376
60018 5010957075
14080 7900150172
32020 7349925196
-45831 8625642534
-38603 5553031322
57901 9007492298
-91179 6862868010
-50559 2303794098
55978 5976438367
-64532 1340573888
-92220 6761651124
-10194 6463323675
8217 4790521386
-94523 1170340118
-6890 2427224755
-94122 2525044923
51322 5823030299
-64383 2547162306
29773 1847932054
-30708 2966110596
41578 2831905567
-33782 3765452543
-15902 9114907235
80820 590677704
85320 1109474340
-42752 4916551216
-69840 2619970356
83544 4899634140
54978 6677751327
-53412 3443103264
-4374 6924087447
-2807 3376277006
-50708 9078739492
-68222 2681112035
-831 5955940494
688 3496544224
-61484 1700838736
-48576 7220887056
97212 3859829148
-61250 1399238999
2988 1119258744
-72542 3313004975
-1463 3158884750
58180 2558641660
32074 1990472635
-13871 3143809622
-74979 8545165698
66369 7671222930
-25562 7463800459
3682 9952232879
-7694 4125803419
6169 8068566122
86854 9592457111
-30612 1962562104
-70640 2600434064
-42215 6759516202
-67388 5219840228
-48282 4545059115
-8570 9641681579
-8679 6694746030
-36027 6980546490
33633 1969617198
-6384 382693848
-57354 9568213239
-18608 9277802864
47077 4496891062
8380 3628094392
13449 6896032206
-22631 8194248286
77589 6048428598
-3755 8008141798
-32691 329767338
-28923 8934124758
99196 4025733184
-1772 7648026284
-82211 3155649722
-76836 9878179560
11776 8727494084
-95507 9284224898
62722 1573686307
42910 8454965183
89248 5604498008
17833 7238134030
-96947 3967594606
38902 8875856519
-40935 567717654
-32748 4948525056
76146 9773987067
-88335 6328928094
-77618 6260676391
82752 2890621620
-96762 2790048879
-49508 6998130668
-95744 1870443364
41560 9766541420
-91367 9741463066
-25463 6711097166
-25592 5575147780
28804 2111847880
64944 7168035324
-12059 4394948186
26380 669066044
14146 2721092471
64870 8255388395
99430 6412472711
9562 3885503611
29965 4946367742
5740 2320838680
-91274 2359185335
21628 7430219516
75637 7669586678
-96528 1142396040
32889 3787108830
20980 742416076
60148 6975182552
76533 5795804154
-50435 915365558
58728 9785602368
26340 3191344752
90054 6783021459
74460 6471885516
51901 3530364146
5668 1034981464
39100 3914702420
-71376 2871261708
-13092 3997217856
77544 4954631076
17356 3921795940
33174 3204101631
4801 4610297606
-45812 7019641016
75672 3502061136
30798 2332085295
-28383 2625631674
48778 3919021523
-6686 220222247
-92015 7107316310
92566 9082188523
1452 4639678140
43546 7932992147
49576 7101475636
88569 8743630086
45850 3697334239
-73982 6855517007
53980 9869226212
-61232 7105160704
-20376 9739438428
65392 519333772
76521 9492942630
58198 7553393215
-87675 9326890662
-6063 4567850430
-55820 6400795468
6685 9677959382
9504 3857083260
-99339 4520044962
-97106 8659054067
-38171 7799610134
-66275 3324981974
-15443 450595450
8557 893003638
4468 3350270696
95190 824080035
-51926 1899083615
-81683 8448691510
35977 972977930
63085 2749758106
-78726 3760775715
98874 8959072479
-78282 4933253367
65068 6382979560
73177 2672090594
-27459 4139734482
-62354 2648308207
-10628 3786263764
-77264 8564480012
-87102 6510622959
-75387 1472499186
-56435 3253187794
-65787 2131559646
-62079 620524794
-94484 5897500276
35125 4070498966
-23096 330816140
-60731 9866652122
36402 3416825919
-13818 673015251
-99662 4094221703
94638 7993357035
-4872 2347868988
864 4743809664
-99284 7709466488
-51966 2628089943
65886 8810848095
-24356 9728495540
31180 9082389896
97504 4305460960
97012 2551513924
-80723 4993372378
-82586 2161918703
89794 8497111379
-96303 8393310282
80065 9859525630
1960 7243130384
-16931 5285722702
-72068 4177719692
-29918 6203482451
-29312 5527744756
-38432 8349141008
58593 8697412602
11625 4262422230
84877 5087046322
23325 8651169282
-7356 3382008144
-78114 2889605403
-59252 5099493488
-19823 8212232618
81361 1496824502
-97844 4181986024
-8900 1069920884
89928 9888785004
27069 6337647942
32790 1727209383
-58527 6961214562
-94176 2506534368
-131 5874957022
12718 9071228999
-43503 5021743818
93001 9218548714
25150 1077265447
76561 9408189566
40590 2508806235
-33890 7219211423
39072 8046231060
63858 9953848167
-81116 5097761888
35265 8880999426
88498 7803195139
83044 1898798108
-60396 1193619480
-41262 2471158923
49389 7590298362
-7568 9014007488
-40239 2007422106
-51456 6912272760
-38552 2749046548
90054 9930627591
41221 3510024622
81937 8692643566
64249 3599574634
-66246 958599915
46846 5289215551
-56592 8944506432
-70095 5033316462
50326 9485414119
29173 5012087254
-55587 2367906018
-29382 1712479347
7689 1353535902
89544 8954739108
-27218 1556828959
59902 6782726215
30676 8080575484
12904 2099392292
-26120 7255964380
88318 1707776375
2664 4993179996
-94979 8143687298
-48164 646794628
-21759 3754225938
51118 2425807727
63456 707439276
84036 1056813204
62293 1247023606
-42878 9350699087
46570 2406858511
-96267 6422061750
-27594 868604991
-21482 657557255
94393 8212082950
99148 5515766312
41026 4196443235
-51626 3239790047
-26142 391019343
89094 8066374863
42217 1137822662
-35604 4533346800
-9530 2644925483
-90383 5274693482
-61887 4073958162
64492 8585957992
-44066 776349931
32553 5643919350
-94920 8968849764
-67296 8053230276
-94466 3007968383
-83562 6818521455
70978 5003833039
60009 6750250698
93216 7426445928
39093 9030465282
-7218 6253892319
17200 4357611032
-63882 2539253775
-16871 860906906
91884 1247714988
17986 159807955
-43286 8455477891
39022 8744813599
-23451 9708752502
-83567 3646731790
9016 1085065672
-91796 3589420400
-79815 9442790154
-33164 8677859320
-86108 5337445408
39978 578043363
-52154 2459436319
11010 8627670759
75948 7617389328
86569 2625639950
38160 173485764
-43968 4792739460
48489 4812725022
35410 1127755943
-44715 5222359170
-25151 541565446
-63002 2702303047
63037 5024612446
15682 4180401035
-94919 4742693414
-73196 8111509952
-48366 6541797651
84736 6277968172
22893 3800455626
-34560 5558055324
-63644 5641987372
67833 9001002522
-75096 7327352796
20772 6369146832
44850 9000671139
-41727 5315770794
53286 910719351
72420 7742182536
80613 4431812322
-69038 4294898795
-24404 823239116
-64416 4043637048
32232 1054174740
18457 3397516994
-93027 3579631470
6273 9663413706
-10331 3634108786
2505 2959684758
71760 6164143548
-96314 7013170615
41584 8762375852
6097 4671753674
-72855 505957590
3310 6142625999
-34614 7556315595
30796 5952310300
43501 5493972794
-10862 1156519631
-9572 1632452992
-35228 308050688
-19304 9426862136
1116 9832623912
-1059 2798436678
-81002 631687463
45037 926280950
-45764 8520710468
18264 9351696348
40630 9959833219
-3722 9773639663
-29258 7932538199
-56888 1963975664
-8042 1042231291
26980 4696739884
51598 5054463455
-77832 1207855356
94998 1498603887
-41846 3034687963
-92604 7315326216
-87000 3503194416
-2127 5164359150
-86799 899015922
95073 8049738450
73741 4408355326
49977 3298664838
-50456 3639291436
44698 7621233835
85342 6550691683
16741 7637621518
-13892 4743197512
13438 6468914251
-30011 4042283954
74664 494675616
-30164 671456516
-38582 5528298211
-48636 4552264200
-9518 2795941691
-29576 5884675676
56017 2672286130
90430 1657439239
35880 9764265072
82321 4074764266
73654 9585771335
-54590 7068588439
-20930 7216023443
-41498 5401578659
-24162 1598165427
55189 5548322422
-27830 6391324763
-49634 5335243499
-12428 6376789436
27153 2977707990
18112 6520978724
36532 3194359324
-32691 2563959894
58338 6597882819
27465 5050621290
23266 5086884935
72970 3049558123
-11030 1656448495
46461 2714657490
7038 8349485259
-64652 2160748436
-42084 8117781720
13300 3621788360
-3303 3517662510
9862 7148628767
-82248 2215135980
66490 4650535799
-90440 9688245940
66114 2681293371
72310 6176338379
5466 8036419443
67693 8075491622
55666 3576730951
77446 8349541723
525 1182717822
-11670 7375223571
17602 9571554035
-14511 2730852006
55620 2886208956
30960 6008674896
-70728 5661334068
-91046 7404826763
-88004 8258492092
66121 8509177558
-60315 8754374214
73497 8318937486
-30767 3298921162
56085 4954061538
-94287 8343089838
62056 6882146920
-227 7554075014
-37202 3395329811
-87450 9090555495
2698 8660644703
47388 5409807456
66940 6821698184
9040 5478151532
52054 3063534455
2008 7904382688
-92940 1269430080
95073 2549341386
24493 5471881826
40210 8209449643
-8534 6848998955
94321 3085713914
6676 7716507544
-41427 7005786738
-82916 9336115892
50080 1842632492
-19527 6371267634
74433 4074875226
-77726 5311673507
-44214 4938836619
-30792 5905757148
-88566 6587277831
86164 8215161808
-29694 9622797675
-53960 6083118340
75484 8934594536
-27482 2374747915
51934 3901294795
-31280 357940168
-851 427776730
12724 1126964612
-19458 8874352851
87790 4169664763
-4655 3989200274
32782 7734532463
-70247 9126730306
-25823 4876803622
4401 1125936498
-47364 2589427272
35349 7104880710
12658 4601878187
78568 6691920272
-28811 2866708334
-27279 3463939986
-85136 5767552624
-96986 4028037007
-53831 3709871866
-13694 6859284259
-11408 3005779804
18385 2908932958
-80952 5172933456
-16548 2578251732
-72174 3798285579
91476 8833532712
79240 8488553408
-63494 8228907979
69564 9884205228
97774 4716409099
77793 2148559110
95232 1101152076
-86870 8874468055
14181 5496649530
-8027 1932955378
-53411 4784739106
80316 6550181472
-65954 2741327299
-96963 9836237814
87544 5041403452
97693 4512198230
-72182 2018851399
75666 3158695467
-986 9329633179
76794 8925259203
58432 3827706488
91753 9156267838
69922 7914635407
-49608 1806693444
-51518 9921955495
47860 5552827456
43486 1459574887
-56372 9666445804
-67008 7639756812
59022 7180430199
82933 4646244946
94945 3505792270
45793 4383129358
-74096 574957204
-13938 3550930779
-20732 8987793740
91129 4678182430
-4814 2732056687
18201 6404722914
28242 510697335
63757 2041474354
-97590 4768997559
87082 4246457339
75442 8959444171
-57575 9394847390
-44726 1618088903
-93564 1102818624
9838 1438253947
95194 8233412767
20050 5810772275
70341 2856694866
11004 992569608
-62255 8443219250
-48887 1275656366
40926 3048038223
-61760 6221072620
-27374 4373250947
-65804 3932231156
13554 6270007767
31092 1715281152
-10418 5146550131
-70248 7177931748
-91482 3437974539
-16028 110410036
-2264 1746727612
-53627 5588410954
-32472 9556530276
-34466 5274245455
61090 6005654059
-88920 9045173268
-14412 7448279328
75706 6376198679
80202 6293997039
-59750 5254975247
-4887 5845372854
-53147 6698897446
21310 4263094295
-59898 2023744419
-27023 8644424398
79264 8816786048
-6150 7279913151
32340 9919980396
92584 1464471568
-43440 2955670692
-48404 8512595488
289 3023239606
-99492 5620288452
-73076 7394410004
-22775 8462618314
-71003 600082150
64876 8530073060
57441 9414059034
19578 3511952511
2806 694982119
-2012 6789493240
-56312 330926492
-99155 3378439270
-1691 8966230774
-28562 4603512671
-83718 2324173731
12336 4212425172
-75023 7199883914
-1688 4401617584
-66740 3671364976
57858 2868839019
-85598 3936620243
-8147 632645702
-54104 9768709636
-18374 6323137951
77034 9294040239
-40458 850543779
-40746 8967577851
46597 9563927674
-82295 8654279470
-12474 1311915147
82858 713063227
46116 7268852628
26401 6893038498
19104 1546117896
-44634 6028811343
99916 9797959484
38541 7830449778
45792 8712775368
-24863 279485450
57157 9386439646
21409 8193523738
27717 1802061594
38238 6635103015
-25406 775120327
93793 2868586510
-30116 1734152428
-54 3353327571
-88824 6757535952
23898 3533290275
-71862 8991552051
59818 4640585047
28846 2179534903
-49974 9642541863
48565 6965953274
-7511 9794814370
58333 4916332462
-7310 2279915819
91834 8332900775
79774 4785062599
-84584 3921205312
14734 7572553715
-8972 64234432
-47063 7682009986
4152 8033861352
-55680 8580354588
-48723 5425635690
14893 7025278738
-90939 8653642002
13390 3980168995
92734 9237180703
-68759 875395450
-11870 6629962159
-72468 8650236192
-36776 2206364876
-61091 4536327866
-77118 5657427339
70594 7498677707
62065 2604545582
-49094 9979122791
-9242 8742762019
98916 5829603156
5208 7838102532
-99839 7413602870
-14970 6697998855
32793 6301636902
15909 6417297258
-14771 5486143250
-48710 5731130339
50758 7815457723
-11672 412807232
-58883 8736783550
88174 4286165207
85438 8093002799
34774 8581781407
62620 4575049364
-90602 1703477927
-49634 6674369807
-51708 4834351056
62616 1444167132
6538 6681750467
15996 8317309812
92413 2482677934
43908 5965378560
87541 1164410714
1294 170121611
-27611 5481004966
81565 8116482982
11545 4485267598
-16916 521553004
23845 2635493398
-85214 2098055287
84121 4928578186
6432 3043160472
59970 4619094771
24340 2717747176
20761 715805426
-1008 2139137772
-47612 2191604084
97086 1251207399
23662 8754480371
-69251 2488948150
50101 522993950
-42248 931905388
69741 4637786814
-14187 7775189394
46096 8882939764
-248 958502716
-32070 9998538123
-52448 3897379232
-36918 7250056647
-60815 4432143302
67080 7187501256
99852 977237640
29829 398999382
-39572 1321695988
-2291 5537424542
64045 2342712998
29061 7967640978
-70520 5388917668
-77160 9617262432
26169 5732435430
-67100 4960776284
95524 9578618896
42568 3812656544
39826 9540558343
-56382 2391864015
-51930 5836633779
63882 3934706967
98566 5694739319
-45944 9774606040
-75815 7506524662
46813 5069284054
21960 69893628
-85052 6303231476
-74982 7112520915
78513 1663465758
-91955 3921624046
-36690 3213150951
50830 5934948563
-15438 1905344859
9553 5596227670
54958 9730812311
-56318 1760493695
-24983 2236549678
-16988 431537192
-64647 5156070618
19294 5045885135
15198 6656377527
87706 2968206379
-66443 8313713446
-85367 1867757950
-51320 2418626936
78546 9917932887
60658 5540472335
-63242 7105567987
-47670 2000080563
-92630 730641395
-13868 9772152328
-91898 3362045707
87612 6385015872
2416 570416632
38766 7724122419
27268 2526201508
-26075 2439815138
-63135 473725998
83776 694425572
-79278 1071589191
63537 8229510018
14706 5691971031
86574 8912678715
42780 5506512336
75570 8172388671
-56646 7097576415
-71480 2554081532
-61022 4429398491
-43470 7958337447
79093 4231557086
73618 9060435103
-47174 968080739
-39311 4518545722
-98636 1608261872
-38135 8180530330
-57411 1385372430
-99075 1277861850
-87218 9619940827
-84326 6363043451
10717 7823319830
8716 8565979216
-36191 1883987734
-431 1529858990
81897 9055299678
-93504 5961249924
-46647 3210609738
83113 648990098
-98952 7719794160
8098 9972477035
-29730 106227147
-44019 7804310598
33876 2327342280
74749 9038903918
63186 2964488967
-61458 3669045687
-61388 6383620564
-53972 7806520600
-84143 6169361402
65964 3621955752
-65790 729909723
-35555 1356275618
70348 1886177632
-79235 4675921318
63190 780123155
-94179 7293175746
90448 3952658560
-19118 6779952919
-77943 9404976810
45469 379018042
44241 9792516966
60574 6677859967
61885 8580991906
-25086 6459610275
-82376 9125339860
-40862 4060006247
58617 4760418270
-92130 9334470435
84009 4215698118
-57443 8193561478
-10187 4333677662
63049 3429655126
50640 2647440012
94452 7745599956
41358 6794095959
71592 3757173660
10785 4838412570
42129 1251180198
98716 1445414956
-97218 9903642363
-6251 1331145070
80929 9110903438
-95558 4454537947
22117 5634335302
-84851 8844563750
69376 6485647004
-41018 6503129923
-88530 5933745879
-31331 468259226
34897 4469032382
83524 8973960728
61282 2328465727
-62078 8304460099
-11015 9027529498
58501 1728653038
81066 2362138035
-48311 4822211750
-35016 5890030332
44377 7830785542
-19955 457466854
-35408 7062686776
10090 4905281687
72754 4094754707
86344 5021176492
50628 8759856012
-85676 5189825608
70678 4422419191
462 9854186667
-43794 8592665535
-4536 632046960
4153 2180067722
-92658 7243995339
53230 3858155879
-75866 6121485035
-52280 5138531012
-44735 9840896590
5826 6144419883
-83030 2733184903
82053 3477191238
91078 2108876995
53182 7538062975
-23324 4179710924
22057 4112660342
-61524 6976711284
83212 4168692472
-1338 7309632579
-40860 4302525636
-90950 6737275939
-58959 2772810942
-32042 6796754983
45642 2843125071
-49227 9496514190
-86795 1162476046
22345 2735455790
39226 2628942451
-77763 6241152294
-66519 2577942222
49150 9670090183
88309 2114261062
-25980 1537969248
59644 851861140
-89343 1079404074
-10124 8602832320
39664 3744138232
23337 5141796594
-63218 7653193643
82186 5695026691
51328 8440672840
72472 1292702180
-33036 5444007444
83017 2154807430
-46043 6366673522
-39036 4712578284
53884 2362251692
92206 4369206683
46216 4156237252
-6267 4174881666
-49095 971975898
-23291 2696464154
63382 8015039087
48000 9234574956
39168 1345482504
-54359 709191430
-52368 6883582812
65898 2793165147
-24599 6610348786
-73794 8458013571
82125 955843122
-56798 8968389451
-38274 4465069887
-9915 6871544370
44826 6892826643
-34248 719322840
-59078 3690438767
-91508 6743908588
13468 130764640
59170 809206727
-66720 3661891812
52728 4831224396
-47348 3808463464
-20060 1838598100
-10134 7923943779
-82811 4699654606
63106 6757441519
70905 746793978
11964 6892284060
-9423 7825696242
6328 1710324596
-96596 8434224464
76732 9296852428
90909 8074294986
24886 6236949971
48372 5033316444
3165 3929614158
41640 732472764
-35810 4175702759
80781 876174258
-67104 7776053364
75718 492102455
-70874 4331963599
-81791 5566132654
91162 4183641671
-61331 6438488470
-52514 3529807111
-13202 8056066879
59733 5638974102
-32534 6964603835
98512 4553505856
22408 6512395868
65217 5784529038
-22142 5173509919
-62622 6257578623
-63999 9569528190
-15455 9269601742
-55478 5376006623
-97014 7778791887
5056 740306000
-88838 5835604903
-12404 6702846212
-34134 3642338955
22861 8920558918
-1359 7366138230
-94548 7915606176
21454 1989093539
-57683 5522441014
23625 4103253006
14898 8323278231
-49563 1282931994
-56462 9965537735
27453 5375312574
-42140 4024016684
-23316 8705394816
-76902 3446206407
-41882 1476344759
-22428 8110777992
-63954 1442506131
44413 583624714
-75038 2923751239
-7835 9840136282
12748 1983515848
-17823 8020251234
57802 8463386335
-73314 3709898547
-50039 7537224350
-70391 4973581846
99276 8413938336
43354 3899638099
-9392 1782975184
-770 9699821963
-11150 1392566335
-47292 986790648
18529 6098320306
5097 5619556974
13053 2648596002
-49791 6720491802
75213 691226022
78193 3298639582
14889 5367784986
92134 3888370595
-5042 4366267183
83478 9631664595
-28071 8826954246
-3812 2881549420
-79307 9951660970
-6720 4108623144
49338 468735627
-5319 5608742178
-73314 3045209991
-86151 2763940326
-44724 6135977340
10866 7204861323
42984 9017182368
-59418 1787944527
-2328 4907178864
9496 5109647020
-50432 3355618696
-38372 1461927488
-16020 9711691008
57394 6341084915
28377 953488794
59937 859390818
-2424 2698285476
29232 7719933288
-92027 6459788782
-63275 3966997454
81609 5563935522
54192 3307914924
91689 4262792106
42942 2471873043
-44280 5547263040
47202 8512895955
59416 9129444356
62392 9092144120
49573 533861546
-75651 6287939154
73474 7989253427
-93944 3422194624
-10466 126259183
-480 9583494744
-39512 671296528
39204 2210487564
59710 7347336047
44788 6310605316
3961 6110122142
-51395 5444738626
-54738 423029211
44581 1488620978
64069 8957996102
66670 9202276079
-41711 4997083850
2166 4482084675
24646 6349594975
60120 1825072464
-5168 5977849216
-70220 8568990256
-12146 8641601491
-4122 9710092599
-72782 841799639
-42855 4238413686
45406 7386895415
77469 4730105850
-79847 3781282258
-55916 9794211280
38080 5639366684
-30768 6076966200
-89850 5651355111
-30704 4381907552
12576 2816884236
95848 9108984116
-80534 6000182059
21453 7224834438
-57758 9840031411
79122 3329835579
-54839 8669810450
-56027 7954584034
-48179 2700798250
-67991 4216819570
32578 853716451
-70830 6951899331
71221 6565030190
2916 9640074348
-61416 4022237544
3922 5198178559
-15186 9305687379
-97326 7163225583
-23166 9284274591
37825 5164833242
-11247 900998610
89892 2486721384
28258 7295522107
-6674 5034940079
21193 8264452358
36736 553482076
33213 9515644242
78604 7506265996
-79719 7190099154
44692 2210188988
-10667 5398294546
77706 9069714759
86988 5165714460
56604 418700028
-66338 8895607547
29886 1935175455
-8840 7712952196
37498 6056971315
47470 7590309479
54525 3286906494
69534 8636272947
49713 8730381474
9757 9704521838
-5636 3788147312
-81891 9144515826
-85748 5648629936
-59624 6960236996
90856 9200258600
-22748 5452119080
25729 821925778
72280 2663513152
-16896 1351133112
-83675 7719263110
-4536 8792827212
38269 5747682826
-65678 3595882091
-80426 3338401679
-8468 456803476
38854 9609866615
-47312 4229516212
-41211 8738566482
-7562 332591471
-74667 9785807262
31108 431129932
-91214 1204353875
32332 5595981656
92994 6799569951
81994 1367386367
72465 2720351454
-13308 9123892536
42048 2819417280
-53339 5136223334
-77204 6189012980
50797 4424008978
-6143 9295210714
57136 1351288840
-32414 6230417387
-90632 9035942744
77161 1113943454
61792 8530500844
12598 6752415815
-29624 6015612280
-37943 6238346578
96234 3117599883
-90038 3035515279
-25223 5867223010
-73314 7989903795
33268 9988964644
-42488 773200888
-37356 7516128564
34606 6560098643
-8906 4095453775
-84602 7219475275
-67784 4745823952
-27759 8493991830
-39860 3421999316
-71432 6414083444
54010 2611981283
47161 1071349306
14464 9930636884
-58811 4788895486
98476 3917538092
