90819 536757897
61731 28356828
92713 85571219
79312 110010518
94488 670579473
80142 428292621
81699 284931
52461 182185488
69516 237178761
70846 142456202
61579 241503649
70972 32758754
69204 348026271
91771 628094048
94027 293209834
71986 119995021
34915 28333796
82785 452257401
76947 119650617
32170 30668353
93819 612543876
58783 256036985
69183 150874389
75912 26412954
71512 122538902
80413 111543308
89455 28553873
84412 8215213
48175 32126753
82936 47075650
89305 647069056
53338 149824805
26767 13844215
79132 63240065
71050 61403998
89833 118343465
86973 430140324
93426 164152716
50878 206667649
71401 401696480
84988 33248687
43390 85584656
46147 152073479
90064 659814217
65475 234022671
50244 72446571
79332 70360659
55900 157471870
46999 150443776
77643 317805099
27082 3885926
93259 105610888
74440 3396859
23743 18606005
70900 11112523
73576 216604742
94089 95525784
60762 39110310
74607 258844425
93043 556709701
69388 354623621
37656 94167858
96856 771967207
69871 82099522
80851 304163273
66682 189706478
82033 156580751
87568 617602990
78843 308610936
87709 491974316
70372 320328851
43564 131150495
84675 248632698
98440 305999701
77527 340044706
80425 407686745
68167 253346695
33232 4674439
82321 447001021
79543 43628942
81112 146821087
61689 118067184
86437 213893428
64270 2302078
80218 311186773
59209 42401629
62343 191734098
62269 142001275
97180 543205025
73738 298141430
63666 289157805
90784 476808029
34144 37919153
95052 171672186
57907 79193065
82687 231921874
99399 55004154
74986 343633369
61149 221890281
93124 276689833
59599 183189712
79450 44878534
98220 397806411
88944 255800790
97890 443983377
37771 49002058
84538 411747940
63640 30127282
99316 285804550
97113 490556667
54880 167745395
87283 233084773
95328 452980407
93916 117436963
99676 638486797
93286 120694042
70030 233627353
98314 370937194
88887 567266580
60787 241482148
72516 287254251
88993 127557080
34179 81001836
84223 153149396
57259 256012084
82888 308815637
78892 319534123
65220 294507357
86881 467923057
81016 208579693
95719 459624377
64096 325603105
67177 261004916
79642 69325513
81694 148016006
93643 29300273
59073 71664885
66358 329764621
65985 177157089
94777 59144231
94201 544644205
83044 266198389
78847 174641020
61152 309960411
93454 454517446
45361 171348260
51064 207372445
94711 174580219
92533 7836127
88083 468037140
57901 41794577
82171 518069315
47961 189843849
8005 2707777
28555 26878652
92499 147671301
99994 703360714
33091 55297570
62847 170830485
70966 141447256
29161 63926735
89307 611554047
86536 481660199
83847 181648314
54594 20732190
40603 92577511
76854 400686825
75315 383179143
70686 62333460
43114 88363693
67336 143775257
75934 162614249
69190 273799424
82606 225459928
77442 491886624
71346 87527976
90847 310735642
79399 312714125
87091 594063673
79999 194695381
94554 121669944
83184 447497082
69345 35388843
51210 131636592
95413 209664608
99673 472652323
99201 727869456
74623 110607035
90586 310335713
96277 76204469
85243 250328123
99507 107565480
94044 137006274
95518 165489746
17449 20903227
99838 260193670
97809 363557133
44041 45276791
93454 632978866
77391 392566203
92760 84175146
94909 17408717
38104 41536679
89781 411368673
86746 109898405
86182 568819073
82891 68294588
89680 121387015
19215 25838790
53335 52151525
83446 574471172
72349 381749260
87249 16159620
78247 14459551
65173 164870507
83932 233542874
74776 239950682
83856 287515422
68011 37998695
72016 71392078
92419 375395053
42898 12719164
98226 798502086
33253 3401648
91335 427089708
77055 137496210
34207 3054937
81016 482553610
79663 331860578
81081 332745588
98223 798230280
83274 211310985
92152 84098387
90403 615602888
91953 641450580
54424 211295173
78541 475033256
77854 400331452
52612 135110713
80598 288016962
96922 350033872
84324 115649994
93355 315652984
94047 342791493
83695 166135697
86698 393091564
73647 120909999
83779 400823858
94195 300514624
48568 146474126
38958 82810113
88315 113559505
96994 643712894
94042 292461940
99823 414549158
75406 238386748
77659 79569112
68418 214114401
85366 129710642
96772 253149974
74412 266052243
73720 50411197
77233 435929788
98482 212567489
55143 51061947
45879 110012421
91411 542123017
37636 104189831
99735 440507400
36073 101567489
30150 2205306
99727 517577765
92128 374262605
79240 120963850
96583 711758429
79258 244810012
91609 5345447
81223 429561535
36891 77401956
88243 579716825
47214 172986354
73735 106620535
98152 622376366
86857 40461167
77734 310800469
63466 316520600
74623 306808396
97776 134002371
71926 81124232
60106 28372498
92260 325862054
32890 16089274
83430 308157450
66925 360099295
65899 238640573
89359 445758310
99400 466834985
66919 278505182
84799 488804096
99456 605277339
63337 92549216
871 5494
92922 628939785
82198 465807769
74131 414363793
85411 401227652
85758 608943921
64236 25779471
81808 294287909
96196 628839851
93997 642857909
94594 298721393
61630 282315665
86059 185026936
92296 207679361
82471 221952670
86311 197545154
65068 211752071
82420 141639722
52623 64640592
86179 402778040
58054 45557794
70821 70517751
35341 101350868
70920 411303951
64848 313952523
96913 278263885
65353 279440395
93109 629127785
45994 91433198
91423 617861356
95095 743213293
35191 67706005
90706 294045917
88975 315711937
51732 47655054
89388 238605438
98851 730169711
99156 277390947
85368 125032530
87088 205566098
51589 41944627
39667 110489722
86124 312175641
95425 523113268
75994 51826402
33034 35454316
97455 585547878
68887 226311040
34299 58814040
95761 285921917
87403 31781215
94752 605797845
68578 389876576
88228 108440875
45319 44939060
38781 99438093
97680 185610279
84112 231123887
84970 197270584
63439 65686819
23812 24236066
97483 465455518
51346 25365185
48223 23952853
98110 483811565
87109 583792241
96412 289470697
80589 421551861
78112 262711166
72739 270214651
64990 195417854
99082 450745924
98167 97514290
59677 276957560
10182 5428308
88287 180105171
40146 39803004
90355 359508455
68169 51631257
96520 291958082
96250 710196418
88636 426753751
70699 52299191
57643 208121848
58792 131791382
62287 31836605
94167 506260497
58404 248278851
75834 154048257
75895 339573815
62343 271451229
51796 22324742
69888 189789753
98277 177282153
69499 218261933
78795 190162398
53841 45780732
92311 655363861
80599 325618936
60759 56437953
72096 91131774
71055 96735159
62044 275494001
45538 46706506
82999 478641145
57000 15972003
99652 305896282
93409 106813588
68416 151764290
70843 186097840
61840 273281233
53547 78957201
97753 612755255
97254 639826593
84853 97288993
84928 566497678
96250 477699913
90796 389297803
92913 651683931
41938 133937309
89578 20150194
52455 14786637
87235 230351342
68512 278795990
82171 508236808
53893 195403915
37816 56857094
60060 109467879
95935 218740399
62323 111522998
68380 333708254
94767 653319030
39175 88950839
66849 331141188
65959 126116188
74043 99357600
23722 28447778
54940 95133122
94729 397785803
77278 204791330
94213 38734087
83004 134216217
99493 195170440
60694 257213674
98500 49575365
59425 206824576
66355 246320492
88050 283116390
97657 684957484
42499 66693320
40564 44468338
73263 176074851
73540 182056345
74025 101084499
62716 197321578
94641 523037172
63826 224189104
56622 117258021
49575 74621982
78526 26245753
68215 5437771
73710 3685905
91765 252470587
71589 45198096
93040 223110781
65350 174826672
83007 375301884
44937 103170024
60001 298831348
86464 19623263
83470 77619730
78684 48356235
56271 129658056
87724 62610971
97921 121639631
76050 406701225
70060 150099826
78847 491974883
93778 221155262
68500 35658910
86245 466031516
76543 277255232
80478 51160089
94251 632981463
79627 326700152
81423 359513166
91419 591182826
96117 163737168
94438 599856518
94794 319555161
34027 53617636
54163 72680645
58950 131471712
96949 15780325
78672 393100290
53461 104765575
88231 34472767
93379 479697916
61768 52189226
86098 555024664
86953 126790780
94966 697817254
92317 205405732
82587 357812658
75555 461976576
64042 234024772
69967 283129025
74713 97669291
93427 660451600
43303 15814190
71116 62536871
79222 37540441
74176 274326214
94855 724545991
92781 481618929
95512 528950702
53676 146332443
73221 166875048
93378 453818409
52765 39304384
85912 204952306
98191 484020662
80389 438307447
84844 392963051
90292 88478794
98715 486248037
80691 446889348
83959 107131894
33061 59819273
98649 441875787
63112 238124975
99094 340461332
83668 235247333
88279 178794530
43627 136506562
63240 177419418
87361 610825744
96939 371355183
86077 550464719
86697 407388204
91141 46771165
98281 270923897
70068 285043119
87061 155762831
62608 58598894
74593 104653412
60985 178809043
48622 132545212
54592 163382813
76936 257033450
65563 220048487
87717 485673180
98401 451110703
84925 66310928
16066 6325304
80935 130000831
67582 372087100
74587 215638291
86662 111899396
83619 191036121
64341 338959932
65671 317304905
80119 353570491
88489 289172503
88354 558846668
76264 178441130
85342 477262106
76141 259017073
99793 377713891
98785 556587709
92443 615396821
55719 125570487
59862 205832934
68467 200063675
76999 164318782
89803 548718542
95853 311133441
98428 128171498
92059 509343050
93712 321103619
70975 209905222
88215 258633960
72148 433693745
88338 94884597
94255 159242279
73780 394601267
59589 159602805
88612 372522809
65839 5330254
50230 74816996
72987 22114374
88845 485159415
76714 1337921
87796 26672483
82477 306386647
42891 103824267
66427 305321246
44833 86230057
71217 96142299
73495 30172576
71470 48719554
64456 22793927
67087 271646192
39531 29543073
97983 116739810
95412 120035334
67863 317077572
90369 195036231
48027 28576752
90070 277544008
81414 2167254
82810 369300014
78055 142919021
40030 22723850
96747 141089292
98887 784222490
61609 163656581
52117 68474401
99225 329683872
92137 293009335
96649 168058280
71400 73685646
69126 81739560
85540 470392393
91002 598868694
81061 10446536
93939 656592741
93571 522434029
89292 217113471
80118 258117945
57159 258170370
86458 200213014
92140 626673083
79296 442952202
74845 461256317
37045 76871575
82132 75727613
87136 411357046
98011 425629018
63046 129447814
88738 226445366
49366 54419740
84892 260002531
54643 137549419
18201 21738471
57976 153255890
95164 403865770
84238 236100097
74038 403038890
45118 102675106
96358 43778158
89964 539736969
96625 425677699
96222 346875177
99895 249573268
86743 35647126
96636 259022523
72087 241342962
54505 222426236
64324 67152911
80361 3981141
88507 465850897
66754 221369780
86632 548054363
51939 191364627
69508 117043243
99459 138923016
32176 58763618
95626 63940561
93250 8332184
48313 147586439
70521 231185388
85969 451839772
87004 405334838
84067 554006788
44974 4838429
99109 428749577
64300 125820194
77350 475342370
71968 90839251
90939 85550574
78388 209817611
86878 208681357
81946 244963357
62466 101953005
64936 251009431
93331 230530511
66915 361271676
93010 525460885
60019 158340742
81043 366115378
31651 36764686
42378 113246250
80437 165008620
84775 285201401
77851 480999440
70737 117440733
61902 307566384
77059 424999226
80293 91276879
81198 169438944
75492 333424905
61975 144419840
94366 266153830
89623 144328627
34825 74252140
91779 143971257
60991 306275890
84079 223440293
99067 572886415
96141 615330576
84643 454068463
76995 312296934
79363 213781798
79852 442567934
67240 307521839
99112 635345065
68310 228702030
73602 366584316
98593 400769561
42286 28635572
50749 141189361
95431 465955681
40393 33116867
78432 290473539
67626 106498725
79345 334666937
79231 22198781
90427 584109916
80464 218330527
42994 29064689
76488 364936590
77320 439045394
76377 127110771
81409 517110236
49245 136843596
73290 387964446
81373 459374000
92571 116168718
26551 58236649
91915 379181453
94560 449150562
42348 120373941
65880 52569039
93402 199748994
38788 105694541
53746 124645289
98955 503468193
82516 309317135
95323 648765214
60400 72161995
76141 328362028
67114 157403845
94387 143473925
66201 247856943
95695 562105889
91543 341223070
92893 508443157
96198 364245849
78106 366500921
94383 258772470
58045 123619349
90250 501937373
77914 353606608
70605 318654948
96655 531565148
56179 167126864
66523 353339522
31525 3711665
68434 62809112
60679 306693685
70513 104953132
99070 355945798
98947 497932925
72589 278709316
96408 255146427
99883 330755192
47622 176165241
89848 473444131
86665 24480373
52968 174716199
51862 85216256
22819 35669968
16636 9823853
94369 120084484
88668 293398083
62722 155761325
53485 227963141
93412 400700846
96508 436040305
43540 85164769
67701 38342940
68284 151884647
27066 41329092
79375 78173464
89523 523707183
52651 197905988
89080 400243045
40822 61114822
77886 37527141
56292 56035443
95092 232120178
80601 401780007
69384 76069902
92799 103644618
96172 736489247
96085 509371435
85381 569549077
99154 539249846
62575 147089587
30931 64934998
54447 95947119
59935 12017423
99192 260997537
77094 195605622
95127 496411758
93501 298985175
86179 317769811
76812 93207966
92761 207241739
56433 236192916
83800 508978190
87502 421391138
33973 23869520
79816 445870678
95365 718811759
99979 492052643
52855 85980908
36346 97180442
67507 57206402
71650 220612945
39034 104913514
94018 390901189
86758 497377976
99418 653143040
94864 575789063
58417 2683208
98332 761485453
99559 115566985
89275 82556282
86308 369477251
87447 537037242
53913 194505828
91266 424659936
90190 337705376
47665 4911817
88606 178651996
90550 63365104
95134 324848960
99037 768028972
44208 78768918
82168 354663641
70261 22279876
86593 262248451
78681 156870129
62548 228708683
86845 480834911
66187 44662439
21223 8583674
98605 432521047
83892 280653273
88687 434583311
89884 44055581
95872 317404219
74893 436120463
92491 677851912
96307 645443951
98214 675385857
75919 262647793
82791 393997365
49335 5869620
99940 430959134
91975 82462384
97216 443133271
41940 49582491
73810 215816246
93862 525417118
84409 453826261
84463 467109025
89371 331187914
95065 333175580
78163 89465363
28927 22194637
32932 2233439
90699 607177761
55270 82231676
57894 250183764
53379 112116387
64714 161399942
73306 106846954
59160 78682521
91339 50418482
70138 391561642
72235 392446421
50325 162831507
77998 259399868
41166 138534288
80151 390526197
75772 195547789
66177 316470792
75243 433254009
81979 277143358
92929 199870564
52672 186091226
96328 34391194
94030 465811282
69898 38883109
93226 624191338
63454 95601844
99967 526632092
92754 553839513
80440 121371721
95685 388019301
34045 88378085
31825 53663296
76276 46806215
95767 656097185
80814 539051784
81418 284466700
64567 229032728
92094 237929814
47233 85335707
73761 334714527
82936 84274427
45370 144518897
70891 156552890
73825 354132013
94639 258762611
74283 34794765
86773 566494267
89074 623108257
90181 466256908
75124 356605735
97345 663312368
42013 54686848
89187 410485938
95479 130383884
75892 187187669
84805 517832327
98854 154557958
97689 588768549
62424 261340305
85155 244286871
61060 171737503
16455 8894655
19459 25285906
60375 289991406
70944 178116303
34884 36227253
41088 22173258
68659 378675484
89428 126430517
89473 14649277
80020 368826398
46717 63213187
74302 251344790
91476 497709801
83311 544258787
71427 222948150
98968 665387591
73489 10986163
86017 613415339
95223 309940737
42012 66429081
89830 198760622
96781 176840243
95323 711749969
60583 57706613
88498 594970004
79519 91989229
50328 35074761
86724 262131705
34552 45436409
93180 639774426
96901 563238952
84024 213112938
66052 339018574
70873 184652873
87834 90902076
76623 198292494
95820 632433663
64414 318476348
52363 4129607
95577 646767351
62896 172524983
50806 61861289
85600 196354825
81405 168529467
84430 356705641
53355 171912150
72619 244537804
70507 264175108
96327 176623809
82885 304757941
59347 211134647
94849 147303275
65941 167712653
63912 124939647
38677 68724400
90822 429771894
74923 270846838
55008 25364718
9348 4676526
69756 299628651
44911 134794400
98289 326806248
84966 348021309
93285 502126833
40329 93522321
82222 219454682
67258 211196729
97030 575663977
97881 671123571
96520 526715575
37762 63526426
70189 201594688
41503 15973364
89887 536553151
59481 120391029
53709 176216835
70684 343074143
77887 186468113
81928 111774215
94462 578905253
76966 345165104
90832 213491377
92148 29198475
73567 282248089
75904 151582375
65776 112439975
83673 173605983
80928 382564758
72379 402175519
96988 770654315
79942 529026940
67030 325639198
94000 374492027
84526 271479254
93097 73479799
74620 122302775
81094 332056718
24204 42425085
87987 524671455
91168 521595577
72528 407970294
74838 202455264
83382 550535028
61503 65150304
81187 144455200
72558 344388558
96283 393810598
89815 433183373
71545 416339468
77995 117454084
98836 451135958
98296 546816973
67797 3465612
82114 92296892
92712 450926487
86179 378599365
98110 411599788
65323 82364813
59569 275299109
58645 251844184
81841 426456757
75520 98664458
64692 316294938
43222 28470778
40939 81882080
79237 12829816
90186 469571013
77251 383484554
91008 319977174
98040 43204506
90735 210320184
97563 646752825
83115 355045581
86331 274025532
72975 270707100
64731 190910739
64699 1849921
81367 482370145
43849 11444663
94524 594433437
72645 188892957
90763 219922108
84919 11356702
90072 576361071
35313 65927265
61318 148728541
81457 35959916
42612 47788266
58879 83573873
69751 141089633
37620 4108467
55285 23449900
67632 264460062
75391 222877051
86041 51553283
87607 571099214
59929 279686785
86175 127963845
71575 204188030
17167 18155807
98632 570355042
53629 23126969
90490 667742842
57541 148846804
80484 407717271
86896 441392707
81685 418801048
90270 48752961
80605 3430280
85627 77050991
15643 13537498
97635 138234927
92224 109701943
88218 93026649
65962 267876032
66444 6735033
60667 255654929
51484 61025287
99211 246009598
84762 511917162
47112 96495741
87522 354448380
97764 72243882
56236 4171622
98011 83119319
94927 343321790
76419 347503962
65890 176640868
53262 150493149
21271 21363070
86554 289347448
49806 10506594
74371 98857684
95487 402359244
74367 117385194
58770 224723097
82762 296396134
49599 201999159
52566 95445840
87127 229092587
94675 250004671
83074 380265734
92338 51383176
45528 14659854
97620 633890934
82819 282468169
84780 213435453
83770 381266288
60883 80077658
56574 232768626
92259 138782445
83401 3408427
94935 375088821
90843 588463218
56776 7008719
77770 253854886
97128 648626361
73006 327707660
85363 105567970
77227 438814631
88501 370422983
95131 337908340
85273 247291355
67399 120938450
81589 59309843
81772 478107847
86650 580512836
91522 440003938
87007 378972092
92613 273053967
87109 608999725
85662 58278204
70207 128406047
95293 479258623
85959 490206039
99745 802174292
79674 524405193
40779 15868329
88935 532909986
90073 508053559
63217 114486896
98410 71538949
74119 281426768
18792 9869511
79728 210556470
87043 432647503
81069 223268088
98937 286394055
98947 612306971
73855 280084087
54754 162153065
83284 165067373
87778 362432300
51472 98376946
71527 335681752
85279 277312055
77941 264643027
56998 132952022
66445 99953356
93097 46118173
80815 441380909
53631 74994015
66339 186708444
79570 433889654
93838 683902216
90562 476069462
64608 63664623
68962 277573120
98140 660932558
66814 65575504
75915 238054998
98497 234988723
78604 109501763
35119 43816433
75022 7675442
92179 96443495
93121 306914012
56410 252590213
59245 104721200
67006 44425924
61540 75683897
60802 176332402
42409 69552716
99826 596957378
50956 42641051
99904 772281865
83640 541435689
95647 469346482
80805 341523129
59368 145381805
80287 31423729
55723 59356063
64531 318174809
29377 52550249
88303 329481169
25899 36505983
34815 6184659
83223 371086989
96607 356298323
94645 342345251
94818 434969940
91954 336778294
97554 550846593
90609 326672121
83499 411812034
88456 514322687
64171 61487180
87048 223500435
19699 295861
48205 32817848
96627 432355659
88701 458925084
71814 127717509
99322 323027249
34303 94043416
37555 95782909
24910 12348724
69891 73923828
76354 298240157
94927 669866867
76750 308482468
89997 158627061
85423 219751376
99316 556857017
76102 460696880
71584 328895447
63268 176251747
66787 65050021
93103 200619947
66301 163988459
89212 379674731
76080 49870821
69247 322833587
68674 117973
90919 335911865
60879 10182663
61014 205640472
84304 412325947
86979 464677515
81637 481457561
47989 69159439
89077 158790707
74803 336046352
66190 291268870
93985 267773069
86007 64277859
92983 345130535
28285 14135744
86034 470507973
97741 280757237
54504 140349717
68433 359407047
75384 59230863
72825 13211400
98764 132239783
74245 130092683
97642 756107729
97780 240768826
99007 14808448
94054 449536208
92826 131028105
87187 139594619
40180 47543750
98061 76088160
89874 607739580
49759 19705717
66864 359646093
84316 325692305
98731 595003691
74655 383956227
84765 114964335
67407 241671105
62997 206001000
81547 60798233
94804 577529915
95698 549359758
89935 368235637
90724 132452306
91054 177118442
67414 241151098
61504 78028778
81298 419279252
33411 68217795
88398 590211117
27961 52060208
88014 524480754
94837 405203107
35763 23499810
41344 21532201
29029 41166211
59563 124670767
81139 513737704
70003 311897327
83736 84461553
89811 595443402
95095 529597808
92635 118630730
99586 119757061
13582 3386060
84958 261050681
53964 20608011
75306 449782230
86161 70643708
63775 271603082
87910 637777580
88125 549165189
67273 334499539
49710 45683982
50497 29508391
55470 180305178
89527 162891554
52354 114404126
82684 394754846
42052 15291775
52458 165281037
68404 86512189
75448 318712441
73833 159898383
89389 463122725
81549 126979716
90051 386530824
95295 343820025
93348 253638690
68236 8396465
85402 214462208
95128 713694155
60261 183604959
95113 601858868
95784 92499477
45436 121221326
52833 154961856
40188 75398763
97275 413181723
22347 40092006
98191 334568348
99865 326417549
51301 82439276
86836 224415233
57558 7436058
21297 14032419
98170 18737728
25995 39308319
96552 688472154
90841 232999069
87619 238218944
39501 9999921
85456 114648857
45471 80724156
86496 482090037
50650 190237849
72303 114262482
93207 394332786
92994 442417614
66139 120576058
93214 335564596
75951 247088979
84106 380252933
94189 427933072
86026 318035608
95470 198708748
92343 502317441
50047 141597640
74676 350632374
22065 22939197
80254 196695553
90153 444568029
80179 174343654
95287 660816515
80746 531139700
68494 308814770
60217 256996553
99528 259222167
97107 647903079
64981 59895896
71602 251157128
68098 254410072
83028 215423103
99847 96062480
56482 159462650
83230 52472897
99331 410831551
86515 224309677
67555 89797081
76267 456758660
89149 106900963
59370 207059013
84874 505364156
66042 10366002
30508 72223829
89274 121403952
95290 621079708
48220 72555995
95917 503107468
93523 248178358
75403 46479721
77872 423879086
77782 233441830
92914 107947904
91218 169635024
81769 370637519
69298 28247972
96360 297212061
92554 419911012
87289 2843120
95769 596816769
77542 36813698
84117 395710623
48102 96192432
89947 16426174
33520 65310283
49561 203523604
85432 533693621
91183 637673200
83130 414059325
88060 643576678
94830 399091536
31323 18030576
98154 27836865
81985 338741032
91296 72963591
97780 308535451
95671 250978412
83851 312044386
77752 486136289
96541 361430465
97083 154146222
84220 313152346
90736 618703117
99487 241051781
85674 248656722
63153 245409021
68955 249083088
59146 163307164
52945 124151825
25011 42517815
73225 271616156
88047 568386327
82894 87632057
71694 153773562
88845 412325727
61491 230144817
97858 759102962
95443 34142380
91345 261873661
61297 203238032
96229 746382299
79068 80920821
31737 83765907
34726 64230533
66540 351516438
89655 267754395
92550 687599424
74088 146359659
56466 142102281
90793 652488791
61186 103487092
66988 146912759
95218 216512908
89997 61968255
56082 170868966
98439 6134184
55345 3016453
90802 212972821
76663 43779730
26584 39649693
66685 52132943
67369 213255148
85249 134950144
94810 29968681
83506 520634149
93846 464833545
50059 116832257
49417 77531963
75820 81354554
99913 706778317
76440 71545074
75495 413801898
99606 459395226
53512 202476158
96249 273975957
89755 257493857
39465 96304332
78580 460068487
57633 164088105
81807 25304658
68566 175331285
46554 87701076
46309 163215424
69604 267196879
23533 3310483
77527 482344762
97099 550486288
90601 40166519
90496 676471618
86620 378296026
56557 119273924
95587 425690017
60124 96629467
87196 227537089
69930 360073761
97071 746454306
34605 41347617
89046 529809126
99129 3194247
94543 221963666
79455 317042811
99490 442215617
65172 253459827
97528 186560113
54595 111253337
98704 425442515
99996 788879937
53713 52060129
34032 67270638
91678 335681188
93739 571104512
54121 85058519
78361 27234695
90930 365859234
53578 147207524
72733 101884540
48940 70091569
98446 75898730
8796 5950383
72888 142127787
81997 322123649
88477 560644513
99817 167700481
42747 58368942
91237 604640561
84358 110325676
93292 452941643
66505 199051099
73683 374242512
26919 47874030
69061 160889413
93960 567996093
47854 180259618
88788 186302817
95596 366840338
97834 576182057
54949 17718824
97918 266385976
85276 357330679
79845 69069777
74992 423975950
84823 343556101
58246 99890105
80461 416174269
85600 458908289
81799 352165246
70263 401501004
63175 183404645
92829 108087507
21975 12123825
58761 16720623
25128 47302083
28138 27783602
82975 569278885
56236 162716699
83556 217458297
65223 157886895
68671 227474123
73081 140121179
62431 150524294
87481 308509103
95485 4685644
55029 216458283
60807 177443583
55578 73626165
94000 101678762
84451 494397841
80848 104693093
84421 578952524
69111 12654531
87123 382040001
96988 535164499
72669 156503439
95394 676642470
36298 21878404
63556 88786763
85540 578161187
90454 59937461
73930 408993314
96591 171089424
29245 17008823
99721 761708849
98881 405884515
83610 251202792
96214 593822924
87124 500654269
92878 685916485
71566 371696198
78307 185920367
49236 116160639
83662 15367636
46377 103128675
65001 172656108
98718 690681270
92560 328971329
66411 250809996
78264 53217921
68827 386249854
73951 204897782
53800 136824503
81508 464955502
94264 605272987
41775 10990131
18981 21395532
70693 113464921
56563 127069468
62334 32525601
52674 70070586
39553 56311403
90370 670381754
89563 165256199
98359 150051433
96949 87411751
86863 220059292
98821 360157259
99054 411242754
82966 33702569
96118 751837262
90174 589116048
80610 289206114
68196 199992951
95572 733974211
71098 93463172
77251 311587811
63772 179550979
95155 424554149
51580 22094071
65710 7774460
53770 23873777
77731 18525326
51994 196141324
92149 452526164
90775 679277555
59527 240134203
92653 486680705
76149 158779089
97351 286166947
56892 201392694
86386 357792364
82237 328396619
39067 3763948
53409 6887145
56199 33053370
59496 268956069
68079 379635873
61323 290441970
54318 97432800
98889 171174345
88183 402387997
92842 683352400
88471 442226303
70357 16465504
78597 248453349
79263 40936020
79735 367741429
98424 529088895
86515 389006348
87756 364548174
91192 581421518
31537 57837508
98655 301890942
79936 259663286
48442 63763934
58780 132553663
96457 300716267
84280 444870614
93846 473282982
88030 43424308
91387 288647581
70837 152131693
89043 459956163
81438 377174916
69823 266326585
99432 369480927
76774 455834552
74083 406507564
93496 377837243
50962 160599373
87927 322032513
96688 603422399
83440 479081885
98503 795906632
75475 184876333
55893 93600687
58239 139968672
66163 66165230
67795 161905822
97591 415036481
24066 46720758
72133 158467999
63001 182157608
95125 9548395
90627 114485184
91957 33090977
80656 497302733
75441 66540195
61411 233496848
59365 92190205
92257 591567899
87973 330344024
55588 251368961
71109 286840401
72513 267115515
71944 263464195
90811 408804277
38470 103507769
73942 305866925
33093 22673340
38662 45287126
94368 150950646
98919 396518457
44926 80315552
95173 605658148
92686 420022726
88795 238543706
91348 98706922
51810 197043369
62227 106378336
27564 27838773
74908 319065926
67477 301379108
93847 523118987
82152 224833083
68464 329169574
99252 319277139
90850 179638864
68406 2383548
99985 3679013
56265 162581655
82498 368081569
27723 54375096
64582 330491581
89725 489756479
57919 141214396
83254 177665380
42387 94715379
68128 8895977
57730 49966478
96115 431935106
95412 12287154
77946 191263308
82399 401572163
56667 112735002
53271 219141897
95431 144632501
80311 132533378
44689 23753947
47745 158489820
80809 332448775
96067 486878852
94176 647489223
89641 555689623
86115 14783322
75460 83156375
45145 72710561
91881 218141205
75564 384810498
92857 26855804
87975 284576547
91549 236947576
25278 1102485
70767 197279607
68557 371106127
97507 364541923
69075 312881454
71895 354258159
85306 180967834
90787 546819773
52018 206853806
56464 163369597
77860 451409350
83452 267367898
80265 421603761
20386 15476260
72165 67609179
94006 391156841
53964 133797231
87247 90711475
88126 403878232
83742 174101352
82974 61474341
70789 230563297
36669 97605759
77244 490192566
74194 318686929
94363 725249680
52266 10597146
28141 63977248
83047 367064233
89971 636907490
66499 133634579
94057 126453271
70117 223967144
74395 187393766
99789 790177803
56637 211904979
93871 725254766
95866 399878725
84907 566322787
84987 162059352
88681 288010832
90759 247205901
90568 69428863
48943 114828613
90994 648638480
60274 146273897
56808 211485003
70680 393202299
94006 51073850
60820 159419339
45999 36039849
95082 71856612
92067 351065343
91477 571165253
29707 53814061
58842 131977752
99306 553714797
78549 258907224
94878 109679976
86695 270742829
92400 535190493
68481 209116977
74257 94675219
89917 202290823
78895 77201554
66463 22600829
87439 221804456
57286 231047509
88302 478890357
82227 399369306
94800 119487330
57108 99463269
73579 347398768
72579 20026503
37740 18060297
90979 297523049
72582 230178414
44326 135823016
41370 54382749
87661 410482571
71091 118198368
67476 220734006
71283 400525806
74746 93007060
81159 73710657
69367 106307201
79432 426129145
75481 432731195
89616 614298795
70039 212407585
18346 1818329
60979 38853934
98083 219766267
73309 247703596
95056 236106514
61033 227055424
13837 5802040
87499 540247796
81327 269596752
30037 55831684
64573 169622521
96838 5888506
85197 65019807
94423 622759678
93637 435820805
73485 206977884
86676 271772001
57310 251470502
74572 282076789
98998 116285774
98848 385672631
96130 457532464
84790 40192877
47490 69154074
89986 438082237
61705 255793487
83766 38490006
46414 177176869
57043 150936394
63990 108321006
62856 247817253
88242 228562644
98679 567114465
68611 206580433
68347 37306915
90016 185140619
76111 27429728
84684 96555063
93069 244574007
87001 200998571
64123 87240629
65689 180529775
98019 217130307
57334 254831909
96819 334551315
64426 162711349
73674 216626796
88552 359588873
15142 8645581
89376 241967895
84304 193564571
79225 470438081
88536 570628749
73551 437473008
33619 44760128
89260 175198337
58471 4224781
89485 447081187
81615 18447105
47332 100079317
76231 133437121
32641 2694529
90160 550679210
69079 343098829
82147 262780378
91993 155628947
95907 683391735
52414 129296105
55923 227801769
70930 390441218
39186 19938828
68269 273278093
88018 125378990
76123 231505426
85441 555123317
92302 115384642
92073 532439925
59176 265596758
86337 90519831
63018 132127470
50845 33738364
69580 270387521
58429 163070537
66235 157439044
80872 444943226
82800 424024917
80134 198594061
52735 180637036
94269 62882793
80488 165946082
99463 772522546
98745 402476349
75190 1559477
79894 438930745
93663 522585450
77239 217972751
46647 115618017
99328 582471637
81712 161752919
75309 252525171
84771 267188403
