84020 369349660
99256 196735902
57276 96731395
73685 378907554
92271 532100074
84116 354084572
86405 52425300
89198 480214102
80361 394234811
64159 81035598
77840 431403852
44803 127900143
55674 248422030
96692 149856358
82475 401813703
68996 266953538
82072 356836707
24192 23010407
92141 208817355
77175 488161885
90119 276884190
72916 298396830
94338 369869689
71343 318034747
95646 469044922
98288 172567249
27108 33218216
64898 160124433
96947 133259213
47416 62202645
75842 124882903
26939 30941801
62521 170002701
90302 128049828
92826 522447397
88709 620301060
94557 229404037
73826 227885462
26584 4433649
68261 262271821
53231 39676119
79286 69100635
91101 222753211
99809 682884312
93930 136706759
61709 111995014
50807 135851158
65155 139643643
96040 743413353
59788 239637726
58572 22611554
86561 36246484
61544 83372868
76592 476190277
46583 1775510
99565 454662117
71158 402306033
92420 566424011
70883 306836756
97822 481161588
85119 379871575
94703 511498703
90149 540653018
24267 26876146
69857 262407526
81698 540526824
80549 453610519
91015 336206856
95105 601499019
99538 176876238
64375 203363169
63767 182903039
74507 426244031
58202 19675502
69008 164105796
86855 35838589
90867 650705570
85381 288561891
84627 500308357
85745 98940437
56834 125830912
60990 205157744
74862 449071603
91190 271373956
72947 229789670
70433 119471140
69636 221830303
97916 139223499
38379 89303468
33683 89822401
94590 501959474
96006 646629133
51281 139159767
83256 446433800
99284 297229013
83863 114801702
80132 452836124
96312 664982242
84646 530902926
98978 585240503
99388 358038930
80486 144150329
75683 176791294
86801 275881604
82007 558169523
63687 231467551
92024 369570651
75435 267401077
97518 4517000
86875 36236955
76507 58339158
96987 737823320
86702 186057271
89435 272806305
65441 183086902
94264 508762515
84764 311156877
72605 232052554
82569 362473211
54612 183817198
99750 623900500
68608 141537702
83084 556012603
84377 544416073
90816 686602183
83996 76819797
28163 30804707
98414 299100315
22436 1269015
25568 11265383
91600 601618035
40451 41717584
96488 337103302
77112 161743763
60076 263896311
54539 228502572
91114 589348020
41948 103304149
99098 653515106
77027 464755542
64238 252553337
98220 287006219
78148 189208707
93332 237709124
96564 499320308
72458 329524414
83922 327291940
72445 95252589
26916 27717824
65688 303484270
55811 185342084
87642 82462850
92588 692105338
73568 440976396
72861 4242007
97893 204541019
51591 154193492
75132 223444799
60269 212142334
43364 76841328
96905 38569413
85473 220091476
89108 506150898
92172 174838553
67569 225458936
66355 296955843
78469 129523140
92274 584442094
95441 70897112
90371 630551655
57830 1735940
97248 352227745
53607 46677742
94158 509128930
40241 131358918
91187 387365205
28806 54284684
79719 294261256
87991 478311993
98762 218618079
95798 480242769
92141 559527182
92534 675839817
90821 232438031
51410 150605322
41634 101050781
82154 480484790
32927 58740104
68693 179615452
57271 168156696
76247 387977446
89730 563333465
99429 3154552
60204 2774587
67967 75729108
82004 34857030
74615 155893019
86160 467706503
66671 325589162
44858 47230085
76518 169487269
93596 487277233
96032 369229736
49317 10710739
98663 688959682
61024 184617072
70974 174626062
25724 10038480
73728 154585145
81626 218780925
89750 352418676
91919 170429618
77583 65542927
95117 48045655
71580 82062200
98996 400255119
63462 48302855
83762 424497186
84562 256840131
40538 63114451
24984 16513660
58301 36617178
93290 608983089
54374 212359938
53894 113240522
79370 509159042
55354 151672281
66822 280675289
95061 485315539
82658 244195072
83175 334078580
85377 370305764
71138 302597090
69516 2007808
38591 19514982
97572 571701833
99078 748385804
94963 35786898
73010 333580582
63867 333834203
64243 264013542
56314 1339728
74499 82695488
50381 28968658
91649 582954673
90783 184397294
39086 64511835
91821 453875966
88407 206565377
84600 256376624
93321 125096863
88997 451350603
96800 653370115
61387 154294773
65588 25589283
75104 16147898
66314 307879650
79950 498828779
92840 459514929
82743 145202036
62124 191552726
25753 34020297
85331 225504614
96857 30583032
52223 198855971
29168 26936250
85794 242228065
71039 35527410
87518 295875040
91207 640429272
59877 248429669
48896 137995376
60977 77802814
77995 238519020
75786 143328209
77608 183804276
60204 211045388
84556 315847596
91204 20122821
99732 199588520
83361 406099210
35609 6779192
91071 287241161
66305 254986229
92363 194456384
97157 493659913
98027 710648267
65398 331816623
59368 184347012
43707 117611380
88529 452321665
23280 24521138
93860 420821535
84284 454028703
72273 171494270
83129 536730413
52299 59244650
51806 104135824
64608 304146835
51545 81750518
79499 496549547
99919 262138401
61977 197399864
92116 53535795
69026 249834701
58537 255636537
91260 217098334
26336 55265747
93291 248279555
90410 644023058
99850 8057067
62294 171097968
96863 122689760
79637 429779544
70515 1339937
66000 105437068
85125 422741140
63153 2873974
88817 640498492
64247 108286885
26256 32688923
86145 507958556
13187 11005346
92499 342189713
75035 265415142
73614 442263713
91422 208370920
98188 376616679
95703 51688345
88998 6881546
82700 276017257
82124 220506572
89987 583101857
76396 184364907
80496 532877722
81864 239238736
76482 418161176
58705 60372576
91967 27984022
35440 39884490
99188 527747193
91940 47343625
99453 487911748
98387 364473744
59429 240190165
78056 432673253
81254 194628833
95138 427087723
28594 21066936
98954 139377788
90780 64296781
46239 5615447
87318 170605597
19786 8028498
97458 329454997
57114 222904100
93492 350691737
78561 39751130
66712 291190608
96512 684034472
58308 89332952
70250 233318979
79286 49202379
96236 309267672
62710 198559890
76130 437779161
71897 26160365
91503 586274756
65381 178480074
87099 173319169
78154 55583250
53927 195575018
69819 341131477
99821 125384217
99953 32037266
91109 356318085
61619 143160951
83688 225965096
71913 180228514
87425 467721707
59897 111362788
54803 183622705
47665 10404237
91427 615614602
77426 118136462
69379 254883729
77375 437508558
82130 1669577
64719 257956205
87257 613720183
66528 182385664
84422 488122809
80117 465141874
74884 40171164
93835 231334677
65018 112853954
25890 13457315
50348 183629669
57790 168680574
41908 133611702
94958 159556042
87844 129001206
93333 641852656
75747 214233104
92327 686621746
29833 67732104
33716 67179759
96689 641118568
94770 525625681
64443 145976671
69566 264821205
86597 609452899
99050 83423336
98057 65094064
81737 515898244
90551 79799902
49241 185344737
70158 366734845
80425 39947328
94088 311156151
53243 135372433
73003 380320542
81360 533561242
76976 74801674
58271 172966925
60898 112534968
39366 17079287
78977 27844909
27120 45552890
98473 243088488
87036 100463594
64478 229402567
79465 23416452
92810 291297226
83499 398102827
99786 297905176
87396 56145230
67203 290428685
57503 206273911
63827 195173765
85730 604187559
91862 63443422
58847 55585596
68585 17249391
83450 67717230
78462 123305728
93095 82899318
67041 63350030
66604 82740735
45791 81267500
95072 249778188
99528 353116850
96816 26696383
84730 140219487
41690 95778353
76325 261898699
78722 79353615
54785 161618143
94760 63677800
69270 134598745
58973 188783941
91860 243716425
80714 455442873
90758 665539433
49280 135534384
95903 171964041
61313 20406108
51866 25543085
34496 29418062
46322 37782772
87752 73158728
98177 425204172
83502 16681313
52349 95832381
54938 47440920
92883 200461175
42434 118305171
83153 57477766
86576 301194315
82251 375186841
78221 277313650
39950 108149911
77504 353827231
97445 340807794
26508 55520542
62980 30693402
89240 32937437
86229 564151631
81233 101936809
35323 33659757
90210 675198784
76631 250530826
97799 651760959
31566 19470866
91323 51331501
82838 85856934
93272 642282215
83772 491600129
73262 152818915
74064 409519889
88959 617806922
99148 47082537
82996 233558694
56163 204053624
55928 153993967
76250 46778960
67120 350911155
51926 179569012
65753 120187893
80129 261036325
93150 440154776
36220 87646887
69631 336587118
82022 6469620
77736 167976290
63342 192790462
57038 193547987
59717 211054469
79913 109397255
83311 462245232
86445 293380879
74445 20863867
37937 111808254
75350 163565712
81152 58467810
54338 54890155
88382 272216622
99088 667962708
98911 624191604
58927 215202072
58700 152856765
88008 67557350
82812 516284192
81860 377177158
92744 667240922
66686 197333032
79703 285133740
67981 241692168
96902 317417609
36879 84424565
76686 341879057
61764 203830453
86637 384650077
72320 179830807
99833 46552223
98955 751200620
85215 358887721
75392 383280110
92921 570577013
80205 132803941
55405 135810783
92217 74181493
55025 48898014
83901 439601243
77886 197166979
94294 201065424
69605 179216006
56478 222679828
87915 78344720
86664 262305671
82139 124621454
97740 690671825
99765 826545209
75831 124894472
91170 86468594
70767 68835862
78211 207279657
96629 128114215
79640 133880037
90345 221175989
99372 790478453
91736 453248693
78471 100063153
96690 492433402
71351 389357275
76853 58284608
71623 166973496
95789 536747281
96857 406746789
88973 351021606
88148 85437083
65762 215102906
69858 13525379
54495 120465529
44642 129858331
75755 218089374
80515 361712877
92080 605616015
79067 384900150
74810 262763027
50705 135127233
38421 32815892
86573 97721835
84689 163890506
27278 37559370
80839 227878848
84052 290010453
61569 68427313
90158 529519816
99782 265169940
45799 138398685
90798 168319991
33335 27299768
70809 77780725
98707 60874308
71927 48357423
93550 7166745
97577 407929051
89768 71068524
83633 19982204
62396 285669300
55618 89349855
94971 265777136
64465 37789824
70262 176896669
68927 159177981
98756 418831958
37525 94199907
60578 124601850
82016 264413460
80556 462418006
51038 61858735
45736 34004442
84125 89903057
71456 368746113
58940 91141266
46220 102359589
72410 281368553
73107 186140675
82112 545081229
88529 381382589
35203 30629007
54322 73496817
84068 197607495
51385 2441562
77226 300113818
56047 169278174
17357 19559852
60602 69574271
96413 308333865
92792 563372951
99082 77861937
82237 538839603
85224 584951341
88582 93548646
51576 31085848
53348 11879284
98213 464427011
75153 402937960
48293 169253749
85123 91399596
82162 216904245
67621 148181310
29490 44187677
31601 38084410
42581 90983435
99611 423362192
98123 745364991
94361 413920216
74804 252887036
91904 608533325
84707 51050142
82231 527933895
77324 208427047
65660 334456764
91464 270582790
96015 378324220
69911 63236040
88205 393397684
89680 76720833
76157 94718390
51982 120892707
26930 46779080
45754 117066747
80944 131199600
76179 453995998
33499 44906862
81479 37773094
87257 175991938
87729 393442153
56452 178898037
95767 649933332
52880 232537090
58872 146803801
44639 81433475
63548 69268605
93607 347151522
64628 134774578
81170 228996299
72460 393008154
98919 337678124
86590 391851612
54893 45652573
22962 41893007
92720 379175116
29825 13136249
94281 577559528
86610 292470853
95959 620383134
75944 21573640
84989 342028633
72087 152402002
97202 518717812
38484 90428582
79149 11408182
95590 59053524
68243 65241588
90991 445996068
50963 97202380
88238 394127681
86314 319293564
40292 49798564
94507 121047918
35780 416363
94654 230821446
61259 238916266
90045 518680912
98388 673397788
71677 68901543
67677 326808665
84604 188314326
89675 595792230
85216 201181920
98438 553012745
76478 153981948
67831 251897184
91388 456665619
84474 71217262
97986 306088960
68684 3473358
82943 377441374
97121 65339498
47414 77008733
44096 1866216
70428 139610696
84111 413818085
47038 40619775
95882 642142594
81204 170536943
87665 51712681
77201 241649728
50715 69352490
72602 339923704
82583 506960441
82481 303924780
67982 232752121
33200 73688014
99087 272984828
80976 118553713
94113 385483136
85536 176994911
61625 81913764
87244 394015617
70269 269387783
66093 144412376
88164 64893535
95400 611501620
96998 400084207
93742 67252344
37102 104344758
69045 349607546
55370 117857287
48738 52785923
78108 308665543
64798 16577253
55284 244846273
76541 414388426
66138 295326970
80412 53041189
59716 86965209
55340 200312554
69950 399753231
43935 66802625
36502 95652627
75303 258845024
87516 518738341
97838 578025919
90950 607796945
75764 145481275
50877 174507685
63584 29520043
46127 31519240
78311 42016231
57903 93324113
59198 143236557
90515 391091964
80455 501926637
42324 28580417
90362 492180121
32685 13877807
42791 132257377
95158 131605122
73193 63715006
76229 241629046
63718 180264087
70971 353425051
99901 699695640
75757 365049426
62955 177343444
94102 170199330
99041 607461221
91076 681633218
20206 20525235
88545 196508806
61848 72075800
64854 193794896
44447 136072522
65117 63536942
97870 292978803
89096 450808701
77853 62856205
56294 89677260
74090 41222984
98954 406283817
55618 164019306
58458 86366626
57785 210465486
76041 409350188
93737 433346892
54998 68527349
69728 143621288
97328 14392071
59672 174704091
84877 61942137
71525 271237052
80108 60604983
45150 23603066
81557 57293244
78944 486492784
34997 78350112
62975 89649911
75268 400395969
86482 242642316
71564 52343869
89128 159300045
54966 36177521
37241 45664691
89762 554998432
54849 44347009
97121 125682696
56925 101373290
75345 69339668
80879 402270917
97870 418499961
86414 70574120
89319 505958891
24796 34900740
94022 581059890
37918 50650608
59388 199773923
37154 74502611
90755 495190950
79274 504943441
88836 87742832
84241 531060630
64399 62884203
96176 673211961
91088 118222967
50853 189225958
60680 185211656
97968 285384067
73757 124209386
91615 26695917
52988 80195686
40916 14744067
78764 76552849
36921 113473696
99974 785194096
99612 773985307
98498 355665857
76854 436154641
36977 94293163
76424 318619381
86057 483716083
94269 93776360
96629 752695902
96398 13540461
81068 351737361
71091 167137328
53495 202122291
91903 509963886
94377 152445445
93371 373549942
58181 125153522
72292 281768994
92589 264800699
46617 136313801
60149 188559479
75318 224715265
82737 221464201
95618 26135980
42114 124263499
84506 379758767
35370 82813816
93468 460949692
78837 290079325
72686 127963393
73484 440803040
67498 146329620
93855 208671728
93719 422275841
89531 308398789
68708 63336504
96019 247336038
90943 477274590
62198 70620547
73598 204135428
65180 87147752
28642 5230305
89348 28231797
86339 171864550
81188 315990573
67434 238062434
49181 128647286
81228 154375022
62861 10783214
65060 288097936
81137 398062297
93056 622629897
34660 69542784
81594 332464564
98798 588079928
77090 303895817
64907 286374735
87923 16382054
33359 92117522
79208 490709597
85781 445214
96590 173179850
96282 215190995
85491 182217995
92441 22600838
57278 209039074
85241 378151466
84401 399664590
8257 1054365
54090 110471054
71339 244507272
93681 169561219
95624 3817213
97313 565068307
79970 174376976
99155 437573446
48301 141617475
56804 76036220
97715 577142292
95111 123903426
73653 374330935
93786 684160823
97997 201117783
71748 169015952
76872 474330223
68510 126620388
84824 545174689
33899 65701537
71331 183462574
81899 308897710
82053 512630878
33320 18476732
80074 138679155
78368 91821294
81053 387371860
41268 137143942
56108 40182662
76868 301028316
98661 60819407
96111 159880951
33921 32961980
92204 61824382
53665 75842106
90101 316303819
97151 515791370
90758 307871439
90439 73114971
66336 138014789
68225 231084395
82142 161674817
87349 448075731
69182 225727792
85865 83226471
65596 97458690
83717 493390169
57347 97501883
59167 118605477
42081 10683484
88580 537646131
82533 290660605
85399 166563606
84173 39029585
90473 130342482
92820 618142400
38768 37421946
91650 40376581
46561 177689160
67833 42224099
51824 159830273
33875 73125387
53409 190231876
90366 589308530
73586 278745772
52140 117921418
85164 344657869
85936 15266682
99759 406610333
94320 414978358
70922 354267563
84131 225917755
74962 108673410
48398 158626066
58956 23535118
36383 48024449
92390 660664433
67352 237487255
98657 639367936
60101 73759372
92213 485200208
96629 66146292
98041 441192831
98873 150197474
82589 452459835
92228 657750560
86954 160775011
79148 204745041
72965 322308013
89050 594153195
51491 187212369
86381 90504441
79434 76714469
96806 718098604
43571 59487346
53039 134141897
68943 101481454
60959 272257799
71655 161735597
78965 203770782
85401 313716835
78194 360335536
91361 84521548
26481 47961647
76736 43923559
63756 175457606
75886 201697674
70223 303533802
80826 238655239
87086 611842534
85352 289865807
92577 241833778
79976 170702163
75321 333684820
94605 316222793
93597 338903800
62549 62198059
86931 267064162
51521 116599997
66201 227100488
89765 389513871
35624 81555549
87469 99538917
82465 481332864
38813 47476616
72890 292952672
44203 119796123
86076 368158615
97587 8557505
82358 216084725
57389 32892164
97924 506856783
88282 566321412
53951 145116454
60968 299348932
73226 34972325
67854 245635201
92780 563831447
68204 20489545
83925 455305328
43211 98723165
66562 54860997
68600 176440756
75057 56048564
68318 63402802
81350 518207290
83335 158750085
92550 110901382
82335 329974090
84500 348767450
93726 271564015
94487 177140507
67097 9031440
96068 381141010
62793 122815754
78359 171200390
72351 384898457
85946 413664402
70316 232951060
92118 47610901
96923 522975828
91988 246088880
61806 159746263
91896 517499893
95046 406099901
96537 39583648
58842 113091992
92920 282613863
10089 7363387
98124 578013136
53938 137146341
84241 454665270
74019 100842920
70561 293046681
96236 10411693
58481 186037953
56477 213743252
93677 281842516
96524 100592896
86234 217104854
67005 275471867
88162 487842783
36717 52155557
96119 728751222
95561 653792762
90657 298023554
87386 15168424
96942 483147689
81860 279498608
95937 700641161
71153 40633601
86892 597098153
55998 190979576
71834 376379374
99594 528109952
49674 27107266
95097 413439688
62117 318085563
80052 181112533
95403 53326418
77937 217969120
86848 19523448
28829 36591185
83289 154277449
79085 107716077
88205 632621727
48040 165460890
85638 64607387
78878 134498955
93689 696851963
90738 127733660
77145 81841673
95231 307700168
86709 504895216
92759 354647286
79948 390381765
83143 475008480
92550 16962953
79237 178952646
98285 350854204
83216 296172523
72113 360471128
61133 38103863
79557 466846711
16794 13045727
82575 566700850
80169 73368025
93338 142572115
80441 177801029
87103 264979590
65399 89232298
83820 198235427
46883 138969637
67671 311673187
81720 456524018
59641 79133256
71231 59026256
95818 573436116
62267 62808981
41126 128642032
86065 249513081
82365 200022922
69752 337126928
73135 420636618
43312 49016130
76673 480163356
47061 1714966
66023 353983239
29370 26235439
97866 328093184
82094 485452580
81236 329156729
98170 474337392
28889 56896420
88362 21849748
87469 39179028
79997 451745748
64471 211161366
99341 532187769
94676 416144144
94265 715144365
76223 307388884
77303 64539341
43404 18936563
81665 442945131
96075 135841169
56264 46689368
69305 103966859
33105 41701820
70675 218727366
77477 14780599
87100 34835280
88101 456079912
88884 28372415
96591 373759537
90030 498937462
81971 240375224
77685 18739711
64488 126810496
89645 202720893
68936 267401735
98013 318858910
61798 200185788
87732 73482469
73355 2630299
81747 177095506
52179 94694767
95787 520344497
93975 718052012
30830 5476543
54982 176732229
87685 440002248
69222 92305399
51113 59742190
65788 290116083
89406 336116230
65453 277972173
59522 81771682
70466 78544208
92645 374173849
61302 28246697
94775 297995845
54456 39848782
18044 2286950
95193 394137721
92699 539038350
90545 368543612
53430 193817006
94044 699878381
80100 34515464
98658 590835104
73811 108561004
68329 121495569
64415 90504555
86102 79600992
96444 611039144
90135 140525915
55157 168325866
76602 246900823
98273 65306407
33593 69816824
79985 187281748
96698 763358109
68822 283399084
34161 93842195
72067 352478973
78803 191721317
89346 358219630
99258 540828202
73296 253627213
92375 633449222
84740 550464086
81324 235095049
66966 304150873
93425 251211721
75186 114117641
82807 400334778
43826 84258935
75621 191120968
57986 155585146
93096 391282874
84806 31784155
40803 104947379
85220 592110897
56555 233758997
67415 377651182
80817 507991900
96590 581638801
95290 573830793
90128 662961255
86706 527063756
77942 163744911
96071 157785268
78807 314527765
87693 61884614
92700 28887313
99392 598180341
64264 252483465
86271 28221688
21845 16243160
90806 479188730
76440 466571372
94553 243692479
72104 392144144
93263 520611188
99045 619354046
69362 91784009
78679 345540279
93543 449333729
90650 249737861
71897 253355655
63488 85331682
64800 267993448
84774 67614326
17784 2192713
86930 281520089
92967 396470119
59948 195364810
62354 41442774
94448 724540394
96549 352703500
90318 515373668
65921 267214598
84757 394456659
64631 339431976
58984 132468732
80301 174296140
93821 507331924
80219 354354652
56345 240797502
98162 81808592
43013 91567096
38126 111425482
61655 165472972
66552 222093250
40896 49548983
86046 429594298
96583 689427684
64982 218204751
90953 126985234
86442 47525948
87984 58931036
79238 403684935
95120 431191247
63753 216318701
86885 24826738
81350 256543418
70325 113049005
19785 17654248
96132 310113235
72501 104733914
86369 520188385
98319 708011420
83462 459707161
74901 366254198
67284 302946310
45294 45125156
83010 469181516
77894 294432986
64615 12787134
47993 161903860
66350 279515608
67394 332309606
98364 381732928
82397 272495373
82097 467335303
48475 190917384
80961 403130978
65930 54957824
76491 334918216
85091 560420344
82961 478837437
67389 135219836
52703 161222735
81231 83087668
98102 192002227
70896 148219763
92894 713927088
99576 495431251
95162 256802591
91140 386276519
98728 238397877
52309 46692789
79986 401316427
64116 192861881
65497 216890649
74693 323310049
78628 155510547
93117 241293256
64310 137537215
55535 105675398
65513 106195057
43074 101264735
76353 235428425
65936 44846468
90842 133589945
79149 86252734
96825 184035413
65891 312076304
54096 120797321
60506 39148238
79576 192496017
99816 500446750
20909 15390312
62248 2865249
65651 190282209
40838 78174828
95382 106163900
83130 298718203
93937 156066828
50520 38933026
84503 41259001
91466 240377884
89527 445504263
78188 253418007
64166 203763754
84870 70053745
87833 580790781
95720 369759344
69371 268345745
40375 131685834
82895 434289448
79634 412620776
83597 303638613
88014 46026674
76691 142327146
91551 531812957
96563 524742176
56310 237663326
99573 490806841
63038 315453991
84530 329326811
22025 32866687
81320 86360755
63391 331592328
47696 136066545
46355 131801213
39715 106115865
81389 425647884
92399 231895100
46930 96198195
32417 78159718
67965 348877922
58241 161134533
72390 307801333
100000 604498836
60578 143336410
63897 325392955
87174 452310319
37700 4898304
90919 196808379
93623 16051904
93994 178196952
88853 515925805
76656 385883881
98907 46321453
59306 42487923
40287 67377172
83918 362679954
60396 136575704
73142 135770106
76745 294470854
70365 300429631
95507 657167056
95669 97100608
76031 91539871
97338 263469676
68364 334653956
72337 283150899
82916 506794553
99562 392750211
78083 421300855
70450 128403276
94289 433783638
79754 125870272
65810 320537233
78539 396812351
91128 630834260
84703 590095434
46543 77898576
61600 13350552
90348 428995952
45719 154976470
62692 187325226
42197 127960352
88194 503169842
71456 348819639
88476 161279102
97022 14854602
71739 348258736
51764 40848092
88625 413379256
26472 28026077
91532 136878459
94423 118607271
72481 398278671
54231 120267071
79047 501118954
55805 217611005
87703 603684783
94475 461911458
53691 41543972
90070 646598826
94872 572492633
83571 264325729
79817 323747010
70682 116397658
92479 21950433
58586 26835531
86453 177369421
42227 71208818
86829 5723356
80373 366592265
96818 189011921
94399 6571707
69554 251440724
61182 164183611
56034 150429914
97489 522962703
44246 14094122
50778 201985250
87880 371859840
68646 214064960
61927 309960300
93755 285650651
93601 721172742
54946 142486020
51862 98668707
40151 50794719
85179 225759811
85113 523403732
89174 311935027
53798 156991344
91544 83456506
97723 433551204
72128 109232946
86444 378967591
55838 240253444
79445 424938706
94619 456268097
82784 105357304
81870 395418281
72792 55440677
65421 259318831
66303 125914799
87443 66717812
79453 153219816
43455 6477359
98969 757153367
93660 476408801
76559 207604134
55146 196467602
94394 125258800
85071 557411041
96704 379174395
51721 109588911
96438 175322351
62727 152842373
89456 625656849
73325 262866635
71403 266066107
90077 405951275
93690 346743238
69602 26020060
96376 732016446
46496 146655274
67926 318827911
64092 71038334
58386 227023280
74562 206410892
83966 17289106
85925 583069607
92168 483736809
82383 361031666
84564 181209796
98234 703023550
60119 58003083
99545 334806914
70241 409451895
52071 138014210
97778 309953393
40814 28571428
86010 186411116
77930 342311969
82700 562115754
86450 388201605
89849 26333462
72879 29914780
51608 142000584
21847 8696892
86046 205247827
80596 181990215
99960 634333588
97280 556148515
82700 88068899
94935 404236190
71375 236091412
45272 54614242
59411 126674073
77470 80070693
63131 92481691
48671 24953370
36041 47963373
89034 13153219
82109 305784089
82943 548634623
77975 381324325
87678 357210055
74543 400913957
72186 370970414
71504 56859986
69578 168648959
96578 571032933
49846 173184633
98064 782616122
78809 336419291
66538 145077735
90439 14568240
70914 213365951
83875 239373837
97175 374190394
58277 124425730
79165 495225051
50412 143750315
70100 385164909
77429 145419237
52888 151359354
35762 1130468
86282 55514725
93061 493253253
54467 150031151
38672 23352119
93274 408408957
27566 55034040
22805 9614982
86420 408957017
64332 202885430
52686 164494322
95967 219750167
80871 384664099
99959 687819365
45248 117999690
75083 303039214
69321 37102115
78396 492025963
82552 453283128
95004 300287923
86349 93156190
74547 207250538
57691 173801220
88152 249034672
99553 825355866
98696 703266845
86268 141744547
81775 264348360
97172 590267817
39271 46723068
77485 306625812
70563 214582286
98990 355149932
79578 231002914
82396 441699051
79191 428458727
87782 515521971
49740 139759310
99831 65479807
72485 91840888
79853 20620022
97037 9486362
93002 390113338
90178 272539170
72985 30635742
96739 338429541
34173 3797026
61152 232084576
70166 259824038
73290 134837299
71204 209214595
91889 461085762
64787 214255811
48075 2439475
96323 311566881
87597 64864507
89572 152473308
66668 136741216
87452 49378992
81402 114033695
20604 17885663
91140 449116633
88613 224257948
95294 695011808
51286 11331378
92067 314936158
46530 109812190
95355 492555647
63015 34395310
29262 25261793
58880 33412807
75467 138136260
71292 87628196
88409 601122232
92258 154814241
75029 373655126
48770 139225419
94816 626928438
93303 564627058
95219 695235542
29066 21101372
40853 107080565
70556 74140953
98381 718992804
98963 604348017
72419 261313649
65183 299446955
77698 153191628
57487 141805524
37735 76567140
81935 114172881
91227 471173147
75488 377766096
64356 10874807
58718 184392686
21653 8229083
93938 649023970
97266 313576742
97478 735787510
98537 664946579
82653 412076401
52916 148580962
70298 363674449
30560 10486254
74189 23982707
94621 451404432
85457 5667331
85014 488067565
64102 108266970
85742 309406108
70897 178111929
72742 263092293
28433 51021623
69282 289738511
87585 14788786
74003 597384
90997 240152820
89445 134883443
93169 70309725
40470 131366567
97284 148280630
65750 101600368
84584 264632937
68883 12359314
89694 292575427
79120 217231584
82362 313089454
58889 60791618
88315 335414550
67544 366193869
95996 605908223
74246 242839958
77427 366433729
85839 364669954
82105 537660600
86403 101419177
58649 157431222
80935 279349566
43553 113958212
87735 112505053
92157 137322475
83218 494155188
53348 28045134
94970 565445813
81426 227077826
90430 247339923
85608 394660298
30198 54296134
64371 210567787
76941 134223434
82696 85603140
79028 81852086
82341 113019133
61897 82049673
86801 553407875
95214 477213679
6183 867919
93659 470783198
82477 241300602
81264 311215418
79547 440821280
98186 633506195
35688 40072535
66856 321970140
74444 178567614
32894 22958725
30926 21476539
95510 647676526
61454 86192247
85158 234520372
57667 151966143
25988 53683404
58904 8875928
91222 285064695
74446 248542374
82359 210534352
78344 17411605
82676 247615034
95216 691743430
89674 99748824
82577 395092841
92197 1915857
82793 433900803
67563 146891581
38678 120460739
90156 165939211
54231 135634850
71705 120219619
97654 66081756
70576 152275284
46036 38584680
98810 749413178
63140 15113472
53838 124801228
93053 615131745
99204 349061104
95280 187418867
85150 254838030
92335 612061668
93161 560537992
66615 231270877
92277 172134532
94910 130380705
87562 191518719
50810 55544603
49440 4481744
81345 168655967
74030 123617732
89717 416609785
70286 167279517
74428 228282735
87818 276737749
96388 435860115
26978 27545241
64503 281925566
74843 77868792
59732 257771967
49967 175043709
63455 54052212
88766 484266142
71084 57131872
61574 95320467
56579 172986058
87438 422531398
34637 30434925
95394 648714599
50399 20284059
40992 40673449
34446 60531278
83301 512392141
77454 316876162
95448 294268537
90697 296301465
70121 176731804
97406 437800997
90409 489533064
46766 130812877
85872 3544555
94790 124557553
89886 340767488
55772 77839856
85012 87435126
57255 32084075
52514 160824822
78641 251890913
81770 220031301
66962 326248038
95311 349038384
91338 601010045
78383 481018519
33626 21050050
52823 21074791
94119 565841122
26193 26108539
97515 44082548
38855 92761796
94959 592662850
86513 593034427
91709 64721755
60245 162475436
65648 325495052
59851 73862373
36091 70497417
66543 344457925
94184 329963342
64010 46382102
74353 215684772
55523 12041911
19990 11542386
61526 279809091
87720 242272850
65645 260510903
77232 41149210
87371 93232287
74161 193663728
99094 737344428
91875 117150611
92978 556715164
82842 188441417
40235 49403038
95854 757205493
85485 487630763
98366 354517203
67205 241770830
52350 100957609
66418 274883556
91647 125995933
64574 100958950
85107 514570958
40301 39647742
62915 327029809
77231 19079401
78575 356974730
93585 231151919
49264 190561182
93050 241187875
30255 33008084
77710 211424946
66151 191553207
92966 378474572
65315 315596367
77294 12260329
57081 142444286
61313 214485863
99887 356227961
97208 421601798
85404 378354344
89228 342699201
55871 96721200
75596 96737656
77493 91511050
86675 98005824
49916 51691269
61130 245408245
31733 19162710
36738 14649638
60383 6345293
93208 502369497
66683 55147484
73099 223454394
98181 18127162
82255 10665300
85455 583688969
76007 471890832
79088 423062618
76835 303001541
44973 10317314
79251 395858291
94046 327366503
17359 23205744
54088 183852045
60426 277593272
71871 175161383
87329 144141158
85017 249702085
72224 261993524
67280 285218460
91135 545588397
84566 535528123
97857 504778283
73750 250734894
36561 62923918
92186 444623274
38330 99085446
95896 245829000
63343 184245318
64862 105907054
62930 329401038
30835 78049314
77925 148415723
81953 10628545
87233 414068481
62828 55298050
69776 369108362
65081 22602871
98814 526511774
88721 462885547
84429 95399213
78295 352291269
69131 273950725
90480 243399856
88845 113577286
95837 662584993
57807 151717112
86506 99066705
84373 107213154
93630 186126224
85256 555037862
33870 87883450
90388 26966775
93486 81929356
60994 5117622
72823 122668368
93204 17642110
90533 323596115
25847 54661890
59597 278542288
84224 566010156
76448 272786985
