16375 -9990797592
2902 -5235136788
93916 -2162758206
12753 -4584189032
-65148 -5908554988
-54481 -6809427176
3989 -4081215262
-99601 -8788309882
-74140 -6103880576
-48626 -6349889400
-37450 -9802756781
-48918 -1968153227
78335 -1934895496
-77512 -6526199185
17575 -9793718958
-18878 -2695482771
22264 -328999833
64340 -3413854920
10422 -9549358585
-41833 -5419603353
-28019 -5903115570
-84700 -2630978584
85080 -44720696
16132 -6007124436
-94741 -8856964564
39699 -8063226016
-67647 -1585971374
8410 -7875753246
-51798 -1153990685
-73221 -7091700590
-2496 -1292834947
92574 -7034006845
-86068 -647751257
-37369 -6923506185
92073 -7327440247
94561 -3944696046
-44902 -6533847412
-80212 -2071176109
61937 -4069614188
-23308 -3533554039
60239 -6562956952
39428 -9657444617
-79758 -7616178052
60663 -5089316237
-96457 -8646815332
-68054 -4700424750
-98772 -6166783120
97444 -4220351556
69142 -6962443770
-32707 -7950737354
-27231 -482041892
87324 -3732579577
88647 -3441790009
6931 -556561974
-37171 -1600593484
-72331 -8112340190
21436 -7566358662
-38571 -3358505543
-54652 -1521574527
-79495 -8881834530
54380 -3608440237
-41545 -8605176538
89975 -3359988948
3635 -9098993244
-15894 -1614434561
-91627 -3013732272
23049 -647208824
10694 -9047025268
19300 -4483347255
-53282 -4261551003
-42965 -3942041469
93422 -6091878242
31055 -656228948
-20833 -795650088
-6477 -8620148957
-44460 -5074262662
-91804 -4806472564
47886 -4651455239
-3821 -1359516984
72229 -2502538854
77678 -8156596928
50451 -9795330557
-64437 -1481207486
-141 -4622643268
-22065 -7707201437
54973 -5214411450
-49552 -2383857390
-56479 -3662106676
-5036 -7591961874
-23290 -6272595747
-35464 -2577835059
-10822 -5096878352
4595 -9437168408
-71904 -1035528178
-85194 -1927846975
-27810 -1026781790
-94090 634283585
-51564 -824175487
69326 -3731826042
-51276 -988243021
-65158 -1099061101
-44488 -2785570593
53333 -6145401724
49542 -470652817
19356 -8136821971
42527 -7594916290
71523 -2150219461
93737 -3325751336
80840 -6709770835
329 -8305254492
-16247 -5196598203
-12260 -6569340366
-30265 -3719754437
65023 -8098974600
-919 -6304342794
-66229 -6538291898
-21031 -6285506424
8372 -9798712288
-28525 -1828736428
34313 -3443612618
63862 -5304586176
34434 -3816154015
71741 -6343285148
-54326 -1835548173
85213 -7005082122
46943 -317006045
5426 -2512196786
59160 -1174309441
-13408 -5079931702
11685 -7631031023
-94173 -7177607617
89802 -3656497076
-93717 -8599563686
37142 -1416392367
-33301 -6491232292
70838 -6630691238
-45235 -9362030456
-8744 -5901836397
6824 -4962452130
-8215 -7429005866
28431 -6420684425
77215 -4409715072
-81850 -3018709358
62961 -3143509178
16390 -6913334208
-37897 -8328455429
29384 -8540447069
-83032 -1519644061
-98950 -967207696
1747 -3168408336
-83767 -2078772627
-77165 -5570171241
-60856 -44143254
87186 -7564765970
-23132 -5237671047
-65698 -2070327341
58011 -359102626
29819 -2076290224
52256 -1623846189
-27691 -7648289918
-781 -6246385562
15713 -9524339086
-19252 -3815473768
54923 -5718801516
-31743 -7463773759
6746 -8449548490
60071 -1440371206
-47524 -7165424177
-84366 -6537800659
-5523 -6156314738
27780 -7323445361
-3477 -6375199520
17250 -835442557
54741 -2612464819
-4537 -3705920045
45633 -9652903211
-65319 -5391032702
46502 -446553124
-79324 -3871885223
-6120 -7961888441
-96027 -1040133238
42989 -8876238184
-65128 -9143697258
46064 -6655152776
-68972 -7265694510
-65360 -6271219551
70325 -624773803
-58966 -8183702656
34229 -72118428
-14960 -7515915954
-5224 -1883486700
85227 -9961835356
88988 -7118811641
-71497 -486828386
-604 -7364222805
25940 -8616278932
96662 -5771566698
-88852 -6294205428
-22828 -3155497633
-3644 -6219815832
-29751 -349179874
-71551 -3638163616
-57362 -7034107971
-67552 -1188837415
-36166 -7882411092
71013 -3907348916
54116 -6770813060
89010 -9037734965
-34788 -8883467530
64528 -2712639477
84560 -203897717
-89652 -5598985003
-90093 -4092278558
55451 -1603248068
4495 -2682695769
-51712 -4361839187
-6325 -4652127344
15830 -4101113962
-32259 -797065018
-58215 -6104700092
-25560 -3953007817
-52316 -159840195
-58176 -2414600141
77109 -4019099404
4880 -7009945370
57156 -3182318413
80440 -8512897788
-18569 -1816217145
-8865 -1407900644
-32844 -4333007083
-42895 -1108834699
-73003 -3264193635
38005 -9513845958
-34416 -9156012907
47404 -3893038485
-61309 -1313102157
-92986 -9867787924
21794 -5461655469
38154 -6380718337
-4954 -5480656830
34246 -4759142781
83612 -5557478275
84173 -923450939
29465 -5946316024
77795 -6215671305
-10271 -5718921480
-24876 -4755884167
-11847 -8066602684
-49648 -1194478590
14752 -5835101898
79946 -6600178760
16877 -8233929966
-43404 -8817586412
23958 -7359373849
-18934 -5213094384
-85107 -306874820
458 -5586295560
-77661 -6781750268
-39549 -2995868273
33256 -1736228994
23894 -8988817849
-2752 -3368777499
51074 -5754956569
-16017 -2533291889
-14204 -9861561384
-68926 -1779190997
58602 -6860399402
57554 -6878429708
77021 -3054992291
-97380 -506921476
-34194 -4275039467
15793 -866219571
92706 -7914581431
26004 -1883639506
41282 -2072862091
-32628 -750943283
78920 -3532519828
85863 -2417431480
-14531 -3510566616
-82165 -5253211680
73341 -3675451784
93923 -6722999146
68390 -8272186865
59652 -3264523522
52437 -1536996107
-81347 -1027574859
-39177 -6850409425
-81805 -8640232377
57149 -3797862474
28970 -4265560628
-13126 -8303767675
62474 -1170704898
90758 -7205428074
-20014 -5899708371
-64432 -7935656549
57380 -8043057378
-99928 -1198396763
-7954 -6185998850
-29983 -4860131188
31169 -448034207
-27087 -8941363798
-73165 232115634
74524 -337159845
-95421 -3061170917
-25602 -5562702386
9021 -1285662014
-3163 -4334876710
18726 -7478042641
36776 -2043156246
-63601 -6875452665
48179 -1516846924
62906 -7909550147
-38240 -1636600587
-52075 -7849479388
43824 -4475981098
-85129 -3539111112
68222 -992091329
68150 -9533043657
-47907 -7847837872
84112 -6164821773
-12252 -3098166056
47532 -487972322
-27510 -9961251656
99680 -9111568867
92918 -6034270768
-86325 -7869287536
99200 -3982636733
-12204 -1249546888
26659 -1760025633
-52944 -2938415906
-93291 -8030193058
-66356 -1484076660
-94590 -527773657
41250 -5994557423
-31492 -8546589771
-55287 -1750470910
49443 -4290227648
-58588 -6209181348
-10011 -1115713178
-39382 -2640965223
42499 -8104441758
64043 -5751277801
-25772 -5292986874
35984 -4466441620
-43369 -605532720
-22623 -1828890986
282 -9877740112
20462 -5930062492
-89812 -2552134132
32840 -8615060610
65799 -9576063304
95340 -8243206568
26951 -2972803801
36686 -3936294476
16169 -8715057760
56981 -3176196931
-44097 -5442547084
20331 -9219836557
13040 -6311266734
21950 -7998945773
-29276 -1056171780
58702 -9001412019
-51082 -1284932443
-92245 -5539956577
49668 -4362679024
82622 -8357522332
27365 -3181266920
-59485 -1745036649
-40024 -4949793381
-22447 -5761775612
8110 -5624404311
-46246 -1457445144
57516 -5051513782
-4675 -3816457102
-70948 -6781332841
-63478 -2887223939
-15946 -8309726375
14402 -4385205214
29887 -2141514432
75158 -9255608218
97167 -6091563038
-14402 -8848509141
-10282 -3132687912
43424 -4294329534
-1244 -2238579897
40526 -1213569896
-69052 -251612627
45614 -304652298
-24114 -4968981988
69552 -1539558574
-45808 -1377040197
70648 -9922388223
-98962 -8699253710
-45025 -5781626396
67424 -229860685
-70599 -6700921418
53473 -2574246492
95746 -3798669516
-48597 -2770562636
-51508 -6792821244
88685 -451055282
-88201 -4928991866
74003 -9248982454
67762 -8407967070
62642 -3939423924
23753 -2434453427
-9742 -6721247566
-58258 -1805657150
-59161 -9631944329
97448 -8435653627
-42190 -3960090588
-46683 -7382359994
-30286 -9606783919
49030 -5452989132
-89954 -5009680692
-55228 -3400860063
-12794 -467057571
6497 -5033767914
-60634 -9816672121
-42342 -7379088565
19004 -2613520510
82946 -9618498795
10704 -7412752390
-94344 -5922202376
83859 -7263611113
-46843 -4978903938
37904 -4195765860
-89545 -8920005605
-83468 -3408311343
69515 -6858843373
-33287 -9658318302
-38027 -3474547284
-52907 -7125881190
57056 -2552780758
36023 -1790418416
-63397 -6567120058
-93855 -6983910734
-79952 -8172506037
-68091 -3254802724
43988 -5730712515
-28167 -1053854348
-28464 -1012006247
40394 -5049171051
9722 -4382590857
-20388 -8524933177
18057 -45401896
-25656 -3807926555
26367 -1077862888
2360 -4351081198
-34850 -5266013391
-55252 -8339553707
-47197 -4633769452
40363 -4178792334
-48961 -9909161726
21643 -4841240961
-85972 -3205122207
-8224 -3226936745
-24183 -1025600368
84963 -2740250197
58418 -3812992912
89096 -6789852474
-56866 -2942350635
78795 -2845491409
-73853 453792735
4607 -8328730834
-42598 -1162203114
-8698 -5707727042
9377 -475038052
-75631 -1300654042
16218 -4464033040
22226 -6263128364
19049 -2128776
44670 -9741625000
-72615 -2551326242
31124 -687855182
31910 -7419499562
-84845 -9824032725
76416 -8678624327
36516 -7171953193
39023 -6307659669
-63193 -5332598968
-55426 -2153848105
-69199 -2888467030
99813 -5316918023
-7304 -9536158314
-76264 -3099931380
-95690 -7031804574
87797 -3569523631
-17149 -4837627037
-40322 -7476625455
51965 -4485592940
50318 -7668351393
83380 -1210759677
98826 -2371665862
75126 -4380272480
35468 -2981314275
55314 -5821937260
-29046 -561237854
-80256 -108531254
2981 -1088611539
-89941 -7753885850
-82674 -560432218
-14068 -6912543407
45360 -636415565
93238 -8629157961
-7527 -4653926479
8251 -4384726974
41054 -1246599796
35543 -7837580928
-12170 -917591049
-52756 -3804713454
-23854 -534798184
90275 -2334658893
43320 -1971964177
60270 -9769507063
21830 -3438671532
83957 -2510503912
-24966 -9804483644
61772 -2576324153
80979 -8737886956
88568 -5932057778
75005 -370367387
-99259 -7078873434
-82428 -3138904148
-26190 -908283356
-57232 -8180059487
-41856 -6758097007
-91902 -6852024320
-29848 -8338905809
69293 -2464600068
63591 -2350254505
-98702 -5911103292
-65287 -7787080896
17362 -9432938568
-28506 -9535741102
-36390 -1915342481
24025 -853713540
-50326 -9479337704
78815 -9646847801
79670 -3371087292
-10556 -1102282902
-91005 -4233457930
84078 -2973439426
-79246 -9278038265
56294 -7292375895
-77823 -7787982047
32832 -4195896850
-78907 -9755361754
21042 -139072063
-15714 -6270238972
-87229 -6907231493
27052 -9180581238
70199 -6283997766
-31863 -3800035912
75657 -3209332730
-11608 -7763210612
60965 -3073997866
-37512 -4531664045
5491 -4947549201
93074 -2091895433
-49351 -1946177827
27270 -1131198329
25696 -4971946416
-27170 -8308060482
6488 -9803506314
-75538 -9169153871
-99880 -9937679189
-9725 -5511206862
29748 -354233942
-96409 -7788155665
-13538 -2647106016
84992 -8900437990
64856 -2489993545
-24813 -5709508694
-33219 -8550968164
-85183 -1905775956
-78685 -9178859556
90305 -3060795378
-47178 -4180780007
64115 -8194810640
-83889 -4544459666
34758 -583779629
96577 -762951459
-16387 -9735691935
-6351 -9622394996
58144 -4600021809
-78235 -3588703462
76530 -7518210317
-38817 -4482976826
-39159 -6304770974
-75124 -664237589
-77681 -4047433332
41932 -3994623159
-88482 -7084139512
-24196 -4346735928
-305 -3341473389
51245 -1902659859
-70248 279149072
-7161 -2144877040
-86202 -2009447260
18548 -7188446338
-80127 -3046731572
-29327 -5428304346
31760 -743459644
95760 -926492147
-54282 -7774341530
35741 -5450090448
80052 -3252680210
77443 -5321641812
-6898 -1599042772
-76152 -7474578758
68438 -6920131735
-98796 -9351898699
65544 -8843714519
68006 -5360743897
-77145 -417701926
7932 -559857712
-79893 -7560434560
94773 -4637117836
24252 -4762368683
-22432 -5808183011
-46703 -7937914008
-22902 -2746339100
28509 -5143823795
-21511 -180642127
60837 -1499445491
-24866 -1807090101
85751 -6873135877
8012 -7857703919
37433 -3491603371
7613 -6126295004
-58436 -6522061086
-14839 -8601529767
-3832 -3106031055
86208 -5181405517
9051 -2289994984
-94862 -1426301847
-74824 -312412856
-16473 -3899679430
-55428 -3429566807
-74854 -9697115316
-4726 -4643731492
-22030 -2395660465
80312 -7593040884
-17908 -5926704636
-39434 -4162931016
-39304 -9050993863
5058 -9777298483
51342 -6464612875
38429 -1709066115
-41332 -1138615906
84243 -2649765313
95900 -6936321915
70138 -2662660698
-54834 -2270851960
50899 -1329419760
-59740 -569205692
-23992 -9890382629
-68402 -8856994464
17723 -2346729290
47233 -8412884907
92753 -533827640
-30852 -6858820453
77858 -3361151216
-38792 -9141899388
39162 -2231441923
90779 -2595108802
14979 -8265906697
-922 -9760549337
38349 -466341656
82622 -5464339246
-19459 -8682785974
62478 -8497601782
-50089 -2530094833
97244 -4652424665
-97306 -5460981913
-55216 -6137047899
-29755 -9701054943
16159 -443892069
80119 -1644666774
90830 -3817996292
93255 -9684019753
-70399 -5510743202
11309 -2008985795
-51049 -5176052452
-61861 -6207647793
5726 -848221482
50756 -3587210861
-31405 -2341211576
9701 -965242158
-69329 -3182524974
59806 -319492455
38793 -2841692623
-67368 21145903
4454 -9659033691
97652 -4340090556
87570 -3711353117
-80744 -1194035475
13394 -1736512939
6755 -27416492
82766 -8777889286
-28939 -1343512722
-96085 -8180864082
-72141 -8594841352
-34039 -7650334503
96356 -9478160649
32196 -221271766
62801 -5507664360
-71579 -8161963692
-50968 -6158106991
-54511 -6195922208
37244 -1344608862
-85104 -3985723903
25226 -2619052719
48033 -8011446308
-24142 -9703729054
93076 -1304933814
31049 -9716586694
7389 -2131229098
66524 -3170040925
43823 -6266151325
85226 -6515189209
79010 -3171778827
-71060 -7088436159
38036 -9966990143
83046 -5668970869
24126 -1429558988
-37753 -8763178184
21941 -3519556359
-84006 -8999591584
-52639 -3172303146
61203 -6272023162
46832 -161106378
-51032 -9284295081
-61218 -4633101283
-9681 -5090767733
-83362 -8407571322
70532 -1246341268
-36377 -9027354885
-66532 -6585965005
-50425 -6077473282
86453 -8102517923
-38347 -7505505826
-16500 -4207689392
-76585 -9348858536
-77172 -6473084327
33764 -1320128910
20628 -237969778
64706 -8214819526
18275 -3359082757
-74565 -9922018493
19617 -3885035380
-78328 -5761275426
140 -25623491
45620 -1146038194
54758 -468205985
-62681 -7092031398
-8341 -2710533781
51315 -2301560588
-96561 -5220656924
-9441 -3882856418
96177 -7205194940
-37600 -6620149907
-83647 -8598333038
83897 -7584808478
248 -8222129979
-41058 -4987486570
-23743 -6072579948
152 -6774829873
-80401 -7089593645
92611 -9562120158
96701 -7781212879
-62123 -9890028390
24952 -508487031
-98203 -7269160884
94055 -7066770229
44108 -6728347283
77330 -6947281190
98346 -4640625749
49174 -7529288544
-23800 -7636972345
24110 -6500733230
-12078 -2441798815
92950 -2215144890
-92255 -5129160228
54065 -8071689835
-34296 -4163782891
-53528 -6400840953
-60853 -6130569846
-14857 -1233459948
-22212 -4371456721
80160 -7656729869
-14107 -9675725720
38870 -4224426048
31181 -6737943946
-28760 -5102981721
-84808 -1790185588
-62563 -1683862243
-71382 -5771478824
-86269 -1100649121
-99626 -541516971
-96202 -5544753717
91365 -8604403408
56388 -3674102326
29186 -7731941105
-28172 -25984974
41733 -6596602403
-3438 -7390019006
-75096 -9930187862
-98071 -4594859760
37428 -6700504519
45597 -1858830298
57656 -7773466629
33316 -3361055757
16190 -4829960898
-99984 -5694914815
8063 -5143999045
61790 -7356183249
-74853 -6445354834
6956 -2986552917
-99174 -7504573282
-17290 -2427672902
44898 -2882671396
55862 -9980993534
-21010 -8591849628
-49931 -9034366842
61847 -1139094261
18077 -9431699242
13914 -7027667432
51041 -2041204975
-9767 -3143308554
31267 -9075692496
-56210 -4585400547
-35831 -2300918982
97158 -5581226512
-76102 -1985351985
64101 -4383499916
-25632 -6650900899
-75080 -7781042919
-90561 675938939
-44257 -3204573988
-54112 -6592079668
18036 -5023264960
-41680 -7217885979
-41233 -4067697582
32469 -7216984687
79664 -6094106760
-85656 -3254153416
59100 -5481054680
23619 -9258757738
-2416 -6138938947
-17646 -5025303010
13002 -589648594
-80572 -2087222271
67378 -4541710449
-13641 -7260779797
-66697 -6185005292
66006 -9041467525
-5124 -5827090283
-64617 -3352840961
-98512 -8179532195
-6370 -6445459790
81017 -1954196836
-35496 -3556177109
90455 -8450895069
-23027 -2673938775
75939 -231359326
-58584 -5194425728
-33944 -1784337825
-77905 -395162202
23148 -8406258272
-83982 -9955928014
39196 -7395250356
62095 -4626816477
-68647 -91880367
29140 -5526833154
52920 -1565696501
30409 -4311734562
66689 -6743186574
55698 -7911748270
-42887 -4027992042
-6807 -7919984060
-16054 -511232569
59858 -556112019
29339 -3723441753
35677 -3715348974
29888 -3548665210
-39259 -5387294836
-89265 -7980519793
88614 -7823181169
10145 -7814907550
-41410 -3943992793
80039 -8606826501
-2722 -829665025
30027 -3329737
-24252 -805221259
-19147 -7692059984
-51093 -9779507200
57443 -523551310
-97857 -765749489
-99250 -422670284
25553 -9225899571
85970 -8075612003
70290 -9116747017
-67294 -3416604709
5292 -6547893421
-53559 -348260788
98632 -1686677637
-44426 -4590710304
-27525 -3397476244
14273 -1580857704
-31323 -890078084
-84375 -6097707560
-34474 -5096065665
-62310 -1072864391
33977 -711553460
-21664 -6711893287
-25401 -7214944949
-1966 -2106985815
46229 -3035482292
88712 -8144414295
38492 -6974208444
-71414 -4827399600
-10210 -8557874368
-94488 635157766
96572 -2447771483
-59852 -4164767328
47867 -9618944480
-54285 -4871033777
3726 -6741144559
-53093 -4418033850
-15385 -5830853077
41860 -962190723
94548 -8066218060
-74358 -4652100656
19981 -1252126974
96771 -9737328338
-7068 -8912783149
2811 -4656850814
43334 -9168058331
70098 -2193389597
-66070 -9981450538
-71119 -722953750
-19667 -1357127412
47789 -8252078560
-93718 475081612
-3331 -2948721640
-83914 -8890495833
75619 -289883508
18648 -8758303202
-54702 -69734413
-58524 -5779350158
-65073 -5785800982
31726 -3912650823
-48143 -1333750650
-43715 -3047655771
66304 -740438958
-74622 -1314060949
89423 -8296630218
-12970 -5315027132
-89629 -6929624368
-38082 -7865287576
-7337 -9497073834
-16639 -5896418374
34050 -1966042825
-67078 -148258628
-9058 -1289687451
-9154 -7125874594
-23853 -9177541409
-93862 -2672747721
-55162 -5770564807
-39727 -4968346782
-76236 -5077506260
-55266 -1678859138
-73495 -7832391839
-25083 -3410257798
32967 -677121640
76012 -5007442701
55188 -2522566865
-41569 -4771121278
-27544 -3446119119
-36984 -1469901466
-94179 -7852168192
-54211 -8468506335
-47578 -2692683061
-69061 -6588545962
-91528 -6765766870
-79831 -7204132098
33616 -3137302626
23094 -7612370959
-49633 -3210814528
58334 -208318495
54086 -9125536754
6809 -7647637579
72076 -5522290842
52406 -9462132210
-50305 -8140297065
-892 -1962214274
21515 -5814825662
-42176 30917616
-88333 -1923697073
-89976 -6593430928
69878 -472255800
95465 -7806703178
-59564 -6218135061
-93778 -1272562397
93317 -7573377276
-72343 -5094587392
-11350 -9038330460
-17103 -9998700703
-63994 -7991347626
67172 -6034379007
91688 -6851328146
63297 -1447148392
-75606 -9498160378
-94725 -8285653801
29363 -8746762844
-56946 -4839500633
61149 -7727105768
-17733 -1548483745
-98433 84207863
-56149 -3343337556
-89506 -7346459508
36302 -6134372209
386 -578708455
-44705 -4674017877
-231 -6416077651
78462 -797334685
-59970 -9993338494
-82382 -4301290365
5429 -2477367084
-60469 -6742107625
69037 -4191897648
-34002 -845816167
-9541 -7478377914
4002 -9155410823
-56125 -3673705344
63697 -7220810550
15346 -2195860290
-10296 -4135466786
-69875 -1140859608
-58900 -4243558196
-87110 -5987769393
13743 -9231534121
52459 -7129278717
72122 -8626011396
-48622 -2510735625
9932 -6481877679
-43535 -6508249512
-76708 -9742947207
-19312 -505847212
3284 -9252900578
64296 -2257316054
-33951 -3958988672
83100 -6542645231
-29521 -181278789
-37507 -8169088566
59943 -5470116626
90732 -101386721
-63751 -1430496186
8552 -3810040508
33765 -939945908
28815 -6589184273
1587 -2206656754
79158 -2892535606
-27006 -7678235989
49262 -9744559238
22403 -7816975185
-26540 -5765393193
14970 -3916647304
97361 -7901225380
-53142 -5112715177
-17098 -9753525876
61691 -8993679272
-85866 -953461592
-37590 -6964402571
-83466 -7408823267
-46545 -9677214989
9413 -5653031835
-25996 -5157267541
-25066 -6169593123
86396 -9602303525
95178 -4336603196
-25642 -693693360
41357 -3545070338
-61995 -1725106714
92143 -2942994714
51450 -5409554315
-64468 -6769373508
-23059 -2526965380
95601 -4554705016
-40333 -5565065744
7779 -1653804817
-26090 -1993011903
54698 -8736543225
39504 -7889970679
-60792 -7910111558
-52030 -2282207081
-18484 -4949697245
-8220 -9727574627
-80435 -6107893260
-55558 -3607826799
-74676 -9505800607
12919 -2543612076
4535 -9526810386
90890 -2155881462
61808 -3497079816
14032 -1675908441
66717 -2699115919
7586 -1892963568
-89447 -7167045450
36554 -1418566225
-29692 -3162252305
-49635 -4262476283
-66021 -152309204
-93823 492780818
73999 -1271011380
39105 -2394125932
-47890 -4253342381
-94240 -6338291110
-85429 -2574086061
-93554 -16392816
48660 -4658394863
-99064 -7066782982
-78172 -5537605500
72752 -8198059072
-60762 -9467782463
-75492 -4479317164
85718 -8927238115
65505 -6461456338
93913 -5240927466
11774 -3893774831
89630 -9720448049
-16538 -2227768986
35999 -3158297732
-90862 -1281258583
-3162 -3831555182
-98549 10101222
-45064 -3948926829
70062 -9371356918
15813 -108235904
19802 -7410328397
2693 -2988876302
-34415 -7974997050
98765 -2842538606
-91830 -3698762003
-49966 -6159671076
95234 -4602567911
1429 -1016909826
-42670 -2668512891
-93019 -4949257764
35276 -7850712302
-28344 -1509102074
-99535 -9630172028
-4533 -3707619277
27637 -1092472410
34018 -4921539450
56744 -5415586562
-8902 -210678727
-54058 -983189536
-76327 -4979667168
-94738 -7136058919
-10058 -673607244
12768 -6795695812
-44820 -3326006707
42761 -543298755
-21983 -9156359739
86501 -9093588890
-24658 -726060537
73892 -1196796992
30806 -4122791043
-53320 -7411405822
-89341 -7210652978
-9055 -1571220094
92454 -6327566474
70673 -8994469354
-12206 -516008286
-39734 -1092375168
89804 -3743628689
-26181 -23649769
33213 -3922780358
-90588 -7262379613
4383 -2360142977
70548 -1847434228
-96719 -2807086680
-803 -3039887088
41108 -5216564419
-827 -7766594304
53927 -9568833712
84901 -627044442
-5404 -9837392548
-66486 -4847919959
76364 -4175044380
-24013 -2552160858
78854 -9474267747
95771 -584028990
85314 -5785402679
96602 -748428112
-84098 -5847872517
-36071 -7104434571
37573 -7188484350
95361 -6707960171
-22330 -8843939911
31916 -6864117695
13702 -3041460264
9809 -872368630
-77479 -3040036339
-78202 -1329152154
-96832 -7982603977
-86325 -2140028309
72788 -6701618357
35484 -8069915093
-21505 -5895961816
-48840 -613167278
37637 -9924194280
-75075 -7576408562
43564 -8120790195
15788 -9246146797
87164 -7124776859
-52034 -9444697614
73632 -3642020548
55544 -533991367
-6258 -7475762678
-84500 -9508575300
26549 -1571453914
-7420 -5219468768
59915 -2440978097
76726 -5011739775
-1988 -5120134620
-58506 -6323004065
-37332 -9392155493
2078 -338525159
58925 -1976922370
19164 -9765950389
-96432 -1016579575
14420 -5766533977
65399 -6206684976
-92002 -7377981911
67690 -4172574987
-34889 -9187703349
-70618 -6778741908
-26671 -7469467180
-27754 -4070227306
84998 -364912169
-70196 -7922884398
-95050 -8540450423
65657 -7490228866
76958 -9246620406
94277 -6892321780
34907 -287500113
-63514 -3240777121
44744 -9635980129
21413 -5559278514
-97327 -6931960946
-20347 -7215155036
-18414 -3483472304
-80022 -9451167023
-92106 -7646672911
-26379 -4583255990
45708 -3570716539
-6788 -6769363134
-64711 -4018108490
-12744 -2065281898
62120 -6036354428
-77827 -9872828992
-97652 -1067503302
64461 -699867815
12004 -8307925380
34982 -3460782263
8464 -266649957
82549 -6770482386
-29524 -9875402552
36977 -4371162407
-89732 -1496713716
86586 -2546505133
-28149 -1078547785
-46623 -5479298530
87428 -4304031094
24677 -9041083611
26134 -7475699055
-90455 -3654243330
85996 -1956623448
-95647 -2513797451
4933 -6621439260
-57358 -6935098340
-93600 212634089
-94480 -5486117920
-26066 -3712287627
51028 -3679305468
-53230 -4764235013
-79515 -6086858120
-74134 -9603547090
-70591 -7474500174
56970 -557607002
-92902 -4077177659
-26974 -1148793294
54630 -1193304614
-2298 -6000929455
-19452 -5349168986
-86342 -258425538
85151 -7420957869
60307 -6479989932
-43342 -4487930220
78201 -3816455882
76151 -5009641386
20465 -9047556872
-49076 -2290399125
59660 -4959569083
-55680 -7210735352
-69920 -1608381228
79857 -8102745344
68871 -6590150164
-60902 -8956809666
-5344 -8670677604
63383 -9224070344
-53819 -6983688324
-10983 -8565842207
25731 -6487065664
-13595 -1895311830
11651 -2429920410
88344 -4687991261
65700 -1947882287
95687 -7472090232
-70994 263789052
8917 -3360134106
-42381 -4805335592
5895 -2709503353
54533 -4329160391
46395 -1966227862
-20764 -9148973054
-82977 -9117999692
-7551 -9608160628
-38620 -9654730585
-98047 -8379165158
2026 -357294552
17883 -7185425432
-36210 -2211832184
-43889 -6915178704
2571 -3570041309
-46384 -4568018891
-31740 -3095551451
50486 -6743441733
-55283 -8936232327
76578 -1188078800
8769 -5821656707
58510 -9177055509
-16721 -4493800017
-49135 -7343781207
-77558 -1869009843
-39258 -4406393642
-25612 -962928555
-74500 -3703445662
-66111 -2899151092
-88052 -3914302602
-60220 234871210
41266 -3480993441
-44529 -4907073377
59518 -4833862104
92960 -8511132712
-40554 -6107236117
-24925 -6263459282
-57343 -5458607231
76152 -4303242928
12609 -8286714844
-23484 -7003264511
-63802 -5535359288
-17425 -3655655130
70080 -1463371814
-41368 -3008724308
-12801 -6329320468
-75780 -548116132
86754 -7924317349
63120 -3203789141
81726 -2684022655
85358 -1886815956
-33106 -9497516814
24392 -306150991
18699 -4097768080
-30901 -3752347242
-45193 -8140579641
-844 -3141026354
95994 -6414448711
-46384 -2938560931
96422 -960500317
89855 -4827231797
-31666 -9407398190
-2535 -7801569347
15034 -8847871149
-55380 -7812231332
16445 -6321887998
52334 -2189573930
-24824 -8169501924
52520 -8529209041
6357 -1157311963
9524 -2969299445
42654 -2815858739
-76410 -3708706375
-12379 -2005074314
-98458 -5439655153
32885 -8371690099
-58132 -7171157664
-20070 -6509561257
12347 -9457307356
28284 -9374642905
45382 -482537013
-34740 -788502788
46021 -1071653295
-58252 -738541190
-86954 -2804616840
-39768 -7839337811
31826 -356739817
68318 -3000039428
-15204 -1332977086
-88768 -4785295518
-70485 -4684772048
16044 -5326323944
-50398 -3690530597
-68166 -9660157907
-75649 -73369629
16271 -6889577386
-12033 -8732550188
2661 -1084719815
-98494 -7283323002
52140 -944891345
30194 -1204285855
54150 -9921532012
47034 -7256452615
90998 -5638262338
-76711 -3786588299
65537 -8290749578
31346 -9879454080
-63364 -2092671359
-74758 -763634198
-5333 -6224213865
-66208 -51621737
10915 -7568779350
45515 -6962488046
-19825 -1104593424
-86424 -7948307573
-70098 -9791693218
-639 -5696596772
-28838 -5867142498
-53533 -6713761320
-53065 -9451538102
-13966 -8000157600
96633 -6760072295
23003 -8350040450
-43617 -2156455469
-66630 -4215467155
-45799 -6820921838
-31340 -1329956328
71523 -170474234
85764 -7990989136
71754 -3619554962
1474 -7833920448
28309 -4700474832
67178 -5337624670
-2254 -7926118781
-51939 -184094938
44552 -4537854853
22273 -1336949124
48896 -5763117830
-58066 -9846302299
24854 -7371644822
-61013 -4920583293
-42936 -3261003709
28733 -9462145864
56108 -1900863101
-4237 -1217256644
27168 -6924590752
-91096 -5346142848
-54559 -4604264472
41710 -9165296976
-97948 -3586115384
-7127 -4806949014
69695 -5160581710
41357 -19035672
-52194 -3461240681
15150 -3616198148
-84793 -9242714938
41853 -5591670599
-42076 -1103629249
88095 -7235579308
23388 -8684329882
88706 -690555990
31349 -2578381371
-73048 -7735502747
50523 -6582840785
73730 -6523678037
-60502 -7984729816
-52158 -799490141
-62954 -3907708959
-13148 -3027528891
-33855 -2547649495
-48976 -6545131935
56561 -1757821478
20481 -6431951227
-99022 -3530964996
84695 -2516424752
81446 -4004331828
-48951 -6841358963
61879 -2091825189
57924 -922302833
-51244 -5030237726
80801 -362816794
-5140 -4662374917
-40224 -5982805163
39384 -2160589000
87209 -2379403012
54987 -7563787616
-74410 -441048105
-64830 -9684187865
-93476 -9837579393
-47254 -7796257380
-9307 -4700134979
-91249 -5599213550
-55773 -2894193308
-68452 -7533902861
69473 -9726313916
28784 -7532248403
-74761 -692503706
-64267 -6803494051
-88009 -39781850
-81100 -220138658
-15241 -4858489674
12630 -2483735132
26039 -174447481
37302 -5230305608
26058 -8774758099
68254 -83697585
-93316 -1646161091
-99356 -9823142835
-56422 -543604827
94028 -766699154
16791 -5716777864
-10346 -6112974144
50823 -3768689266
-94160 -890530908
37770 -6122818379
29113 -5109574284
47603 -6380205396
-23277 -1111465913
-75624 -7311853015
6197 -1874682299
22467 -207196306
95255 -402942037
-71847 412944805
-86382 -2620290584
13076 -8640026768
-74028 -1756897423
49412 -7308926813
-21201 -5967817628
47554 -1615318098
-91512 -1791291289
-29919 -9494538910
-19287 -1418369462
-71730 -2029832335
89226 -6639966469
47273 -9510872855
-63063 -4183594994
56855 -1350262236
63957 -251926256
-13744 -7936069507
61681 -5732634468
-27637 -5239448924
64452 -586001452
-18781 -665258188
-97566 -6158339647
-25638 -4545621320
-23948 -5002055310
-34044 -4687694320
-3839 -5084311458
-51821 -1119613905
-88137 -9335459936
-5005 -7386038394
23250 -4237215596
-87742 -7610778724
31680 -3681657638
-43894 -1454067947
-28648 -8066845002
98688 -2811238160
78080 -4866678694
-71760 -7541526833
8938 -7641816420
-69364 -6243284754
-31513 -7153021304
31167 -9820494253
-11085 -9881161256
56528 -4205340650
65612 -6779169632
-61599 -7887568199
79688 -3020368963
-95794 -846497092
94068 -7671044528
28901 -8857784519
14903 -5875398728
-41896 -7331657920
-76850 -4829585244
-68136 -1181562793
-41472 -4282818451
29355 -6929735438
20006 -8809979276
22316 -1189456986
97986 -1318836128
-57163 -206013414
-96958 -3249994505
-29854 -1604495251
79106 -7542937304
-69123 -399361846
89651 -2905111716
-91617 -7621139314
74604 -8419375217
90650 -640234988
-78124 -4288962624
62966 -8726061959
-72721 -9193584465
-83989 -6962587729
11210 -7451670786
72089 -2411167568
34695 -7284976328
-4444 -9068472497
-7190 -6086795196
86355 -2105150768
-25004 -8349049170
7826 -9011373395
-67179 -2985494936
90801 -2454840094
-89766 -7645547473
-66994 -4165829793
43180 -9787523322
96344 -5397212719
-65614 -9611921291
19601 -6279282382
43284 -3952188290
24590 -959896445
15863 -5332462981
67006 -5151728778
-19164 -9468246121
42150 -1803511
45635 -4720263765
-61879 -8840475108
83920 -6308196132
852 -3944037515
-31746 -296624858
-90066 150717826
43530 -100947583
-48289 -4932080469
95409 -8623679846
99011 -8423953989
-61188 -6133732438
35546 -3883554534
76076 -7528393346
19703 -3921668481
-29798 -1557590940
-90144 -5636751946
75663 -4637586664
-96712 -7220164563
-6424 -4098507756
76292 -2079239736
57852 -6863745218
-47258 -8313643251
-97693 -5688315578
-57759 -7451359282
27199 -1746202404
98504 -9703359331
1626 -2982370796
11407 -7952549049
-23157 -2272268110
-72944 -8603514909
-35013 -7511053756
-88371 -2658389708
-92212 -6775964080
-70620 -2075478563
-68757 -2004469708
-98372 -3442367061
61682 -8983897846
-77733 -1508947972
63095 -5047737776
-23790 -7942876633
-43481 -4554881118
75258 -2282310823
-36628 -5374739011
81404 -8826826467
-14289 -2587219820
-72969 -9870930001
43290 -4721066095
-78715 133457678
-69590 -2835553026
76080 -2861065304
-81348 -6126035122
30262 -8187345855
-42687 -8660755958
-31162 -6625036673
51152 -1714388363
-84804 429679291
30146 -373767048
75533 -9303519512
-10801 -4401405860
61136 -2326191493
-84352 -3711088889
-86974 -4525074025
-56632 -248726259
-77559 -1646013944
-86002 -8672235535
-4531 -7167605295
-75654 -4121864188
-8383 -8905999575
-7686 -9343221760
47313 -2500352500
-22455 -7081915070
-36216 -494304001
-81117 -6987929162
-80624 -8328826743
74184 -6500240209
21030 -5952383413
-55434 -3351184307
-76554 -7980764450
-28204 -3252089090
22929 -5788629778
-45469 -6103640968
-25125 -9069095066
26080 -9966712770
-77326 -9595389651
-67608 -9886912493
6988 -1566278109
44316 -5762139580
-2860 -9660010500
50613 -4114734167
84042 -7890972322
-99802 -6203028935
-18729 -6024116644
67430 -1844969314
-85851 -4240721162
-12925 -2383262001
55725 -520236724
79922 -367225065
-78424 -9729979210
-69166 -9731300674
-97594 -812359677
17574 -350969075
66129 -810766642
-64449 -2064510377
-57315 -6920501188
73308 -4084660904
-53040 -6055543949
29823 -6057822994
19191 -8064062032
-50593 -4522393681
25880 -3202609780
-30336 -4573690568
-70117 -7562647705
35802 -9544588261
-39036 -4322525977
12420 -6643747802
-57134 -5434225950
-3786 -199479253
-94512 -855512363
99384 -9549297688
-56926 -3208272957
-65259 -8686821659
-21069 -8316884677
-62432 -5476406019
-99913 -8191499622
-89507 -1142672058
-22102 -9909460339
56886 -2356883623
42639 -2003069225
-31698 -5916913277
-13513 -5629657222
-41865 -3549062717
88986 -8104582084
36653 -7525371347
20879 -1746432300
5751 -5648384005
63566 -6606352466
-73122 -7773180911
-64671 92945125
43284 -7532922028
-53136 -8573661866
94310 -3182446677
80093 -954963079
-21775 -5159824307
-83944 -7553560465
32686 -4802238117
88836 -7400572709
27845 -9715839710
39008 -7810729771
-10934 -6135733920
32807 -9101932881
-99011 -6335844627
-40765 -6180520270
27410 -3344288008
-60568 -5943529447
-93885 -5628682418
41532 -4844734853
7820 -6521843162
71655 -4155471478
-87502 96088450
66473 -4316432419
40257 -9052052854
-25411 -1710049719
39383 -3971308069
63511 -7169601444
-32029 -3663353817
55352 -5081696732
85630 -6437075808
75401 -8097157752
56709 -138035860
30315 -207670393
44039 -5107854000
-21195 -716628142
78964 -1560118737
71258 -8689547816
-68800 -8996913966
12207 -1344740701
-41072 -3933247878
74403 -5342738677
16172 -6084551128
-94473 -3746687156
-5350 -6068361351
93090 -5806679200
-37050 -6678835163
-37831 -243745464
-51706 -3821421554
-72511 -1219944620
-54438 -6113157584
10968 -9524152519
-52918 -8234486292
58631 -6640883358
23900 -3459824146
32814 -6114134443
-35585 -488197773
-44641 -8432997833
-11207 -2715202818
30684 -3952144373
-1431 -9350778812
80963 -7167055398
-69940 -1717832947
-999 -3342449819
9092 -9929714350
88038 -6872667269
295 -7376163180
-90917 -4166116296
5743 -882976698
44280 -5674346611
-20836 -8909994216
29547 -6709819433
-92508 -8487978413
35636 -4824085859
66665 -4084584738
93874 -9916446096
-71254 -1693977594
-80843 -3643004859
31271 -5440079236
-68964 -5692747694
-8212 -1523972923
94140 -2821166273
-99655 -1842919912
-22087 -8117746016
56453 -8106186912
59198 -6422791766
29132 -9011027223
56423 -9667846929
-60867 -6773131291
88863 -4350562933
28148 -5289803472
-34453 -4419845213
-39283 -5946848408
-50491 -9610083048
54018 -9379881200
-780 -9679427678
79684 -9918829341
-22462 -8908095388
1840 -1782061488
86384 -1893197835
27881 -8471121952
82635 -3370606666
11764 -1484291982
51636 -4139871638
-97410 -6012356255
27713 -1711829816
-31756 -7494871791
27471 -9966619172
19266 -2007638144
98311 -3344211189
-65248 -6468214513
-39847 -7290745822
-77100 -6132046597
-60030 -6058160087
-20769 -2987349046
22595 -8926251960
-82177 -3278450918
-8995 -9177486486
86669 -3084416251
2613 -6309333172
-28761 -4175394673
-63034 -1113323090
67052 -4267187469
63470 -6496441673
-55831 -1513464442
-26830 -2011400877
-38298 -1117386914
78110 -2271393180
61109 -1063469286
61776 -8369647858
-9781 -7847911542
-80617 -8902177642
-4343 -2269654188
28693 -7947539430
-9733 -4526941992
-72011 -7463143011
-79956 -2101133771
2514 -7072209922
66699 -7981726492
3879 -5267410289
73658 -5969798435
62507 -1338707098
-52492 -1055798528
5114 -8613166088
71570 -8901855175
-86038 -2106194858
96167 -898118756
-40765 -6821832618
90926 -6607310603
65890 -2360143128
-85135 -3858550479
-92879 -4708311576
-78508 -4650197340
83280 -2314706647
-95233 -4956733624
3640 -4487434257
-89558 -3774663375
23662 -7261894116
-72181 -657833229
-49308 -7983131090
-19812 -1313779688
74265 -143069816
42194 -1076988284
-19482 -4395186890
-50763 -237479470
47492 -227466439
2211 -3291991645
-29804 -5886745398
84972 -3841881497
-62184 -7672716725
45021 -4115934142
-69468 -7893956729
-111 -5666459735
48425 -8601558716
-46917 -7646843672
-75082 -6698098965
-19936 -1335179776
-67324 -7447123138
60506 -539700188
33941 -2578293102
15805 -5836137918
36372 -803954932
-86702 -3305072625
85195 -111553284
13023 -6502640570
-5578 -7420959492
92694 -2003466512
-98571 568046366
-9966 -5025837823
43052 -8617583020
-94990 -1106116616
2270 -4605105504
-92572 -4874246189
4916 -2603261443
-59913 -1359864286
3292 -3141244077
-12172 -8886685997
85322 -5198539609
36504 -7062582917
58097 -1835114458
-31833 -5014533269
-50345 -9323920989
-98803 773457948
98762 -1306990363
78137 -4114833135
68335 -7609840209
42586 -1354177674
-8566 -2648489503
42902 -1701411907
89999 -5864618222
-57122 -9078772296
19128 -2337386146
15066 -4022311651
-93620 -1011612411
-8191 -3414289899
73468 -7327787205
-90630 -6101205340
-19897 -2961150674
12065 -1975731542
-93982 -2962653232
-9049 -9015894089
45639 -4657674532
80834 -1926300801
85410 -1938178243
96396 -6223780355
89973 -3510371288
56997 -8086467298
-25699 45370640
-82992 -300940768
90899 -3710072856
-9408 -2285137087
63125 -2246126370
96318 -347786377
53 -4011876748
-63841 -4575034542
14502 -1223424866
-61126 -2201977364
-71853 307210235
-46 -8465519981
-26967 -8666197244
76521 -2158485016
-72342 -7098261128
66103 -9706929048
92814 -1018374779
53718 -4664493058
-45040 -7397510304
42255 -5157807400
37631 -8918400436
-67473 -9294020392
13767 -1525234361
-30138 -2646523516
-80019 -1650488963
-40318 -1633880877
97024 -7939191771
2685 -800818270
63402 -4118601977
-85004 -593450883
75063 -9291649418
18145 -7361231310
-45351 -2018780132
40932 -8379929657
94697 -3387507139
-32394 -2663829452
-93926 -3661681386
3604 -9222198837
43312 -3774871161
-90991 -6948639231
-63973 -4006786492
20984 -9861347682
-99994 -9683082778
66602 -3603054553
-73357 -8641787024
26789 -1129587422
-14161 -5304248865
-59137 -1641568310
-77653 293261415
-88252 -8189150628
42390 -9014061857
91328 -7970197231
-40762 -4085119010
-78919 -632477864
15574 -8403420195
74282 -5224862815
81277 -9038221422
-24010 -8670981834
-11927 -4300451184
-52533 -1343265092
-88152 -8644554959
91938 -109148227
94497 -2826855874
18086 -1507538746
-18799 -6780451570
9618 -118863583
-36921 -8690127581
87987 -790595242
-71806 -6583264424
-97424 -3202494576
-77046 -4081480310
75614 -569192337
-43764 -5762381873
96293 -9392918111
43919 -8761846189
45552 -2436452947
-8148 -7399148746
-13162 -1675969647
89860 -9804562443
-86975 -425521326
-48843 -9288951968
14132 -3636374292
84918 -7304315131
54776 -4183786550
30737 -4350456564
6384 -3467543446
94869 -7520937508
-30724 -5121998858
83976 -1268768342
24891 -7340741065
48074 -1407533472
46079 -6182492100
37092 -4317361570
78968 -4418303601
4923 -4806974609
-52220 -9548779050
63975 -3189512746
-19067 -2245017696
68638 -8750416392
-31614 -2420188901
62372 -6015724187
-18486 -5474317736
-98619 -1999592599
24399 -5224691264
30536 -169394132
29919 -2453784841
7265 -6548056070
83762 -5475857504
95193 -859009531
66926 -1586344442
-42892 -6052745998
-25021 -4212309094
39101 -9817195575
-42781 -1908729049
-94807 -7049740500
-61624 -2063567840
-35710 -7071344665
-74286 -5032338659
-16698 -1590567889
-49963 -3705961820
-46018 -400968081
-1045 -2144114988
-97296 -9722357419
94464 -6863707106
46690 -7816860177
-59649 -7692256412
-6686 -8974857786
90516 -1430059906
-92034 -6394890769
-88903 -2714402959
63551 -3787617125
-90871 -3831211807
36590 -4360068307
-19981 -8612091274
-10828 -5872560710
-49169 -8214345084
49789 -1397435859
-74356 -5939443279
-61625 -7397140434
34836 -1653775945
-53644 -4027368492
74101 -8192346120
-93410 -9435583398
25280 -9438503545
-15220 -4615955432
39576 -785678995
-44422 -2028478374
-85336 -922126743
23761 -6710104791
-34904 -5973716202
-21436 -4623303123
-58015 -6261484038
29593 -7883408460
83891 -5070758889
26516 -9568881189
54309 -8166571912
-4227 -5382268118
-15690 -2509820675
-34811 -3528072864
-53054 116050812
-75953 -1565116074
44794 -6822965109
-62792 -6521694831
-70744 -7367379598
-49411 -9582866430
-50980 -4618480346
-70110 -4556144605
84066 -3978585679
53501 -2325713080
46497 -1284553514
40481 -2849505651
40556 -3694119951
92730 -9975762629
-14261 -6905424618
77970 -888925559
-56931 -1735309247
36237 -9024153896
40214 -4135177632
-67367 -6322395858
60059 -4748248217
42413 -8457435592
-21656 -2626982736
33170 -7959283617
55691 -2025075010
-13984 -522487713
-7846 -1351849678
41646 -8487420422
-14146 -1217523835
-77471 -4867082187
-94996 -9806056254
25130 -9728169830
-86660 -5853660330
-84387 -3660899764
-3640 -3485844003
71166 -520418476
-70534 -1257764218
91497 -8030181643
-22530 -7412778166
-35272 -23751183
64530 -8367162769
-7399 -6473363491
49230 -8024814215
14147 -5940401397
37543 -3013606104
-6796 -3681470913
-30907 -8482810262
-98464 -807769610
92048 -5343181578
50159 -1782695725
-38460 -6279022747
4047 -9391910326
-13758 -6804683615
-20322 -4016183231
63531 -7616316032
-45637 -7762935198
-57423 -8913441676
50301 -9182511479
-38819 -9767231004
-91362 -7960601441
-52750 -135970207
54494 -640509079
-71619 -1485663566
-43054 -3635532643
61713 -2390235904
-23442 -6076701506
96114 -156546818
82439 -4754628825
-56882 -136290561
-77818 -6588957796
-81988 -5609195155
-55880 -8935301286
55843 -9270668049
-64275 -2205083447
28299 -3707355353
-64650 -4920308324
-55050 -1822594910
-50434 -4885157160
-64381 -1300802516
-71361 -5243307796
28639 -2160097341
92712 -3817422667
-87968 -9102668235
-73474 -9227755243
-2764 -2864350617
-55726 -5450220998
-72627 227960129
-13841 -8976611517
60236 -6147765933
-95988 670610828
-88777 -5406382604
-4195 -155169004
49626 -8054769086
73188 -9311163830
7958 -529737495
57255 -5424598496
46198 -5558121678
-81712 -2697732747
-29712 -5146858861
27039 -2121636470
-69745 -975406225
-3635 -4301293692
-2917 -7858800348
86764 -8264227371
54136 -9322462605
82630 -5017313361
77322 -9060414892
84599 -1619762794
-18312 -1880906306
48906 -2093273690
-77746 -1793944582
-64972 -6556191155
-50950 22601380
27100 -4169033586
-1472 -5757687585
64723 -6338501838
-11692 -3480668782
-89725 -4522107908
-62217 -8020228802
34538 -8354113631
-11794 -9942886097
29648 -3574825105
-34999 -2412749303
-5423 -6041386743
31118 -4662211235
-37255 -1836634780
24941 -6671949519
-98821 -3539745352
-4558 -3623577679
56786 -8062279335
-78598 -1120835001
-41737 -8742041852
94240 -7970671767
-76344 -1999648916
-86700 -3800650270
-31258 -7663454975
17054 -8780828817
-74379 -328271078
-98559 607863110
76914 -5060776115
-81528 -2587933570
-45390 -7509509749
43298 -3919440457
-90520 -4948619915
-11264 -6062113167
-67075 -2841163100
-93728 -8317446522
-42516 -5732083489
-18061 -5826703062
34898 -2328978526
2662 -3448703688
-78043 -5670556955
8349 -3640873144
99848 -5575935553
2484 -1570182326
67785 -5823153410
-80526 -3365663966
-78790 -8991827349
-20982 -5189857963
28392 -6644259257
44307 -7719202166
-10970 -1245045378
53087 -7675162246
32754 -4701169961
-49717 -6241403085
91037 -2550927472
-19534 -6533566987
27830 -9707600843
19443 -3298565789
83856 -9771482648
-41071 -1426590495
23480 -3837831179
18026 -6325719896
-48682 -9257394810
23372 -8652544990
-35878 -139828804
65675 -4640239516
-13098 -7314570166
88232 -1201652598
89234 -3079265845
77664 -4453933339
-46165 -2700280374
-18902 -57954303
41452 -5198195097
-21775 -4040348087
46451 -4425486432
-10933 -9469382705
-21334 -4286610823
-86907 -7001025710
-42970 -4688630007
93779 -8059659572
-94561 -553791264
-72006 -5311351340
-40902 -5364683311
-28840 -8158804241
-17784 -1416083065
-23229 -17112308
-79718 -9503422527
-55852 -3569981584
-607 -1032863183
14606 -4855057853
-20455 -3274340414
-49380 -8209139557
-9945 -5709473758
-89908 -746554953
-94619 -7070553582
34106 -8134975739
65781 -7341790342
-75386 -3722925543
-69236 -1982554893
36866 -4035489019
67931 -2794378976
17829 -7833408098
-97248 -806205676
-93468 698468756
-63849 -6431719742
84387 -3360696053
32914 -2676895761
19065 -1341341780
-66480 -8041948465
-27082 -2396515981
-66701 -4921747017
-75144 -4777838269
98048 -1879068837
92844 -6340406456
-96105 -725195978
56880 -5743628380
-49762 -3811275344
-59278 -7805414725
14200 -1249770945
96909 -2771337223
-85410 -4538066021
-80686 -9546237709
21446 -2658115912
-65575 -1532684511
94404 -6539112229
72477 -9347226527
-98248 -2512992167
11235 -247533601
69035 -5979083098
-90171 -2200118542
44626 -2534829462
26585 -633858076
68540 -7458536883
30908 -1875505297
-70020 -966783293
18564 -7067304914
-19998 -6177280805
35213 -1952377228
73406 -1570866072
74394 -1675875889
-21411 -6437398132
-30363 -8075844547
22622 -2754511200
99477 -3171211264
-55074 -7577040853
-76473 -2035675445
-43709 -3839912808
34770 -8982576556
18231 -8674066384
97790 -2616954565
48077 -3989074226
-30196 -4245666544
14099 -1410033529
85035 -4752973784
-59187 -3444685814
53901 -4967580259
87521 -7793629464
-10498 -7610631456
29270 -8868975013
-73558 -7537087718
6599 -719071532
-27157 -4673344905
66161 -2896725822
23678 -1176327336
-19771 -6610349976
-90583 -3412234862
-31244 -7956984351
-80607 -8858358392
-60742 -9027079888
84506 -2793360279
33565 -5962182843
84810 -7224221660
-19707 -2063653972
14531 -168257365
-28323 -1476370411
-39517 -1491639156
-40905 -5578248904
11514 -7615818347
-14787 -9779500322
-13143 -3447902236
98543 -6601028632
-9600 -4599096401
-22133 -4413494454
73358 -541620653
83153 -2357929883
4855 -2477722206
70241 -8081702315
-46082 -5703012519
-3556 -5924780287
89691 -6447598690
-94672 -4454810954
17289 -4060611952
-30231 -6362005091
-29254 -6318767899
71040 -2869790693
-32250 -8718378421
-75864 -3157928197
-76363 -8361765775
63533 -98795674
-37857 -5105952209
8468 -597021954
-4323 -8144736898
43794 -7129741555
-28353 -3191335048
-92232 -2184255794
13628 -9777241013
21350 -3742243367
49464 -765739495
71835 -5168903701
6947 -6072986681
-88474 -4272398559
-86625 -6054466750
-45721 -625794761
-4051 -9078598107
66170 -3851629797
78436 -8289940191
13980 -3543096437
-98806 -5002068599
-90268 -8620118928
10671 -7545131120
11604 -3451384346
25524 -1125373184
33777 -3257789402
72788 -8314776414
31094 -4421142885
-5282 -4036671126
47609 -4572660107
-60342 -100037266
21428 -9729165253
49717 -7286603904
-82240 -4955120587
-84306 -3236223361
-35796 -2863255348
-73566 -1718448943
36476 -9709513029
-64834 -6577023251
-45171 -2992108978
-86302 -6719654269
3360 -7379451446
7054 -9162109749
51583 -9439467054
6972 -1816751912
-18984 -1739266990
-78984 -4599777173
87269 -2300124098
-10221 -7403516501
-36664 -1424163445
-36178 -8613642765
-29991 -719277644
89453 -5717781768
6714 -5061787322
28955 -849538429
-83414 -204696003
-72306 -7185103162
61688 -601832841
3239 -9092913869
-44872 -6042007309
-94847 -3916468278
64955 -7166434889
-62641 -9231796778
61832 -9874326235
-78891 -542424107
68100 -5161201549
-10660 -3999295404
81822 -2380947500
-96608 -3323868933
-62060 -8857162533
-88799 -1180194606
14218 -6341170509
-75475 -2210479412
-69999 -8459789170
-24639 -6326634178
40745 -4795187188
-10389 -2512171622
10136 -9264313443
-16924 -743083421
43046 -5373902944
72781 -434608638
43923 -5259377300
85412 -7650648020
72525 -5003837131
-1170 -3205906756
-85255 -1688200048
56703 -7550588593
-71761 -6364028613
19808 -6546641809
-89839 -6864181195
10394 -6534146725
-22336 -9877989533
89588 -2579322549
-71692 -5713333023
-3714 -9114095837
90983 -6816290354
61481 -3125551383
-64885 -474293596
-1303 -7446752595
-56020 -2331884729
4175 -7388201249
-99672 -6510385570
37734 -9597322724
-62276 -2624536800
-18235 -9975728854
-66159 -5190690632
33388 -5279540421
74174 -5644224049
-25117 -1980332732
95378 -2767923152
16376 -2631291774
-57154 -3148631693
96946 -2214258198
42375 -6480048074
-14422 -3930683551
-9241 -7111078617
-82930 -5123615462
-30502 -918677698
-59024 -6967651470
-17125 -8934601742
22289 -1229301511
-43018 -8630404047
56739 -1485410461
-45660 -2581611203
12840 -327363088
50321 -6556163594
51567 -5852865653
63508 -7221181995
-74181 -7946727994
-73075 -4206188903
79116 -4863783758
-76387 -9058573774
-53418 -7932747908
-48608 -5138907543
-90967 -5705132760
58917 -5827681328
15200 -5156335703
93041 -1751084344
-20551 -1739228756
44912 -8579117096
-21018 -5495231099
-38950 -3297961578
-68272 -340486104
39297 -9612774058
67208 -8896052300
711 -6995879914
-49432 -5050161814
32360 -3269196600
-634 -9807704849
15021 -915212500
1098 -2161211950
-96975 -3740911106
-33355 -1804810712
-6651 -3923412199
-64227 -390260599
81597 -6492505264
60992 -22157495
-18696 -8096391959
-70351 -2599512404
-34966 -6510505349
-73148 -4150706784
85525 -2758476852
-53894 -5662602333
-87570 -9059185933
-86830 233077294
10845 -1799053448
-33409 -2444307121
12904 -9743247408
44198 -9342122956
77408 -4238887059
-66121 -8160169470
-86316 -2958298244
-99348 -5013365522
57744 -3499020781
5867 -9170717312
6413 -9500399299
26491 -8384428254
46909 -8959315902
41740 -3175045011
68945 -3253895098
-1955 -9210199155
-57849 -4899365801
-30886 -6577879671
-45415 -5163485382
14619 -8632764178
37673 -7383800095
65228 -3578279959
50322 -9540219647
-66403 -2617865082
-91658 -469241223
26195 -7190994453
-84223 -46605956
56740 -8450149830
-13366 -1187762231
-13750 -1370930607
72858 -1455913013
-37759 -5536885896
-21604 -4288071696
-7059 -7130789683
-45124 -1647432877
23871 -1407208217
-6202 -7544860399
42348 -9281780138
-86949 -9264078824
33458 -4617661256
14068 -2347516770
24285 -4038493552
90911 -69877246
-91807 -8476728254
10588 -4582472739
-76096 -6117468688
95403 -2702339681
-3805 -4307937406
-60396 -9195249874
54593 -2529896106
54815 -7220185309
51008 -7674028125
-70804 -6670408442
-55827 -7997922731
58016 -6232667352
-80692 -8917369724
-96232 -8169989670
-69606 -8131431602
-68905 -9746456558
-3889 -1274933505
56214 -7933509284
24350 -887443532
-58546 -3339498104
91853 -9081540879
93483 -5853324865
53501 -8385348543
86054 -1752487954
-39376 -7860800118
43676 -1719583132
-43368 -9667122647
-22581 -5579111714
-33657 -2560938446
19616 -661187680
51464 -4419425787
-60196 -1390671542
-63376 -3701859210
-94603 -521580367
36723 -7189389412
-77556 -7502357329
-81234 -3810255418
23088 -7902172894
85929 -2336033303
-87534 -8660337352
-5790 -8108741201
-54586 -8084943354
-44536 -7446491241
-1276 -233092547
-61518 -1681419134
-77250 -4098335206
-44629 -3628223245
47354 -8604171635
-80722 -5118114234
-88666 -2814223711
99889 -4015017879
73880 -9029492075
6570 -4637256181
-77233 -3113412580
-91404 -861169216
-55542 -3708024467
-41116 -8070652920
37206 -1518292271
40987 -1481140401
93519 -369219526
11298 -7083097385
24827 -6107750664
-71971 -9515771951
-28993 -851458161
-24536 -1605765957
54974 -742922517
76106 -7760379975
-77889 -8098371208
71213 -4013014448
-45270 -4241478077
15137 -5596855443
-76915 -2265644006
28922 -863514926
-69199 -9535384960
-26053 -5038883362
-55283 -1898780802
-28685 -2712016176
-20094 -1113567772
56720 -817839608
25639 -171223593
-91351 -4000925447
-96364 -6571320831
-99019 -361731175
-64207 -2943772852
-53764 -1602971829
-81313 -8555516769
-63446 -6147116541
-31566 -4999176220
77222 -7900046028
59494 -7761991572
-33502 -4504888320
-44942 -3212491125
-94027 -9341981276
-92016 202909460
-10765 -5490788608
22033 -1724510280
-11176 -8901865485
-87737 -856364754
84875 -9802342925
58990 -5258144934
6462 -5426271298
-79017 -4601071765
25801 -9213714966
55994 -5571325421
62684 -5415187416
-2090 -1699592466
-18097 -5662006089
96959 -7928443124
50745 -218147480
48258 -2625514405
96948 -5016029851
36923 -9097441010
79010 -5555555818
-66197 -4513134378
90710 -8533670471
-95568 -4134820222
38776 -8658586644
-51876 -2772833467
29135 -6719764697
69231 -4069369709
-42943 -5111966343
95375 -5184162430
-73768 -5871032647
-39807 -837275291
-12942 -250280756
-88102 -2529798039
45784 -4406868159
-72904 -6428307666
89195 -399455269
-3706 -2516563306
23517 -1034433262
8867 -6949647053
12847 -8295075720
-47062 -3867670700
41304 -7592370238
87687 -1476235709
-5803 -5778220464
88994 -505746706
-27702 -4135064887
7994 -7401473754
5980 -6126219345
7488 -8615604239
25259 -1677818524
62411 -3503163838
-83206 -7029121269
-30411 -9558231634
2950 -7906579194
28567 -6598149852
-51102 -7766068613
25744 -351932061
59399 -2425772574
60074 -5052089072
2582 -1499428819
-50515 -8561886754
-67405 -2765737652
31974 -4358550148
54672 -2003560574
-97596 -3308467477
51864 -2411790461
30710 -1491035868
-48996 -2559101122
-7045 -8786334950
-71662 -4741085862
-5001 -5637369221
-54805 -5052669369
-98053 -1655949176
-14925 -3307446992
52724 -3158477652
-56141 -5322815397
73402 -7800620265
34875 -877184542
4136 -3309371239
-71604 -9987053090
-24294 -2157873623
-82662 -6677277845
-4633 -922347754
58517 -5273800931
-5971 -3875761636
-66763 -9325065327
-65599 -6900971167
59445 -1295786390
89630 -5199346439
-42084 -6477405499
-45142 -7095362740
48432 -7909743698
24434 -8599632182
-94136 -6443817582
11574 -2485965116
2733 -799534928
63619 -8886553545
5057 -3756285027
45534 -9692499194
32300 -7764219403
54440 -8377492643
91958 -9254799567
80167 -8269253553
-61084 48314402
25860 -8334199129
-32143 -9180129160
-17170 -3513888116
67850 -9296724813
-18892 -2519101935
12730 -6754753965
-97068 -6408604885
65141 -9381468808
-98154 -8756086531
58972 -5640602979
-48754 -2347767622
33276 -4143565969
-37313 -4457268432
96890 -883310949
5492 -7379840899
16698 -4988968885
16961 -1939806864
5198 -6902912844
39664 -6180032727
-78079 -4629039395
-33484 -6653920279
26470 -1010843241
-97609 -6230480450
-71225 -2598035409
-71248 -4925996472
-77134 -7767757340
74904 -4750078987
62444 -4281268840
37766 -8222631258
-91597 -9020578689
35215 -1074779742
-88695 -7408435508
-49083 -2788953064
-83902 -1852471443
-39970 -1949907382
-83298 -865048412
-14605 -2004100229
40169 -7955389604
48110 -6502441984
-2887 -4693595656
-34291 -1468000810
41138 -9983710277
35508 -3401750149
-92440 -8502567608
30506 -708271075
7981 -12930735
-79816 -6094469956
78330 -6086902852
-70318 -1453149577
47438 -4395522943
73649 -2712021524
-9106 -8079151862
-37767 -5843549258
-8626 -4844733613
-90664 -7864084050
43280 -5939166593
31658 -2697967869
-53395 -7823549756
79617 -2191083490
-11792 -8659084506
35187 -3717467569
-75730 -2765835241
70353 -5517752611
-34414 -667411148
-23551 -1912357430
53142 -5746753891
77049 -3993749524
-73905 -6168371090
59604 -440966011
45823 -7432634937
-88767 -6926373278
-82718 -5040164709
-18943 -8586058658
14292 -9315181705
-52291 -841969639
36435 -7925689121
93772 -3588083007
25346 -7400573881
-12310 -6864412768
-61315 -7909260150
-10486 -5983539066
-66934 169406745
50368 -5389573314
-71854 -6005436946
52484 -9927889471
67524 -9274100681
43668 -4050164797
-91413 -3094471333
-44691 -4870321963
70265 -2712102780
-16911 -89757002
7448 -2448348601
-50584 -7696570362
15288 -3635416564
49208 -5882380266
-6904 -5681722839
-72130 -4416975993
17374 -2691900858
-34450 -7819369871
-47266 -4026117818
73677 -2984414995
60440 -6954002084
-42367 -5390420894
6020 -8330098218
-21059 -2894174211
56501 -3772365603
-83923 -8212753492
9173 -98103938
-82039 -2907235099
-76291 -4476138043
43476 -8157893083
-85504 -1190464535
58668 -4739765831
-37902 -1054356206
-10212 -4928331823
-35242 -994676029
72911 -9755290592
-94453 -6595798454
84867 -7219975637
-62943 -5311019246
-34136 -5029666023
-35715 -4359719743
-83583 -6587275022
-43242 -437665813
8891 -3906870609
-58564 -2272791450
42420 -4454086190
-4001 -306211140
76742 -9067401147
-74758 -5308857808
98904 -7853881910
-93217 -4238275244
33479 -3008298656
-98256 -4502656489
49946 -4752434438
91200 -3871159031
-95647 138674121
-51814 -5300543763
47742 -3328075702
1913 -9710250084
-26928 -4233272009
11777 -5463771646
-37027 -2573865784
34751 -264768017
-84342 -5965584455
67280 -4873797981
-99847 394527937
48329 -7081809344
-9391 -6267351235
73591 -7083997332
-41809 -1599729470
10746 -6341809943
13334 -5380808429
-25960 -3991584361
5567 -4615877788
80342 -6859335931
-3315 -2342940143
-23902 -6180419160
-10269 -1514081810
-95932 -6459358427
-37932 -2451757799
-67222 -3196299693
96795 -4420290032
-80189 -2005566285
-64949 -8063693169
-42236 -4886901837
68596 -3417021078
-33307 -1240605024
-42656 -5626516596
28376 -8174078709
84101 -8607531894
-80710 -3859617024
244 -1161324684
65723 -5907749704
56616 -2651746171
-71612 -9026357856
-75067 212755940
-2350 -6539122406
35774 -9744099290
-6930 -4846179628
-65682 -3151738448
-15386 -2108427522
-22512 -1616344958
-11959 -7760224546
-8061 -5221622602
-97844 -3281839098
17785 -6737543859
-51439 -421296155
-93849 -3737494777
44357 -7828602086
69729 -3079417387
-71095 -4424342726
-4838 -6579742926
-33501 -290084821
-11845 -9364210365
70080 -803057252
-31183 -6486632820
7578 -4596328802
13904 -3496294423
99842 -3964759013
64946 -1194512031
56772 -7009871572
31550 -9186722553
40268 -6395647313
25781 -992194900
-94215 -1071134755
14223 -8547596317
-25101 -7971918665
-1361 -7270103985
-49835 -640957338
24141 -3714899698
-90366 -1205566331
53846 -7292330356
19539 -2473064636
93566 -8726199381
48808 -4600302252
60101 -6547306216
50881 -1681768428
96414 -9719617486
-65377 -4149503778
65990 -7252410320
-19590 -8452601569
-9670 -4207115018
-63782 -9842250117
-69325 -3974923033
-9504 -7778416034
15832 -8277026061
-67102 -228824147
29109 -9189296090
78314 -4684988318
-7594 -6885563926
43373 -8797346879
69195 -4969291957
58160 -5013677529
95348 -2988786543
-40336 -4800782631
-17742 -6894543802
64684 -9649749966
61316 -4462731707
-25269 -3003613348
48481 -9551712510
-29182 -5000017621
-64908 -3985582721
22008 -1376055580
-69832 -9921243090
37467 -4545338008
45098 -2366483786
-72644 -9576296634
-94244 -7714080507
8140 -8097369738
43097 -4248383706
-90094 -9682766967
-52919 -114614592
-77260 -1257848409
-55231 -3024081720
81827 -6063914870
-61155 -4346134396
-4650 -6254504947
-66377 -2915008149
-92971 -1673831531
15122 -4742276186
-18700 -3189162220
90564 -8726196389
69371 -8877676465
20295 -1717334338
51058 -4190809026
-56947 -8371455866
86786 -4646999895
47070 -3961559992
41129 -7584416454
93934 -7757520813
-94276 -7898982712
28400 -1165268919
-54439 -6915693080
-7809 -2365894630
-46802 -3092607996
95386 -2760259668
23633 -4727856646
-69595 -5194184088
62721 -5952458014
63888 -7035713899
-38578 -3579870782
-31772 -2100260433
41282 -1725004257
60633 -9084387787
-55704 -8867775076
-83608 -5935429446
20978 -9369567857
8130 -345184831
9962 -4597689455
68843 -118658542
53765 -68026298
79149 -7284010339
-60789 -6750388289
-84185 -7878221562
46309 -1395136146
-84135 -8420166196
-45814 -9897111601
-23716 -1713369470
-75144 -6027497369
66304 -5411103981
-38773 -4671314056
80055 -1873054193
6266 -9522819151
-71157 -5019785348
47150 -7853340042
-94744 -6702682903
-97594 -9604706382
-60682 -4262332604
96938 -10398028
-28333 -4297960446
-28172 -1661410722
-92971 -5652476539
-69333 -3965621465
-66160 -5629876267
-5395 -894803224
-810 -8916642376
52068 -3106696408
-42731 -2934673806
-28417 -2323640600
48165 -9881847892
974 -5298039824
-39622 -5895461499
-47065 57636492
47316 -5472773528
98792 -3807283773
41212 -6837484941
-12555 -4030757548
-20647 -5582256975
-2365 -933527030
-77036 -8635107135
37818 -5368438430
28042 -3287268882
-82335 -9491105416
-54566 -2284268748
-22764 -6876128942
7703 -4207412600
-1921 -9169670930
84678 -5621130967
65198 -1789688990
-95604 -2050299701
-78304 -9391077281
74775 -8140106728
-20979 -1491775723
-98354 -3227787840
-55429 -274557913
-78835 154979832
43670 -5858169490
-44394 -704051473
10850 -1291960217
-25478 -685556865
-74227 -547680148
-70143 -7346119484
-251 -432488484
-43647 -3395198020
25641 -2915151620
-23797 -1872623942
63611 -9268227400
86414 -1491230894
10256 -8127534011
-47752 58780893
52674 -3011348131
-21908 -7043276916
-54865 -5637968061
-44901 -1235056412
-62400 11477399
-17702 -7938891072
21693 -5154266594
16692 -290893478
-43856 -8028003282
-42190 -6431017935
59042 -9137822006
-97282 -8785470065
-53289 -8082387722
-37922 -2362231419
20921 -9349349571
-73522 -5502985450
-78249 -7157009701
-31771 -1804186754
85842 -3427782016
41096 -4040702216
-13600 -2178002921
78390 -75180137
-60607 -3116962442
61584 -5113265782
-79153 -5560137228
54536 -311422070
-6850 -9770716165
-16834 -4791698701
72407 -9845505890
95238 -9253867261
-10319 -4288091676
25895 -3915638090
81230 -3474377513
-93764 -531114276
-7701 -8854850044
-69727 -6425724114
36470 -9172395648
11366 -5724072843
61062 -3190741405
-66660 -4383594571
-77554 -364817721
4952 -8278613159
-46307 -7796486076
10301 -2653340486
21088 -1771443027
-60556 -2505284989
51881 -3615928592
58734 -7383103772
-77913 -4965711682
-15268 -7905471002
7281 -7156509043
-22599 -5516176259
-38352 -4846817764
78859 -7413612498
58029 -5680899592
28101 -3009745027
68174 -2269232609
80523 -8199868544
-77107 -4531873694
51107 -6788016296
49300 -2454216162
-10668 -6895594496
-39858 -3118326728
-56601 -3283495457
-48998 -7541599533
-3880 -7821116443
63854 -8042420804
32740 -6365183589
-57790 -2359644922
-49798 -2763362080
71828 -3992670024
48764 -1418335718
-64870 -6678165278
78662 -2824074200
7370 -6749469290
-43134 -949464277
-28640 -6472962261
96615 -8336994428
12724 -1325110239
56432 -10533334
71109 -3639616115
-46547 -3864576762
39312 -4277958847
-66480 -9166352672
-11887 -8839413143
32788 -1258430703
2336 -5886185474
-7492 -687903284
60086 -6688270018
20373 -9981791344
-54882 -612722702
42951 -7367926564
-45496 -448607767
-79576 -7957528697
54084 -5849985553
-37977 -9814658869
88315 -204764142
-56616 -228193567
5630 -1550535481
50467 -4867485669
-47256 -807842612
-47956 -2201437861
4100 -5906053910
-28262 -931021167
-71842 -4323426977
75503 -9934812865
-26866 -9050432976
22361 -5217467644
61080 -2996442367
-47728 -8068829492
30474 -1299482501
-95320 -6616110052
85679 -1521476077
-89844 -5289017878
9808 -5468395083
-2166 -8027976649
79506 -4657118602
-11244 -4559999720
3593 -7466174827
52217 -6875980192
-55627 -5380597880
-68151 -5127657040
-9819 -6648674995
81377 -6951708698
90185 -1475609692
51848 -3305047739
-55948 -9522345096
29898 -8373614218
98088 -9779956646
81094 -2186795451
-87858 -9364695832
-62163 -4638000482
41640 -3564367006
-12691 -1554719675
-53413 -7401639597
93440 -5175703985
77932 -7135157658
52617 -7280966191
-5410 -2810853361
-27246 -8061031187
-7167 -9142728548
-72828 -8078359384
70428 -3287067167
33115 -1836968205
-68072 -2006076648
10267 -7927019589
20962 -678254250
11842 -8022653904
-37344 -6147875735
-62645 7330074
-99852 -8545146439
31029 -5488994087
52198 -926011107
-68974 -9351411773
71423 -6545212098
86675 -2819613220
-29866 -1242055817
43990 -4697716506
98793 -4693940462
65542 -5261762097
-6530 -7905728826
-42778 -6859920079
14272 -4241221317
36113 -6600362042
-40143 -5599252763
-48986 -9184805637
-63486 -8403905870
88962 -9468939985
-50602 -2151264956
51803 -9646712669
-83635 -3650320954
48986 -7204998649
96386 -328186778
90485 -1988478824
22907 -9706806941
42572 -5695067116
77931 -6007657534
13556 -1028626631
-71826 -9006157411
-71698 -3847135659
-91546 -7567401870
-65657 -5439517056
47931 -1235010782
-48988 -2632969637
92508 -1629686932
79558 -7834532931
-85498 -5770400882
-79800 27478418
-39284 -2597374554
-72241 -532061472
85790 -3697140787
-9963 -2062978028
-63680 -4036772826
-61594 -3401325131
-1741 -3369330745
-56932 -3075707115
19320 -4737229061
66612 -953378510
-58425 -5582605369
24023 -9712913837
-4381 -7507644500
41330 -1037779151
-82975 -1079047894
86535 -9662885705
-15178 -2738401851
-14587 -971641522
59088 -8028457579
-95770 -6872295344
94478 -368299775
-90674 -9300923025
22661 -4062407924
-27504 -7819857233
-22567 -7727666395
-77581 -8159220342
-79889 -1805629440
84292 -1613758851
90110 -3415194099
-48009 -5793817822
-87680 -2411011080
-38644 -6725261860
72738 -3269323753
6303 -6824501834
-50863 -5830449510
80825 -1090001596
73232 -4610209966
-27398 -4915691421
-7489 -2238806749
-2454 -8514376795
-74617 -7710594273
70418 -412747353
-61102 -2758513384
51518 -8584257929
-47339 -9069686415
68865 -8320611740
-61770 -1618315468
-67077 -6663283928
-63553 -126995437
-93000 -483302002
-21327 -4851480382
-30186 -5484464258
-75865 -9019184820
-21130 -7593438532
-27703 -1102009812
34782 -4274520298
46464 -4142715865
-96958 -5172429537
-50771 -7989780090
-79643 -3578064408
26066 -5042362419
-26607 -3422990207
-59348 -469840521
36932 -2603451217
-98599 -1228676278
82406 -5181225305
-27885 -9031217812
52596 -7265394031
-38608 -7879767999
17940 -7070337316
24888 -7411982194
-99912 -5346184538
-80642 -7669609125
48930 -5890173502
-52126 -480903193
-4080 -2424386450
94598 -2531152797
-63676 -8888316401
-36496 -4348836912
47568 -5064450737
-98236 -1755034965
26805 -7062606619
-21587 -3039080907
95597 -3333891712
-27966 -5213213179
86268 -9412769639
74159 -4979053692
26220 -7092727843
-76800 -1177361255
33234 -5952132988
-91255 -8590964276
-36684 49526288
99588 -1319226817
-4855 -1591444607
44669 -962789440
10322 -7343527679
11494 -4905081837
43460 -4872768517
53296 -8161733859
-6991 -8426169994
-83509 -5773833681
-1222 -5264771585
-89632 -6295675778
-20440 -9359132095
10212 -4641820682
13992 -1015454153
18220 -3377705640
5303 -6456830946
-71577 -5589182804
71100 -8873405426
-46759 -1353170295
-13816 -8586161883
57734 -7471804956
-86602 -9430992417
-51607 -4858594344
-29834 -914631012
-90121 -6162629585
-39705 -7760984368
42275 -2896929878
98106 -5233623727
-48513 -4948712341
-29980 -6126242396
49308 -3374769559
-90310 -9635567464
49244 -2342982998
-10672 -9770669075
53541 -6028122430
-51433 -1014997986
-16804 -3162669334
-85810 -4973231392
-99937 -7775758745
-89884 -7416820845
-60073 -6366286120
-77480 -9905424384
54806 -9900674924
23666 -363637540
-20403 -4544113135
1081 -9738378579
-63568 -2920909306
36134 -2202714184
-94366 -9368318770
86738 -7145835049
-72148 -3765139920
84308 -8073723573
-74841 -2402848736
-94900 -6397177916
-94157 -8004149445
37133 -7909292312
-98048 431631267
84129 -8076929183
47236 -8331664782
-45194 -999168327
96583 -2847773472
-17344 -5892699808
96913 -6145097382
62625 -551565286
62273 -4680463724
77618 -7897868125
-47174 -9296783715
-84372 -3915295601
-47764 -3054042861
73493 -8077943343
-13258 -316987679
70205 -4086700482
17653 -7195401336
2782 -9930644724
-97746 -7034467372
-69018 -1097424854
-15837 -596755909
-78615 -4754601506
87026 -4727477306
-45213 -1644513244
-84261 -3486889417
-89176 -9712161320
-74662 -1203779352
-31870 -1836501441
80529 -458059990
-47389 -1252752826
91016 -892024219
41062 -5784266769
49443 -408280069
-98040 -114275110
92060 -3967128595
10907 -3223811752
-73403 329608716
-41263 -3454213571
25839 -3463332878
92832 -3369476005
-17190 -8402101159
-41978 -7653857748
-98968 -9305606106
-59560 -2630943851
-42943 -7305013210
85210 -4101841383
-58763 -4361016048
-18027 -4526754731
81542 -2656585836
44529 -7783820608
89076 -5885776391
-93955 -4143275567
-6504 -8064274694
-17268 -9824524034
-49904 -4328731884
-61533 -3066521998
45638 -7809031150
19212 -8165266582
61643 -1547482946
-43494 -6584001523
-96987 -5290545698
-46711 -386038960
-2436 -1968359660
-15295 -7007520455
25439 -2449866369
42630 -2926236101
-40989 -623323129
-5230 -1738218038
78740 -5809302301
-45384 -4759598218
-49118 -8677735086
-29043 -4359866323
-88053 34039372
-58837 -2051785929
54916 -6660205497
19966 -9127564095
89556 -4576953130
-74000 109733394
48768 -9253216822
-30051 -5730680434
-56245 -2894254513
-29538 -7529597372
4902 -3455413082
-70289 -7344348900
-21234 -8470032778
-48547 -7528193074
-71026 -9487213560
-33766 -7498747393
29762 -8256775533
88259 -5173748246
-78700 -9646021176
81987 -2416696880
-11261 -303500937
24851 -5440194973
-95074 -2565971927
19884 -4821357188
45003 -2499451189
-21897 -8377555708
47452 -9078810102
24160 -8135538633
-64765 -8018632176
91031 -5273864913
-64300 -7384111442
-66714 -3317377916
13073 -1254123162
-4524 -9490023083
-13759 -1573172019
99908 -5338995307
15581 -9745821172
43908 -6004688620
76712 -6418582697
-21423 -8574757607
-1000 -8360591389
-36466 -6604762109
-53841 1558855
32393 -9222327642
12941 -2962545094
-4515 -5764193503
-95807 172053174
11928 -1076218568
98459 -968445038
-47984 -9645694497
46592 -1223295093
30480 -8629686818
-77837 -2571170022
73698 -9061167499
1179 -8397950126
98776 -4065165906
-43806 -5405872963
99341 -3751790584
18670 -7488941034
-44739 -4853872826
-9780 -325334210
2718 -4858921544
5448 -9968312108
-1676 -5049163743
94941 -976056536
-19563 -2108100307
-87316 -7703780019
46911 -4160600374
95073 -1562539219
-57667 -7337527299
50088 -6763863835
32066 -445796136
28634 -9749214755
-90616 674548063
47682 -871629391
-98328 -5670909820
56328 -5996486728
-42776 -645691452
-50106 -3332750033
37443 -3651839978
-78495 -5256588707
58196 -8392341861
50151 -6663137794
-83422 -6369068735
23978 -1526008021
-10944 -2343649259
-83101 -9545441629
-53896 -3290109239
-84676 -155678775
30339 -1893514886
-8956 -3578171987
33801 -5650152815
-91731 -5421585664
-67002 -8252141536
94470 -1720559221
-80944 -5120568354
64744 -495830289
-88870 -854505337
17980 -6332300475
-9347 -357879810
56092 -6929690019
-39556 -5009080861
16589 -9773740699
13650 -9311999270
-44339 -1133526804
-4879 -7244391887
64414 -7623433491
55137 -1398509639
-68374 -680216885
-62626 -7866421126
21560 -5890114336
-10158 -1655276470
-21600 -6946913491
56046 -7798403926
-42820 -7105620583
84095 -1770659264
-49702 -1430194456
52046 -781899495
61940 -7365955931
87867 -1970028356
-45049 -8128423870
-70330 -8974357341
-58768 -7788814433
-50419 -9044336990
72518 -3055175020
45128 -7328471049
-87028 -3473320468
-20958 -9675563387
-11388 -4621017857
-54028 -3563669845
-48346 -980555670
83643 -9399245741
-9927 -5853273104
-92200 -3065517382
29640 -8617582700
-9439 -6360732759
-73296 -3064750363
62759 -1436564465
68052 -7488520378
67959 -6289486760
-42406 -6804263728
58091 -1405196546
91185 -9544576679
9293 -6052156403
97125 -2992829360
16430 -9113706524
75269 -9630527628
66836 -787274260
-625 -8238301093
30920 -8583443532
-47537 -870684006
-73288 -3753027926
42729 -5859797251
6701 -3550694843
78681 -5624459219
-64590 -876818018
54140 -298204631
-65958 -5770446983
25224 -602292940
-521 -4835988669
49139 -6662083573
31913 -7063020627
-76513 -5299231188
50688 -7858761437
-68426 -3248655483
-71086 -9894402096
-14278 -7460654370
-71020 -8928016648
-48355 -5040949410
-77813 -6862006014
98191 -3675105912
79346 -6866567774
3583 -1513763490
-10626 -6425553187
74978 -8919076389
3984 -6729278941
80466 -1541235085
33045 -4318070143
-71456 -1516301277
10131 -6958432306
-26264 -374678586
-29391 -8438319122
-10937 -6772787346
-76359 -9808493858
96873 -5691105143
-16852 -3932355081
-35368 -9132626221
12900 -4328690351
18499 -6650632629
-8244 -1338784505
-84478 -921213225
-30439 -992483342
-72441 -5970946561
41275 -4049644434
-39714 -6231107414
-10315 -6372045442
-1485 -9365777401
-7102 -6605446450
29082 -1207508644
-46 -6087701171
37557 -8651396896
-39695 -1865098983
21178 -6828845154
-75964 -14827897
-30345 -1407175622
-83024 400260177
-36537 -9235768120
49969 -5249663814
55283 -4058346468
-89910 -1701594217
-24636 -2121552712
-45556 -5996426189
59562 -5866258742
25874 -9903690545
-16278 -8188135946
-60811 -9319077499
46272 -8717890486
-29938 -5334701250
80594 -4779642109
72522 -7087956164
-85054 -548209583
71038 -1494518649
27251 -2862456218
42282 -8270163833
5019 -9165682694
-27744 -6389998781
26702 -6381242995
8579 -4417893809
-18319 -3576146624
-76318 -8608532436
64990 -1074172896
-40702 -6196284525
54576 -8450125220
-7084 -9397543519
75310 -6623600052
-68588 -4084094784
-93409 -9296639793
55548 -4342342069
19728 -3623315948
15572 -4739041841
28208 -5375566295
-52237 -7289421696
61868 -8481755318
32925 -7313121058
-2389 -6493364904
28394 -7376768821
67439 -8900956444
9513 -7004456872
-48084 -3418281184
26462 -3783861118
-75439 -1924548596
-12157 -1736066548
-46612 -2176847213
-5610 -2229431522
15673 -4488009051
-3728 -9223001178
-31599 -2496998092
50214 -1001278913
9549 -3617060591
51646 -8362203627
35366 -3616298465
6848 -3279838935
89619 -1214524369
-8146 -8442231180
-78525 -4603836506
-31698 -2407577105
38753 -6440686079
-30696 -7252028396
48050 -1400067089
-31129 -9086561885
48063 -5974964896
-69220 -9037305989
-94303 -9274585662
92122 -3876896922
57366 -3013727636
76533 -4367773439
-26171 -481261068
78040 -59154954
-93046 -622007672
-15184 -3643705532
-39440 -9689894820
64080 -6789392840
32600 -1275491719
-48427 -4793271452
-79450 -826360205
-59802 -4766168794
44222 -5375019532
39761 -6949889372
-28612 -7947466385
49577 -2107523282
-79171 -9524946723
-51439 -7389389563
21134 -3918445562
-22510 -3127891209
7485 -803050192
-931 -3968318591
88044 -8846938217
789 -1191343582
-91564 -630750205
34076 -3111566433
-6643 -3659492759
-46561 -7298500985
58272 -9329172143
-97305 -9154743568
-14938 -3195194059
-42142 -3659751259
18530 -2211527535
-90421 -1695478584
-93786 -4006849210
-53796 -7512870502
-31653 -7044897229
8254 -828618288
-64825 -4028585732
65698 -5015837553
38012 -8417845917
33733 -2434912083
-45703 -5970312690
-76756 -8064954762
-4707 -8624602222
-49651 -5833657086
83696 -6494042051
-86737 -1477546889
31556 -6487849772
76290 -8328783881
3474 -1857969517
62252 -8641298403
-83612 -5861541687
30617 -4914814587
-23336 -3517715541
-86142 -3315424579
-56559 -2984564246
8144 -1378628343
-78987 -5560858502
1938 -8002020244
-91495 418817758
-90923 -5677880214
54395 -5050680526
-80293 -9916575288
-96046 -2491683601
-51827 -5883891459
-73012 -9664629434
-37264 -8114663571
-98596 -1873039315
82678 -4669700115
-48999 -1019787151
91914 -4865473436
6092 -4678163117
-57493 -294049293
-40234 -8787211339
-20182 -6133496553
-69528 -3891346999
-65104 -6525178402
-79812 -1408153862
62945 -1458567982
13246 -2009434869
-65259 -913903210
95549 -1474864087
-63505 -9586170302
-33079 -3749263043
19650 -5508970148
29281 -7983035508
31562 -893532629
12711 -6740984450
-20964 -4466597557
-36452 -3002657781
-1180 -1438109180
-38567 -5808222480
-44256 42309772
2915 -3951653432
78242 -3322473876
-32197 -1793639512
20381 -4018454271
25671 -5877103298
-46002 -6926988505
-11877 -3510085661
-63379 -5949232646
-3565 -936705524
94340 -3568192017
-46931 -4779976047
-26449 -6261232004
-41004 -8806100386
-66961 -6252982233
-45244 -5822215819
21769 -4335055134
-17498 -4110773583
58842 -2733559846
-72570 -7839241880
-92998 -934625836
-45982 -4402879004
-35251 -7773214366
96816 -6641496071
-4534 -6908869649
80523 -1652520466
57829 -4606430187
-47182 -1144156566
-331 -9013992598
49715 -102657197
-43105 -9565481494
60444 -5372645587
-89388 -984809575
67307 -3353041398
27680 -1569141118
65225 -8250637852
64504 -800942652
94578 -1665105605
-77670 -5641005082
46425 -1519955434
49841 -6764764012
-25707 -1710994123
54980 -9725645452
-91156 -9811858357
52605 -2699623912
-75430 -7803027379
89328 -827995261
55355 -3572743646
93563 -2380959040
-43408 -6326417021
82587 -4617585004
6782 -4305192344
45118 -5413402059
-81202 -1806992029
-19497 -7960294165
52295 -3888644080
12189 -7267322927
25337 -3905528355
-27868 -8713484290
65562 -9454238210
-51500 -3250445067
28894 -204936186
-56477 -6774984192
19923 -6497112974
-34804 -3676011904
59934 -4093263524
46824 -4669792712
-92410 -8108164906
-55930 -1073694630
-15574 -4935065026
-99550 -1409676311
-22489 -9446977581
38246 -3795583408
23236 -3580347828
-25725 -2666002181
-23636 -1097829732
41675 -4628105525
-90742 -5207361690
54793 -6407759940
-48999 -7443218575
-46974 -3003336299
-77886 -8725802686
12912 -9850856162
-51810 -1022960017
-25485 -8124528026
16530 -9383208557
-60369 -5180069428
-28361 -7093069098
41171 -8360467473
-75024 -5902101577
73974 -4648255429
-18514 -7584639420
-14509 -9036478525
-5729 -9465355680
63627 -6724909022
29228 -945599598
79895 -2943754409
-1990 -2427320448
-34666 -1930599091
24960 -2248744829
38834 -4962285118
-67546 -9315136764
-74656 -1354614082
-44545 -9697525536
-78582 -2817001840
-48790 -2663687145
-49366 -6366754413
-71771 -6919261887
-73338 -3145389526
23999 -22792602
54326 -1301190001
75242 -1051375163
44681 -1660098907
-37537 -7922187952
-6490 -2222567242
-8280 -651622595
-61059 -73033139
30904 -2722556751
-17116 -9182345798
77900 -2134250456
49142 -2510767538
20213 -4343265724
-14154 -6488246363
23679 -2773695749
-30553 -6367789378
-22359 -5974859215
20394 -3883946743
58702 -4265146710
45337 -4618947678
11998 -8630796039
-99697 -9325743405
-27321 -7561913584
87723 -8975513092
40010 -6074411487
-94351 -2606651930
83300 -5614312847
68384 -4781262797
-89061 -230786
65147 -2191183340
92747 -703648776
-67993 -7741834537
-52408 -5666189881
-45369 -7520181020
52484 -4154280488
-28126 -8598725820
-77562 -5880522692
-37972 -6910972540
29309 -920677390
-49630 -2857974282
61786 -1391114079
71060 -6943125896
-51250 -6036207919
-29421 -7635788929
-22916 -9173843103
-46914 -8216534089
50213 -7733917059
96086 -6688496381
90315 -3545679982
-31038 -3615496456
58034 -769336013
-23672 -7682803722
-90455 -4091971788
-91639 3327920
60902 -2351521385
27291 -8308600706
72984 -4217924723
46953 -4674086255
97820 -5182097714
60216 -6531977681
30068 -3993350248
-90445 -4893051868
7513 -2614492596
22895 -8816373606
83025 -5255883667
41454 -9680778496
-67464 -2802223966
80174 -8098431846
47358 -8878057384
98424 -5319095672
14368 -5254147803
65413 -1752673380
93620 -9494568656
-26349 -8732132230
16986 -2038540069
-78663 -1593095666
69287 -319109601
-14424 -3878095351
-81184 -3593080755
-65898 -4995680297
13326 -7482266915
43112 -3114024806
-36685 -1657967448
-90767 -2357475555
-53386 -6657788457
67517 -3710292483
3899 -7833930189
-53530 -8173217571
-3455 -8063250483
74213 -2793500844
45836 -5265703985
14952 -5115493511
73055 -6245118
79542 -7074487963
-99523 -4259988276
-56747 -4581870807
46764 -2780193314
-34962 -926349250
-99161 -8047621722
-73432 -8454676772
27014 -4125304605
75037 -7234209894
-50997 -6293173337
-80742 -8219791712
-57831 -9901068730
-82033 214622079
66795 -7912455701
-57301 -3956122053
-55058 -4401224832
-5298 -1989132608
-85152 -4871586527
18299 -3339592764
36490 -5779542273
75341 -2503772632
-57834 -4048259368
-32196 -2121511913
90360 -7033234051
1849 -6814884552
-6111 -8352198878
25838 -9281749738
91896 -6349692572
-77821 -4307955034
70432 -7401875280
-77040 -1535424749
-63667 -2667702152
-17353 -3798222442
8651 -3058853125
5399 -4285243421
-61376 -2129192940
47320 -4587687543
-70555 -3047315576
-98530 -3359012330
35459 -5920616308
-13555 -1372617044
45969 -5653458274
-74868 -5643872365
516 -277580752
-30581 -963768453
-60814 -4052731425
42132 -6676523854
60549 -2713943491
-26391 -5575450022
9592 -4632176577
69582 -3047750117
90143 -479589152
69682 -9485799159
36537 -7003472972
-85191 -995023604
-74278 -2683363690
-13529 -1058708262
14010 -5539665025
36924 -9470436947
1598 -4078597760
8741 -9394854038
-52255 -6403843616
34782 -314610401
-65532 -9766992134
22210 -8842266273
-8683 -5392260698
-83679 -522443890
46349 -3602016568
-73317 -2306960024
-41953 -3373101086
6443 -8489047822
-51708 -3408574516
72213 -1514395171
-61770 -3967605352
-4602 -5981660207
-46461 -4116213478
83612 -753294246
8764 -4641767139
7520 -6620314161
779 -1184464413
-33141 -9869628988
66392 -4609831898
-94941 -855237956
-5268 -1021277656
-26545 -7011126210
-44039 -6844556136
-52076 -8464324812
-33069 -3147325529
-86707 -1656652758
-45355 -4591515891
8579 -7049993688
95310 -5388487541
-40055 -8331538719
48464 -3817347717
-85675 -8058305762
26350 -8057243361
-96886 -6674701677
-82249 -1094291708
-13680 -5191472414
-68991 -5273623531
-86445 -3002760332
-18482 -8541064524
-62745 -6990124526
59393 -1675266131
54015 -7547802808
-31825 -375338584
-76064 -2433891891
20115 -7093401925
83888 -8418806937
-46857 -4507594334
-48306 -436510552
86735 -2952830933
-99481 -6262146056
36893 -2348259507
-20226 -7928583916
-1714 -2901246836
79238 -4984587743
-62230 -3058204344
-49568 -2839733586
60297 -3007637831
-739 -3579442926
80993 -5892675368
-26295 -8962686806
-29263 -544824795
-55020 -8169767543
17246 -6289017981
-68230 -8404981493
-35731 -7030756510
-60262 -2957621513
25214 -4658433702
30809 -9878210414
70133 -6087954696
91920 -4860843617
59228 -7274745352
41198 -802597545
64521 -8819975467
-31263 -560163632
99602 -8075655367
-58205 -9476349816
-11062 -4241595625
-95803 603100922
17439 -8117531300
71543 -4299634413
-55412 -3754356003
-92776 -1636152656
41969 -4932029519
29523 -8340688082
-2732 -7794979128
59164 -3547201284
-8865 -4978770997
59420 -5831658288
5756 -5083831733
-39269 -7175122857
4312 -4073751807
31578 -5549718343
-81175 -6488688727
-5032 -9985903883
47211 -4800678268
-57724 -4105048344
-55857 -6276971768
-64678 -22013090
92145 -5131150039
66513 -436203416
27634 -5487311490
-72816 -2850723004
-17389 -3846786674
-10824 -6705176626
23899 -5145971397
58589 -4596718430
-12034 -1928995035
43776 -8347146500
44295 -7005205388
-42988 -7609677825
67895 -3537812990
64944 -8659359164
-63226 -223926477
-45495 -5057737700
-53301 -1952930417
-23268 -4038612398
9831 -6876909313
89118 -6959992870
-72028 -4692153013
-32785 -6133667705
-79371 -1743376756
-51874 -4435167320
-2542 -3259779996
46440 -1934926772
32969 -7593706767
-77641 -2059789041
-25540 -9327851138
-95460 -6239560436
-1247 -3794663271
-50837 -5858232657
-20557 -2528640969
80613 -4364649379
-84068 -5600218062
63146 -933358115
-80968 -5194570347
-90662 22671849
-23791 -9259463424
78720 -6658037320
-83307 -8419190524
58856 -2506019405
-2115 -8603179591
-2086 -3076269719
61684 -9499575141
64467 -6437605492
7637 -8115131631
-35679 -9517035716
-9121 -6228700940
60018 -4763951536
-2089 -1785793694
99584 -4474988198
30603 -359815513
-74497 -9551829744
-7777 -3045553389
10289 -2935895164
19452 -96285245
20421 -1402029415
-59194 -2550119726
90699 -5833065449
-68086 -9005313070
9121 -4819272687
67339 -4061104005
-99393 702661184
-9442 -9260829137
-81049 -4487343546
93488 -7582161180
95273 -74401544
81779 -4437543913
-19912 -7515757661
73964 -7310897405
-49918 -5401565435
99108 -8481178822
86599 -6530929605
-28549 -5490164009
96632 -6896114941
-90994 -8466629816
-12410 -9644732406
26351 -617813605
31737 -5276007655
-13978 -2807558286
2406 -278481802
59820 -1510485862
-87675 -1087439632
35901 -3373552427
86243 -3491624638
-16018 -517034571
8591 -691001493
-93954 65927528
19962 -7215264838
74802 -9281134891
15759 -619569109
9866 -1911119027
45925 -7750266588
-61411 -1061285995
-84241 -665546014
2699 -5142085116
-31756 -1355092386
-72198 -1103829272
-55150 -9002065924
-64954 -674902117
-22996 -6793863139
-78820 -1574634093
-22794 -2218720894
-63251 -3095067630
-70197 -101788556
88961 -454111956
75946 -8880814266
-56996 193589952
-71527 176247025
87904 -7539479283
16797 -6512423527
-32912 -7470448608
-69975 -4044813356
-44769 -3195519653
95030 -4412708871
-83428 -1526057531
72611 -7487886822
-94174 -3996764608
-60981 -3875891638
-28567 -2303755990
-95337 -8008251784
-17292 -9514748816
-49008 -1119440125
7137 -1945337866
-17352 -155760677
-7528 -3067256781
16294 -3541128615
64390 -1434081711
48866 -4404288945
-7737 -5859869425
3574 -9926753874
42956 -7045986652
-67267 -8807826188
14846 -5008541043
71811 -9922958297
72768 -534048871
-13078 -2178089111
65142 -7262114983
27503 -9774097378
-72288 -5533569002
-64492 -2851651241
-3772 -1804693149
97104 -1921662049
55115 -3276833908
-74996 -4280783535
67108 -1822165641
-74521 -3783505128
-90822 -3179315798
37264 -4473425226
-90580 -8063036652
-40597 -9831298882
-8176 -5772144838
-26815 -5828251112
-88525 -5718101452
12498 -5678329762
43961 -1913262776
-58233 -5470801672
84297 -545203303
-24736 -6366303995
-77821 -1039763177
-25758 -7967254261
66371 -6735012358
47565 -8291159152
23944 -5857654377
-1345 -2727584289
28799 -1519981685
-24957 -5043380513
25812 -8065550332
97068 -6673226897
-37619 -3767188716
-68664 -3061124317
-44207 -171511347
-60537 -3188574862
57182 -4339776093
47639 -5288500369
7667 -8698170773
96767 -801866125
49266 -8707052569
-92780 -4571716800
20438 -2448055386
-91140 -9297095605
-6855 -8489620100
69307 -9245794422
68251 -4682730204
-99637 -4943138952
44352 -7109960159
12258 -1068222466
-76211 -1704354660
41281 -7148224650
-19280 -9336168039
10340 -5371062161
58454 -5003422833
62849 -6202765556
-26214 -2356389611
85262 -1278354056
49868 -3728296557
-74283 -8051621024
-26806 -6630227671
-37398 -9173982199
9963 -3652680938
-69560 -1858225536
43010 -2501992748
-33063 -9510656380
-39640 -3321509805
-72843 -8026352162
-76660 -4903345495
-56983 -5063293426
86492 -8914794843
75422 -6452521038
82643 -2287847398
-25640 -4090202679
-95122 -6811296077
95899 -1178474952
-90946 -2651206665
62270 -8057627178
-98672 -9154053897
42359 -7197827798
95859 -8271724466
95208 -157913011
33359 -7039512624
57506 -5360422929
22798 -5795882733
92594 -9588274188
-8475 -580577272
99500 -1766036332
-50194 -4312147218
-4994 -492307284
62028 -2248071419
-58123 -7856697542
-1033 -8492036080
48266 -6037933258
804 -7758190007
76834 -9452175258
-48535 -7540869202
-12848 -6540146967
5160 -2432992040
-17962 -8523684327
-99185 115716396
61718 -8335339496
76161 -6005073916
67662 -2307153196
59562 -1650322618
-85127 -3665878698
23894 -4490490581
-87792 -2138756192
5544 -8181867742
-42649 -8081586908
-16225 -6980146820
-54442 -6618027537
30626 -7448118162
25998 -981099350
36006 -658712884
68556 -9898786600
32964 -3667400695
96739 -2438498994
-46498 -1930311916
-1056 -7347417430
-91372 -5717644789
-1577 -8899738590
48647 -1641114182
-86311 -5458706136
-43432 -3388214302
-99654 -6159540506
29234 -373617871
-43516 -3424452303
5188 -7938720879
501 -763986643
-60498 -9034525712
90447 -3474584318
85503 -2193639928
88478 -1759878501
55158 -2926528112
-25126 -9966845865
-62147 -738173250
4992 -3508201991
92041 -3136425243
-89921 -1154472672
-1139 -5425245918
-61908 -2203539242
99908 -1671174565
-9220 -6486114879
4520 -1938439436
64295 -3661011896
3059 -9209966517
-33046 -9703826169
-65229 -7870002745
25394 -8412167956
52921 -4136869188
55380 -7398488302
-27444 -1196026688
4825 -8075225907
-15798 -9248122726
82058 -3174029952
54978 -1805530940
-58941 -7980440116
43800 -9175831916
17798 -7702239110
-98855 -3457330764
-38032 -1423528354
-64384 -8582577488
77070 -6440628305
-66105 -4439223016
-78574 -7392365360
-59312 -1993897395
-2734 -831796888
-7419 -3356489524
51842 -8058051339
-5529 -2380848938
-14506 -1149041344
-97518 -3701283760
-93897 -4248951788
-32680 -4914004704
-48808 -6150438587
-45427 -3314635494
83640 -1034388686
-68150 -744823725
86240 -6734914256
-93241 -7495696614
-15780 -2278373237
98654 -7897553070
-39096 -107468465
-57739 -1580882710
-42367 -9554869524
78242 -8662804329
-14526 -4991621245
83340 -4564808290
-71946 -5807020552
-60277 -6261555912
-15607 -741191488
99665 -8104901230
38522 -6470225749
13434 -1219281730
-34173 -1598126110
-32898 -8320072463
50174 -5981172868
-57292 -2185194047
6507 -7790038544
-61537 -4730158681
32681 -7517301799
-47281 118236739
4692 -4462983407
-68424 -7953483082
56033 -8522767070
58455 -3022375340
94106 -4392858429
51354 -9365342171
-93829 -7876810736
36114 -1485627787
31449 -304242506
-89773 -3969054158
-23251 -7541904007
-32572 -6351760310
44090 -4472789071
76559 -5233932932
-56952 -4724145146
-12030 -4549259993
-17022 -2469620218
-87756 -2258245543
46112 -5189613385
53801 -7617992428
-86962 -7841495317
6456 -280918145
-90064 -2566966000
74784 -1282688882
49025 -3374376503
-17470 -3088241492
45233 -5743685504
39071 -4068668580
19712 -9420282580
16404 -2958207941
-29458 -6376528848
9036 -4439869145
59694 -2064169862
34663 -8556488949
-20103 -8276398190
-8665 -6150336401
14625 -1654746947
-43516 -4931754737
-71868 -5639261008
12490 -1363396149
-75962 -6383865540
55627 -6897264960
-78097 -553174557
1864 -1040631465
-72883 -286887250
-60105 -9254577353
10459 -5859612618
-34428 -1726563937
29342 -8187406771
-62965 -3291736986
-43460 -1298630640
77267 -4526404729
-44311 -3433165782
43574 -4371221879
58377 -5036094122
-95356 -6308592436
-54645 -2027439625
-67925 71963406
-32004 -1973898587
84356 -9992717730
-2781 -662698192
-76746 -1779641450
64758 -3047308513
1172 -4379284846
-87430 -8367938863
-36540 -1284807337
4512 -9213085438
-57247 -314931491
4912 -6531745320
5064 -3270078863
-82896 -3229553219
88994 -8631253599
7036 -8071414719
74505 -5444316788
-39139 -1255452731
-22002 -9404007524
-39160 -2021817947
97752 -1012015642
-34482 -6018898235
-17119 -2920691382
94704 -4941854185
36620 -1519727411
21237 -9457461451
42394 -5169161667
-44367 -8857378946
-12292 -1282951336
-20377 -7922481241
-71412 -6362942902
8022 -2916513932
12210 -7769592454
-4963 -2755149454
-41944 -6355188839
98183 -5642892086
73575 -6330501910
-76907 -5030894223
36612 -1875309602
27667 -7416388872
-4791 -4703960624
42215 -9594859157
-96091 -7240038995
79679 -7286283714
-46605 -8452239116
58244 -9403355698
-14170 -3338949080
-75280 -423520029
62768 -6308635336
-53952 -8446243664
-43912 -8875726977
-26624 -8029916832
24687 -6614219576
29108 -5502774254
41272 -3022502514
35168 -1714298074
-48844 -6299923122
66634 -1791702933
-59860 -8778072922
66459 -7361932930
-31171 -8291774702
-9750 -5230087087
52479 -5237609266
20146 -2102470017
84696 -8122278323
-46368 -8341982077
-39601 -3595300620
63869 -2863806739
96384 -9705174139
46397 -1909558892
-82761 -8319527668
47664 -8483289389
-74710 -438240376
-40610 -2575050876
51879 -4839303356
35784 -4507274426
-85453 -1634675428
-1851 -8305494608
-41792 -5839592364
-53659 -6112770391
26396 -4066999956
-93138 -3391358356
714 -5371316203
55640 -3341121057
13950 -7883499019
-71652 -7317121705
9440 -2333361704
50570 -3059679839
36810 -2784999904
-35849 -2209503345
79506 -106916878
-17656 -2668227566
76069 -8001877047
59027 -3385213040
-31826 -1533419994
28932 -7097188574
9631 -3259294314
-44743 -3325986088
1939 -2119171224
90113 -7706940004
65713 -4299672168
-73074 -5051808806
40806 -9858914378
71319 -1769628272
-44167 -6322979579
-70386 -1822306949
38222 -7635432475
-3306 -8255366243
11753 -3087723595
60647 -4212371825
-19071 -4158229031
92881 -9306309732
16089 -9510150511
-77397 -1586357785
-66505 -1074532769
47007 -5402032741
82449 -4970725760
-53116 -8986306971
59535 -133871932
18502 -5205097578
-10725 -6989223133
-28036 -42123350
-16474 -2640219692
87579 -8556055544
-65026 -9889291948
-95719 -3070289855
-71287 -9640601396
95267 -4127194532
52952 -867909761
-30247 -3636430387
19769 -5271733190
71551 -4942864605
23387 -5158517626
63900 -3405958232
7078 -6430538562
15005 -2157241019
38219 -3159436714
-16244 -2040374145
85010 -4548519428
-95020 -3491431863
-58141 -3418893646
74615 -2449288870
31214 -3216918350
-1518 -7786341059
69710 -1631502754
-53380 -8968840243
95834 -2042746356
-21820 -5011025871
-98088 -9267790342
62421 -856728751
-46066 -9263633359
41900 -6388223234
15896 -8614843242
-31564 -3462171491
27714 -9596724572
64736 -9376654733
-74517 -3272810308
-2778 -8602684622
9404 -8133088754
73827 -2161012718
57108 -1610186239
19886 -2678528503
-36679 -6435794159
32628 -3831313793
11147 -1445883164
66702 -9911200609
-81280 -4666663412
-48136 -3870089276
38585 -9530012963
-34453 -8336470550
44861 -1196727858
68219 -7291901584
-11175 -8652270850
-99478 -4254612829
43475 -3960075124
-77685 -8958412976
-31218 -9464799217
55587 -1185779002
9515 -5544871509
-97979 -6982181631
-4631 -2366390547
60546 -4277423401
15944 -424251687
-10909 -3653727473
-63414 -9022690820
22149 -5732538236
-4040 -2125768992
27156 -2319711166
-45340 -3108170423
-99520 -6392319978
-45361 -3495457861
-40728 -5491103878
-45256 -8828911280
55218 -7837800953
84715 -6750599649
-16116 -1638947588
99725 -2861275858
72710 -9936640300
3845 -2294232563
-46444 -1741833432
-43597 -2691403870
-97672 -4637060648
-24002 -4779090225
-5044 -3875947976
-10878 -6342776431
-91435 -5242536466
2723 -1516278256
-81108 -1022441176
53475 -9569820590
50101 -9871506804
-99987 -2569321504
-10857 -7104935572
44872 -8267022678
89824 -9290615802
-55059 -9217403618
-92488 -5285249008
33215 -9429604760
63766 -5834815893
-18943 -4168819610
-58632 -825392363
-49698 -5885831618
-13687 -8943462592
-32154 -2294949293
-52455 -1040225506
50264 -82770295
-51708 -3440385742
-93428 -2734326027
88874 -1270504299
90463 -4992208992
-71836 -370619082
