57769 -8305040858
-53843 212439386
85597 -7534019818
71833 -534285686
-86862 -975316857
-63275 -8502733646
75490 -3359800993
83257 -7420245086
53913 -1011633282
-50408 -4020879716
5389 -7435131158
58204 -2508693532
86881 -4938913714
-47703 -5580233274
97714 -414888785
72838 -1193790905
99393 -1458731838
35616 -9939684144
34018 -4221720025
-97688 -9445299176
87070 -6410302685
57616 -6765062672
-32511 -4991362386
-14288 -1289746372
-51684 -8346332568
75853 -857678278
-75426 -7504448565
-79775 -8338504370
-82982 -4148986973
1573 -4499523094
19377 -978131274
-37952 -3007392740
63988 -1541201192
42421 -79573754
37345 -3214818638
64390 -9960251269
56136 -2111517348
-10470 -9557063973
-2312 -2218708756
16528 -3347642920
-22898 -5685366733
27981 -1376488482
49704 -5116311144
10486 -4890107705
-76680 -8919095076
-95328 -9918829296
-73136 -6044803016
75169 -3457781522
-24231 -91652610
70777 -4586037650
31605 -4507170582
5590 -6106186249
-52482 -5702604777
-27006 -9906929961
15073 -9564181490
-25896 -31523244
6184 -2872144684
-24258 -7879258041
21289 -2484088342
85689 -516618378
68358 -6567322857
42406 -9435029333
-73167 -4928481126
5961 -5109802278
20470 -9825581233
8158 -1375951393
-38666 -9230196701
-71414 -7522702565
13702 -6900973841
-67739 -4358738822
-1199 -1427379370
82996 -2309326828
86418 -9917830185
-15464 -5096896936
12910 -4636140701
-35279 -7537718810
-12920 -9239604796
-5222 -4434304013
-69732 -8019767376
-66402 -7932907569
-21443 -4948356730
21921 -8055895470
-72495 -5877422718
-67442 -2178826345
48886 -1177586777
36336 -1476505176
26932 -8127923692
-77879 -5293246690
94132 -416563144
-10247 -2523553582
75169 -7786123006
-78980 298655516
-35766 -7741934481
-28352 -4499568208
6561 -6567973266
-20055 -8018234622
90250 -6079424725
47854 -4172022625
28296 -5859925308
52930 -3220395577
-93792 -4414184064
7006 -3077536297
-8535 -5878403514
61132 -7531722784
-31874 -5702382373
1780 -1113605260
94138 -7058896961
37201 -3695631382
-44915 -1650085430
-2868 -8527010040
-70244 -8415528668
45541 -7006344694
-67454 -1957734241
-30782 -3787975369
-62928 -8042121348
-84231 -5534435322
-58008 -559844232
40078 -3924167885
-98048 -3293714420
41854 -7915823153
-57978 -4822942221
-35690 -6811379657
-72407 -8595342862
27361 -4032615350
32818 -3838843361
-22791 -9806092470
-81758 -7290764141
-4964 -3959416316
63052 -9797544508
84576 -316828644
-37226 -5894933597
31626 -749912709
-66240 -3665247576
-30867 -5533345278
-86199 -2349900234
-79832 -787605400
-97152 -8626814700
93852 -2809379544
56664 -2231329824
-20204 -4900694984
97729 -3452942086
-50750 -5568679669
75061 -8796986410
67534 -5433355213
-77963 -7400091710
-71364 -8128427664
7965 -6191792778
-73188 -2718031932
-22490 -60448145
58693 -6025477706
-60519 300917154
3285 -7558430142
-24875 -5540723050
-38099 -2638223350
-82874 -1150912009
78268 -7845951856
-10220 -6905270824
14128 -2718702292
-63003 -4035225450
-89192 -388978580
-98660 -1869463912
-13310 -6987768097
70986 -2822747145
39225 -8900337618
-75732 98341488
96477 -16275726
70245 -7889812494
62674 -4646251561
6513 -402775350
-95531 -5512730470
49152 -8758480164
-85350 -133261869
-53999 -6195091222
-74988 -7468796172
-92474 -1399988309
-89624 -2441755720
35860 -4287229688
2338 -1754774933
-89799 -2739886326
3550 -6131890537
10849 -7469355626
-23210 -6136236341
-89922 -6291057453
71790 -7037408001
-43500 -9948755292
19873 -7011131102
-27447 -7855279494
-96227 -3903043666
-40334 -6437947409
74605 -2221077602
93316 -863793584
64921 -4448310190
-78914 -1226350661
13 -1396902818
36346 -8306573837
81352 -3274039304
-50196 -5378482140
-63404 -1395780460
9490 -5220506545
-84747 3544074
5656 -6171216680
75537 -6705797622
-38571 -7688440146
-35720 -2586061792
-90638 -7294305169
72549 -6971518314
69517 -3706556818
93712 -7811592772
23325 -651235950
-41019 -6668980446
-31646 -3053021621
-16095 -3878648718
-70635 -9222776466
95542 -6518609029
-5798 -2650547341
-82943 -6070374014
-79511 -1626943586
-1467 -4500674262
22360 -3466303708
4116 -1092183432
-71336 -8953343008
-26162 -674376949
-27239 -7829408294
-65996 -5808792728
-39308 -4934802196
12520 -3122373544
-236 -7819962712
25689 -1141111266
-91862 -1673481805
29221 -5483368154
-566 -2890661357
83101 -609385258
18834 -6050378589
-42827 -7782689734
-65627 -3802810082
50752 -3914709512
-695 -18641638
-42479 25852798
24874 -7715460869
-44748 -4493565276
-91926 -3731485989
-50714 -5962767905
-1439 -7750811170
15400 -6154635104
-56687 -498518350
31836 -2535735264
28290 -5850673041
-32739 -8111546118
-94935 -5788243578
-41550 -6089618325
5892 -8664209448
62685 -7352935398
9853 -2229147994
-97532 -4916416108
36384 -9835792248
-73527 -6379105914
-37622 -6244582481
-23162 43379243
43645 -7535134726
-39128 -2611271848
-47147 -4355402630
-35030 -5986980469
-99842 -7702662973
-95738 -8426029301
70872 -5274899292
69538 -4663439621
-86708 347583460
-86852 -9580301936
-57731 -2226566974
-42080 -2987195948
-73652 -859152868
-98948 -9130839452
-66804 -2242034460
-31943 -6033031306
-42362 -5266801945
-53636 -3728994284
-88715 -5567987938
66265 -8599237270
-24086 -9911364509
26776 -8120215288
-76271 -8289056282
27561 -4364815446
-97556 -8797292876
-22586 -5616483581
-4839 -9461403342
-84803 -9933421486
-63884 -8008905428
-56123 -663790546
-24278 -2724396893
-45363 -9305621082
61090 -6779667373
-31380 -1823800080
-25607 -3213511178
6432 -6845406204
-85106 -5270666189
67086 -2173637265
-45404 -1274171012
75177 -9589164306
-91368 -7221553704
21613 -9753283838
88054 -2402869081
13141 -5252400022
-22575 -4296498582
-53882 -1335217313
-28862 -1519488581
28981 -5306269918
68124 -4890865008
7594 -7808515393
-16646 -8681554805
-83186 -2634484537
63073 -539600798
22689 -7662927438
82524 -7556150496
3474 -9645789249
-67514 -1015330369
44245 -1079441338
-45548 -836039332
-13215 -2433716790
-10656 -5903144772
78574 -1693180877
66672 -6276918768
-1076 -3765527440
-22208 -1021824428
-20574 -7642226265
59638 -1953233233
-47591 -1403699738
34222 -2995968025
-73286 -7118461501
-86888 -4858783672
-54408 -8766695028
47289 -6765271650
-71223 -7679602554
-21666 -1672284729
67621 -8828355098
-21224 -62250176
-89739 -1454072970
96210 -3372424377
19858 -5065217189
366 -8049290793
75766 -3024724577
12658 -4114365025
-77150 -5054054549
-2495 -6644963590
-79034 -6552259325
31534 -865496069
-55140 -7492679160
-74639 -5288882090
72820 -7310607872
20514 -7806813237
13417 -6373743350
97054 -5137174133
69493 -3536133566
97522 -4676758097
35320 -7614325732
46957 -949423402
-68834 -7814763773
44116 -9459425420
61437 -9236758902
77752 -6545704760
93409 -7786594046
-17756 -9182899736
48456 -7813409892
48286 -6096216001
-73799 -8724793870
-8438 -5381086985
51178 -8696984093
45960 -5988388452
-97130 -2496764729
-39390 -1886248533
-99564 -4316510376
-56420 -2735740156
47448 -7184657220
-43362 -2020303545
5374 -4693518701
77644 -7808360312
82576 -7635444616
15313 -1615190066
-23390 -1251651349
-63714 -6675202113
-13896 -9416887908
79782 -193923753
-63179 -5782840490
61968 -9303816828
-1775 -8191129562
-31311 -9546874854
28474 -34830401
-14604 -8959809444
60013 -1196489954
24313 -62007422
77442 -6704722389
-27947 -441292918
-19850 -2445106421
-57242 -1452932105
-77414 -961234961
8601 -8776236042
50266 -8071656317
46137 -9048163746
-50334 -3256232289
65437 -1322732446
65452 -2482940692
47905 -7050170590
-68264 -9604427776
79378 -5789230573
-94683 -4889325042
-10190 -3221001713
-37440 -6128155224
-94502 -6131929069
76084 -6910517948
-68244 -3718089252
-71906 -5852472589
-44220 -7533587856
-98240 -7287687596
69733 -9693264526
-38063 -1047818578
60418 -1742304437
-91347 -1658146578
-41270 -7339121837
84901 -4333506334
85102 -5212729841
-21254 -8070093713
6736 -918878612
2104 -2966577344
77494 -377892973
67825 -8267156998
-14091 -910437498
-81407 -6386220254
64305 -9428639562
85596 -1548582624
-73796 -7059281372
99208 -5334637328
51088 -744280912
18193 -1218318818
-4674 -7531222809
-4475 -8880600442
-27923 -8168067494
-83618 -7984680929
50260 -5251794676
-41030 -1827494317
-89376 -4871027400
-18951 -8938234830
-96734 -4304883857
-56855 -2634245494
84580 -8618835500
-43514 -7408018613
-63804 -2029209012
-86432 -3123653320
-11864 -215934760
-12776 -4269835028
-49494 -7187376921
-16904 -8896742324
9424 -6084001460
18553 -2976180574
23041 -1959318334
76653 -5218098354
-93428 -179548168
-91631 -613624478
-33020 -2351740888
-86136 -6117028956
47701 -7697600746
-27816 -3634200780
95908 -774204572
66834 -6927367065
-44543 -3955175498
-75311 273392578
30709 -9467918882
-34172 -186924944
41284 -9113552912
-32840 -3383403968
21426 -5676784485
31764 -3451783188
49656 -5008358676
45316 -817560052
71634 -6165808845
57736 -2528476168
-97883 -1810119266
-76314 -1258828509
11197 -6330536762
-66707 -2427297038
52404 -6950754780
-3230 -1701243929
-81296 -1002988048
-45351 -2938129818
-63770 -4310674285
-6339 -4355394606
88962 -7798466853
-46763 -587892134
13129 -2565252058
94968 -1722993600
-12863 -3109984030
32152 -8904971132
51517 -2804458810
682 -32017517
94933 -4424733586
-111 -5962813530
92569 -4845641734
40293 -6649926990
39949 -7104911098
25873 -9470641118
61989 -6761486118
-53262 -719101989
-92499 -4801618662
-58980 -3362177856
-89094 -8164415481
58870 -6795006385
-17475 -9193087242
-18947 -6720668410
-87035 -7254839282
56742 -241309113
-12698 -2287353949
97869 -8919547302
-69386 -675205649
-51266 -9389321113
-85547 -3369848206
14326 -3681281977
-11528 -9114861208
-39224 -3629902796
86641 -9051209726
47797 -8132940994
-2540 -18950968
-60002 -9525756433
-78434 -9555320161
33733 -4607932514
4866 -3612448797
47317 -3478963838
18453 -88278474
24997 -9087813518
59980 -473704580
60754 -670213889
-92646 -8259592917
8992 -4461464144
-6755 -3151100366
26470 -4563270529
19404 -7713153192
-87891 -7087571082
-76823 -3760220590
-24606 -3723669549
32742 -1072699149
-23012 -617797372
68620 -460151032
-32858 -8892173269
12513 -6207214542
-77804 -4390493324
-80192 -6946933676
34965 -4870771950
-67890 -528033333
17458 -365924621
84454 -2662716421
37384 -31539532
-50012 -985160492
-54266 161315299
19012 -7372586584
-12603 -7853313774
41245 -4309187330
-9458 -8956378273
-31710 -4359606837
-77034 -3545659437
-52542 -6535986381
-12500 -7044276524
70105 -4296390886
6553 -7760377538
65830 -6102084233
32866 -5225148569
73765 -1480624754
36325 -2643304054
99033 -5727911922
-48167 154764694
84933 -9929194866
95514 -1866726993
-60891 -3422917854
-566 -7999551781
4588 -6440313568
-48126 -3319582989
29737 -116519066
9913 -7059609550
58846 -241709641
-82730 -8761210189
11566 -1740063469
50520 -1864325316
-97532 -6265780520
-5415 -7311477270
32670 -5052337941
-20582 -7963848421
25156 -2430438560
12928 -3781095536
31752 -1521805728
85897 -9969164254
-54168 -3549727212
-68330 -5296978957
-74402 -2349781765
48450 -9424832517
51852 -8823924216
41461 -7994404742
-16736 -4765956020
98542 -450644933
-3839 -4002386542
58945 -385249034
97840 -1058259148
93990 -3048632121
-85727 -1860662314
-38924 -2667490408
-33491 -1850944654
6178 -9492460909
-44498 -9010647613
-6450 -8449567641
-42983 -3735737338
11044 -8110793372
-17202 -2038408785
-42731 -4813030666
-85463 -3407304986
-72816 -684607896
88713 -4382727666
-84206 -5376172429
98794 -1489030181
77230 -1823116945
67324 -9253113044
-70571 -5482909586
-50723 -6617850490
-18687 -1486433670
86721 -9348331530
-42320 -5147708416
-57291 -1097037354
99358 -3485757601
-32699 -2497855486
-89456 -1127095828
99694 -9256173589
39010 -5240849513
-66863 -6130110338
26650 -5799185809
88404 -7898622864
34198 -5750023385
-92384 -7080711412
-57191 -8912694082
17965 -1352827754
-70676 -6563540128
73285 -9138203374
-34199 -4431378254
-41522 -7489826821
32878 -246730957
-52250 -9918651013
-83795 -4691580530
41217 -3382743330
-8171 -3425861542
5284 -822354092
-26516 -4018581728
23220 -5965887612
-53528 -8657078960
-68783 -918808642
35626 -1264636553
-32283 -5743841958
24985 -3457279298
-80994 -5678376093
68329 -4920454846
58621 -9121038394
-16286 -6500875949
-90527 -7038740618
73621 -8273413966
-19244 -2965166500
-908 -9326216036
77425 -6682254902
62280 -8063494464
72700 -9428951092
48718 -5569590617
19768 -2925783820
29304 -1977464760
29032 -1735965052
40702 -8516349289
-95622 -6449738169
-39884 -927492160
32080 -6567080944
-85463 -2312645102
-77451 -4758552342
-87776 -9403392296
86593 -2520661130
420 -8130574392
82294 -911226449
-42779 -8780097310
26662 -9509271361
79014 -518745933
-58088 -7916904568
45901 -9995656070
-11934 -6912592149
-89972 -656866880
-83627 -3426983714
-24188 -9721782956
24448 -6153025736
85077 -6064187070
63154 -9779028133
-14183 -3476649670
-7575 -4763490546
-13496 -6328866448
-5364 -9335390748
-9464 -7745769652
-46928 -1945444444
-22116 -6695467380
16648 -6377890264
-58676 -1833047704
-63566 -8596016029
-45098 -6823974721
-88847 -4543580450
50836 -6937259768
-81011 -1023690622
-53867 -4652420990
64 -5451223892
53796 -5069685564
-2820 -3497224296
-80130 -9872619249
-1598 -8818611269
-33347 -8004460238
-98435 -2405263786
58957 -4317041618
12121 -390690422
98125 -607637918
15790 -9367647665
-70640 -4859087704
62890 -7681234237
-60668 -3204923764
13521 -8422310634
41817 -9992639910
66706 -53156321
-40674 -3167670237
-89564 559015948
-63746 -1079445305
51130 -8447836549
77422 -3124798993
84618 -5745063513
30438 -4613291457
-18284 -7186943320
84646 -990031825
-25691 -3984330034
20908 -3673912756
-7139 -29044610
99709 -4373321474
228 -4532976
26230 -3676888705
-47336 -3144921040
50328 -3225160068
-62720 -8484477884
49345 -8960686310
44709 -1865912262
-45228 -2377004616
1110 -1956909
-76343 -6973395386
-60662 -8477977477
3892 -8837496616
45454 -6862510697
-60722 -7141444333
-95786 -6380889925
-85922 -7576757305
-64290 -2007459453
44356 -331533476
-85430 -9840266057
54537 -384885258
-51476 -1900275236
81237 -2607611094
-99824 -1842280600
-56456 -5786068444
-65675 -4587762670
30720 -2681674656
42142 -8242488773
36493 -1461252238
36790 -8196047893
-16847 -5260511434
4872 -840469140
-56862 -7763550273
46714 -6680255785
-67043 -9730619002
69802 -2425838813
43789 -2025131254
23022 -701216253
24597 -9765790050
-20315 -3555651802
77601 -4838085498
-92886 -1289850237
14293 -4333875430
-50390 -4486338245
77742 -3588952089
-47384 -5098515064
-76112 -5452668944
67537 -8092494406
42082 -460154365
79150 -3301674985
2424 -6864816624
99364 -5137018468
30409 -8475639134
46005 -1094851710
-76256 -6431236288
-35118 -6209799165
-46175 -5755591594
19720 -8101740692
94473 -6142921926
-54024 -9939511944
70305 -7490767662
-53915 -2387578366
52669 -8086129066
-1256 -4695537460
92122 -1407553477
9189 -5249122158
82680 -1614472452
-93551 -6920804422
67822 -1747113337
71133 -5630842662
58714 -6606316525
64900 -2164661716
-94991 385911346
-56768 -8284892320
17310 -911976801
-99938 -555818761
-46670 -3749142977
21505 -7501059922
-16082 -4178977165
-10250 -2292266149
-55691 -9175645846
-69611 -4397725174
-28244 -4081947592
-95430 467266107
20626 -5931929737
84385 -4905875306
-1970 -2430163681
-22002 -6048733317
6073 -9139048762
51840 -8866252140
-4928 -53523772
66964 -7565326340
80661 -3925201554
-45347 -1900299658
-28184 -2493607304
-37332 -9159145320
6376 -5308520852
-3722 -7960017469
-57608 -5206119676
83617 -3270033394
17917 -2689325426
46402 -3862215613
80338 -4784342789
-9695 -7658953450
33604 -5755533184
12733 -3156445034
96502 -7901041969
-5126 -4868509589
-99368 184223596
6493 -5678205190
-57015 -2940321210
-50436 -5741178108
84105 -2032169178
-19778 -6653219105
-38483 -5689255922
69928 -5256919964
-79170 -7028259585
49876 -5994722564
-31707 -55245990
-30980 -3892232968
43576 -4731671108
-72068 -5867245072
22144 -2953156508
-29495 -7753049890
51288 -3606067788
-28772 -5342557876
41458 -5796302581
-58268 -5515019716
-77642 -6268329877
10945 -45112318
-95990 -7230202873
30322 -1433003057
-7230 -8300077773
71190 -1795908873
-83168 -5273658856
-82640 -7809628868
-66863 -8605717154
35998 -3438632153
-74183 -4796089246
26662 -8219846513
-28223 -7573182118
-38915 -3949872194
-34991 -7099206118
-80808 -5038662324
-33071 -1287077210
-22608 -4341480612
10662 -5927835381
-85238 -5310911861
-19115 -467144530
15526 -2625572549
53581 -9809680082
-1458 -6465244401
-89768 -5752377812
44548 -4423474148
61609 -8009998258
74413 -923811734
74236 -3490941952
53529 -9294280122
-53919 -2290509774
58189 -1051800386
11590 -3493882909
-89456 -6015691828
-14894 -7740237173
55024 -6427385576
-25706 -5281997081
25924 -1904507108
-92564 -1669771700
-65096 -8685916540
-70823 -7416603790
-88760 248743072
-39440 -2440482716
-3176 -3523132000
-34904 -5809489468
-39584 -5855226212
14482 -9348373577
23568 -660002940
82006 -3928657465
-17732 -7524356656
46252 -1916888480
-98454 -9653540913
-7307 -379852262
-26064 -1590976908
-33996 -688378644
-8976 -1591991100
10084 -6386412928
-77232 -4027904664
-31535 -5809274074
57130 -2571604613
5652 -9633011712
-56087 -4692901658
25762 -5133958229
59824 -2294168420
-93215 -6816672418
-85928 -9249397484
23485 -4018612106
47713 -1815461770
26734 -9224780509
10672 -9323796404
-68486 -7898408177
83458 -9494454617
10750 -3916323125
-18782 -8695336733
21366 -2186337489
-63971 -3308833786
35380 -3574933060
-9452 -528704600
-75500 -9862656244
-53186 -4122149581
-36263 -4970197154
11029 -104832350
-83150 -1496010385
-1940 -315470416
67480 -1360950748
-36527 -1557932086
76696 -6126153136
30117 -7136770158
88116 -1585850184
66682 -9313188229
40716 -7701755700
-85487 -7802808602
87817 -3873944330
73692 -3422760300
17536 -5555865536
-83540 -6500895992
-72710 -6948784985
84777 -2444215494
-34208 -8761247732
-86847 -7999097730
-62676 -1789909884
-26528 -5578505468
52888 -9734153344
-93827 -9637797022
-86210 -7713328793
95521 -7498937974
50056 -4605231412
-99642 -5757763221
-69146 292244491
94468 -1449525448
80416 -9624426388
97021 -9210501974
-86012 -6668831560
25480 -7316934536
20578 -5813932057
98094 -1775254641
64665 -6702104286
19873 -6178728182
47440 -8287359580
17130 -2968222473
-63206 -5034965693
54865 -5815605262
9937 -869655418
-55136 -9160327480
18226 -1951729273
-31860 -5531555112
-23378 -2945028925
83038 -7434137041
-81624 -187414164
-69752 -5565854396
54160 -3115115276
86638 -4990907821
89116 -7915989044
-99938 -9878762533
-56154 -9433423197
27334 -618858265
19789 -7366937698
-52854 -5981561013
-91115 -1682764162
49362 -8803104585
328 -8789022832
87742 -2938916969
66889 -3530520602
-27930 -9126435141
31152 -2290867560
21925 -4431796046
-29870 -2033276801
-44315 -1762308562
75997 -7255734614
85522 -9960944041
98782 -3667425301
30796 -4960258420
-12251 -2363438678
9510 -4499118597
-48336 -9263594964
-34539 -2773584414
-96204 -8204909760
5253 -127167966
-14984 -8739799772
-82887 -5005407942
-6528 -9565624440
-29483 -1350716638
55200 -1052540868
-69258 -2107472649
-33644 -8991140956
96832 -1411199720
-46307 -4183545814
-52464 -5900711088
81 -4434807030
19900 -2998246688
96226 -5402099905
41785 -635115614
-75566 -1995405133
98386 -105716857
72024 -6749461248
25576 -8435273860
25480 -8809164920
-72074 -7606411549
-50150 -7601900897
-30626 -3986800757
51042 -4632928209
-66176 -6308574920
24990 -8525006661
90502 -9606261157
-95702 -2331539381
22717 -4083133426
89881 -5639883430
34056 -6354371268
-55667 -7304071498
-9884 -1366028320
-34203 -7257413862
-77268 -10843452
1293 -6722817294
-81746 -4666093981
-47408 -7781558888
60364 -8148933100
-20292 -8585035704
-20054 -53408345
36484 -5856141844
74284 -7554812344
11653 -4646235974
93900 -1102861788
35938 -7574692961
-90456 -593999172
-72443 -4110044746
-69155 -1860710402
60196 -8888499788
38341 -874129822
83700 -8218136016
-83826 -2120551581
-62228 -946563116
65449 -5523483710
99112 -8470697084
-5366 -435886717
-47574 -219863661
-11226 -5483604777
-88220 -439395700
-26951 -4449434770
10996 -3421147612
-15566 -9806539409
-30083 -3457691774
-62510 -3170102953
19726 -8511837281
-28392 -3474344364
73338 -1725728421
-36540 -8529388452
-79430 -9890729833
-62027 -161473574
44478 -8066936769
-60936 -1367573676
17526 -9471866217
-45800 -882830996
-34631 -9393377302
38089 -8220302366
-2370 -2702901165
-30903 -7660690182
-40967 -1602301930
-41247 -1465256130
1816 -5398220768
-38676 -3527607612
-41336 -9010081076
80422 -1307896397
47224 -577316900
44242 -4107620209
-38087 -5341089826
-43170 -1409152473
28702 -1698755929
-93575 -8566852258
95397 -5032201494
-28346 -6552109277
6600 -6889448880
-95634 -1158491121
-59124 -9456789648
-90395 -3497389822
85504 -1651333828
78073 -4045149998
42934 -1094998357
72 -3506325528
65413 -8063330638
-58947 -7646956614
1852 -8169878116
81508 -9621116900
61758 -7631865513
-32594 -691981397
-91758 -3188793621
47856 -1912735932
66220 -2470088284
-55610 -2170190945
-92328 -819539688
17974 -5183613673
71121 -8326682874
-24483 -6214779234
56800 -4462593860
-30530 -5426227037
30225 -3747312846
59614 -5538360041
-16076 -6881001812
70516 -7480353308
-29879 -8587948402
-32327 -109676210
-34166 -2131083613
-56135 -2769712978
-11087 -3242164582
-144 -3513266448
-26888 -8046970864
-1496 -75395120
68889 -782373978
-95171 -1089643666
23190 -5373377205
-29522 -1375122913
64129 -8274636494
56344 -8174536540
-98199 -4462320294
-71232 -7614844836
-55742 -1008112325
-98310 -1352841681
50430 -1780021785
91102 -7910860613
22552 -9708990676
50917 -3681128546
26137 -4162187102
-72423 -431615814
13609 -3205491902
-75587 -8921609438
-83316 -1520460324
89529 -9236881782
-55619 -382854758
36285 -4289246634
-7118 -7963130345
64866 -11818089
60604 -193077664
-37775 -9055493042
21898 -6482975869
12361 -847438106
-16484 -2686866008
8710 -2160128597
49933 -1437074090
33705 -2331579006
-20126 -9628125937
-80219 -9756129250
-52598 -3449442737
29113 -4417869130
-80330 -5319148129
-46688 -4481118928
-80079 -8347453842
42310 -81363629
99253 -3226374698
30618 -1575732237
65841 -8044906290
-40311 -8268787878
10285 -4763960714
-74714 -6654758089
62914 -5478821573
-81167 -1870798442
1924 -3639815768
20092 -6166700048
-50024 -1919176652
-60831 -8657453550
-61199 -3108800578
-35691 -5375293290
39040 -2320483612
-46508 -6998538052
-54374 -5421614201
82072 -8947792712
16000 -8142682444
62872 -6467798164
37993 -996472838
-49191 -621382050
23769 -4875867990
54598 -7173770537
2530 -5501334209
61096 -370829888
-57899 -2418400258
-32604 -2741803620
-49224 -777766272
64248 -6734167488
-95654 -5220182477
87205 -9582342746
-57167 -1129411030
8452 -9023456672
51301 -4335543922
32901 -9857280138
34198 -3534877913
-94430 -9081323789
-47315 -9293867926
-31320 -4121168208
-69839 -1637228962
-79799 -9473574154
85462 -4835088413
7024 -8500998352
-52079 -436006394
-36527 -377737054
-48720 -7106094312
7728 -366167400
8128 -2558310412
95157 -9506032554
65205 -6334491054
72264 -7188656592
95653 -2913501962
6978 -2773623321
-28403 -5681470298
18112 -5117931340
-81891 -4243851258
-22062 -5233254801
-34839 -9187873686
80790 -8002886901
-18503 -6820228090
-85128 -7052434836
-21911 -9972010058
17533 -1967312570
91981 -8593424026
66000 -2921411340
-1538 -7620536369
-19710 -2210288109
-78912 -9136868472
65074 -8795829901
86434 -2307667409
-56072 -2893001612
-86132 -7806680452
-59694 -2383066641
67932 -720749844
21042 -6990030177
66781 -3369315242
23353 -489095494
-33564 -9604974468
14629 -4783362334
-92852 -8630844476
68065 -26962978
40228 -6411757528
89518 -591139861
73512 -6864504888
-26543 -356410426
85101 -2985620178
-21672 -3935331684
67510 -2135809285
-7055 -8728440886
-91418 -1154640557
79893 -963731610
44818 -3408919585
99133 -839239298
-56360 -2090071324
37404 -6691591356
-16998 -1079096253
-51944 -9362233388
-32507 -1576904410
59412 -9528204552
99156 -4976586912
71652 -5002538316
96501 -1963873278
-21779 -9171633610
-28592 -8182327496
-59144 -962642536
78166 -1318660933
74457 -2449736454
-31151 -8952835210
-47564 -6097992652
-93872 -4938452116
30390 -9048380109
61456 -1152753568
14353 -1713348350
66232 -1827383284
91801 -2631838454
82450 -2231682821
38746 -4186238785
-40772 -2969329264
70341 -4413405402
-94056 -1416248664
50973 -4061773326
-53063 -5592570182
47074 -4872752237
25144 -9612510716
-93062 -2145924517
-59795 -1277021594
-962 -3049019057
-64139 -8891596430
-90087 -5159001390
39682 -1885809793
61108 -5008122584
88230 -1395546837
53674 -256453045
-68003 -4371388534
11266 -1104844709
88849 -1570845802
-90620 181024156
-5808 -7893028860
486 -2204963817
688 -6065096308
20068 -9774113152
37297 -944195530
69285 -8948030322
74545 -745719626
86128 -669226972
-30999 -1715530542
5353 -5207692142
-42404 -5758173200
-10736 -9328005056
-77700 -9777256956
80452 -7229379056
18097 -1646323550
-9770 -6415140773
-85356 -5458231272
-90158 -4761565025
18772 -7141047232
-73338 235467447
5464 -75776188
-59238 -6400419021
-4776 -6589194528
45178 -6412931809
50265 -3939340758
-15096 -5871542892
57690 -1864503009
87468 -8180930556
-38183 -803811566
85758 -4631238309
-5454 -7226045925
-40728 -6008600244
-94256 -525161084
-95387 -9671379094
-68408 -7226464892
-26348 -5617119764
-93132 -2865722904
-99227 -4562213030
-2555 -9931604090
-11267 -3516357842
-88163 -2094817046
-12975 -9229424766
92446 -4664224237
88149 -7686733386
28828 -8045439716
-11234 -9089311465
82581 -459778434
35470 -8557109365
-7598 -3408721373
85726 -8378228345
-38360 -9658389308
9649 -1401009778
-39243 -5594688366
68905 -6090742786
-52154 -9844783465
39085 -3462020210
8814 -3453766293
83094 -2350499709
91900 -8403045928
-42476 -3498893692
55008 -3355085736
21649 -550870186
10312 -6879432320
85681 -7095597574
-87180 -2870049564
-47924 -7600363456
-40796 -8062941716
-40019 -230641330
1426 -472934177
-2747 -1435395962
80596 -2810913076
-69740 -1801174132
78070 -5616903481
-23834 -9468246053
97969 -3196566614
57205 -7034300966
26293 -1571258782
-65438 -3661734025
-86192 -9387587068
17598 -9754773333
56740 -5430661424
75978 -4404184569
18808 -3076240228
17542 -4581013405
65020 -2566044292
22290 -1793850201
73300 -3825213424
-83442 -7249969605
-79127 -3835569034
31825 -1728455962
-24095 -7964358746
-14114 -6706383053
74770 -5335779625
-83868 -5549329116
28072 -1379475200
3886 -5174707949
-73322 -9579774869
-70619 -1959590558
44896 -3004547720
106 -6433641265
-97640 -9859297876
62109 -9653475342
20710 -5351331577
-58152 -1511791692
-67442 -407714825
36802 -3143906717
56392 -4163164864
89505 -4119706470
55552 -8156404480
51237 -4258850730
-55835 -8812333366
-17328 -7574904732
-79463 -8542678118
9729 -9648481278
52132 -2639703220
-20742 -2688566181
27190 -1605876413
93178 -229959425
-5456 -1733001944
-49934 -4716700685
-56151 -7804932846
45217 -1825239746
-8810 -215393725
-66614 -2007057409
39166 -634308097
-82200 -3923500944
-69198 -2372877561
94741 -3363271054
39720 -565352664
86430 -5789092125
-24903 -5056905546
-24752 -9201830168
8464 -6930666268
16425 -3879938514
43281 -4603728654
-2235 -4585541754
84193 -7333329626
4894 -4681781845
91525 -5126718590
19605 -8081847162
9946 -2694019625
38452 -9980058340
-24648 -1610532480
-97022 -848897873
-27288 -3862179060
84181 -7953070474
52378 -5242104473
-63728 -7272813256
5989 -8406220910
33142 -572957737
-34335 -1129431882
-59462 -3480662293
63018 -9409508265
-86564 -4752811820
7513 -2030094202
-73268 -2816009368
-87938 -3653029153
15870 -4999935261
-40712 -223587268
76498 -4880854397
20277 -1648831002
-34232 -4524992672
19762 -6074134285
-56199 -5005929186
3154 -2351442301
-19502 -2455203685
526 -5777889697
86304 -2474923596
22714 -8739566729
-7227 -2455991814
11068 -5835237932
82546 -6398175533
3532 -2699970596
88960 -8814804172
13354 -4028445049
58486 -3613713949
-37847 -6460796066
-71420 -910418096
34234 -6418741733
76444 -1281220760
-26744 -5658852796
87046 -4269849521
-43943 -2260928218
-41171 -456116638
53118 -3570663081
-32151 -5153187138
-11288 -398031400
6610 -8955849893
94389 -4933398666
3141 -1582797954
-19520 -4170408664
62269 -605672294
-60614 -2811176153
17457 -3496103154
96361 -2941329542
41061 -3266863758
73813 -4565365370
45598 -3144691145
78552 -6895479228
-9524 -9504795992
71097 -5828663814
-9294 -2065401093
-83423 -6994994198
48298 -8426400581
-30764 -9280606820
36385 -5786981342
-62156 300460120
53044 -6688151344
98994 -406446585
-26495 -1969476158
27192 -1124336436
-13079 -8704829786
61000 -440471920
68325 -2403685758
-71450 -6376958305
65782 -925310777
-91619 -7955377478
38797 -8815642934
-20351 -3657090566
-6962 -9901878409
-59975 -9498624094
74814 -5762141193
-43592 -7835582900
85126 -9394754297
62416 -1799016668
-67266 -376400937
51409 -2047321874
-70562 -8030114605
36141 -5678110278
-41831 -9731752726
-94310 -9769636081
4336 -3068565848
-95136 -8313536052
-91514 -2545808749
23685 -6396358998
-20078 -2353661801
-68922 -324570321
-95760 -3527493600
-84528 -9056922996
33790 -1677197401
-94778 -3410937817
-15795 -7028466678
72054 -171961521
56928 -3439778604
-3584 -7899260716
13338 -1529059305
77689 -3252448298
-92828 -6988771912
20676 -7171299288
75340 -9427706860
-69315 -4802389098
-38379 -8056469022
-23930 -3492982153
-3302 -6524090137
-18746 -5327935913
38608 -7732098940
44037 -1853280690
-72903 -9998143962
99382 -672691961
-87258 -9285666933
85920 -1852306308
-69416 -532410832
-49067 -2082661358
26385 -6908700882
-71636 -1801969588
98314 -6980185369
-46268 -8092320488
63754 -5030530657
37672 -1334402596
81574 -615050941
13318 -7599376649
-69450 -3995461077
-65852 -8411813060
31186 -4939673213
31497 -6017958978
74869 -698823794
-60179 -2160847318
-58880 233016260
90346 -2308944121
60778 -7863774793
58882 -9375077405
-25820 -5549825660
-67808 -3421255960
-93251 -1831185790
-40194 -9274565757
-32007 -6188472102
-33251 -8649635770
-4115 -2399205310
-18956 -1587124240
42904 -7191418864
-61154 -353117113
1986 -598084437
-36710 -1882081417
9565 -567741386
-9539 -9007355482
-2471 -9562804826
-6818 -8806901137
37333 -7411301846
54769 -3043549922
-90800 -7235218400
-66884 -1041309784
48961 -3581438314
17461 -4401233342
27397 -1817881582
9789 -141850686
7228 -215552080
44982 -4501027725
-34182 -890470809
-94454 -9711683837
83217 -4584413778
47224 -9978819160
-24122 -339878237
93025 -3746548046
47922 -927920997
81186 -5941233729
18214 -1691516425
-7112 -5653771604
-77828 -3177304360
66490 -7078062925
-85439 -9702271526
98101 -5083998014
-73682 -1063673905
80724 -3955364796
63205 -1570943750
99606 -7216029765
-174 -948037605
-78554 -2680793033
65616 -7103921940
60238 -6810306053
61258 -5520169369
11757 -5063061462
-24878 -3501094717
35158 -6876188765
-58367 -1793837398
-5007 -4921072014
-60410 -6698813353
-66279 -76895778
-87528 181693500
-97742 -7016527333
-60515 -3161503454
-75794 -6578626021
-73487 -9083136026
-51875 -3195855902
94932 -5464524108
2848 -9390795608
64209 -4211701266
-19502 -1072580585
-61379 -2662076306
83620 -6334130872
52482 -1341275097
71473 -5317722262
-72546 -3615915789
55273 -6605094062
10126 -171344933
-65774 -482804033
-86720 479168432
61141 -2334528614
-34350 -9098859309
38274 -6658488957
39510 -6868760481
36093 -9524762862
-10968 -1079132088
-64266 -6023023137
-11754 -1063156833
90433 -2147276966
34384 -5775847732
-47523 -994447230
20617 -5213011406
-18051 -5120834166
11605 -7286429378
-59051 -4411017974
-91262 -6961325837
21094 -9459989609
84846 -9683298837
83574 -8673607845
-20048 -5476759844
-57038 -7757809417
-72314 -870094597
-6855 -6731493618
50401 -9128684266
33745 -5207161310
43564 -5751447904
-17603 -4668194206
-55335 -4247998170
31441 -4432971050
-8078 -4223837917
47692 -3000138268
31516 -3477069116
-17940 -6321225960
77698 -5281157417
22789 -4042816790
-11276 -8899959484
99157 -4142877938
90577 -1547880610
-9903 -5864032446
-95588 -5519635196
51442 -514166837
-32372 -9187004888
94284 -6523046436
-37916 -293788864
-9812 -5402172520
-3443 -5187545798
40734 -9445611633
47188 -5081183864
82485 -6494948802
-10310 -8126923069
-22578 -1372317645
74677 -2317378522
41037 -3888072702
-2648 -193689152
-78042 -6977216541
-70598 -4374704317
-93434 -9643392713
-32123 -8193700034
35757 -6378628314
79282 -2259420233
-62915 -2843559386
-37352 -2968915408
-94019 -793590602
-43587 -8218215270
99940 -2338584664
10528 -7879947188
-67416 -8708943216
-37020 -2045078496
33409 -3152770754
-95466 -1812602925
7653 -9153161238
44866 -7391475293
-83088 -1576461336
93364 -259582552
47440 -5709190780
95821 -1012684862
-90974 -1927887133
-15440 -5979079264
-6903 -799209090
19858 -6153887993
5029 -4171637422
3726 -2592665697
33208 -635170660
-93954 -7320741321
-85295 -384658762
-27651 -757969038
87486 -6575537553
11176 -2502637600
40260 -516657672
79993 -619130954
87858 -9932948325
55900 -5910756280
-29574 -3336693621
-90614 -8354318437
29142 -6126981633
69709 -2706226570
52264 -4102117288
26221 -551905094
18409 -2865005458
79677 -291176178
87157 -6625320370
-97526 -5919038221
29641 -6834869990
-45378 -9813307737
-57624 -6693826308
87832 -9798121700
-86942 -2707613569
-37106 -390693617
-45146 -128779697
6598 -9737745769
47734 -9813239917
8056 -8808281500
-28850 -9028951901
96657 -1204661478
82456 -7117977380
17004 -5427371076
42709 -161066198
-20702 -5676816401
49806 -5357252877
42442 -7262145853
-58010 -7393917281
-5819 -5562781726
-14510 -8512602929
35602 -1750761809
54574 -7720368829
-46554 -5687015853
-81726 -6911139033
-70514 -2329726741
-26546 -6548773169
-77774 -6304956749
2560 -7958593820
-19490 -9074987557
74158 -5746581817
-54527 -8672552758
-20067 -3700339050
32754 -5214405657
-58244 -3776935276
-18722 -2852685749
-10919 -8998201114
-36476 -7705616600
-65447 -359224598
99174 -1149571245
80461 -8948819674
-8960 -8630575180
-40043 -5624192186
25425 -1592983278
10306 -5531403689
83140 -686759072
45793 -9392148386
40984 -9694260812
-93486 -2247869349
90892 -3728143844
51478 -4531830593
-90584 -4484858560
-35996 -5418421300
-2276 -9626053616
-396 -8433062448
-56063 -925203914
-73706 -8649370205
48646 -2687466925
-99114 -4551756909
-28571 -256785994
-38834 -9482902165
-57168 -8043825096
74728 -3951381812
-71750 -2768528293
-77594 -4950942821
29422 -4238808133
-70082 -6197185549
62310 -6364792653
-53840 -4209995660
91377 -7901212770
-17408 -8320349528
80761 -3092986294
10957 -7009795778
96072 -4534934844
-62834 -2906347937
-38078 -2172295469
92848 -6471259024
-85628 -9748895248
-75162 -7689257649
26104 -2624040760
-11964 -5548853580
-55484 -8267607740
58456 -5629598176
95434 -2421219985
87456 -3604911972
24796 -3674658116
55005 -3325328322
-49062 -8987251833
71170 -8410786801
-3834 -7639884909
40440 -494988648
-77747 -8800217618
95434 -4098879305
86233 -6113688614
99354 -2491518177
-56183 -5759152886
-51711 -2313850002
-74712 -8389046688
29917 -7316375126
-47918 -6260950061
78586 -2069632349
31714 -701285453
61497 -2939422722
34084 -6428143124
-26975 -7242360314
51577 -2787369010
-26523 -6504853890
-90914 -854725877
49620 -3017416596
-30455 -6070184366
87081 -7898140134
56470 -5931688885
-2760 -7600803384
49237 -2766254254
15168 -1463194536
79662 -3798984093
34909 -1769506342
-93035 370150426
-43674 -9112681377
60118 -8009073461
51501 -7381552302
-24423 -3635483610
41560 -3582730948
-10674 -1773951837
-94676 -7582176296
-21446 -2920384921
-88118 -3960840445
68422 -2360900345
29068 -5267092492
13710 -6583507305
51498 -4275044877
-39416 -8089493456
-39035 -8198510498
-51086 -9040427861
78262 -1012088669
61182 -7937009925
-4572 -6335943024
-73526 -1271944961
-99266 144494555
-37238 -6562246129
-74840 -1065610208
32506 -3606361657
42288 -6480378552
2368 -9575783320
78916 -9045688100
-35742 -7051617693
-82211 -718111322
2193 -9706037934
-74792 -4468487572
-37275 -933713370
-54855 -2337706254
-91743 -3841918602
95830 -8434009465
72526 -689669837
34624 -6998677156
35422 -5987101613
-85028 -321714208
-84171 -3814223730
86064 -2691664056
-4151 -2579184170
-6095 -4696599218
9702 -6903944505
-18140 -7899239320
-66506 43687295
73624 -2287820936
28429 -6960544862
-7238 -8598102457
-49014 -7211456997
-84630 -6827466981
-39810 -9634196469
5437 -6771325970
64117 -3432529406
42420 -7870718328
34104 -9269015304
-60599 -4655274770
42916 -4351694972
-89528 -8153610664
-33800 -4285727836
-1151 -2260813822
-51531 -2032205922
-4028 -6353833688
-88742 -7839814789
56058 -5613899961
-59835 -4874892966
55221 -826421814
-84542 -1845287605
8944 -5838815608
30790 -4204722317
-40955 -8367465878
64981 -4000799942
-73400 -9534643360
-77948 334628576
-4739 -5972934938
40477 -7935781090
79665 -6443822214
-63446 -1787153993
-25226 -1275347369
-11967 -6787901622
44893 -3009189518
-38418 -504676953
56617 -8538649246
-79944 -7782139740
13264 -8357048384
-27755 -7704185138
34329 -1984490454
-74943 -4051827006
60610 -9731571437
65284 -5356650388
-31703 -6373849166
-12260 -7545611348
72681 -8571686850
15601 -774494554
67369 -2414322106
95410 -3482102381
-42210 -5726333229
-87467 -7948080482
-38703 -6310622562
-15816 -94731672
62752 -933926212
53556 -7730211084
