29744 3182185178
78859 7439819218
24065 9202067715
3521 3771027331
29396 8760139954
7310 8581956435
-35725 4747332080
68325 3937835315
-2896 1422457087
46549 350824302
-92451 5432702242
88049 9216501852
-55436 1598876078
-44171 8660116167
29714 2767798883
-69889 4325638546
-57355 7627250825
-85904 4070635226
76481 7383469644
-28886 8542223398
-40384 5864348176
4929 6831870362
-8581 4980156878
-71275 4739269725
14044 2482158538
68349 9931568722
-5114 3351319484
-99386 4667851983
-40161 4775005343
79149 6579712302
-24599 9896025324
27814 238402588
-74370 3569321525
-32659 3230830946
731 4752980259
49660 1536758700
-58149 971190731
76694 6713910382
-88686 9615533277
-78990 875168750
66275 3102521310
-87619 8649524886
17260 2313826365
91889 5049079213
25381 6288697016
-29854 2868858866
-70184 3851954024
-8959 7165925029
88090 6361707040
41045 8792639505
49280 9416166860
-53606 4281925882
93824 9495217178
-9370 3510141410
-7896 2007493043
60826 7925634064
-30816 4487508858
-80211 2026828322
-11064 6856056731
33024 9615955043
-81694 1641770039
-25234 8424354844
61836 8796242794
-38411 9839585683
81519 3962573578
22189 246356543
37944 9466009493
-11556 8000909942
-74959 9813529019
46596 1862405719
31845 9104451735
-33830 9807877730
-42275 575521155
-16641 6844626438
-5034 9184741579
21324 1415485997
-18446 4972819532
68230 8360806015
46981 5837975819
-79259 3708994126
83496 9971078299
16429 736931388
50269 9080576783
91851 5954093766
-31341 748241628
-41050 7078703120
-10056 2508426667
-97116 6237386812
-73764 1778569891
5086 6525387994
61036 1649801049
25166 6481874866
-7774 2974783704
-31711 6338020568
5650 5655978120
78526 5539573226
1909 2002782038
-28794 5899335761
-84856 6955917478
-78331 3388611352
59150 2450318180
34204 4690864933
73720 1933448945
-42086 3136145973
58476 1740445246
69311 6465148284
-28666 7429685847
-4586 2750405233
68564 8026672513
-18986 8362777683
-80559 9697927576
64489 5819296343
-94091 6275257827
-19086 9943035308
23446 6933861274
38176 2592898036
26834 7929158237
-57294 2005144926
55186 7090544191
-3576 768281508
31015 4617350990
20589 6008191332
-11470 5984616840
-12634 9782284984
88851 5109588676
39259 9365027407
-99595 9508863700
-62711 6946006607
-13866 5350751828
22935 331881335
81505 5028784435
-47521 6207405322
-48394 2785623639
20160 9115118350
-53190 1809257245
92991 4156036724
-75384 3768582149
68134 3989018898
16379 5902809182
-52229 4102746539
64291 886290851
-31179 6906707851
-97276 2038251412
45224 1066118763
13714 6874045392
25684 5766701703
-45530 7642141480
-96649 2764999914
-60214 9806581176
-98816 2160938842
-779 8519069859
-83129 8848660059
24666 4554928074
84474 3234555818
20489 1559969123
38589 8983810853
-61960 2484201100
86671 7588900126
-42761 4052375447
-55065 2192683615
83544 7140888522
83454 591761672
73079 4232363922
-91006 8860671308
21391 3076222559
-80234 1404494519
32590 3915866220
-58234 9142145544
62481 3503727154
2026 2105006624
-23851 5821297007
81766 2211792816
-39344 9101742851
27486 5649209954
-11605 3302295735
-73759 8344434134
49311 4452690491
-5224 7925945819
98849 7696504573
-54875 8767819170
-70605 9139316310
74031 3822353304
14879 2444486668
-1794 6694810534
74289 6357167797
41819 3285985082
36039 3708190843
-13221 2074350447
-2809 4410353244
49659 5481564083
15330 5697264835
-78531 8471830168
-56089 9526631659
-21589 1352712871
-72744 7968777304
97200 7566739680
54731 8783256191
37381 7289476249
81149 2548942508
-44326 3840131943
19171 5522168471
-28519 3985960979
-64056 9992366593
61999 4358308743
-64506 3028611242
-10724 7550802101
-24426 476613587
-24616 4012943557
-91144 2684906884
-45579 8945765371
43375 8072313375
7051 4290766074
-66440 375720860
56581 4003734201
7999 1591275562
-40631 8737221578
22294 7658033117
35140 5201821335
-74766 4365666907
79166 5105938911
44791 7628349171
1960 2023362675
79130 1316105850
-20770 1144081460
-8001 3206258402
-35814 9513273234
-45159 7946207089
-39669 4503140714
84196 418661394
20521 7798627011
98436 9341879214
-17150 9214402100
92614 3619026602
11584 5493440963
69009 5543704532
68171 1475945976
41761 5885199494
-68196 8526508322
-65024 3919421176
-25039 98235926
87334 9004046252
-21601 9131604547
23849 121395242
20854 5949947762
26974 1452240338
81659 6029817747
-30851 293704583
66049 2139264962
49651 8525531514
-75724 6954648726
-56499 2671374209
-37516 3010069868
45755 7001217490
-6341 7780772543
-88444 2506152869
74299 5529804072
81869 2204327968
-6379 4622948064
96574 4337112133
78176 4723864151
41514 4602392172
-26070 7628933155
7810 9931396260
-406 5063944357
37149 3441789563
3306 4873549539
-12970 7121273700
-30500 625845590
-44136 4069220933
-79501 7335040747
-68794 7120998571
-24115 4668967675
9324 8978512623
81485 5016615655
97541 6937559006
-52304 9588507926
-30675 3502632845
-53361 3803749492
-46115 5191296295
91844 2146789868
-4440 2897766330
53234 6540906213
-23921 4999264168
98959 1116067128
-41234 1104141219
93961 3504935979
25889 2251949687
61069 6538489687
-23786 2154757087
-2271 6460638682
28385 5549264945
62389 9096723738
-490 7211720385
26844 7211127512
21474 6270559943
-94930 4857560110
-88974 1588292321
-37221 1661801938
-95976 3661917258
71309 8840832683
97096 3202895201
-16834 2715422819
-88026 4118674948
93874 1902320463
-43699 9476261931
11011 2044819819
39045 3881873785
55460 9164043030
-50066 8864075448
-20299 7325712711
-30856 1725115528
-19586 4839480772
-74016 3212490458
21144 2023560253
-4220 8287714845
-21779 9428986104
-22035 3628739515
-92096 7628332868
-4254 9236620851
44655 2453201535
-11456 4588947757
-65896 2373114748
76629 3524162947
49169 1285801298
-97091 8726478862
44256 3483824194
47429 9939460628
-6931 9247364457
9026 625463414
44375 9544450500
-97639 7156794256
84739 565302007
-44629 4910941231
58201 7062105769
-60615 4919149510
41571 2673185006
-2869 335846854
90201 6828668904
-16151 2841499128
-80845 8584508040
50444 4614284747
-15995 9838870985
51144 4601262737
-87879 5101953539
-95066 8882261423
-39094 4343469334
-49416 2346583603
84214 8726917573
-58069 8271896739
-53550 4787772795
-25926 2958607002
25376 8589011066
-74091 9995875538
-24966 2636557042
78021 1385844856
25006 8421280619
-63935 6921174600
-81784 3264511721
-53746 2801747712
-55534 8869033124
67785 8425578695
22009 3798251692
76264 481323427
-68854 3978379034
-18704 214405869
76621 411307069
70706 9132436194
-2494 4555024499
90641 6280730664
-92846 8488146973
-77606 8856982343
2935 1372131390
-32451 7532722777
-99904 1270644566
-89550 606555585
56844 6466873028
51361 6109232049
-36604 1263565091
46944 7924017927
60529 8960786768
-33989 207586451
52074 240881637
-8896 9376380543
-95141 5868084163
-39474 924138154
-18215 388118510
93120 3066145445
56751 5115558416
1816 3962655281
55989 5324692547
-23666 2565638852
-20006 3318650322
87576 2939746439
-8986 4799097248
27131 4018327259
-78206 5170542447
-17491 8720258783
-91290 9744438995
42601 219111959
69504 6160666373
43669 1407878747
24284 4092033662
15884 7482653188
-91041 5122818858
61164 9556547743
-66349 5448183384
67696 4828505514
-43796 791535802
26 4365669659
27575 3625383995
14920 5472915135
-27271 8726130042
-55356 6390351132
95586 1767772621
-74924 2020969376
-74760 9183093500
64515 3492881690
12664 7997727162
-15325 9691331880
28781 2852542859
47029 9514923588
97464 7586094607
63619 4995453308
-14086 4742773042
-93221 9516307918
-45616 7642372497
35046 566223974
46524 1798327958
-45654 1025638891
99409 9096382193
-55199 1215056081
35466 3508250709
-90189 7153607811
-72021 4524123888
-1231 4827663578
-2284 2377238354
18434 836195153
51510 3886104355
-99630 4612699395
42996 7264236744
-10470 2500666750
42581 1557340006
23519 6939292798
60086 329459156
-17796 8752252903
-18289 8108305024
-32941 3440944227
27520 9126776630
4781 4908610434
-69811 2305467263
51471 1647321931
-92804 9018450691
-28439 9622739961
-60344 9777902599
-34331 5887204517
91841 956446966
-40391 6629271277
20901 347138789
-26279 9795262761
-63910 6235422410
91186 2658428796
-59861 6282658688
7356 3605255966
33361 947449316
36036 8927939636
64626 3569115349
-8619 642192096
-5689 8390093076
-25679 1618205036
-91255 1284299265
81914 611696247
83616 5079513359
18709 6773796848
97051 5718804886
24630 8810367570
-17055 2646157405
-88281 6281722307
-68584 9895343051
16190 2944436575
71861 4807722426
-20449 7665999436
70489 2893792827
57371 4795889431
-11999 9436975664
-32174 1133259566
-2214 9992450554
81714 7637768368
-54281 2122421123
41439 1290974282
55815 5688694830
14734 4874445113
52771 8769419759
-32611 818148732
45225 776051370
61820 3789894590
-51165 3697733810
80369 4298239793
-48314 6757801111
-60191 2576738573
63530 2060372605
-39121 5210089388
93031 7561325526
40334 7623006057
56604 9613858382
52890 6603462725
-20271 1011465112
44749 8784614363
-23626 4130978383
54540 4410793465
71786 1458076731
-25851 3090117053
-21336 8891391458
85909 4062896478
-51971 8392755293
-39205 4563234010
91931 4306465764
80835 5929076880
59524 3140700343
114 1738704583
78075 496621380
9476 9423495196
96920 8135247375
85669 4622935783
-67251 8122441433
-31461 1169371832
-99170 1659577635
-61851 8564995437
70456 8407078796
72326 881631521
46621 7721044764
-61424 5189736691
90544 7318730983
-14120 2158737460
-22915 5192674380
-89046 7876121698
-38031 2007733163
-47780 8104609660
74375 4481409240
-45309 1475814006
52346 6790197421
-74584 4533085399
-2274 2311328636
-92084 1020293949
-96456 1260789078
-66424 7077330131
-90704 622962934
-55164 9053183736
-46891 1467267598
-89951 8295450293
9954 3804036528
30276 725031709
46691 1424063619
-44564 4531439066
-47379 5524751384
21510 6945663725
16301 5696368361
88296 1626209156
-9421 8053293223
2681 8936194179
67345 7255919650
13629 380781128
13580 884898670
-52216 5529475497
28070 9091734450
-63680 1286921440
-34451 4307297122
-40351 4136398222
33296 5836911101
49056 9457317204
95650 9317418860
3594 215393887
26619 2889314692
23486 2207203734
-50715 6158550780
77039 5429046638
-2624 1792554796
-68074 7143291081
71241 3331468946
-12464 6203753439
-88050 3194188680
-36046 6068885537
-91954 923211951
-89099 5894891179
-92136 7271437983
-4829 8972987996
43966 1959953521
-18196 5444839163
-48814 9182884176
-69479 5968194184
80106 9692565576
32065 6143766995
26670 4144044845
-54451 4924921218
-9296 8598855732
-59616 178827217
-82189 2524080631
-83771 2105567157
-41594 1757276264
-71106 4231680973
-57806 3497065367
68831 8236470434
-4371 1431915168
20634 39120762
84126 3184082154
-89501 8430043408
11929 9643447678
-11984 7869546681
13859 9953333262
-34174 8027871351
72486 1057295811
51529 682572462
95684 6748145643
-64531 2155323467
83916 9058482219
77654 8041662723
35510 1220942015
51911 4963628651
12351 2117472246
61626 9383009569
4444 9997413297
40356 4082314549
419 6999779422
-68441 4183678667
-55254 3049665496
20386 8918897004
79670 751297260
-73426 3070946648
19961 6476787946
56086 1774664759
-76239 1100974951
84031 1912175266
24949 8127224502
67079 2643972592
5886 4078399949
-33195 6776631875
44845 1693618105
-83040 5790714275
-62856 1277390922
22610 6960410200
-27781 9223370622
-98840 2036187235
35444 8110228023
-45729 4619894624
-38039 604232106
-50796 7171097252
-40406 5169787442
64334 7440041663
-7001 5457699178
-46761 4295949462
-21134 3560571484
-48506 2305124957
-68034 8493240961
-26544 4382556026
89635 4386364155
23256 3620214579
8275 3091563450
-3270 2489273345
-98664 1976529874
-87736 1061116333
25484 2170764822
-67089 4895634744
41209 216185898
50236 495573744
-96644 586219889
-84779 2038486806
-81251 1345795928
-93846 5208511707
-20559 4653277994
27386 7107842796
54106 8619944819
-60224 8466178534
72521 6264864176
3066 7384263569
87665 8463457995
62309 8662897118
9756 4318210156
-16011 8158412852
-39115 1268614675
83776 3099341199
-51951 936115592
47381 6473007311
83794 1596148592
-11294 5436590274
82940 9500183100
-34789 62224399
-31979 7351430879
41254 8455272403
35199 2195518547
70760 3043653655
17159 9218312198
85859 4575632063
-74889 3307819176
-45176 4492136378
6676 4201559946
-82161 8557641968
69676 8156510074
68096 3127987491
97311 5223978894
-18315 4711375110
-31356 4202465232
-20230 7717970905
-72529 1876735076
32246 5342264629
-20675 4943752565
-90059 9039727009
-63471 9982893663
54814 8234864398
-39499 1542470871
16750 1359800780
-37144 1825654486
-62466 7453683442
20444 4901368538
75781 9247133661
-20021 9876053862
-91084 8718299499
-99036 7412025963
-8784 716536091
72721 3872564789
-60369 974882251
71620 4066351720
-13829 2357748336
-24696 9402889017
-21964 2051018799
42654 479014963
53356 7345683559
22374 7028521198
-6484 1348384551
9449 9464599302
34091 7922882596
-13364 4920662756
83304 8878816208
74824 5526420023
49411 4836280576
-75114 5165716801
-14734 7538653064
42184 3092645912
-11300 8971562015
-94899 9242923504
-9869 4447091804
15301 7632849959
46976 5806563051
55815 6819178830
-23779 2183250251
29811 3056454596
84130 795895195
-50934 9048298864
-311 6797776183
48346 9241229369
-57236 2205833277
-28714 1287559861
-2475 5838481235
-20419 7708368594
67014 1614916023
15196 2395347481
-62784 1713189831
-25590 242083645
-87534 3809793051
-36804 8955833269
92131 2624250959
-77779 330877076
-72509 1029568406
-49714 8770567324
3144 8420782912
73431 5913123554
-58211 2143033153
22544 8715947413
-57609 983283214
-89864 2351432936
22116 6703035656
9726 9983834914
5809 7081808552
-49051 5474695218
85941 5197345284
17299 8510973202
86179 1266489658
1985 3888767275
-23429 7264666819
6101 2343567644
1806 4852478161
19444 5009568427
-90905 2670113910
37680 663651675
87245 5966530245
63994 9132186973
-82385 7069160580
45394 4042229428
28814 3910683053
17439 864533298
21230 2508216725
-93296 4240182713
-24056 9689205778
7346 5202722529
-26126 6723220778
40991 9443217351
-19536 3230812048
-40080 7280306845
68209 599532072
-96026 7248024958
83619 7329958368
79254 2771413238
-67906 4682398203
-1436 1565775508
78929 5127157632
68720 6291511250
24600 6927695780
14616 9813767049
42474 5278910013
62389 8581204498
25644 1257778393
-87619 2761401779
-82341 5407292488
3500 6157594235
62346 467827106
66549 7559880958
50434 3494847343
84070 3886316070
25155 8559729260
82631 2878832731
83891 757320334
-9639 2688884389
-50950 2225410530
-99256 8908149688
21221 408367609
-61011 2584242978
-12726 8484493618
56139 9814174043
29100 9203340940
29516 3789136759
31415 3707356640
36809 7722081437
-57691 1481926432
-93491 5099028252
-99744 6499788109
14299 3125574308
-77150 6567951315
-90531 3355603958
-10675 7106210865
78500 7425042190
47966 4036574521
-41486 8451495912
56761 6905028531
-44744 6336835474
-87496 8241936808
-45079 8120139486
-21824 719124581
-5339 7618160249
12429 6471122603
53686 3740148746
72076 6924122389
48349 1356025212
70425 2060655415
38310 1804034050
-55195 5911287505
-58684 6429158604
96236 4178411121
-99680 6570904560
41651 4482942974
-95574 6049121274
69959 6777818863
-13624 820494524
-49851 6493584872
-40491 4258275693
65816 6646264079
66980 641130870
61456 6593049319
9759 8570646478
-10310 3506517005
96879 5635870752
-34574 7298793544
69969 8269749218
-41086 9109884353
61294 790539448
-23091 2744549388
99490 7422320990
35726 6168130059
52044 3001412158
10834 4246741128
-90209 7323474464
75714 1308163127
7035 2699737670
-1184 1160145119
21104 5034003738
57476 8739102014
-63561 239727648
-20554 3457575734
91606 2240295619
-90464 7306139799
-1389 7861690384
28085 9118289470
80336 409991884
75039 4876780492
-96774 5488440541
38245 5276144780
11161 6251663241
-60426 3271633358
-58336 7252653562
-78215 3964063625
-85716 6437757507
-6784 7661711654
-86724 3270014144
-79116 3577632208
-78809 9677138604
97669 1842321778
85681 7290447641
-48780 4544473080
-40515 8779696115
-42296 6774274898
56255 9465796880
60724 3747900587
31731 5032855024
-97475 2460048115
83619 1295315168
-15191 5007021807
27504 952652238
-12304 4064129904
73596 9320265969
-766 9812977283
-8835 3324262155
57375 9379739680
-44644 9218055401
18865 4540408630
-6410 1513445035
73770 9111330975
-41 1804617322
18010 5729197295
-91669 6204977704
52396 9456308756
-18674 9052713706
36701 1048878504
16911 5962515144
82464 5925022047
-31356 2916634522
6501 8599559284
-16709 7924060519
-97806 1246690468
80974 1214152647
25576 6097253304
-2334 5737498219
2881 7779491876
16746 3971698019
28431 7685436744
89229 7198936907
76585 2941291935
25486 9816174689
90559 8941055528
-7139 2847539784
88950 969630980
64854 8228410638
-49355 893379125
25756 1514399659
50179 4418390662
-75816 4631983607
27874 6810616187
34901 1858644829
43946 9324748919
79365 4912984870
-77524 9723962091
25030 471507515
68374 5720463012
47614 3189963372
54164 398065263
17061 33171599
-95160 8391907525
-69201 6344005298
-39724 9477880504
23404 8923783382
-61581 3587358302
-94325 2053518500
96496 5850430064
-92914 8583299176
90974 1167166433
67656 1907004359
88101 2183839841
38166 7860871789
18419 4772372948
78421 6925807124
87536 9743960549
94346 2463728766
835 2437204615
16846 3173715629
58661 3079278964
-13055 6518294905
-69309 3655039014
1689 8024482
38060 2930598495
-61666 4223199213
77936 5133263769
-80751 8751551553
-12190 2489140240
86274 6168139978
45431 834990606
-2071 644817323
87654 6408568292
-10934 2276829996
-21594 2909703974
35559 6436773342
-91104 8926030039
-15276 5586232498
-7714 8361963134
-35544 8179066394
-25369 4103569719
-97166 5610322402
15715 3992330230
-6146 2104206958
48836 3192662641
86661 6525107639
-95491 7671891623
-57544 5992380599
18476 4603211676
-42004 955346731
41646 7475797811
57511 8872320504
69061 1933203576
-72620 7235252995
-60581 8245203308
-40004 5055262929
-80004 4146544689
-49454 4176440444
11791 3885763654
17830 1408417930
43296 6084291301
52369 9892118762
-35434 1787342721
-84254 6948693949
91496 4875267861
-85476 462324407
16604 874426028
88559 6909103787
43886 1246081656
98454 6498401888
-55955 1895565990
-52811 9032668547
-29161 5572771947
82801 6566061224
4526 9312818736
78286 1584306324
37254 5143290628
-8434 833734759
39359 3657929603
-28249 9491670966
-33746 720240652
-2764 1101119456
-87991 7472679193
-63016 5508046763
-41529 3939364996
-63591 8523276332
63565 5395382795
31201 8253988529
-69454 1651577521
96206 802423669
95446 9752654756
-10099 5887043201
71964 5506790462
-55511 7743906203
-5606 3465205382
89584 1661650458
-59016 4383242538
73619 2645545698
-31269 2998917759
-48346 4224494563
60589 5873247263
-52894 7425883776
-99294 575180164
-31546 4772985218
20906 8155486744
-70484 6735770489
-21425 8858305315
79811 9121476114
65084 4066377407
4065 8346407930
83920 4141565405
23744 3099469552
-56794 3736168214
70234 607032047
-76790 7698621265
-38880 7998466855
25709 3144684598
-64776 2601297212
3786 1461257516
-36874 5786009941
79911 1299688966
17564 504947458
-75595 2978908825
-56455 5258157355
15924 3897569503
39171 4435502416
-39164 4365531186
-91366 9126314493
4309 2204931613
41936 4621084991
45291 3650251439
-17971 1183376492
-59215 635399990
2214 8445252192
6 1688576029
-20455 844966505
-34756 9442066183
-82326 3683698287
-92200 3026023895
-8490 5983360885
99676 748846864
-81235 7159827360
-36091 6463812433
71171 6372176754
-25226 7974439698
97469 8294579973
99819 6108144712
30715 4385484900
85661 5186385381
25311 7525789799
65235 7848271130
-75394 7706730251
-31389 4381411326
32130 9547869885
85019 9279369328
75909 1821356592
38571 2067194446
-91924 6806922304
45914 6151540243
4440 1956868105
-10814 764465601
55296 1719004521
42010 7987312015
71041 8376274454
-67325 4694915850
17929 1529401177
58464 6630696203
5780 5642259580
23536 9297534406
2700 3393461925
-93934 4347874681
37586 8277342501
8184 9858596017
-95511 6824073372
-88310 4786799205
6569 3872168467
-67751 8916660268
-1906 9070529622
49610 9197354100
35389 6304257493
41274 6694518562
84605 2081171650
-47300 3882818610
46670 6281267445
67916 9807860546
97836 9412065311
84330 7288043120
-41320 3556908575
-44114 698845139
-52176 8424584562
30011 697180334
-1939 3102404994
-20841 9512033662
-22601 5413435252
30834 1038334383
-35100 9352190590
60644 7689042347
97766 5318585166
64484 8059743023
19289 6848101777
-2276 7931899948
-23986 4596792567
-43374 1623883544
-31346 3139121788
-64044 2536745941
47376 7461397924
50916 6549092804
-45996 7265188547
17824 4515003813
59809 8822023602
-2930 9829993125
47024 9277247933
66725 2011325820
4446 8041504216
-29985 2213636495
-69975 8879628740
-45895 9948941815
39971 5726756199
-39954 2258881939
93206 9157142911
45769 6675482857
7949 4632536378
69316 7986460736
161 2525559674
35036 1733482476
-77355 4575483080
-49210 8406690410
79795 579270860
-55335 2046083625
48514 1470104683
8584 3335050852
47396 617682159
-36349 5416951179
8065 7143114875
88519 2975748127
-17840 3083121475
49606 706793631
89830 7090377175
876 3632700939
5640 1090477095
8340 883764525
-92766 3657249848
3155 4609096730
6676 7324283404
99076 2470027191
-6376 5814455778
-445 3265635020
20230 5594562655
-22316 3374907667
63204 1180929062
30101 8843014526
41204 3454831143
-9261 4589906508
12610 5137407575
60949 5434925742
-33511 3671976543
-23334 3738090586
-38125 2094537900
95629 1367366142
-12046 4375016262
42266 6397784981
-97156 4310392437
68484 8285686658
73686 5981659854
-45554 9966598651
26885 5842861580
-31109 1968376606
-84896 9413313597
-17121 6981944602
-4809 3971618699
79685 7660671095
14930 6915224035
-51099 313870356
89379 2031358762
-91186 7628387623
9881 3095380074
20060 9315442255
-23781 3567977787
-59984 6533755744
98639 3976242847
84061 1971185501
79326 9099689971
57535 3419690515
46566 8548839614
84661 3609309166
-75874 8271633079
-189 6555926539
17731 6131950084
84399 7887332652
2565 2888324155
59511 8818043406
78399 6878304138
24361 7142663931
-76661 4253513127
-35550 715085060
-38155 4462842810
74695 9886619355
-53475 3042748555
-42315 9221952400
-39846 8392181633
62570 9015402765
-86740 7464647045
-80784 7449474266
-50251 8197072668
33871 913092366
-14726 1177070972
90119 5337331412
-55221 776766922
18534 256042078
-50986 4496476343
766 2744753034
-16334 6611667436
94281 8230254954
-3609 4085970656
76724 1898994607
-44615 2959206410
48841 5161757586
24609 117344993
70426 3241961486
-91694 5232110619
-71244 5889366389
87940 9390052940
90476 1244221874
-92324 7363215279
64164 1084010872
88906 3705361456
51896 3251470589
57085 6738190550
-3729 3226116066
-41869 6709095176
25564 5120937082
-75261 1127997522
-5261 2633933847
-33240 9553687320
-88991 5152932987
-5954 9981212574
35959 4293790612
-19709 1052427874
-45156 2470808147
21215 9743471570
87799 3790858587
70736 5222634149
-83376 5776163218
51246 643826871
-61091 8016234443
-39826 9053230893
-66085 9301414360
89096 1099753791
28929 6723597338
-97076 5301560232
-41006 7834815532
86936 5303970519
27599 5666688308
-28355 7375591390
97101 5896663994
89551 9825082314
-72076 3693644747
82344 8690925767
55870 7041050895
-50896 781090983
42011 3694661974
29369 6784880632
20194 5441616738
91754 8310420287
-31504 188422604
-36701 5054281007
-71811 7435159063
584 1864923537
47276 4112122261
-43769 147058114
-45079 5274224264
-47959 2864963004
19009 3677371307
40081 3667539131
78794 7333776252
90214 7466376083
96194 3174224122
94259 2101187078
8749 8303643567
15819 9138620168
54885 5814548585
-38181 1546190963
-16499 562724301
-75744 4085840641
99036 988070009
-1170 8370649705
-26081 5238987543
82169 8644252052
94380 5240032095
36459 878863028
-34791 7733450002
-37496 5223533983
22375 5047508600
-37136 7661410987
70059 3123020043
-32325 95396160
2350 2987927095
-70805 6397110695
-86271 6540807993
-6021 9030825383
-56186 8853910023
15194 3386438473
29810 7619023260
-2086 5626643928
-81621 8914228622
82774 9970573647
72790 4752828225
-69274 1309794726
-82221 3564043323
21751 318804304
2309 3714827427
94431 3815164456
-8806 1962362258
97891 5299730394
-56671 6425780967
-71724 7606525609
-83694 9248464444
46386 9622527301
71846 7143452056
57159 1858596518
-33755 7213327740
-77399 801105984
-7444 7057588026
-9925 7508652355
31446 334075264
20381 5793029809
-34669 4735347454
64056 4994871949
-71480 3160920125
75186 4249603634
39379 1534411698
-26081 9716551087
7564 7989905522
-62891 5043340487
-10896 4839186477
9014 6547440613
14859 7386089787
-66986 6825158163
1286 672112061
-3785 1468264740
-32025 6249234255
84100 2109925970
-63516 9437354887
-64390 436157550
-35955 9362387055
33720 9469664300
-61515 1283607965
-42809 654032654
70500 3622331505
-53606 3245980452
60141 6162256801
97084 8622701112
32409 9070099047
6421 6728884759
47226 4132512474
-86079 4247424489
27070 9475599655
39641 367631426
34459 865098178
86225 9495517025
-91655 1427417005
-32209 5354839964
33340 6732818845
24159 4888373012
77559 3774449907
79551 7583492006
-49996 5040741397
-85456 5156591997
-11019 1754593979
-96056 1397031378
-22064 2257778324
-68495 5025463715
-93470 7142630435
-39109 7017650479
-13410 3845422605
82684 6648206008
-2649 558705211
48236 8984444211
9316 9486004419
-47940 4391163490
-46510 4649252575
-5564 4806863216
1936 6867689641
-60164 5853680501
-58119 4792594611
4451 6637295211
-23181 1544057352
65825 9394661545
7049 7572284362
-67210 4716469825
19160 4409885870
75624 6763686657
-12040 1395957015
-38006 8044037653
-28766 9665611198
37189 5088803527
-49379 2306754369
91424 2708088722
-13976 5598583157
49241 5771030574
63559 2354475047
84449 4351027653
-65291 3724125287
73071 8262432491
90069 3490238858
48381 4622870946
-19604 7735792716
-50070 6086812505
37701 916508461
65830 1671299055
46316 7614361879
89244 1395400067
64304 9852167223
54544 512894647
28424 4365439768
-3066 2357079057
-95329 3307183531
-37101 4464701528
63251 9207123151
-93495 5977028090
-26706 7752142672
50354 7137836343
-44919 569322246
82860 5145649375
42954 4778069702
1346 6546244946
-48624 3442402431
91046 8613991599
-19469 635424099
-38799 6182152074
-57966 7081338243
46210 8538139345
-70329 9185861939
-57711 7702435037
-51929 5367267576
-83350 5913070585
-5134 3783437014
-31004 3712879461
-80119 6743101724
60894 4650949463
-90616 7667963323
-63919 3445261484
69635 2398896215
-70890 6308511665
-28909 7757907106
89596 8673441826
-68376 3660848367
38106 1395090346
2706 7225535266
53751 7271624334
-26270 576968320
-86350 5636502850
99955 9548398135
28939 8861624182
86839 9293577567
-77856 1256069582
11511 7668763679
-49891 881880272
20121 3080957889
34836 2193997466
54251 3944085244
-76296 5848819238
18546 7188546234
92150 8148053860
74229 6692393882
69190 3257971280
-21775 8774961500
49884 369818817
55714 7530190383
-68456 8594009583
80939 7748407863
2629 9719658913
-41919 642860119
66541 1959463226
56554 269426863
-80835 8776933385
87356 6531029451
44910 5380470215
93674 5066190187
88876 6911685771
18074 7857589627
-17756 5396113538
18896 6219153179
17329 8156815263
71504 459201272
-80654 6568235779
-70079 2349472284
-87745 6122850875
82809 8229104542
-33941 7988660668
-7774 7108425081
98110 6509710240
48551 6509956399
81039 6764345382
-50524 1459017936
10564 1682330283
-18844 253290176
-64820 1172331150
-31191 3236047252
83059 1356755847
21706 97840896
2375 1403366495
-77605 569737570
-40234 2779603096
-62864 8837586131
64814 3706324058
-16739 4191659191
-69526 6159020542
-20836 1602420758
-1249 282929444
54329 4053799067
-50341 9481165738
23796 3154197794
-29115 5372876900
-75444 9269457599
-60736 1138879142
-48635 4849302235
13516 7438059386
-6714 9814105274
64386 3168668111
-20331 4184098772
-36706 2253683107
-12906 7719556747
67316 4441725204
-18059 8770539346
-8086 6036658353
11136 1945455949
-57186 831279342
-52631 6626126763
59141 3059149504
-21606 7504420063
-29101 6782869468
-55554 2272779041
53269 1770863912
25785 5947990965
-99960 5026478155
-47366 7991014532
-36865 227390155
90704 2148236602
42104 3997379942
-79584 884349251
-34396 986523283
60094 1388079932
-17749 1362140911
-66919 1599554569
-52280 8825711215
30406 2280372664
-87505 9989368630
5744 9519570593
87890 7263527775
-17931 298734563
91666 5341935326
18411 291878879
-30531 2141419288
68006 1052240401
40001 382783429
52371 637982466
87370 8617201080
79461 5555536119
-2481 3267343938
64304 6078246878
-50314 1333879349
36324 1931488762
20236 4421461114
63079 1864259218
-81794 4932415139
-98731 9343369748
49261 7605782829
16961 3417869031
49645 7428999260
-44531 2855862723
-10999 4188852411
36084 1796632422
-37994 5941567146
-53991 2675266988
-49621 1515116008
71741 4243530311
23484 1086314757
10425 7189073725
17616 3790117459
95065 1462111275
-71194 4446266001
-24594 1053854664
57254 1723577813
39510 8869116845
-60939 1002031121
17645 4215024305
-64895 488565755
2564 9512278178
-78594 2267547936
37529 1749015062
-7745 1201797580
-35891 6692656272
-72014 7073792794
-26619 656514306
-14169 6805985594
77101 6563416896
78484 4804368173
44376 7259368214
65054 2594981577
20001 5988441179
-60586 2678537093
83754 8491306573
65746 5361000661
35701 8023793421
-77471 5333930987
68730 2222401225
-96291 595581333
-67874 4282830321
-64219 5543176946
19416 8421585539
-22730 9218319520
98006 3483395959
-99696 5159800643
-53329 7376923459
-68956 3099376082
-27984 9257034191
-95101 7119772503
-91721 1029851067
-36860 6796236195
35184 3813243418
67565 9694772055
3111 9107632054
24251 7262864859
-14980 4765687430
48116 1446701921
-13406 6763687568
-53226 4048072607
-2956 933702118
-57899 9281701799
48161 763583811
-54944 5914376854
76409 2026146782
23221 7890491989
-87706 9189064917
-14139 3634144281
86436 7845154506
57864 3461846377
-82226 8258865867
8144 9265501153
-54434 8446308189
52656 3323286346
-37699 5547917189
-37904 2681292471
-72471 1707145932
29260 2617672350
-63045 5618965000
-15244 6305135181
-73665 3860134240
59050 1226901255
-61636 840705017
-95850 7999316020
-24454 6871517054
71625 8398699525
-29826 2688904287
49569 6191017227
-86744 9260236999
51079 456495882
-46531 6040068593
82956 5271212089
40124 9152997587
-29889 464858956
-17679 1303771419
7809 3475832008
-7814 1909884684
-91794 2931220741
-27921 3742347302
47054 5362101827
-22321 6954296148
32479 3959584858
-12869 6146239119
39651 3974663034
24511 7874008111
99511 5978064554
69984 7613500113
-39976 8795932938
8630 5626753495
45629 664703738
39740 3888251495
-64371 4672080437
-16879 4692550631
95746 797782846
-3530 9701749920
-63216 7248756602
25089 3946934003
-96306 6670220882
-2826 3918251672
21140 9918485170
19344 3195763588
-37650 9823277485
-85720 3547749865
37066 5210957811
87285 8344968715
80696 6658608056
-34439 6553232709
68995 8702494770
-35559 2401443229
42249 6721086028
3654 2905365743
-69020 3114493410
89269 1491385143
-70765 4419569840
-70529 1360134459
-20350 401300165
48741 1632689829
-40011 4217313937
18371 5030289911
-87094 5236609154
-60521 7210318382
-4919 362093546
2409 6485917593
-691 3938604708
17545 5569757485
-82680 7025771180
-2334 4181175634
43576 6984058766
45644 9295579548
77181 5839795434
23080 9046369745
-74599 4200526814
68555 3913414835
96926 1192184111
8479 8044485902
17521 5145776286
-86595 1472140225
52925 8239087095
-46404 8704892841
54320 2207604945
5186 216652066
-7150 1065522040
-10435 1454978625
63526 4508628154
99139 7501448082
-69544 1905717164
-87711 1869019433
84819 865221908
43781 941542014
-45181 4510073852
-53626 7333663868
79879 5145896538
18034 4882418888
80219 1880515027
63946 7803802679
-63121 471040728
-20601 7235488532
15926 6429158256
39061 3132633779
60010 5029483735
-36624 3337029676
53629 3987052917
-48444 6259858386
-24979 4323417404
67615 5790916070
24496 2014046604
-60315 8151793540
-41909 8592411271
61 5157041466
32549 8191719192
-3499 9371652131
-91635 2246793675
-10639 9016758486
51126 4913637239
-97761 7488219147
-57630 2221202275
63119 1117371118
-6876 9559868442
37194 4144352662
-32924 1706072286
-31679 8650378796
-52729 9848850626
-89190 7228523425
54221 6681916599
29849 5443479628
-74564 7896975904
74150 8386805100
-22716 1844953977
-63619 5511002406
98305 967342000
95464 3137980782
-81124 9431076649
20461 4819016106
16026 391786314
28094 4535237628
-72454 6269912014
87466 9845568321
3964 6666696928
-7980 228451010
80691 9685817274
54304 6523783537
-63804 2922448326
-20789 500345151
-70726 8554893542
22586 7985010094
67701 9437047961
-164 2924230496
72181 3398269204
-14504 7360731291
-17749 5682515824
-58779 3335005926
37474 6884695097
62800 3221737130
43896 5146119511
-16799 8102372496
-23170 98918635
75140 861958550
-50326 9326859523
80719 3656785928
93051 1907436916
-76369 4868584166
22101 6157404126
-67831 7274984677
-42356 4438199788
-59111 6416048797
42794 6774923508
62575 5264889455
70201 4823885589
33269 578068852
1974 7146824202
33839 8309850967
-25141 9480723598
87894 8454508133
71306 877030729
-97376 6696954193
-1784 4060610934
-9035 5946768040
95475 7093418670
-39146 6304532458
56206 3149822726
63596 7055852239
-69519 6814939451
24440 6136283280
-60119 7219466501
-64304 4904741069
-8249 3252768684
76506 7090668899
-65864 7664902529
-90449 7252508496
-54744 462605394
28036 7299438576
-79866 8462003587
-8525 1038185450
60761 2272128421
-12841 8906175518
33929 7846418478
2425 5727553765
-17821 3980837622
81820 3914091545
-72459 622078359
-49111 1126289717
-47810 326423970
70969 5996354032
-29531 4014294183
-83871 9391293607
-5136 4923651313
-31869 6842106599
1069 7143148068
94031 915534051
53734 3855577847
33834 6574871257
-25139 7965451691
-50451 7409347598
99861 1954284056
61676 5712366609
-25011 1059972888
-96040 2213314015
-47666 5760326583
-84019 9952581364
34369 6187474012
-56481 1931642638
34846 554321126
-13051 7117347713
-25271 9058009672
79166 2656328884
70729 1585078592
14575 5850030875
19241 8868376439
53036 9319888859
-85706 2266515878
88896 2681160349
44921 4520591746
24059 6224339567
67906 6619795159
63474 7670480962
-12809 8050201231
-61275 6978830940
-27156 9547299357
52831 7724004164
-44906 9464404272
92676 6893639319
84081 5453558799
-15186 2596791053
-35619 9314852891
67781 1657967514
-43174 9626399109
39324 6390589373
-65255 5034677030
-72764 9798652664
-19090 8244110995
37324 945996662
39089 9597207697
1520 4352675040
69995 1885728360
54229 7738410303
61321 6374950366
29949 5044907133
-77330 8657816895
86421 3088490401
-15216 5168602297
85310 6633792145
67796 3154689359
-74410 1196759510
-62281 9322554162
14136 4747886841
59081 4543556381
-14386 4646837597
-78190 5949236235
91834 9361462047
74064 4814638363
-47674 6937102946
57160 1125552460
71664 2682858453
439 7473051887
59946 1393737244
49594 6906256002
-1415 7055140010
-5475 4695611120
-42531 7898493638
-28849 5479469259
-59181 5502111242
-56031 5366489442
66901 9438010141
45981 8610850604
-56811 7084289372
62671 2315251491
-91456 1134631617
41549 8948787898
20224 5964032702
89509 7258916303
87161 8532488521
27716 8558209641
-53571 2497415092
