29215 -3150597259
88843 -9568288607
63835 -5396240715
-50813 493530765
95311 -6111167283
-40873 -9905197599
39719 -9851713647
14323 -4776162215
-44733 -2585302351
-82273 -6683207399
63591 -4801217111
46599 -3484328083
-73465 -3507672799
7967 -5219162191
219 -223059907
17699 -3887817123
79975 -126738611
-60097 -3612958755
-85793 -2134424055
-72841 -4214934531
-47381 -2724546863
86503 -7962152119
89119 -926102743
-85093 -262455147
-32401 -1804602607
-8857 -2832708043
51595 -5072851163
-40941 -2916030343
70051 -8969514755
71511 -3125786387
5459 -9502913699
-6169 -834819167
-49441 -6149464787
-45029 -1046019087
-91445 -1293115099
76211 -2171423279
-33997 -781369763
-53585 -1233644451
-37361 -1946583123
-54529 -3727965671
-39745 -9148713391
-1921 -1236222663
-96621 1752929885
-27993 -9939363067
62895 -3850781443
-27581 -542314103
-7497 -1040193803
-45717 -1003000627
-7973 -8916387695
63931 -1994807679
47259 -6458693423
-47713 -3098727291
-43697 -425914875
-99457 -2176420051
17359 -2695165075
-62261 -3088431739
-30901 -7026088927
-18317 -382905155
-82501 -7817263131
-22105 -6016506443
-17001 -4597173407
92603 -8197175507
-23961 -4212753035
-23037 -1826501915
-51197 -4046914627
-74713 -7087614459
51379 -8435278699
-55205 -8053543839
7143 -5846879675
-76453 203036917
-15549 -5643787439
-39585 -3026095111
16967 -4303312511
-4509 -454351851
-14561 -6520160095
-93097 -8242661059
-88089 -6464866235
-46925 -9740019407
-17557 -6118332147
40919 -5749809503
61235 -9808411455
-82477 -8816993603
14291 -1407774203
19959 -2221969683
74903 -4985761531
-54993 740804473
71631 -3445056763
-76477 -5367622971
42391 -1906802523
-19577 -9160242723
45531 -3810631287
64503 -3343334599
-19553 -5057210783
85523 -8638439183
-38177 -1517957771
-30177 -5833243047
76791 -9631667419
33643 -6806506543
-25377 -3930326335
-89177 -3055983443
69299 -7128993851
43599 -3970311155
-4025 -1613055947
-22889 -1545889099
59107 -7051278227
-36721 -2930089995
-13621 -2876357995
90983 -4590516271
71755 -5658611339
12895 -2896628167
-149 -3981949223
-48137 -5831873839
43071 -723916907
88415 -8006892663
-62449 -827217675
-71765 -7533857127
83707 -9765183903
58039 -1492275915
-84461 1071256505
55251 -1793030187
37807 -3843861615
-45057 -8716333143
42771 -1768340395
18019 -2481505307
-14853 -6124576315
-30445 -380475411
12859 -4051342483
-36317 -88722215
32511 -1936034207
-8897 -889314399
46011 -7231816079
52223 -6987635779
-9109 -2908458487
81331 -9551872975
77487 -3805293743
-62069 -9436977371
-26941 -5460793983
-76517 -5923929019
-98509 -1540248667
9935 -8663904671
11683 -7953404787
-58909 168974977
4899 -5037774743
15863 -9517584467
7703 -4187733071
12571 -3699671379
-76737 -9287650311
71627 -5575632939
87211 -617182783
-3273 -982690831
56499 -4361633355
-54709 -6562377903
-28845 -2612875651
10123 -5335005195
74971 -4208583131
-92945 -4074817423
81055 -7133022639
-75069 -1891534179
47123 -7405810763
-96937 -7963541943
-18581 -6691691003
96683 -9839654819
-46753 -2332649571
56039 -1799550763
45007 -755643883
-93041 648517593
-10629 -2697114463
10439 -551374759
-99341 -7748466839
-76817 -3850718287
-66813 -9470137943
56959 -2186830599
-58545 -5663799007
-74953 -854304551
24295 -5436310583
1875 -8879534195
55123 -7522992183
-48989 -7066774159
76299 -2643704115
-53909 -2054731211
-31425 -946588475
-85801 -6475336963
11295 -3409865811
39959 -2012201507
-30253 -2006844811
35707 -3222149335
-2617 -9445500931
24027 -3263243747
-65521 -8742023555
-76557 -9227714027
10703 -1852585179
86123 -6539615479
14079 -7585474907
-15385 -3555770035
-33457 -590501727
-67309 -6783936607
36571 -1701275107
55711 -6092203059
-95589 -397680071
-93617 -4178823407
28671 -1158190215
-56253 -8584223819
-13337 -9829870519
-92369 833126317
-74697 -7718639951
-4129 -4056021227
87103 -9896182351
68955 -9621702843
-41261 -3483753855
92431 -404118311
-1501 -229056679
-90077 1255968257
60431 -4386810383
37127 -9145433495
84319 -9786595347
63935 -3786105259
26015 -9932875139
52675 -5803415
19539 -1209244879
-89621 1623218257
30187 -7017383047
-37809 -6089850579
-14265 -6949388519
4203 -6067033459
-89289 -6061138547
38671 -449215279
16447 -5563202351
-65349 -1989451235
-91309 -7429363835
-74721 -8424624283
38639 -4885576367
-76989 -8586658579
-68609 -5506695287
-46757 -1950654823
76803 -2499770575
-62945 -1324286963
-71633 -2314824867
-68789 -4406660343
89583 -5705135767
99751 -4596249435
91559 -9903229211
34095 -599585911
-18333 -460307767
56615 -2415328539
89879 -4438076279
-36849 -3866579951
86411 -326905103
-96077 -5059983587
98199 -4303553831
-12977 -7958529595
59443 -964470543
47067 -2736430151
-65465 -5796270343
-3273 -7411733159
40375 -6847157523
-60745 -8435692851
-38781 -189884043
-95185 -4891995567
-95941 -7721892471
-8481 -402506731
-23325 -239179903
41287 -7975399663
-75085 -4376829671
45771 -4740535159
30655 -1949633427
-92933 -4249268383
85799 -2342006123
49599 -9369263855
-8909 -553929487
-93477 -227036255
-4089 -2427174579
58335 -5884798187
97335 -7071814427
61799 -5331745327
-85797 -4738375179
-88181 -4491311655
60191 -465860647
12463 -2101935871
37999 -5008345991
-84013 -4550097011
-71573 -6327529011
-99709 2117160757
21091 -4542392859
17719 -6275666263
99367 -5002999879
93295 -4523717779
-74149 312212681
-54981 -3287500203
89683 -5425773519
-42169 -8952396279
8695 -1864900647
66459 -3958586651
33239 -3445349363
1475 -3522202419
77587 -1288964039
78183 -2140603059
83299 -7970286623
-72653 951567793
-12601 -8493737759
60359 -5671224075
87399 -2139068799
-45477 -931610487
71319 -2957085427
-90317 1812174053
96271 -4626637695
77967 -1389213967
-56181 -5918653255
-95573 -9155394751
58387 -4622538787
31779 -605312911
68299 -2180290851
-23721 -280815639
-76649 -1921641863
5903 -5310583871
68263 -5355781859
84679 -366923643
-13541 -9730000135
-37861 -5124222683
60559 -9360153499
-13821 -1958218463
14179 -9108370467
-77469 -8871394475
87291 -2069296995
-92969 -678418695
72559 -3563888639
-20237 -6748287647
84531 -5149542795
60419 -2404852395
25279 -4587586275
-96213 -239623243
55363 -3622849383
-29557 -9009782151
-25545 -1948589803
23759 -9323847235
-86617 -454249035
-48309 -4383677519
-80997 -4604696287
22823 -7355986167
92683 -9183531707
-51549 -1579308655
8103 -4334891155
-32553 -2933548811
45555 -8539848871
-50745 -7781510431
-61513 -9084440963
10463 -4683602967
-26921 -5016194371
-48321 -5014392791
64007 -8478434923
15979 -2060592231
63967 -5397129051
-41657 -5087160855
-43185 -4321621875
-629 -6728714143
-25417 -3817536171
52447 -8512172243
-67609 -335010639
-56453 -2633773123
26763 -2698860831
-63533 -6167202359
-8413 -8021946483
-44517 -1312404135
64491 -6508981435
61527 -7898839863
-97837 257556097
64267 -4897463631
3651 -6060073083
19735 -7581719503
-66417 -9160771383
-68393 -2570120655
31147 -7973746279
-53217 -1826770963
68579 -536759879
-49073 -8035308743
33903 -8884172559
36735 -4211939879
4819 -6357767599
27271 -6266722083
-85981 -7500718923
-55557 -4792403331
79451 -6313278403
-52021 -6435076947
18455 -7788361203
-65029 -5429863511
-92485 -4348593407
-68385 -215184683
-96073 2252637841
75731 -5092533663
48255 -8624049575
-53761 -391400711
18927 -5625612023
36159 -6110494403
81491 -8466931383
35887 -6831255503
84215 -1871684671
77239 -1470887587
-24029 -7125045391
-69245 -5957895855
-67381 -7737682011
97071 -5460295119
-8561 -6530728343
66807 -5283232759
60187 -548994003
-10717 -6457037391
-94073 -9426944547
-86009 -6379213475
-29173 -6240025615
-61957 -1724144235
95299 -8169544163
75915 -7035427335
40111 -8893049607
-97957 -7861787943
98059 -97780343
-24313 -1788584163
99587 -6337456875
-16893 -8531887339
1099 -2179897735
54763 -5034576911
-34805 -9302665579
-21529 -7247295539
66187 -8032080331
-94697 -7592091555
-3425 -6846406043
-63689 -1347292919
85355 -3443589803
84991 -8161349423
-16521 -8984313611
9847 -7949456279
84679 -9399982535
3599 -8704337643
-53761 -2358360639
-12457 -2390287507
-24433 -2610413951
-91145 -5013784599
-63113 -5904676271
84919 -7577059327
2327 -8895987827
76843 -3268427407
11919 -1767581639
-24293 -9621254303
-34209 -6028297019
10155 -648161747
54491 -9062150363
78551 -3419210715
-82297 48246281
-23313 -1561558731
47091 -3990151495
64847 -7043376567
10987 -508037079
58763 -2395197471
95827 -8702725467
-70313 -9467419787
20007 -1144266611
-50989 -4473359059
-84925 84285589
69319 -783384611
-40261 -6863173195
-26017 -8125111391
10639 -3984813811
-92889 -6421504635
-86141 -3423203939
-48629 -5756228015
-69045 -1957261123
11647 -8285898923
-79837 -535458667
24811 -6560333379
-64677 -4754121827
-30249 -3389566055
10999 -9727750187
-88017 -2583284615
-62965 -7337798079
25183 -8997430615
-11221 -2134418787
-28249 -2210040279
74423 -6749983307
-41305 -5548907703
49403 -1511999747
67379 -4642297559
32171 -4911777371
-41213 -1556836999
-7917 -8839901035
-48965 -7861699795
13363 -925659347
-80697 -9960725123
-27001 -4066963291
60003 -8567244391
54135 -6543777523
-82585 69501621
-59753 -6658238903
46195 -1078239839
26991 -4204794339
67963 -9389010787
7419 -3418995563
-22817 -4128496179
1199 -3341289419
-55385 -9938778131
-16445 -2287428859
-51249 -1046404135
-74157 -6182581239
41691 -9534124379
53375 -4515147435
99915 -2160590671
-40249 -1736781739
45083 -7046903027
48291 -2815734463
-2117 -8646446363
-66097 -3047615651
80811 -9021863887
-24821 -1479175467
-9761 -4948520483
65219 -5570313935
34523 -7699981671
-80741 -258946227
-26153 -71332091
-85225 -7544674475
-69597 -5571775879
-91761 -4219946611
-41041 -1379224151
-56965 -2182638347
-24013 -7214788695
-24557 -1668697479
60931 -33550623
53011 -9133767067
-24017 -8257229459
-36961 -5698468039
22003 -8120066935
-45825 -8061935131
48699 -9129095471
-20793 -214446603
-83685 -1449781095
-38841 -7880340975
-4601 -6030755063
-93329 315868829
91291 -4062660379
54351 -4891591123
-75785 -8945360295
24315 -1286312803
-76677 -7148819351
-25973 -2319197387
25127 -9915885423
-95533 1187151333
-74157 -1930778455
13367 -7409398211
-89093 -2535624923
-61961 -2911609879
86487 -8667769735
-34609 -179428839
-82641 -4536058643
-76349 -7545798935
4427 -4385561859
13023 -204387803
56227 -9104294511
-20045 -8770559487
-24341 -158269063
-32765 -300300863
48427 -3740844123
-9009 -5182537971
3715 -306951939
26075 -2619507431
83091 -3892066799
-28745 -2795670491
-74005 -4504578175
43743 -6457863283
-80901 -7940855043
70499 -6720334011
-91985 -731084239
-59845 678652405
33659 -6626284023
85583 -5918846579
-65621 -6641727515
-16345 -6438449955
-14929 -166748463
91927 -1060524891
75303 -351427379
6903 -7812159487
21767 -5816890971
-68989 -2306443551
-1989 -2223174535
-80017 -1073847419
-38257 -3788301495
89695 -5292446723
25291 -9931792243
-2401 -8728921523
-4949 -3380230895
-1217 -9721792555
-36973 -5541613667
52343 -8542214983
-88689 -6134488323
62351 -7783677215
-67169 937676437
63547 -4135618351
3923 -8975960979
10543 -4765952315
-60153 -5234438543
-32561 -6718400631
-43729 -4255819727
-75741 441292897
26339 -3905814167
-49829 -1651673191
88939 -9197856719
26083 -8135935351
-68093 -3461080363
72703 -1647676407
-8001 -6985393235
-11653 -2870577443
48283 -3063978523
-74849 -140902139
-41969 -1107619443
68935 -5208010727
-69233 -8477452111
-92997 -8856428915
48983 -2984346547
-53221 561376693
-14369 -9580911699
-89381 -5926082767
-70085 -5593723615
-1945 -1900040743
81119 -9752499747
-97317 -4809624487
-74233 -8651733855
97555 -2106971115
71755 -6451071959
-76873 439723037
67595 -695654691
-31129 -6210958391
-29357 -8473037027
-21401 -4736359483
42543 -667387651
-77797 -1227266775
66227 -2462454375
69011 -540305771
94187 -6295303603
-1913 -5329991395
43371 -1686554263
-52225 -2327129451
-1981 -4255609263
81555 -7192970047
-99381 -9846973115
-68677 -9903494479
60491 -6102946887
8603 -684928119
-96737 538102393
12587 -5746666343
78747 -3900574347
48611 -6764265283
-16117 -9856533491
-23373 -6308292499
84507 -1929021139
20679 -7216931987
-54181 -1577872743
-19005 -9715933667
98159 -9514444851
-37653 -4230448395
88875 -2915861979
27795 -631349683
-37141 -6015649699
-84069 1624892557
-64185 -8120132851
-34085 -8306006655
88111 -102009371
18851 -3086941263
-38473 -4802314779
-66829 -4318412783
-60341 -9728516483
-13401 -7757923099
51091 -1638370819
98031 -8081770371
-61161 344667545
-38433 -6440270839
-7357 -7652980651
-41365 -3374823827
-32769 -5790237247
-35989 -7054218019
-44193 -9604362643
46835 -5357015987
-66633 -6123214639
-59609 -8665233575
75943 -3847025175
-92381 -3139083191
-59041 -8557272951
-78145 -234224135
-26045 -8917994943
-37829 -7930445087
45223 -1269419343
92359 -4032387955
79259 -6779182563
21503 -7565198307
-36373 315393697
90707 -375399891
49643 -6841306383
90995 -3850813503
65995 -2069610159
-41445 -2242741251
3123 -1272157767
-44505 -7010811055
56767 -4555641835
-35625 -7925781783
-91101 -6822493535
-93245 1847671113
-51265 -818357227
-33937 -1766360579
32259 -32751747
35599 -2111811451
-98441 -7515235831
-11397 -4371951847
90735 -4143546919
-59929 -1428757815
62023 -5382571891
-22809 -6922911779
-3645 -480942571
-78961 -3065852955
44103 -8422321715
91995 -5395760827
5431 -8350324487
85479 -2125016623
90783 -6156512099
-19561 -7982129735
31687 -6194120571
3455 -9851107147
-33041 -7163485599
47903 -4210545527
-88705 -4763391179
-33089 -8529133651
-29605 -8541320919
68779 -6924241627
-74849 381738489
30879 -5206093643
69379 -9836209439
98195 -6436767735
38931 -8191428239
-22625 -2553374715
-43901 -6836951715
16843 -7764580491
-3857 -4708658923
-7333 -8112527675
-43321 -2965850939
-59781 -2891004115
99691 -2109385943
99859 -472574947
74295 -2035271375
-87461 -2806701943
-42297 -7225539491
58211 -8322527575
35327 -1387413579
48147 -8585841715
-9473 -2230049419
-62865 -1070226515
-71049 -9261893199
-41021 -4557112599
-49597 -5778386843
-79525 -4671154155
-39985 -490154275
79007 -7821742027
-77233 -7046226287
31343 -7797636619
-16677 -209642555
-98837 -3319496327
49959 -4394493935
56419 -7218617887
-82225 1386381201
1043 -7878379803
-80085 -6076122631
-79053 -955295195
-18665 -587628051
78267 -8214779583
-81861 -4190901359
-96309 -5359891823
-75877 -7824567123
-50429 -2552389111
-3153 -4354568711
-23425 -2432318891
22227 -4287162787
-10645 -2975840463
-67201 -9990235275
-55577 -3796338139
-10109 -3788346327
-10489 -7394003975
-40393 -4657960355
-9661 -8705221955
83443 -8524829591
30475 -4296911003
10195 -4542535343
-44701 -8764326859
69359 -9267544007
28875 -7485135887
-9709 -5823055023
799 -6260504891
-25893 -1123277859
-15841 -1813472315
-72673 -8244277843
77863 -1686862651
-94385 -2873732155
73515 -5420550443
95151 -1066583635
-20405 -470077479
52067 -8497727391
53535 -5208513687
86451 -6104909959
32299 -6151835267
-8421 -6395704055
6611 -7637723819
54307 -2376825075
-65817 -1588933855
-2909 -4791828479
-88797 -6801385339
-37053 -5634491207
-84405 -4926293567
-59053 -4785649799
94079 -4700403271
91563 -7145800595
53535 -1726336619
-73025 -217601955
47295 -6069489127
82267 -98379607
28183 -5648688231
-83365 -794504291
93379 -3542919651
57399 -720258619
-62153 -3271265091
53247 -2488198099
-84541 -6629160459
-94525 -3497665019
-45793 -2159426175
-23753 -9017975411
12919 -6816394899
-15341 -2469139259
-47089 -3235410055
-33913 -4633557459
36267 -5262102443
63111 -3121991091
-41829 -3690115135
-89949 -1552917207
91739 -710373963
91811 -8293191923
30643 -7744662539
23247 -4490396951
-53261 -2905153919
39483 -1570648375
-90949 -2851541147
-89477 -1594128459
2611 -7961594891
35847 -4503523971
-27701 -7101066147
-95665 -8826366443
-6869 -7443535259
78671 -4633202667
-32397 -7263399151
-18929 -1420096659
-72513 -4591700675
26823 -8781742999
27895 -4193779443
56091 -6284653539
26559 -8920260651
-10249 -9849333639
96879 -1548211775
28787 -7398352619
-18113 -5260827851
-9589 -6373721391
59911 -1649779563
10619 -7142118035
74407 -3598387603
86679 -3703331911
-813 -9455773459
-96633 -8909290175
-81373 -8597977823
3271 -4535721599
-44665 -3839910471
19775 -7966965071
-63601 -9811526235
79323 -4815668239
44311 -5025989415
90999 -6879057947
92155 -948958103
11135 -2729278211
61807 -7102224011
-41693 -1288546147
29559 -3728104111
21915 -5064819671
-38401 -7208082199
63655 -3253265483
48239 -2800059275
-84257 -102300295
32247 -6117650263
-78617 -8519878707
-20473 -5316906015
-27125 -4003422847
-53793 -3721608639
-29721 -7534350755
20775 -5673878683
-34845 -1488604775
50539 -5343121635
-86837 1084235669
24443 -1297819143
63191 -7167953243
-74249 -9438769311
-45257 -8410941291
-66833 -7404120391
18211 -6080483007
-11013 -298886427
-89505 -6076432027
79387 -5760076471
-15709 -4763594799
39339 -5257572767
-35365 -585255823
42471 -761444159
29063 -6548852407
94167 -2536074599
76987 -7320333483
-13165 -5388420411
61187 -3101133411
-52461 -7844368307
-94713 -5841058127
87767 -5548424651
96427 -4811777887
81859 -7618947727
-169 -5758882155
87031 -181257967
20039 -5410976035
57235 -7177423771
-96705 -2046778415
-47509 -9394597071
-71425 -6826717803
-48305 -1805762331
24779 -4507097907
-19905 -1599838719
-98009 522930637
-41001 -7075738095
-72141 -1665008863
23771 -903035999
8115 -1082007743
51951 -8860115583
72371 -2930025523
17931 -1370845775
89639 -2296326355
-87797 1436096961
-6425 -3954532511
-16233 -3052865943
30619 -8753176671
-2525 -9507454439
-2069 -4465201667
-81793 -452397311
-17265 -1237980139
7615 -1940467199
-58249 -9073599023
58007 -8922099779
-49477 -574691895
33163 -6716284711
-70885 -4414603375
6995 -7909734691
56459 -7636511075
70443 -7827113667
-64193 -7036126043
-58893 -9484341923
88663 -6612201459
26859 -6301154131
-29489 -713623255
86183 -3101166159
87823 -3070977203
-61973 -3607674283
-85189 -1846675323
74667 -7516834511
24551 -8903015379
20479 -3309787191
-82909 -5584961463
6103 -7522506559
10827 -7286314883
61919 -5872552755
-43909 -3808363283
-84837 -7237478011
70607 -6202550367
-5137 -3899359415
-18785 -1584443495
45299 -3001609507
81511 -3863360667
-59857 -5113121331
-37965 -3316193943
83863 -9039579951
49259 -2824893459
-55661 -6560147223
-70577 -7860586875
61931 -3447948759
-79365 -6127197839
90059 -8998985347
-60333 -8060211823
-51625 -6089913759
87963 -7247737031
88867 -1747630227
-58961 -3199567671
-11117 -7610812007
95823 -3955298943
96715 -7907889211
88491 -133332107
-65477 -9110739275
87107 -2536145079
70795 -2952057603
91423 -8441435231
61859 -6298258787
-45845 -9221233271
70551 -1047575279
69815 -6728867011
26203 -9113569835
22467 -6968368855
-67241 -5488649783
-76025 -8780808835
90719 -7059476679
82355 -5669106047
78227 -1379115923
-57205 -5594707115
26591 -1178421655
51967 -7534364067
49955 -970773275
86855 -4730927135
-74249 -899381323
15595 -1831051567
-14813 -6015325587
69799 -212727723
-36549 -9798746943
-10757 -5398108539
-48965 -5589717223
-88737 664189673
45839 -3862129643
6707 -2175926927
-50609 -1337866363
-64181 -2686296447
66343 -3476100067
43847 -5465898191
-57685 -352081907
-90905 -6251974327
-68009 -4099203935
-1385 -9879760979
-53669 -1719992867
36355 -2587966803
87523 -9510858227
12171 -5568292431
-25213 -9974859371
-65109 -7202790087
-45921 -740048215
-92165 -2303497343
86487 -9126040179
-85721 -4791132631
-39285 -5032808275
-50113 207119857
-37621 -7085556527
93903 -3092671975
-94645 -7207046443
15471 -6079058831
30919 -2800705815
-61537 -6507374971
34627 -6388063211
-24053 -8607312719
-24005 -4886628895
-55949 -9891542955
-35349 -1140016231
58183 -3365172067
-40681 -6361381631
1087 -6427068307
-96173 -6357577739
-21661 -375943035
-38113 -3100226975
39471 -6200371911
8127 -3084083139
-89777 -1471101287
91143 -8882953163
-82809 -6515901495
62367 -7232664323
-76077 -2097207455
79 -7810797943
93151 -4248053903
-10881 -1540955071
-393 -6074920403
-82425 -1274594911
-48033 -3642106427
96147 -3167236751
10531 -5645464631
-6445 -2631847363
-5669 -36233207
3035 -3184232315
33451 -5413920235
83899 -5374092579
-37661 -9737224023
64115 -6625448351
-91753 -712856235
-80005 -1148224067
-19993 -7362643407
27427 -5784890539
96775 -854757703
7571 -9229061859
-40705 -1224314963
-71553 -4596335707
-53789 -7019486623
-91417 -2862475231
7039 -3581392271
97771 -7866777147
93851 -6760764779
-75425 -4799945047
75547 -7365565371
15019 -6939817655
20515 -274135619
-70325 -8098905347
-63589 -5837865727
72515 -2785971279
87659 -7159088835
31347 -5710648711
32407 -1983507343
-85937 -3447824459
-44525 425704101
-15965 -911728235
11883 -5301298075
-4653 -9866785163
76847 -6991291923
-61617 -3093788927
88023 -3635119359
11763 -3015281523
-93745 -2699365179
39939 -9093739019
-78897 -8360185503
-77789 -9772937195
72679 -4560236739
-97093 67402129
29363 -4309701855
26975 -1927062947
-29153 -4459797959
9831 -1120477875
-277 -9111491239
-97125 -6370383067
-39245 -7571952755
-98053 -4687922823
-79557 -197172843
69587 -203719695
94931 -8154186107
87691 -6983779091
60403 -637997051
-31765 -8681887111
-34149 -7369886915
81859 -5164645247
-7921 -2167765023
7975 -7146212103
9835 -3310859271
37899 -2592677195
30063 -833238011
-38909 -8982533619
-46925 -8598053775
-56417 -8121000887
21391 -9780889507
11831 -1870224307
10775 -5477363519
-80829 -276520711
25115 -4445313703
-44561 -5411790383
13403 -3615490711
-61501 -396250407
-60209 -9273372707
67731 -7745433063
51191 -6261431235
35099 -888435027
-41717 -5962133359
-66517 -504740247
-47905 201458933
-38017 -3614575807
-41481 -3661934003
-83717 -897815771
-44665 -2646078987
31731 -9819835687
41591 -830983635
56415 -2959537507
95815 -3729741187
-46921 -1656026195
40523 -9209729823
19391 -7302802607
41995 -4253651963
64179 -2413264831
-63985 -6317326163
-77985 -7222752871
-18173 -8143711771
-76829 -556942891
17363 -8490980015
64995 -6844974495
13755 -3869686995
80067 -2734207643
65163 -1669098247
-75473 -3270628055
77299 -1159581255
-96965 2273323901
-14669 -6368636651
75491 -2900664683
-10181 -7438818931
-46697 -7407473955
-98429 -8989105207
13015 -3219539619
-26765 -3515756083
-95185 -4704986303
58135 -9775846311
-60281 -3764039455
46003 -3281330283
-18093 -7683992951
-541 -3803857703
-63573 -9471918151
44611 -8604399651
-38653 -8092605287
-65169 -7872999735
-29041 -3740408835
-96581 -7760606187
95591 -2580649247
-34237 -3191986803
64375 -172597647
71455 -7934063295
32263 -1392577019
-99961 2486901829
-4989 -119134423
28135 -5426002199
-12961 -9632087651
-37269 -2385743063
30255 -7636870491
91675 -7175209467
72643 -1242492991
-37893 -7053282467
-83033 -2021471811
73003 -4875347275
59171 -6151733315
-17269 -6797998895
75615 -6662682087
-24669 -9595359595
-11869 -7570871567
15715 -1339665923
81967 -1014930435
72319 -6247321147
87543 -3343352351
92787 -2104789715
-80917 -3286589439
65367 -1875994279
-80685 -5615920791
-93841 -3177086943
12991 -5883535707
76255 -2307575271
-7721 -583459879
55643 -2592620251
69559 -9508058463
-68893 -5586331023
72387 -6558789979
-36593 -4422628323
-75941 -9352542315
53663 -383276471
97655 -2429370871
-60033 -4864328311
-58989 -4379249339
-99109 -7407347223
76991 -1520274391
-40321 -2633745647
-63285 -9975304431
-79125 -6532833491
94879 -9233525591
-60281 -8918010451
-33945 -4883595095
57139 -7102898171
-2421 -3799445891
-55197 -2001089119
76707 -7115452379
-22877 -1062495559
-4809 -1591772199
23483 -5410941275
-8141 -8220644579
-92797 -3707774163
-90625 -2102383771
-3517 -3800166087
-95029 -7370086587
98451 -2632886683
-85369 -1004517295
-46865 -6905395251
-96545 -7979808371
-32313 -1477744059
-42329 -8593478579
41607 -1810687699
23203 -2520060595
-60441 -2456720903
-43373 -9423458923
99103 -4666194375
-55509 -2328932927
-64741 -9609903299
25639 -7789762279
31251 -5160353791
-96437 -5288101647
72731 -9607668867
78259 -4323938791
-56033 -7708240923
78283 -5230050931
-23293 -2301348575
60555 -6220407447
-56537 -9715913359
-98685 1078178257
71363 -6252178379
91683 -5841204911
-3745 -5934933599
-85969 -9681144063
-40305 -8583536235
75507 -4066131675
-78329 -3271626687
-39949 -4937726675
92187 -1514847599
25031 -3837830699
-37741 -1676657083
27119 -8969617327
-60081 248182353
91395 -1820754023
-68409 -5919050299
-84221 -3452969567
-50585 244140101
-99965 -3169512711
23511 -3643362559
92087 -7910259195
99215 -3340647251
84039 -1109648743
-86153 -6168848963
-245 -8929581691
17755 -4179696387
24603 -8713670163
-98817 1086144085
-15529 -7669995035
-2297 -3596129399
22667 -4401598639
-94301 -2854829911
-80997 -9911534659
78619 -115778035
42743 -3042374035
-2533 -280055883
92695 -106382143
711 -4728240379
-16901 -1487142067
-81001 -7852178435
52687 -5617449307
-10853 -9426930459
-97601 592061441
-8561 -8481040743
63747 -1352356055
-56301 -9267042727
-40201 -324066887
27143 -8346379983
-34785 -180369011
91067 -3302235159
64159 -5957039127
131 -1638631575
17099 -8865187511
26619 -1142060259
-16413 -4941230915
8051 -16512723
86683 -108446483
16855 -9043391059
-39985 -6722168943
-7693 -402193127
83303 -5477734999
-49713 258924509
-65881 -752822187
-84845 546401777
15707 -2833356723
3599 -1779728507
-84281 -868581783
18559 -6529091751
-53045 -3063766395
-23209 -5984211883
-76097 -5797741283
-11409 -7547432807
19595 -2849075695
57915 -9568652587
-86037 -9944874671
-68401 -4995176419
-59961 -5108595639
-36345 -1109547535
90643 -3342783459
67223 -9243716339
16483 -159439727
-73733 -5729792827
-36833 -9069089479
-64641 -6813414139
-25369 -3706736467
21399 -8609794607
-26065 -219381467
-24773 -5411243431
-84529 -3277018943
-88877 -9433921819
1915 -3276678363
56987 -8529970935
-95549 -1593869419
-66021 -7082218075
-70769 -205414559
-58689 -605289531
-92065 -4413081543
-77685 -2363885007
-71889 1024022381
-85997 -2851096295
50843 -5121381575
35323 -4618376843
72031 -251390119
-81 -2041397575
-38373 -7612102111
-80237 -2361700179
68067 -1231924667
59087 -1319302279
9475 -2820464847
80635 -6966685431
63975 -4527275939
-49497 -2158394911
38923 -607686915
43663 -4909704011
-90961 -9259345899
-55297 290303697
-52733 -4029724955
23607 -9046755247
39535 -5496920423
12703 -7124422383
20651 -3563534343
95207 -7803503711
-82693 -1190088659
631 -6818172895
97755 -7555780039
7963 -6645571935
-88945 -6901802627
-97061 -8028826987
23271 -8837432015
-59041 720964177
-42941 -5568804807
41255 -3077040791
-60145 -1661989743
81899 -9672837611
-4121 -7206585955
-15225 -4998898907
43951 -7404067443
40687 -3819739759
-49113 -6583859059
-49013 -6018329239
-1785 -9437514743
-45113 -3777278223
-18681 -9466116791
90031 -6917868023
-97321 -6673571807
37079 -3703347347
-71861 -8578658071
51899 -4934769367
-38321 -5478691943
-48957 -2975843515
-54061 -362612639
66887 -3752903127
-11649 -2258932899
79199 -1774005887
-6161 -9736023775
57795 -7617747619
48295 -3996019023
-19393 -1364901471
71607 -3853705479
17043 -517898627
-95169 -9315244271
-77257 -6160357031
83275 -2559701023
-16489 -9313935395
-31141 -6686446251
33155 -1231528231
-36037 -298413983
-73961 -3694511339
-64513 -6739909539
11627 -9964216427
48551 -7983856863
-97693 -9213594167
-18545 -5230783399
-97609 -8398922523
60279 -2673260735
-31085 -8061535751
58667 -1467795219
-7381 -5137696707
93059 -2948486283
-40885 -8613324287
-92457 -1096737571
22547 -9709792915
-99565 2071623317
78051 -3283150255
-95685 -5023538527
-52681 -5178696707
22943 -2230021787
68287 -9791145775
51907 -9256139403
-62549 -5233745423
77931 -6848337275
27347 -9374013443
51783 -8495438183
54059 -4222401939
-33301 -8265213287
-25261 -3212945259
-28749 -1770478975
-99205 -4729978847
-61909 -9343884567
-49429 -2250024519
-46525 -6401463735
-25953 -2440517639
90527 -8451836891
-6605 -524785131
4507 -8488635035
-55841 -3355240543
-48677 -9806760763
24255 -9390229487
-12157 -4568914823
-7865 -7775700075
-1141 -7339340015
-97153 -7355543091
35147 -4755821539
-2869 -2231882127
16375 -1508328583
40663 -3632880755
34191 -3405157679
14831 -4548932559
-48753 -3088491379
35987 -7006292611
43127 -1494771463
50595 -9761617015
-44013 -2856372127
-72181 520750501
-95333 2198253545
-41709 414275921
-87777 -2977541275
-2269 -9056442915
23011 -5760815627
95499 -4575966331
-10097 -7915567559
63999 -5959952015
1703 -7626003223
-5997 -2469583627
-61553 -4201528995
-21089 -8163426499
-81277 682043785
-9917 -633141355
-87925 -9037963175
12035 -998021691
47863 -9546168763
63159 -622736783
-36121 -8640781319
14527 -2717344911
81455 -8880070515
-8961 -3068975495
-30385 -8939749767
-55057 -3972392603
-49069 -5814806939
32475 -1000186463
-92077 -9929726915
-10181 -2137952043
-70213 -8919750227
-5765 -301356439
-45569 -9242406519
20599 -5003219751
87047 -760090923
-29969 -3550570159
61327 -2121293547
70911 -5246235395
31267 -4843345683
-77161 1200388745
59883 -308604183
-69833 -5812357911
-51289 -6226655735
-66025 -3775917171
95763 -7741654407
-97241 -214926551
64083 -2353024339
52027 -1633413399
47455 -744298731
-97241 -9273114003
19363 -9598845531
-52953 -4480914131
-45509 -9353267239
-85417 -5448417459
-36233 -1585325091
42731 -1609544699
-48717 -4402677227
-27001 -2539552563
92619 -7441400267
64071 -7777166815
-47977 -6298532419
-57697 -3979150667
-55253 -5711313371
-53541 -9959311147
72551 -5229926983
12943 -5926014811
-1313 -8344589747
-92369 -6434649555
69063 -3693749523
-62381 -7286061487
-4573 -9846556459
-28385 -7824290159
-93885 -3755610367
95587 -8951272791
-89653 -956278615
-33237 -7403321627
-59753 -2911420499
34383 -8502217159
77575 -4944099831
-96345 -4477663175
-77617 452978901
93031 -5598026539
71059 -5865216035
-85413 -6289582183
50843 -8013980739
-44789 -1913797707
55379 -989445959
-44697 -5533705547
23339 -4453226475
-72637 -8169077687
76167 -6063388483
-54365 -2877266367
-81301 -2056915363
-61733 -1942895335
-34309 -4599162911
50819 -1211186327
10003 -3355801771
41807 -7725217451
75835 -846148683
-93153 -3116058555
-92817 -4484363131
81019 -704123303
-47265 -8371954087
13975 -3797885875
32135 -6120710115
25139 -3667749995
-44337 -611443939
31803 -125883687
33187 -3596232919
74015 -5858551079
64935 -5950935127
28887 -1875582563
-45933 -4048242463
48351 -3406169819
-7373 -120817883
-26081 -4018556959
-83161 -1264955163
-91057 1664448457
-86249 1446231725
-89709 -2273993487
-64321 -2064622355
-35121 -5679541963
58479 -4430086495
73367 -734845663
-58293 -9018745851
-52861 -1428367283
-77757 -7387129631
43231 -2956524579
-3941 -9973966739
24923 -3660397223
-45901 -2571921635
-57309 -346278975
44847 -6653046503
-98713 -5788773831
25883 -9140995419
-48705 -745526191
-83597 -4125515223
-82525 672531441
55983 -1266231771
83027 -5459037103
13047 -109723503
65611 -681716223
78431 -6167412475
-56729 -3832955263
-16313 -2164671071
35983 -9914171547
-94977 -9100302143
62735 -6614028275
-32693 -7469408347
-47169 -559985779
98415 -6774507971
89279 -8513004111
22231 -3859466359
56503 -7857106559
34863 -5381186227
-99717 -8775051343
-66713 -540865495
-829 -962303363
-86425 -2863191935
-90545 -6860391115
-89073 -8358911279
-16929 -4511691083
-7685 -9517081455
-61829 -233606287
-55861 -1232600879
27659 -1332872355
71647 -4632648263
-64261 -8491809475
-64361 -5655180455
47003 -9978257655
-97421 726502349
62107 -7769937771
6987 -1036220875
-30037 -1005249099
-96861 -6820898587
-99353 -3641079171
-9273 -4470164155
27415 -4961282727
61403 -2137518587
46467 -4939050775
86911 -9145221295
-60449 -491674191
-99345 -769844383
85927 -3126656375
15695 -2022759703
-99377 -1286520499
-10585 -3241710727
-44521 -6258119927
-31405 -609212083
-61821 -2477255295
32823 -9089302019
39031 -594617207
-52217 -6871134107
22303 -2997219475
28715 -6558655831
-91589 -5466169671
-19641 -1994711
-26973 -8400025367
98891 -2899595115
-77625 -1996965639
17907 -2102352303
-7925 -466739151
89943 -6113291627
-43161 -4654916707
-73845 -9714723915
-8357 -9675762659
99807 -9908349663
29327 -7087730051
62715 -7467561107
27571 -7354775383
-11325 -2282777295
91111 -7427582467
-75625 -6195058247
-54197 -3726746187
-10745 -3144287703
9955 -971206555
29323 -5071023747
89819 -1526290635
-43521 -2502946087
2979 -797766543
-74973 -5875792267
-87177 -7546508099
-59685 -5588591059
80307 -5421186355
1507 -9233569055
69535 -1337876451
-22521 -3048248087
-16981 -6149283299
83863 -5179857859
77919 -1384798259
56743 -1328205655
-11253 -7726158843
86847 -8316303419
21111 -9682074703
70039 -6586781435
18835 -4347721055
30047 -5985037779
-1953 -9875612255
-60269 -2667945795
-25277 -5410181447
-6781 -6021036291
-10181 -5073209179
82143 -1736442199
-19433 -1006212211
-29441 -9198432567
13791 -9102461091
-87349 -5887503763
94443 -399583711
-74417 -7891933991
-21697 -779939039
71307 -3450738563
-94385 -7484019455
67863 -6998271543
-24145 -1068442163
-98713 -5325239959
-96213 -1045707303
-98913 -990631335
-16213 -3050057987
86111 -3547036235
-69909 -7029854015
35931 -8051842771
86211 -6145041791
40667 -7082430423
-89289 -9275847363
-13157 -8527972143
16503 -5543747207
-12101 -3953846723
54407 -3392478035
-82057 -946011231
27819 -856668515
-62629 -6838349219
3499 -2453387903
-44173 -8209827087
46439 -6637041639
12263 -8211510231
10875 -957114719
-66181 -6374200155
61815 -5524070419
82903 -6678745175
96071 -7817712343
38871 -6253971807
42895 -6129517355
-84285 -5915253051
-22953 -8400126819
11203 -3239306399
-90557 -4779803431
17871 -2798102607
68951 -8260684395
-4561 -8878741839
-9969 -6748986651
-96385 -8737194311
75139 -15311211
-77765 -8815219167
7223 -2024571699
76183 -8424819195
45403 -7769129711
-2305 -1832669259
52843 -1960863215
-75401 -1628758747
-76093 1348673881
78255 -407444159
-30953 -5145430999
65351 -3587219687
-34417 -1616613571
50943 -6635057215
27695 -1382986607
48863 -8931900143
-3809 -2407053967
93927 -3778324283
-95041 -4370937227
-15425 -988857775
1967 -2272319923
-39997 -4647500215
40051 -5866237115
67403 -86649447
32031 -917147495
31963 -4429908743
73331 -1390196687
651 -2273167387
-41105 -6390663851
87075 -9160059463
77179 -3191215015
-72121 -5685961795
-6441 -5187210131
41339 -1344599487
-54365 -9354631891
-43125 -5308887079
8339 -8865245747
-93965 -8889174883
-10289 -2650683923
9039 -2042350747
-18093 -3672583091
-39933 -7605944567
-22637 -4897655883
-90165 -2812386455
-77093 -8794568831
-46685 -7179894267
-26357 -1985602535
-24417 -3425915011
-76605 -234891179
-84473 -2157217499
-30581 -121067247
69399 -8674355179
43851 -4088734755
-50401 -6147477851
88299 -4816893071
-42037 -7420138023
64139 -8916634007
-67253 -7668775619
34467 -8596482951
18815 -3557355323
-39385 -4039514099
-34777 -4779254795
-67461 663945713
-24277 -5809481723
-4397 -5825306511
86099 -1005438087
42439 -2209293383
9327 -7094801291
70103 -2242043139
-63301 -4751076203
-80817 -4303584031
85043 -984034283
9091 -8346638135
25371 -6798528647
29391 -4183199647
-17881 -9631790507
-15889 -2823880871
77387 -4038355003
-19381 -5179452735
82715 -636105959
-25685 -3442250383
95311 -4241427835
33107 -3546206843
73515 -2241433499
-57929 -8981962287
98631 -3342944639
-86993 -7683102651
82603 -3948841211
25679 -7908095147
10867 -3168111087
40139 -8698218399
-23221 -1174439859
40515 -4555172235
63855 -9409596735
69843 -5711919547
-68621 -6254499899
52879 -2539570835
-23821 -519250171
44659 -8754268287
46555 -2016282027
-85897 -8309757359
-94745 -5731837827
-50793 -9835403607
-38609 -9757294771
78571 -4109334767
2591 -1423398419
14991 -5152194859
-9157 -5928372079
31999 -2971711447
97331 -4912392351
33891 -2139079715
4787 -1124677919
16759 -9355815879
-73621 -8307012691
54763 -5106162367
-75605 -1224831703
52531 -2576320895
39267 -5608301327
-75265 -7324695959
-40321 -1366468299
-30837 -6326067883
-46185 -6077516771
48815 -7162071203
81683 -3605632147
81467 -928732671
76115 -9413117891
97267 -2181623
-36845 -4683268087
-89917 -2085899223
-95037 842044913
35635 -6615895059
19551 -8309432103
-67145 -1587650203
99867 -7911101623
14107 -3665528547
-77933 -8634978923
-53013 -722933539
-84057 -5432504099
27815 -1549717987
-98217 1986149933
24591 -7506568015
66423 -5842792891
35079 -79532447
30019 -138040099
77399 -5705803899
-2313 -4083952051
-49589 -1104826163
38675 -2460554443
58275 -1923775491
8227 -480085375
-55569 415455673
-41905 -100220463
-10217 -4756329935
-47797 -5319291243
-98429 -3301669019
93283 -6727929883
-89997 -4729487019
61003 -9030386555
79935 -8557380067
36535 -306710603
10475 -8457487659
69999 -9372565383
-10805 -3605126495
81499 -9231282967
5675 -2354966603
-52317 -2694378951
79787 -8451494335
16411 -7017625747
19507 -8053258259
6659 -8266676131
72523 -9148337707
39639 -359078935
-99101 -3296144619
-52373 -9184118811
91843 -5715706363
-99429 -8337055447
-57093 -7800429151
21163 -5198567075
-79409 1489923641
-44581 -3139999883
-59137 -7389114603
32595 -7967332867
10587 -4816037083
-58929 -6836015499
12855 -9310649055
11039 -3598068683
-55925 -6732258711
49643 -7322331291
-53193 -9737629979
11683 -953406555
-88129 -7106502107
-77473 1031645837
-78789 -3904737227
-86933 -3248024127
-50129 -396467983
87299 -2765887295
-66873 -3800061223
-64777 -8726289855
-68245 -8637180423
-35825 -76246675
50223 -1488456967
-87989 -4134284403
-90857 -7616132635
-79273 -1617867243
82579 -2461045251
-15473 -6913227019
-57641 -6554867691
40863 -1889718135
-69913 -372202175
40879 -7704165211
57043 -6794302347
90603 -9797184515
64751 -1350012575
-57165 567312345
-85037 -2059263687
-453 -713291811
-9457 -9696567803
4011 -311735447
55559 -5638876515
72659 -4074523687
-84377 -4668390415
-9745 -8612789595
-63901 -2170844727
71823 -2771753047
61095 -6036827099
-25917 -1092819487
79127 -4562194431
-40653 -9951310087
3411 -4237369975
-49137 -8612037659
-64825 -4228611411
-38533 -428232995
67175 -8249550135
-15637 -9719621747
64227 -7806719067
36679 -6685975507
-63345 -6062196295
27139 -7611236979
-24649 -3911939047
88199 -2235201831
-569 -284039543
-64021 -8876058195
-4861 -8107310855
32915 -3462185739
46223 -8128529775
-47025 -6032025079
77271 -4514945947
49767 -7645254375
2939 -4781347647
-97189 596727977
-47333 -728246267
-56201 -6401072979
-56925 -8244190703
-28105 -4484616395
62639 -5666544255
-53085 -9682083863
83243 -6649257127
5087 -4001437127
-94821 -5750783771
40303 -8899979775
32023 -2125491139
82623 -4695031903
-96549 -6206390623
-67789 -8453631259
-56197 -8754249423
5831 -2117092755
-45689 -5394962091
-49737 -7705678547
63991 -4792928407
84283 -4565600655
8303 -9211780247
34579 -5972781767
-79553 1339588789
23779 -1348535567
96411 -7481370751
46695 -1894242039
21483 -5522338199
7623 -5390885999
98023 -65208375
-79141 -2901770759
54963 -9605907455
99859 -7086280135
35123 -4925733143
75287 -3386215111
79863 -8331371911
-95957 -7298821703
-98829 -1343511847
-58909 -22538779
62967 -1340657923
-81329 -9182726491
-20605 -3461195731
-72653 -596276695
92823 -9827278427
77067 -465613543
49755 -8928617051
-94105 1738381849
82711 -2680819491
-34453 -7783428791
8947 -2208756199
60143 -3731751107
32127 -1126793851
-84581 534586973
17347 -3001481015
-42189 -4604021359
-26361 -9564960387
-29017 -1871476131
93551 -951901647
-57289 -2082599971
69363 -6559770403
10011 -1928989483
-64741 -5163025307
20403 -8702896635
-66649 -4387788603
-63985 820392013
39299 -2101127843
-73453 -5410278967
-13117 -8282611595
-54781 -2829579511
-52101 -3734175359
-57757 -6428734659
-34185 -8415197779
-86897 -8552169107
-57041 -1109333719
18767 -4132648791
24331 -3329055423
13587 -5359767827
73615 -8486562231
38335 -7752329947
-85341 -5247940123
-66961 -8345528403
-76329 -8125484079
7207 -6832904127
29195 -589204175
92515 -6811667011
-50373 -6277045855
-29245 -3551367243
77935 -6242243663
-8029 -5725953119
70639 -2427210927
72003 -5519825959
36843 -4196188999
28547 -500460443
-30637 -8682915959
-91925 -4358864679
-52161 -705449007
53267 -8626033599
25435 -9020187703
24571 -9560168087
20799 -7253403651
-36921 -8542692815
39607 -5863246379
-4877 -5588597355
12679 -558941839
-77897 -6150715363
32831 -5784357467
20119 -852785151
89351 -6187226655
7963 -8235544139
-18857 -1936701075
11695 -4259360371
14579 -316228871
3131 -1379767727
36199 -6414772047
84751 -9793752547
91835 -5941750899
37983 -2878137763
81963 -7582573291
-8485 -2669425119
31775 -8457349639
55239 -310574379
98223 -3267063879
66643 -9562880475
79203 -7486335607
-73689 -9210552255
35411 -5867517335
5187 -2755569647
-94469 -4301839059
-41765 -6474220955
80395 -9988002147
-74189 -8069475155
-30561 -1578728939
-4677 -3137348691
76867 -8744985711
-14617 -2725860655
67667 -3143691139
-39441 -1144220691
95911 -9433957555
43635 -4956820515
-8105 -473389131
-71857 -267335991
33655 -7594522815
45415 -588758851
-32857 -3934483075
87031 -7675656931
-30193 -8580329459
-25093 -587936179
84403 -5340056339
51871 -1342038227
93839 -8579420703
97463 -2342799579
-67441 -6495650015
7059 -2145131755
-18313 -4333492687
10123 -3573697023
-91633 -2378501255
-42597 -2989350299
37607 -4021164011
-81625 757224069
-269 -5645440015
-96953 1697146545
-96773 -2282612095
-68937 351344585
-5937 -8804870611
-93709 -7277819387
85799 -4254020991
76283 -677384055
93215 -7431827411
59479 -2060104295
-71621 -4154982419
17771 -9125011083
49927 -1012492919
8519 -7685755683
72303 -719197747
-48453 -6687349043
-17313 -9945878931
-19745 -5344043235
12579 -5080453391
-83289 210900625
24051 -2609912323
-7357 -3758900451
-77661 -9345134111
-79213 -7385709459
-95017 -5774592679
-20781 -7476658271
-98149 -1086692243
29419 -5629562271
91015 -674634819
-61489 -7005953567
19431 -7889762743
66471 -2498257923
96911 -3033655407
25719 -7180515967
92167 -7599058267
-47749 -2231879575
9871 -4473643943
87355 -2506521935
35999 -7207089015
-67401 -8141782007
-27629 -1870025211
-87293 -4101122427
-49561 -2425210767
-40353 321295649
-12141 -1763520403
48179 -2645471751
-88173 -221085103
48471 -9287178403
99771 -6121289011
43227 -223575283
-18601 -3312132335
87215 -2069086655
-18181 -6712924643
-93505 -4787539191
-67945 -4582982299
52467 -9596982443
26803 -4217027171
18895 -7992576115
51675 -7847031779
99899 -1124853551
-76397 -4934390195
28059 -941964791
-63945 -1787217211
63203 -3987621327
-68901 -2636783255
-63637 -4958563627
26195 -9532625103
53103 -9939460403
41483 -1086229143
31251 -4537393255
-68853 -9007598987
-12013 -9536690283
98755 -7132841975
76931 -5892595939
-32825 -8097063403
-58033 -5320350567
21651 -8671162291
-87457 -9829784067
22339 -4163896819
49183 -6945129671
-40265 -1188653895
63171 -8257770139
25827 -4981380783
-27881 -8068827267
-20261 -6128078939
-7713 -1960150351
-33277 -2882833647
73411 -8399924547
-20341 -1995292371
-46357 -9137790815
72507 -9633982147
69491 -9391361995
-88461 -465659999
18515 -6260895495
31531 -905232911
85623 -7422767411
9803 -9819504495
-37213 -837200099
-95765 1817910853
-83521 -1060156099
12619 -8026644139
-25113 -2048228123
-8913 -3718918163
-45305 -6488074103
35203 -3671493275
85135 -9728162155
63279 -649883647
-12061 -2729578219
23791 -4831387939
-19589 -3974200095
-4321 -5757563799
-60533 -4926505103
-50149 -1896614631
18351 -4251517675
36275 -4073526239
33259 -8099269815
30303 -2909067379
-33137 -5172876859
-10521 -8224613455
-83317 -2463385895
28811 -3746756567
5007 -6342505755
-377 -2556884403
71919 -5615320675
-19329 -4782856119
-26237 -3096283315
-59053 -4131711391
9627 -4530937799
15187 -1126493779
40003 -6084424875
61303 -3679535987
88059 -3268827155
8743 -1898329063
63771 -2708106287
-95197 465017701
-84785 -2774637359
-42297 -2289798367
69635 -7536489363
-60057 649994393
-9497 -5253497983
-31105 -8552344555
72467 -3611988379
-58413 -5146888843
-63841 -4940222507
19067 -3293342307
52847 -9392882043
-4641 -7912693347
-82777 -1734644119
46591 -834510691
72067 -8073317587
8627 -2415551655
22703 -8843746799
-2089 -7535766987
13523 -1850650199
-95689 -5881040831
59899 -2127113903
81871 -4115876931
-92865 -8662034791
-93757 -621672303
46231 -5586127519
-96521 274384481
90259 -8349309687
7263 -224329303
40911 -6018851251
50639 -7821180459
1955 -7544480727
-33753 -55406219
20539 -3276378279
47315 -356116855
3351 -5750730407
76803 -9964833355
-50813 -5474508343
-43733 289519261
94503 -7045260255
-90301 -7351718011
-2049 -1442741491
30147 -2189928279
-26293 -3285016779
65299 -4748947915
-97845 630636489
26375 -6558664743
-62421 -8411367051
-11785 -2320805111
55195 -5802103059
-29525 -1574870419
-82357 -8825004999
72343 -8116698507
-58709 -3636304343
-35561 -4889675267
-77113 -2273676063
-49497 -1828696979
-95173 -2553962027
-61 -2505046151
-95961 1682972417
-64725 -5119500015
93579 -7764278367
1987 -3362831243
-67653 -6631709823
1819 -23494523
9735 -7460209283
-80857 -8359026879
96535 -2057750859
-61157 -6304730555
12491 -7962005611
-85537 -2776085803
43179 -2812011791
-73369 -4898749771
78695 -1507864167
-34337 -5593799
-11101 -973644007
-66301 -1572457099
-56173 -4912962983
-13441 -7738501919
46115 -1986677967
-18373 -8629007659
-95685 -6572735179
-84893 -451059879
-20401 -4665932247
-68357 -2748187351
41171 -6221423403
37987 -4905028775
-88437 -1285662611
-99813 -7378422103
50591 -9401523463
-55601 -7538544187
40663 -597686923
99315 -2040320639
-25045 -5674917475
-25941 -1523442707
81315 -4623974831
-58689 -1042183651
48667 -6470860991
-49057 -136679451
-21385 -1578287439
291 -8288362627
-91217 -6260011771
-89209 -5552336715
-23629 -241905719
38507 -5517253563
-50633 -978858375
-86877 -7782260399
-45281 -1914377807
71575 -2490359099
79159 -5065794207
27907 -3834221575
-50229 -5464033699
-70709 -2060286243
98179 -346599771
-31013 -1880520975
-64041 -8510311699
-53001 -3347016371
-22269 -8464496575
55739 -7204949731
36999 -5318759183
-66961 -5470836919
-86345 -4196826839
-84061 -5130574139
-76945 735223641
-69461 -8547820939
-41909 -1158708303
-94645 -7035363551
85075 -6319916119
-64737 -9092077479
88919 -5436826723
-8493 -1758589879
18143 -6061606787
-6917 -916449691
76755 -5245630207
-98397 -7796643083
85439 -1534983859
-77297 -7862373471
-1781 -382003323
60235 -822933891
97775 -9184492731
-84145 -150295227
-90869 -2543059227
-5413 -841274539
-69221 -5243289867
7971 -8755675055
52279 -819207523
14507 -8138747231
45819 -3087435627
69011 -3895206035
58439 -7733274895
53051 -205972779
73815 -7198480903
26599 -474939439
97059 -6922698631
45063 -9647143387
7903 -5437558851
-7485 -5820251083
-45505 -5332064907
-28721 -6295380479
-76673 -4044722619
-83885 1539996505
-73841 -7009859399
41111 -4197456955
-18133 -3310170691
37527 -9983020295
18459 -7794941151
86715 -5938959891
479 -2335759915
-97089 -7636115767
80431 -2027720387
11555 -598036391
-20349 -1763980187
40059 -6473161927
-76549 -7988802911
21499 -542333583
40423 -8373036419
40387 -2534447339
-25097 -5807953155
-88081 -2603151731
63659 -4905474935
54779 -4599385663
19479 -574177319
-73053 -2610773323
85663 -8047932847
-25501 -2003674343
94195 -3373534211
-91781 -3764993671
91191 -1839083203
-50981 140047153
56047 -1350640435
75995 -7827603119
-79373 -655054451
-38429 -2700027175
98023 -324332163
-18237 -4656333575
22523 -2722192235
-79917 -7662591631
3695 -8833762047
-34833 -8386640835
62643 -8337836291
-13649 -2871664727
-25913 -7222559919
-45297 -2261097435
36307 -7661140635
-47709 -3420709559
12035 -5612865375
17435 -9893355275
-82649 -3637527615
84027 -5342050891
-84565 -3158201115
78903 -7942844287
-28537 -409480571
-21221 107521069
-365 -9400998667
-51469 -578938699
75991 -7305418691
28255 -7064963091
94467 -8401057899
-31429 -8562688523
-25721 -9196092723
-86485 -4981265639
-60953 819409649
46075 -7872665187
62703 -8390485967
-14297 -6541013907
14887 -7711943787
-94853 -5121730959
17079 -2883754731
94327 -4923985623
-12905 -3789811391
-41089 -573196443
-79189 -5092937951
-51397 -6393787299
24679 -2508951447
92115 -7475245023
68735 -1639771715
78275 -9396862519
90755 -8310992199
39283 -6099039603
24667 -602068459
-88101 -4220736179
59379 -6665268991
-64081 -2004505947
87819 -640596203
-12493 -2303646507
99399 -762042699
2191 -5669803951
35151 -281811751
18055 -5282976935
-51453 -1577658467
-46685 -7384709739
37547 -2365953939
50679 -3682434263
-94957 -6056133767
12151 -3173518227
22663 -6497157007
-34541 -7647371779
53719 -9889416731
76015 -7545239703
-78417 -1472882319
40163 -5230333559
-28713 -3761559787
-25573 133888385
-94861 -9861762843
-18353 -2789103079
51423 -3282969295
39075 -1585919047
-57801 -3144163579
-22085 -9503086451
9559 -6117786591
-2857 -5712976731
-74953 808367233
-54493 -5039237343
743 -7530565023
-49397 -9891915755
26087 -578812119
-25181 -8764429919
-91313 -9938518499
-99373 -2074311959
-9173 -2289499351
-33581 -8881443175
36335 -3841250791
8867 -4548504279
99351 -1103550383
-94217 -2141177423
-65005 -1552675407
9659 -2832130603
-40485 -9863037823
81475 -2461087311
17747 -6340635191
42515 -9020351087
91983 -862153791
82099 -4415964755
69567 -4871911803
89015 -5108587407
-34461 -7669647831
-93433 -9063926699
-93509 -6456507039
-93261 -3999988603
-71065 316811353
-9289 -7188353819
-781 -6315463603
-56577 -7003407
7295 -477248839
-91053 -3640570491
-19257 -6953582275
1599 -2140072159
27219 -2304529543
503 -3175032799
34127 -8624828671
-71901 -5244989563
-41785 -2516533291
-67353 -7596616091
99475 -8179816659
78207 -8689682659
-98085 -6410199119
-85665 -3163088371
35383 -8273150191
-92261 2028332885
-16629 -7126746259
-97265 -2879722955
17167 -4453149931
-32917 -5550339515
88647 -812095903
-77165 -7755088027
-78193 -1788347107
-40121 -9279771791
15523 -5187805643
-34781 254500549
54431 -655870551
85751 -7149725719
7103 -2433601939
38399 -7056076491
88163 -4919520863
-56769 -9182883463
-83565 -7383094851
6047 -485847771
5599 -7892538867
2311 -1772317451
-37229 -8927594347
42371 -7796375699
-20537 -5340943319
-98501 -5357087335
58723 -4763220987
61547 -8405262067
-40217 -4508931079
-83689 -2501002319
36559 -4783159647
-99849 792681901
-36093 -6575875455
69875 -1978854571
-6841 -2149607291
12659 -7986690823
3811 -390452675
33687 -7818154987
24555 -8242743263
85891 -9421320663
-29821 -1085166791
56527 -1371263595
14583 -6752457663
97559 -3582452927
68235 -2351553679
-45421 -364302671
82015 -4048143139
6055 -3267284019
-60925 -9978269463
-32153 -7473907763
-58165 -5197930759
-71965 -3061253931
73063 -1249294371
-68609 -397648827
-54317 -3879854239
21183 -3196987951
-145 -8068058623
-36401 -3031345423
-55985 -3710865027
35555 -8261868307
8819 -6329013867
2319 -6836181819
13051 -7463503987
7563 -1285364335
84843 -153593255
-26893 -8332873599
87267 -8318241295
75975 -7941715367
-98953 -8065737607
-38221 -6027669463
-14349 -9789366887
-68073 -4765068195
-68625 -5737876583
62539 -1283985807
57195 -9219243175
-34525 -48541903
76079 -8682465947
-45041 -2437977371
-26997 -9819479927
15759 -1917875835
-38953 -979747455
78623 -3720402227
59547 -3876722899
33715 -1463814675
-43145 -4598771691
-57281 -4260572155
-51589 -253645831
-733 -1632128487
-22805 -2817163095
90839 -7158773047
57947 -7373782515
-76521 1300175917
-9921 -9789052219
-80161 -8859195863
-15697 -307011827
17691 -9392617343
59675 -2408680915
-79149 -1945098043
-15589 -5293736939
-27681 -2826544139
-49625 -6393573303
-39101 161092709
54303 -7158445595
41611 -4153510555
36547 -6675914535
41471 -3395100671
51419 -8980069535
58927 -119046651
-90605 -4141055319
-56989 -6619785587
11163 -2011939659
61923 -3788739171
26623 -9428086979
-62609 -8119231715
23319 -6856374915
-80581 -6804547019
78219 -3189481919
-32257 -2069837867
-55225 -3508893291
-26305 -5076135703
-27197 -9519446275
5715 -6778345319
41835 -7188604147
8011 -617651027
-98813 1963241381
-89889 -545037027
8667 -8696375359
47035 -5436643703
6059 -9784330031
59875 -5416296495
-5221 -6206833595
-18889 -3360433655
32547 -7774320487
37907 -3630520283
65175 -9384405983
-3261 -3276204083
-9353 -8289034067
14983 -5343901591
-59433 -8521162267
-48565 -7475740435
94331 -8418971315
69995 -8062473023
-19985 -1652368083
72987 -501930427
-78405 -893242399
-78309 -6038905455
64575 -8385670435
-35361 -6357881807
-34245 -4075065143
-33681 -4505074771
-82501 1233882901
95435 -1526006699
-1981 -9324131663
-55525 -426171695
77483 -6114114651
15451 -1445340535
98675 -7025420523
74563 -1922461331
-41749 -835505099
16303 -636993983
-44601 -934151923
-10837 -8870026539
40547 -985963343
-86825 -1305637239
38707 -3059210527
-65849 -984421459
-18113 -1809324763
1559 -9424632843
-91101 -2041311143
41695 -4382929135
90851 -3244870227
-32233 -2221609431
-93345 -3280643547
-59481 -8206829923
-75697 -9975401403
-16133 -2673747643
-44373 -4162329983
5551 -4592665555
-13209 -3948265183
5719 -5526503359
-76957 -5021516399
-94677 -3219825411
-44281 -9163635567
-29873 -9068207303
-71621 -6226779395
17835 -9750508643
-12905 -5877899215
12675 -8909539147
31227 -5862454747
31975 -3269647523
-16881 -3860251447
90423 -4144179343
19035 -8332695839
-75461 -4949168163
-70657 -5625680779
-18357 -8875879547
38631 -1726573859
-70685 -4976995283
-4545 -8591439995
-13617 -9571268191
-13401 -3989112871
74695 -117625727
-74953 -5463129699
60207 -1363262111
-68733 -3991828727
-85309 -7341809267
82983 -5244527227
-68281 -5575882227
6771 -6159590663
-20285 -1445641927
-21985 -348771419
539 -2697106147
36631 -8475357243
41899 -9523402363
-47733 -9384653611
97439 -5769856219
-91825 -6510098595
-35905 -8269423575
-60869 -6835711043
-21737 -1201901339
-56985 -1896009751
-31753 -3855340803
-35093 -9797694631
76871 -1921027455
-93029 -7754497915
69303 -6445106083
32783 -5971886247
-95365 -8931705031
-96389 -3456933531
31663 -7213061519
5459 -7226500739
-61873 -9281780619
69347 -5035959495
-64209 -9221436023
85271 -4927422199
65419 -7026935131
43015 -6145654175
-87205 -6656150915
93103 -5196833343
-86969 -9667366183
59371 -5960120835
46771 -2101701543
-92589 -2678791743
-47901 -632509943
-78465 -665727343
-21117 -1155210983
-5669 -4952603139
-66725 26843409
-62541 -5053233883
21807 -4328614611
77047 -7596660019
-99229 -6163502459
-36485 -9796828211
-6921 -973654447
-40537 -5476037727
-76273 192846129
-76329 -5052079595
-15029 -465742115
-42941 -9009452095
47163 -4394369839
-8757 -7403008503
-70713 -528068587
-75989 -5922323215
-50465 -8017135943
-23189 -1343199667
46711 -9595468227
-82125 -3707857787
22831 -5898457747
-59145 794846945
-53729 653728173
-83849 -7314844883
-80601 -6235223611
-93481 -4427466243
-74481 210525677
-9505 -9792543219
-6665 -9300943143
-67529 -5718656895
16119 -3318599395
-67749 787640665
-33197 -6128798431
9619 -8117594159
-83597 -3067903403
40395 -4240769707
-50201 -5140201087
-24161 -5684254911
-74401 -8762003355
5755 -2085958187
51063 -7567205699
-86121 -8979449639
13507 -8614809891
77451 -1851342047
5135 -368522347
-34265 -8398397743
-30597 -565152887
-2821 -128649615
75223 -832547767
-93981 -6705014551
91575 -9039771079
271 -7353573095
-69601 -3564808875
-65233 -3155524587
-74053 -4593831435
69947 -7013648503
-49041 -2703565067
-45365 -355873575
87995 -5299239995
-14773 -7147361091
-7961 -5843495791
23723 -2308091391
-67081 373380793
-33193 -5803282051
53763 -6868919327
78343 -7565479127
-65401 -582698299
97795 -5161115867
-28897 -7734878039
-71129 -7593820739
-22521 -7601280043
52875 -6591233231
-81629 -1131820459
30491 -4527254555
69431 -8085918803
-3761 -1058758091
85327 -1122304747
-71993 -7816406607
39151 -9985045715
-32513 -4512890927
6023 -5753215743
-72417 -1806259799
27915 -9232680731
18283 -6015512275
16427 -4811103515
56635 -4420119695
41159 -1710080051
-45673 -3139959987
-7405 -3133210571
62355 -6990592715
-56969 -7480924507
-22721 -7637296503
-53981 -5881201227
-41753 -2849444803
-19321 -4062447579
26859 -4282833187
-22057 -7553005143
-17017 -1700479423
-78377 -2375047179
-33821 -6166920227
-15065 -3526211015
-11601 -3487581655
88183 -647867899
-28905 -3032827651
-2465 -4525599611
-69349 -2834896135
-80777 480353141
-7397 -7295030519
-14733 -7375412203
-33141 -1449798163
-92581 -3223732451
-34085 -6396885191
-8217 -1751341655
67783 -2449855603
89619 -3308549979
-78237 908085073
-4337 -3913783915
2067 -2549455939
-4045 -3043551055
-67213 -5894316315
-79133 -714382383
28887 -270588099
82831 -8863961115
99815 -1188035431
40175 -612442191
49487 -9240620487
99559 -8797707523
34167 -1524424471
36355 -2078273903
41475 -5664805367
-81521 1523515125
-94153 -2197130783
-10021 -8219884515
90459 -2456366015
23923 -2804125683
-33341 -4448148251
7671 -9413999647
-62441 -5628364319
70223 -8891507183
54211 -3854409787
-20817 -5163117511
-85189 -6267051843
-97557 -679986375
-51401 -9506387711
-49281 -885926803
-60077 -5100143635
-49325 521874053
23799 -2324519815
42295 -7991136639
-26289 -3296638183
-43293 -8284693899
47611 -3453729415
-41005 -7418364471
-96477 -3800410691
-88621 -4380623943
73639 -8333766199
-98277 -6430269627
-54389 -7096233959
-49161 -6759628423
14023 -7686757055
83235 -3125159291
61659 -330571775
32907 -2774447063
-39421 -8178203907
-95769 -5347850863
-72913 -6462577115
74439 -1001899927
-10845 -648846531
42615 -3774987211
37915 -5847620503
-72661 635119297
-12413 -6802554071
-11913 -7752108275
-24881 -6395332443
20951 -1134916003
-51437 -1314034843
74187 -6470499371
28855 -3549126915
70267 -8559687939
17563 -5443178063
-79009 -7634132415
-99373 592034889
-78877 909045777
13491 -62117195
-4533 -8370678827
-60805 -5109750203
51155 -7861634179
-93849 -9407273707
-86169 -9762307175
13311 -6694339907
61611 -116588103
-7521 -3620862515
-88305 -8407713683
223 -408426983
-73065 709318409
-29765 -268870343
22523 -1459743235
-38157 -9043891175
-74453 -4950010867
82987 -5440782335
61567 -6730053667
-32409 -3998883767
30239 -2537284695
93887 -9960232107
-29897 -3666254095
-35981 -3708302107
5415 -3116779027
56387 -3411051907
99235 -5807032163
-83929 -1506087439
34223 -1703644051
78379 -7789008919
10567 -3828377623
-77925 -2720560179
-43665 -3090735015
-56005 -4070878767
-44489 -9383037975
40679 -4581720195
-23461 -8384292083
75683 -5509707011
17031 -2960364131
-54801 -5001977187
98891 -2156715583
-64013 -4509193571
-51217 -5884914659
38279 -1277676631
30919 -6671519347
86983 -4672838287
70203 -5778061611
-55201 105536401
81671 -577846539
-25125 -8856688799
-33529 -1755154931
49727 -1586809871
-27017 -8099556243
-16113 -6097952083
85739 -3447750339
12151 -5534285751
32127 -9028571411
-51913 -7419292023
-98389 -7339381443
-2709 -4057404627
-6545 -9766026927
33371 -3245796195
16591 -9128369655
-55773 565595505
-52485 -9673561675
4991 -4373233567
-4845 -3022441087
-91457 330324473
-89617 -7152540371
96019 -2980506735
35979 -9875304655
-96253 -1838143219
37723 -1127579195
-34661 -5914885211
31171 -1845533663
49783 -6067110255
71091 -7448954059
-47053 -2273910711
4543 -960728231
-68173 -1490648295
-22721 -5017304699
-69845 -1021458447
12355 -9305557951
7303 -9324200387
-46189 -5414034671
-89729 -2743220671
-24865 -1017331959
-85061 -1426737895
-39541 272284013
41763 -934069991
-77121 -5066129447
-2921 -7675662923
70947 -4791496923
52095 -4969874475
-71021 291059545
-62821 -9775279119
14115 -6605126199
-59533 -73397759
22311 -4993062047
-50141 -6408638015
99195 -4102924771
-71853 -8122390099
-78997 -1287902631
-49261 -8491223115
68747 -216149343
-7093 -7590650211
-9 -5232916079
-12473 -667144519
-4605 -4705507575
5443 -2169941107
61255 -3634848687
-54049 -7310702883
-12245 -3727275875
-31561 -8389132391
78059 -1696099175
11823 -8611358043
24379 -1896992851
-61949 -2391789255
74387 -3564146631
-35389 -4991092167
40723 -5340522767
-21861 -4326837439
-38893 -9657617327
-53425 -5096270319
-79261 -8207288087
40631 -7093715183
-96929 -4851168623
36235 -2596574983
-23865 -3063805359
-77369 -1079499087
-95921 -6359334199
-60413 -1872290691
97103 -3149359943
49843 -2374090919
-78369 1002823825
-28957 -707701607
47995 -1220413183
-57093 -453133859
-51345 -6971114487
12479 -7146104431
20963 -1930965623
71235 -3087166943
-84877 -7698327043
-52701 -6002404247
7583 -7772724923
-18569 -1504501999
-84749 403840593
-42109 -9388064879
37619 -9067927895
-66037 -4114913503
11163 -2554874215
-68157 -6233469343
403 -3841745307
-54041 -8979147071
83859 -5616115319
15247 -4033344055
43351 -6459437935
24311 -369566587
28295 -8648666843
-64729 -8451804267
37367 -4310219699
-32265 -9847285547
-87069 -2384531959
-70957 -1830016055
68979 -2067185851
99243 -2829168403
30263 -9014387555
57851 -739766647
21027 -7029321283
-68185 -2816166931
13527 -6609238315
-58349 -8913584843
71647 -105179915
87815 -1706127519
-22661 -2715194715
83419 -6988872711
3059 -4700787415
-2725 -9354660243
4447 -6080457215
-83765 -6765932619
74287 -2905928827
-4289 -7851721851
92443 -3849678635
-58301 -2290007519
38075 -4688399567
-27373 -975057831
-72965 -2524780947
-2357 -2488115959
9727 -1804983863
56763 -7638150999
-24917 -8155847391
-90461 903140733
48975 -7000188675
-36129 -9863222599
29755 -7467115643
-96985 1709766413
90543 -1442789311
-99117 1099359497
-36273 -6615624719
-19717 -3103163203
98923 -5592798819
99511 -1072657215
8947 -3699642283
-65177 -8682373175
64695 -5203280139
87275 -8027699691
46659 -3943042187
19199 -8656899555
21759 -9500797959
-54989 -5797197315
56351 -9477508351
39875 -5787664143
-63069 -9227103283
57539 -8895042235
-43013 -2148744195
-39821 -3850666755
90679 -9081131199
-12269 -5780308411
-19817 -8998745203
-62449 -3532522131
20771 -4557207227
-76901 -6519251287
62363 -4238391271
73687 -7360241919
-51553 -9860238155
70271 -4820534755
-87477 -6178021823
-78437 -5563165943
27559 -4562029651
-63213 -9706640851
-13097 -5024660571
-47261 -6419276659
38695 -452163035
12299 -6778787755
-77929 -7447654211
35855 -7362608279
70455 -573420619
62059 -8216743079
-25729 -1559619299
47975 -9208978763
-24769 -2151800955
-4917 -1696682279
61847 -5826219487
-7717 -5494331571
-40413 -9943441395
-73669 -543527683
48271 -5440908899
35147 -9412454811
-45037 -2340631555
-20125 -806742779
-87761 -7508833303
64363 -1712980331
-74217 -1878287699
37771 -8405380067
77307 -7692320947
71771 -3520044975
-51933 -5220621851
-8233 -1796144403
-45133 -109166703
83223 -8427756115
20715 -1975734595
-65681 870623481
46079 -8441062707
-1113 -4131012463
22063 -4760984127
37919 -8640905363
-46001 -7512747523
-85037 1379314645
-41181 -1159755859
-89149 -7406936523
6071 -7689387071
11823 -101542567
-64041 -1350225991
-21141 -87169699
-81573 -9985072163
88303 -6478895755
-43489 -5215238543
-69133 -2844039975
8011 -2676862991
-39165 -8436197735
75387 -7778942231
-4433 -2929084051
-20977 -2823171827
44747 -9843949223
-2477 -4269538495
75459 -7627969891
-78709 -8744885235
9151 -7685476083
-19469 -1203333267
-64405 -908761915
59063 -5797156659
6967 -9591905455
77095 -1826031135
84835 -6348114279
-94857 -4717963535
-63645 1004972169
-45465 -4228980827
-25193 -4104993207
60031 -5395547559
53731 -5319665603
97311 -3572435299
-33377 -2001051607
30455 -5269140583
98627 -8377266995
33163 -110757575
-79513 -3013970015
83859 -7266860815
82631 -423341715
30387 -1822784735
-97497 -5332893075
-22405 -8834506659
-10009 -674829939
-4969 -7903058171
18475 -8061216283
35883 -3759016735
73835 -2460309975
-52317 132232637
59207 -5807886423
-34201 -1430765487
62263 -5407826731
-64041 -9759836787
-86217 -7427202603
24359 -5003208047
-11541 -3306975711
-20741 -6897833035
-38021 -4806000883
32995 -1259803315
15583 -4628778663
59827 -8724945563
-84473 -1576387215
44627 -5396404071
35775 -532867775
50607 -385634799
94135 -659623119
-23361 -3716556247
60523 -8579338283
-94241 -7994388987
13791 -1442649107
-75001 -668171
-89781 1468736041
27159 -5332702935
-93229 -1239306247
28759 -706419543
-8693 -1286644671
57491 -5832783095
2255 -423485579
-19193 -1148098823
-47621 -4863624131
-21661 -4566582779
-59417 -2221984895
-28769 -5747292875
-95125 1308644857
38687 -3446500275
81199 -8021832487
20091 -2453996943
-13485 -6615712563
70199 -8281057615
-61629 -7819765727
-11341 -7707596479
22495 -5738137323
-76905 -998799579
-12873 -5299805719
9851 -4486362019
-97329 1061539745
21699 -6676839343
47667 -5460350611
-66329 845998289
37187 -5773841411
13619 -8276371259
-94965 -2327228083
32899 -8596477731
59347 -4594584063
-68537 -6118298751
-89961 -1120614035
-54401 -676218495
78351 -3934703791
-96697 -5894658087
85771 -8378463975
76543 -9717966279
-94701 -2727290739
17503 -1223700303
26011 -1805615739
-28261 -3076155907
-84637 -7567984143
83687 -4041054247
22799 -1662628267
-47837 -7773758759
-10661 -7939580995
81907 -281281583
96607 -5513117739
-96153 -7658731435
-69409 -3170495795
-75845 -5937297659
89491 -2786476547
-75537 -6362876811
-63797 -201941539
78379 -8554237215
-48777 -8538137511
29123 -5312705167
-5881 -7477852175
-68837 655028093
1879 -7125642287
-84877 -1218738899
-6925 -4892535095
-57505 -6315278675
96659 -8553449991
49427 -537419315
99051 -9263108039
92235 -6995925823
26323 -3078860211
70315 -8154626391
-28925 -7277668355
51387 -5210771195
-14509 -542461443
69923 -6347051063
60287 -5993640371
36019 -6401302083
34331 -2823639255
97099 -1408718827
-67097 51375953
-84641 -971362783
49167 -1132443775
-7277 -3867780787
-48885 -763911991
24239 -345539195
-40801 -5620359887
-9453 -1666287939
-59713 -8921258923
81991 -2738828099
-41585 -5918919963
-27381 -794452999
-34161 -3539973419
18555 -8106286587
-91457 -6420346931
-61197 -8480348555
79419 -6389168347
-90797 -9861512207
-74545 -1498038255
27335 -7952169795
-86277 -4042289199
3551 -3762698711
95183 -4505407215
23503 -9714107107
94347 -6359443583
27059 -5329558555
5859 -4869529531
99091 -2028231023
80307 -9317486831
12275 -2212916655
-35805 -6844000551
85783 -2109963383
-44613 -4317566143
-10565 -5652980803
52139 -4780430663
-20777 -4104408219
-46257 -4526697651
29607 -3421817183
68743 -9862396427
49827 -4450214175
-51729 -6398108295
-19469 -3513719839
-36193 -7558783155
10191 -8903299511
30859 -3633498667
24307 -187512699
51231 -359579331
71915 -5991239583
81883 -3691600391
10435 -1487155147
65011 -4483429651
-29033 -6676516203
-58177 -1829544679
5935 -973193503
231 -5550671243
-35173 -5905401767
-11589 -1351078687
-89533 642225329
-69813 -72778503
52575 -3843587055
95343 -4427261839
79259 -7500228831
72027 -6586968299
-62017 -606289583
47879 -5462356479
-96353 -9245830907
64907 -1997607147
87463 -3398754563
44223 -7554515527
49139 -4336923283
52987 -6359952227
73039 -8710950475
32443 -6449209983
-90257 -9604798179
21167 -1219454135
-88705 -3275864151
-48837 -9109633379
-4165 -2415936159
62163 -1679854851
-44777 -684721699
55903 -1081614007
57767 -2533612731
91603 -7134536631
-82169 -6589090455
-80133 -1420371071
-70593 -2073090231
-32377 -9161681379
89303 -8481131975
-74185 467459285
82727 -4812677687
-51837 -8078052159
-86753 -5846653171
45391 -5659279155
-53665 492535569
-86209 1664005845
21479 -3180227487
81187 -7145042611
22695 -2717033827
90643 -1019872483
13991 -1088378667
-29469 -3402983087
10615 -1905178787
66735 -5671978543
55095 -4981444867
-55713 -2833150643
60047 -4657844151
-63421 526285245
-23245 -2554912103
76147 -7650559183
-39441 -1408697887
78519 -3939681231
-93497 -2751449467
76163 -7739652887
8175 -6525825715
55531 -3422593255
10627 -1259412567
46803 -4934729567
-99109 -3781220299
75163 -9070153863
-35253 -6742455147
-92373 -6193385087
-40521 -8644656939
42331 -6209318579
58119 -2682125543
-86273 -91912391
46171 -211453323
-96377 -9856110667
-46461 -8926792639
43619 -6626246111
31767 -7337760675
-70221 -641736839
62879 -3514355255
-57221 309549161
-13289 -2131084131
-81853 -4793725079
30579 -2956800219
70975 -3057119135
-6621 -9281014151
43615 -321505031
-67237 -8672918135
-91989 -1638224963
29187 -2754978635
6087 -3538687739
40631 -3396932319
-85697 -1805911067
-86285 591977
43379 -2578205979
-91373 11247317
-35813 -534553263
-23277 -4150204563
-43361 -4860707415
-901 -8963346111
32711 -3344465695
-48757 -1516469027
41275 -9845846759
97999 -7827106447
-82977 -5507199911
4591 -2721203523
27543 -4682079419
7823 -7926274247
90255 -8448919695
-46101 -2071947923
-47989 -2192556851
-57537 -4822264663
-72733 -7124053223
38711 -7806983583
-72305 -3525998175
-24617 -4528635027
51739 -3742951075
74863 -1110257291
-4353 -7643007563
-59825 -8365817411
-97917 -6928863331
-99017 508129365
-41537 -4175212059
56767 -3003330159
73815 -3580894627
-49297 -280723895
85499 -4148037519
40151 -3990695283
2671 -3959282179
62243 -8741737371
9111 -427110439
-52473 -5796302259
-96481 -7111045171
-59125 741353097
17839 -5226727207
-80133 -5428155283
73847 -5033657515
-25709 -4238989051
-48993 -5642068199
-66853 -3604129707
5247 -5009258059
-64365 -2204910591
93547 -5435443711
31447 -8539513115
-44061 -1603531771
61659 -1603004619
60043 -7509753199
95579 -1987947199
-78657 -9770657863
59903 -4032521083
-14921 -2234028507
26927 -36107231
89455 -3153347551
18899 -7284180563
31167 -6595430999
24907 -5992089163
74967 -5657970723
-57969 -5422053595
89319 -4817261423
90875 -9797634523
-50649 -2215572795
-98173 -430188639
46795 -6558437355
86595 -5137446239
10199 -1881933471
-9905 -365652567
75619 -6744348919
95975 -1391916219
-7461 -847697047
-32269 -2423477859
-47717 -1884132063
95439 -3197154255
-15473 -8125197411
28531 -1213012151
96263 -8407763055
47663 -4356361259
91627 -949400531
58211 -5886308683
40071 -2223650011
-77285 1305897161
-59173 -2893202667
-92849 -9182795443
-6597 -4929836835
32347 -2502887531
2559 -1765762359
-649 -1892191923
56411 -5143015631
69019 -5789854655
-86245 -9780327579
-28337 -6663323047
-81769 -9272705903
9783 -133744991
-1345 -7878416103
61231 -6046430963
-48153 -255678567
-60333 -4246940787
-7209 -9040202299
-15577 -1686363279
-2565 -9840848471
-62037 -1203388835
67419 -7174457303
69815 -8341597323
-41309 -9491019819
99451 -2884486203
37999 -9372800967
-48649 -8899920839
26875 -2264543251
-20617 -6904747587
-9709 -7580957923
-77317 -4054556699
-82897 -7551225099
-37125 -7284082259
17191 -6364880311
-82657 -463952815
763 -1754988199
68111 -155846663
-75297 -1397027207
29251 -8330512039
-12241 -7523047595
8751 -5228613375
52351 -9220368655
-54857 -1017637415
-36173 -9638132251
18003 -574693771
60651 -5645385691
1983 -5374211951
-31845 -6510129535
35147 -6360634099
-88661 -9999361575
-67301 -849218863
81423 -2872289507
-36713 -5280850687
34447 -4425898287
-36569 -9486755759
71211 -8721481255
-11465 -9329308823
-77697 -6050804567
-38625 -316955675
-30141 -299233535
-14697 -7712973203
98991 -5560549587
-49829 -1858235787
50227 -1216774227
-16733 -3118986187
53615 -8324417691
-68653 -442105235
-73893 -1745806579
53251 -8183706511
13723 -9934614851
-87421 -7865104895
83311 -2709980639
-71377 -326664279
73311 -2765740687
-46489 311017141
-41601 -7917227395
-43589 -921514679
33467 -2730871383
-4257 -913375619
-43333 -3131809995
38411 -5092699331
-49381 -9683873635
12279 -7291213235
-45617 -6193807035
-83069 -9088274351
-85349 -1763287811
71759 -9450414647
-94629 -8936188059
-50773 -7496148283
64079 -3272326355
-88793 906425885
52791 -6900238207
-38049 -8552120335
40119 -9882998483
-46909 -885846635
-96949 -8192065055
-99641 1374155953
10347 -8727531259
29667 -5548920323
57799 -1497509963
-29821 -3498391319
47015 -6729750807
-21825 -9247415367
28003 -8760260191
35619 -6674035847
81459 -4023638471
14375 -2139526083
-7165 -9695621579
47067 -4589823655
8699 -4419738479
-53097 -4516813131
98659 -887967299
60843 -4456756391
-1889 -4381630027
-97389 -53869367
-86237 880629925
-40897 -1328414919
23279 -8002942175
-60197 318748349
-96329 -2974549315
81879 -4614194015
-45185 -731181119
96151 -7537548503
-53153 -623326055
79415 -3314746139
-71793 -2743346379
23915 -4254727387
53483 -9114727047
-8449 -6649191599
25203 -9621050299
84743 -3997643195
91395 -8691828239
21187 -5972482627
35659 -9364413603
53271 -5005783819
-88397 -5785235371
923 -7355372067
-67045 -4993769247
97579 -961132203
72447 -1741740835
7895 -2338270003
63979 -3956100683
-37937 -4683851783
-10765 -5362074479
-59461 -2797012143
63507 -977192855
-30361 -7898572091
97235 -2760517719
-96253 -503575755
-99185 -4246595011
51967 -3404606903
-30141 -7197899227
-17637 -7076949567
-96913 -2117537371
-67449 -7529251439
72655 -8401965039
-57309 -8994452307
54515 -1616777039
-69197 -4079993503
-83909 -8456830303
94335 -1834843863
-30069 -448144619
41955 -6239983475
-13893 -6612127819
51579 -4729154187
-20781 -8563326115
-21009 -3062545555
-66993 -4016115571
-33385 -3604744151
44843 -6504110511
-58489 77328441
10707 -5382197327
-60001 -6830007327
26607 -9108774107
-41545 -5289719615
-63693 -6152943211
-41829 -6337192391
-37857 -4274012551
-15729 -5375606535
-39221 -1935615547
-10577 -1934660315
51335 -2828300075
-55357 -92597319
9479 -5681314727
48459 -5515144299
25567 -6354419543
58335 -2482069623
-73749 -8419314083
91895 -1356924071
-35641 -4484805047
-85661 -9645597311
81371 -1547101111
-48029 -6715917799
45811 -3153996551
-18353 -7365292191
83363 -884964723
47567 -9168723671
74923 -9121082543
-20109 -1470178355
93559 -2016774399
-9761 -4232881819
12563 -5219028699
-69745 520258277
-70209 -7744065795
26275 -2246004351
-75297 -9170088515
43715 -4541467455
73079 -5454474507
93967 -8705073751
-91489 -757171355
-54249 -9927441783
51411 -1898531495
90175 -1223990043
14739 -8938000915
-87949 -9362155947
-20373 -1166979375
-1505 -4950994575
29203 -5904279191
-19413 -4273390819
-85545 -7751380991
2479 -7225868339
94703 -9083931555
31719 -9811301611
-89749 -2603774499
-19917 -3103916659
47931 -1667794251
29423 -3399146303
-60205 -2674789311
95759 -4104101383
45679 -368673643
46823 -7966774563
-44217 -516235395
4183 -5109447459
92063 -1109112927
90687 -361759907
56835 -5698334623
-11869 -1498910343
-54317 -3268904963
-31409 -6968873307
46907 -4249522807
44423 -5588686419
95295 -1463649119
45111 -2541339971
-18925 -8530133447
46735 -3624368995
9031 -3477225267
-60805 -5838444119
38259 -5603998791
-90337 -505458623
-13753 -2717857931
-30633 -4807632903
7647 -9588120919
82707 -95994291
-90557 -7933339291
-37797 -6314138171
-38705 -4570341343
-46009 -43756239
-31257 -5559500951
-21065 -9361037063
10731 -4671820879
-98581 -3327646799
98031 -4149098915
-82337 -1308619363
-75433 -2833299351
37331 -1268326271
-925 -9011650191
40223 -3149659011
5163 -9712997575
-44685 -2797066119
-28153 -8543742895
-14493 -836144639
-5069 -3069964275
40215 -9654557735
7011 -3635787339
-44969 -8663891723
71475 -5459275083
22943 -690382599
92559 -1911298783
-79829 -5091930003
-42477 -8175367363
-83461 -920108655
-84425 -8787742475
64291 -3250463615
26935 -4470140303
44919 -9266204071
-35193 -9803342579
84875 -9055957187
38987 -1004043011
-42533 -8530043299
48887 -1243836363
61979 -7018466315
-35709 -451715435
-33633 -979114879
-38697 190460581
-99869 -2317717723
67047 -213497699
64923 -4372752399
82871 -2406208807
-39453 -7125422831
-26405 -4928714859
-83937 -390699727
-14689 -2487622355
33223 -2727511879
-34209 -9775393767
63335 -4614818635
-70681 -4101953483
76787 -4744948127
-36805 -7380203063
-13773 -2960998667
5271 -8663946479
-17081 -4131791807
-88181 -3602916519
-57801 -3957989691
-77157 -5022416415
-29625 -4018763279
-90917 -1579149051
50171 -3711701203
-2821 -9096079235
-28637 -8692762819
-56905 -5700161427
4915 -4040611391
-45365 -5617940591
32595 -6081112655
-20261 -1404967055
-96961 1117047697
-46125 -537250099
5715 -9455980635
81587 -6765743443
-94353 -1220556283
40883 -8973911667
-88621 -9610879567
-99149 -8649571051
52867 -5171868143
29467 -2500694031
-79981 1420584129
-61 -2103311747
10451 -2277918623
-54017 -6534817167
-91169 -2675891803
90891 -8297487427
-82233 -4961107555
-30325 -1165545543
-70785 -8721248075
-62301 -6428724511
24715 -5996180871
-69533 -7770763807
12659 -6061403979
91767 -2886249203
-35297 -5792401575
75031 -6257241687
28903 -4160741851
-8565 -7633018531
-42205 -370499515
-21757 -4559043407
-41941 -1225956219
-93385 -5200366371
-1873 -9970049883
-34029 -5548477055
48591 -7695559459
-57321 -406096927
-30117 -5029275211
-70917 -9882054279
-15313 -7254535007
-92529 -6952161383
-66689 -153978631
-9929 -8671040231
81451 -7174208679
-80849 -7017085311
-89885 -1466788043
29559 -7170632999
-95897 -8625263483
-17529 -1085176795
41011 -1842050507
62559 -8615324539
-48877 -9617285387
-25137 -8957957095
-38841 -1383138835
4183 -977173583
-40809 252448593
-80037 -5460604979
42703 -6824115935
11555 -923527027
-35653 -7981087815
-91821 -1420793143
-96801 -6985176851
79027 -139130279
-33501 -4039014583
-80689 -3063010831
-34729 -8302024219
68479 -7946844183
80583 -1574340603
60883 -8891951099
69915 -4604738215
4539 -7423940407
62407 -2279653827
31295 -9657347027
-63173 -2816242799
-21025 -1682451519
61423 -1352123715
-19505 -3109706031
1819 -7717631203
18915 -8806527339
-58769 -9460313411
-52833 -1014094603
62111 -8833107159
98223 -2500537319
14675 -5395457091
-77513 -1812686995
18199 -9111946347
-2753 -1712374215
-89713 1743232353
-34573 -9855260367
-52309 -5378591807
-70057 -5282334015
-59057 -127033331
-58689 -9397059415
-6285 -9382459103
78303 -8157671287
51391 -5001092967
-72145 -3682888175
-14049 -5848028087
22723 -8246677819
78063 -9478528255
-96429 -4211632763
-5997 -9322140983
-78993 -5316370075
-38637 -9586487063
-17193 -8565077347
-64121 -9231844047
62155 -3119779119
51003 -3094082267
-3209 -2821315439
-77677 -7297162275
39147 -2052211767
-24193 -4982794535
97319 -4060851015
-18209 -5820142703
-94637 388651097
-5645 -6764302319
29951 -5115631179
-82093 -503182383
92623 -2773152847
42767 -1116232607
-14905 -8266584939
21667 -6232305987
-86097 212885969
-76041 -1990538643
-70729 -2435657019
-48837 -5188861043
-48425 43303053
-17565 -1899366491
-44461 12486009
-66717 -9019063451
-50009 -8099450811
-74849 -8427630163
-31237 -3996654663
45395 -9322181499
-77529 -6505898559
-88249 -3171489811
-75925 -9454811019
-55393 -4948967475
-66657 463885925
-67941 -3684480735
-50593 -3585455955
-46445 89356961
-44237 -5679782587
55795 -2587850491
-59709 -2731136127
51907 -6587008331
37423 -1955568767
96151 -3367564339
91451 -6838918915
7607 -9045382755
-91881 -1329592547
-8997 -8988260283
37223 -9771753495
93243 -3774049411
59319 -5408712147
-74909 -3741009335
-63677 -2702133055
-74897 -2162916611
-80605 -7822545743
54039 -3598011307
-37361 -5155284475
-38341 -5246560151
5747 -959161207
-79737 -197845427
-77465 -2314996555
-67061 -6230238131
-90657 -8592077507
-89417 -5713113291
-27513 -1406417715
93391 -9984789739
26083 -6795180091
49823 -7413643311
-92121 686612197
10607 -2088423011
-84209 -1829813171
69211 -6441303219
-60629 -5823400031
88703 -6939277583
-94693 -2682141827
19431 -3067714843
6099 -583129815
83255 -5331778683
14739 -7423145843
-24421 -266357315
91363 -6692192563
-48653 -3937567255
73707 -6460326511
57219 -7305313175
22023 -9145921451
-74577 -5904989627
-88629 -1864695323
-69237 -5517350227
57995 -5185822111
80663 -2985477827
-40281 -3462819291
-5153 -3501461611
-66233 -8696781203
48571 -1004579375
99351 -3394126931
-44813 -1582700615
70411 -4270003115
-23725 -419514211
87815 -6210769843
26619 -2426663031
54919 -6095372735
-18237 -7713285171
-79141 -4141143967
16275 -1081209403
-40233 -439340783
98087 -3854113623
-97701 -1387384291
-26141 -1545584627
66215 -4253699559
21287 -9885354203
55579 -4049380015
-12309 -2977014599
20875 -5680213835
-33173 -4162008691
28107 -1976387579
-73373 -4782902015
22155 -9281867451
-15181 -1613989599
51899 -4799728967
84151 -1154192355
99911 -7994976115
-20157 -9279411275
43387 -6571197211
69791 -1663233743
-53589 -5169687827
-69813 -9001568239
26059 -6154619563
-88517 -5952418543
62567 -5601815795
25763 -6870104135
26579 -6447448619
-46449 -1573936315
32011 -4856549659
-69297 -9338004907
86131 -1071419979
-38245 -7349622315
-46585 -7165755183
-99537 480247973
32519 -1238731059
-51549 -1428513863
5403 -9267591503
-30641 -7181963659
-71165 -7735516783
-31789 -376056091
78819 -5804083547
-33181 -7426004447
-91381 -8898790499
66555 -2150711087
-70185 229848905
-43745 -7208937195
-78461 -279359379
26563 -4125908871
-38969 -2942745859
-99697 -8177188563
-35485 -9515875755
-40229 -5710381027
-2217 -6841509771
-89893 -3619709847
-89933 -7054465759
73711 -6995091247
48363 -4714144603
58131 -2972895167
-34805 -5602043183
-19673 -9342632027
-45285 -5725227007
-70981 -3245936211
-30609 -2183363651
41387 -276369619
89127 -1486223887
-4489 -2867222163
-33589 -9008233475
-85341 -3161920787
59375 -6555021491
43855 -2750848519
-1969 -5236172371
491 -8499138371
-61329 -6531894959
-95673 -8442300775
-22557 -1378760863
-31625 -3385730999
-84657 -1590329879
-89381 -3401682575
-79337 1301929217
-61465 -4981990999
59471 -4305895131
-62133 -3013578139
-11665 -8367447567
47231 -7180637103
62131 -9469026731
95819 -9222258083
31927 -1192414399
-50257 -1775913895
-7861 -6656312603
-41025 -6761081275
27775 -8155200895
1975 -5285045383
99295 -7743374499
-46553 -1953104691
-77441 -1879618399
41527 -9128913447
80343 -7483557411
-64361 -624894543
55435 -8650487699
-36229 -5487023255
58675 -573635879
-70417 -8700579047
24303 -338012527
1399 -5932386415
79507 -4531115155
17787 -5131892871
14731 -686962507
65839 -7475069683
-4693 -7270206303
13199 -5555468639
62667 -2129160983
36807 -5089441351
83891 -6398390011
-59433 -2008512799
-79193 -557561503
18079 -5235558243
-51281 -7677719423
-87289 -9387008675
-25749 -1173021555
58439 -8732172419
-79133 -8657281803
83051 -5311029079
29099 -950978727
6411 -1980478571
37267 -4976911783
82691 -720868775
13135 -5783851439
55479 -6772766967
-89057 -2726858439
-66689 -93162163
-99549 -7187836935
-53885 170378309
2403 -3051960127
33743 -6681139483
91983 -9541771831
-90977 1012467053
-91345 -9668996523
82583 -2760655195
-48049 -8997575007
10671 -2844136707
-24245 -5382291111
84227 -1729062787
57811 -3603236435
-60209 -9011820203
-61153 -8252653583
14107 -4093694015
-27837 -2511667535
-29557 -2861787643
-65561 -378089275
47531 -951436679
28995 -7058295407
-28677 -7767276155
73475 -5559918099
-10201 -6666968451
-51733 -5811464307
56143 -4216031559
84723 -2444462803
-55397 -3153483203
64319 -7507458419
-73733 -9017015859
-24265 -7731697363
-88133 -9394629851
-45353 -5963143047
33155 -5840084995
-13653 -3900963547
-91881 -931708927
-77425 -8505783071
-88129 -4634367899
-61405 -9248233227
97587 -1316465695
-73469 -9729445679
-37037 -2562764939
-28685 -2582042639
-59797 -9752762259
-321 -7296506615
48879 -5236975619
-58385 -595002571
81879 -9161370923
68715 -8548942499
-51505 -95809163
-50929 -6375091243
-53897 -7413385875
94511 -3903353579
-23393 -4130672543
12015 -8824995855
-72189 -1160738523
-98753 -179315555
53759 -5904012327
-73649 -5415209899
18959 -7395553235
47267 -9707961311
10375 -6675176335
67931 -6558922223
38575 -2099509851
-99029 -8228061159
-67397 -3154122083
90831 -5311992043
91627 -6191031723
71203 -5724876767
-67925 -3005415991
-10925 -8027175099
81515 -1643568319
5071 -6789295723
-20081 -6723676955
7975 -6057081587
-36525 -2743196495
-69577 -6605481327
83187 -8488206487
-39045 -146681659
-63221 -6805892487
-97493 -1066712347
70855 -4191950439
25159 -7144148707
31419 -6311917971
-65009 -2571168739
-94741 -9203491295
-23433 -8214035203
-75549 821065309
53039 -2213417687
60263 -1579211523
34959 -7394032663
-29881 -9660256651
-95313 -5768553323
-63981 -9780528407
-82961 -7114382015
49211 -3713710183
-45905 -9017972483
63155 -8741145383
-26841 -4244798255
48427 -564536267
36067 -7341522223
70547 -7185321511
20251 -9827092075
-78573 -1672697459
52071 -9014933611
42595 -726049271
-19665 -1295013419
-59185 -706020751
63211 -5772942719
-96273 -9985707263
52755 -1709695339
13499 -2079776099
-20801 -7171117959
-2289 -3300531971
-94145 -5818294003
-94305 -2717476943
-94597 -1944219943
-33705 -3086659463
-33889 -5926629135
-46017 -3863509583
63403 -86212595
-74405 866909093
-21537 -9006136803
-72253 -4679596699
-89785 -3955249707
78151 -4105021131
65023 -2104120903
-93345 -9232372327
-4521 -7378087055
-49341 -47464087
-96537 -508592711
34443 -6291705851
-55233 -4111075911
-68697 878121757
28299 -8521130591
-26093 -272764847
-43993 -1896983291
11251 -7656959595
40811 -2318507199
60335 -2334839175
-87005 -1460709191
-34197 -3273069627
-73213 -8108948011
80091 -1401898511
49915 -9496204155
3219 -2285960007
-45373 -722945619
7903 -8645394851
-1101 -8736525591
47267 -4897104179
68295 -9953297243
54299 -5907198431
-20357 -6394157343
-99677 -6591938763
-87609 -3435478567
26675 -634486775
-2549 -6376523095
-68697 -9947581771
-12913 -5421437843
59207 -6714832835
95147 -4980722199
-12061 -8102350899
59667 -6429281527
-42745 -1912282887
37003 -2614591783
-58429 -5297026327
-11857 -8851432075
74459 -2921570355
-91557 -64925531
-24653 -4400122883
20203 -1047422015
43775 -2710537391
-29637 -3956553543
-78061 -6904878203
56039 -162445803
23127 -435165587
-61777 -3835688711
94331 -7404067347
-22297 -5460907667
-75965 -9613392371
-45645 -864329819
5383 -8486520263
-15569 -4448433915
-61177 -5607045899
29303 -8913437843
-7345 -9988316819
27199 -5130621455
48019 -7535918147
-52101 -726943815
-31005 -3458780767
-72337 -3040255899
77251 -5598372387
-48081 -9495222671
-49545 -9903384751
-7105 -7361975651
94403 -9751431819
-24021 -842346567
65019 -4953773655
-44345 267955725
-36933 241282117
-66761 -2912439883
-29033 -6241842887
41703 -9026524967
-12777 -1745095439
56595 -4544088239
36371 -5383071391
14847 -1000487743
44363 -2535453487
-25057 -5556855215
-77721 -6165924019
-70785 -8880452923
-32445 -9847086123
-16589 -242185987
-15477 -9098975603
-15389 -2674330879
21751 -7036379583
19975 -8428142463
24155 -832192815
52551 -4630875683
-38045 -1409682379
74963 -4306228259
69143 -6967859819
47695 -9198299051
6359 -1307721923
2719 -7456557775
-26949 -9939612919
-3557 -6828146291
-7973 -9903942199
-19197 -9237343427
-76697 -2121825595
78923 -9621810699
-35677 -4578567615
30387 -2148564411
80807 -7733661547
43627 -4841088367
51495 -4108487203
-56757 -990556303
-21053 -797884211
92339 -6732828379
-49949 -5827158275
5299 -5794342215
74891 -9420306683
-7317 -632538383
87275 -1829804751
-53493 545117725
-93293 -4634269047
1199 -2358333707
80467 -3138553607
56495 -5921346399
-8621 -4177051363
-35813 -1017624571
-2965 -9930564515
7899 -550371859
28719 -3828748699
92635 -3038069555
-59489 -5516810159
43903 -4536479091
-60525 -977053783
-9253 -2523517759
-20505 -1174759979
-19109 -5396389815
27143 -234712863
-43873 -7855567703
63695 -2094520011
21599 -5476280091
-52933 -9958242467
14899 -6677955483
-8101 -3146227223
-25297 -1055096411
56955 -6775019135
-16589 -8601258319
31879 -5228637039
32247 -6524379419
56115 -3638620663
-46649 -4868609415
27419 -8877331095
-90253 -5193307159
-87277 -200920295
92935 -4281978315
-12321 -8043662007
94531 -1784564719
-1425 -7720313547
16959 -4688054279
103 -5141319387
-79001 -827768079
-99297 -1314555107
-32941 -8513957891
-33625 -1860491971
-49773 -6336307955
40175 -7398381355
-7381 -7495633859
-52437 -172046451
-40977 -8773094747
-66109 -8920625251
-46665 -5776732547
14911 -4022270319
-33181 -1500444687
59211 -4004571103
-80409 -3241150863
34135 -2480303243
-21709 -879842699
98771 -6203444531
-84797 -7088828971
33815 -4951907455
48055 -515833291
3779 -842643935
-95145 -2272771423
-87069 -6479982951
-85577 183261821
19103 -8813904731
-30513 -2894453359
33795 -7253608667
-75233 -2955436779
83723 -7469141699
66131 -7011977019
-55689 -7998923899
-1325 -332863943
-33341 -2501833387
41743 -3208085443
-93537 1549017393
-42861 -7033467923
69671 -5755990499
-9157 -8656777763
70407 -6956300271
-88329 -9024683219
-91277 -3754301127
38599 -6160621047
34435 -8827150699
39207 -2774664343
-61061 -140644947
-61217 -6064864891
-99573 -2637644951
30843 -8615680735
96047 -3912979155
75983 -8074576331
-41441 -5127896503
29779 -4946871311
48343 -9152107299
-69401 -4625681199
-6865 -6855045731
-83885 -2097925015
10087 -4359334575
84175 -9577021631
65951 -2876940515
35599 -3052053647
86087 -2177663871
-24661 -3563953995
-51749 -8058312307
-27953 -626718803
25083 -7486423951
-24749 -6905864883
-58145 -6613374083
-99305 -3115830411
-89481 -6662835579
54687 -5500780907
-69441 -9789452631
-87261 -7590156331
63915 -9137875643
84247 -6158033447
35563 -8036547039
40515 -3339094807
-89029 -5138059379
-45929 -88825791
-93069 911099329
61087 -32054927
-55549 -6503293923
23247 -4848625895
-10741 -3381619243
-5681 -2702605455
68251 -3054888727
31667 -8863291403
75995 -4356207343
-92081 895645077
-38949 -9494433135
25927 -7106456351
20203 -7413758487
-7361 -824200355
-70501 -1000182107
-70513 -79188899
85391 -5175234111
31927 -7887419523
18771 -4973606511
-42413 -5469073103
98299 -7681855335
83763 -1527488747
-59505 -8721476479
-23669 -4033131407
40819 -2713480647
86367 -2023362743
-88025 -5644162611
-20293 -844859335
85659 -9908182627
32879 -2343279799
-41745 -8837151763
40767 -8648034931
84191 -5988002215
58015 -757087195
7631 -4979358167
29839 -7386612975
-50941 428481841
-98513 -2125519971
82583 -388844587
87179 -3811926359
51611 -8583787283
27263 -6903510459
80351 -9759694623
-64889 -7632288547
96583 -5947775251
69375 -7404614523
-73921 -8641716979
-37 -342921463
10575 -1812843491
-61453 823605933
68319 -7335944643
19135 -6535297631
34303 -4563335907
-32441 -6421597607
-59449 -3213911951
-5197 -2641480999
60295 -9185637463
-85201 -1799958115
-62737 420804561
-29613 -5606256059
-14321 -2420797403
20783 -1263222787
46307 -7470751015
-66905 -434304511
-57545 -7804021647
-929 -8623741887
9463 -8680890735
-31109 -2735360179
-10089 -7916403547
-63985 -4976448723
-29097 -7698174347
21739 -1256953303
-3705 -4454677895
-58169 -1716189227
-49701 -1049177639
-76361 -1565555583
-7289 -4951461099
-50345 -2957486243
-1785 -8962527399
22955 -4656418139
82395 -5729391415
85515 -3198548711
-9465 -6905333023
-86389 -6068372495
44275 -4956107087
-77177 -3542415435
64451 -863200323
97071 -977134447
-44325 -8378749767
-20637 -7607897375
95027 -7536051939
73995 -7489962523
6815 -5865997051
13099 -289955983
52239 -2298216631
75711 -5686172431
-32089 -7227973615
-54689 -1009744579
-17005 -7221546599
-19745 -449637779
-38093 -7294084723
-89593 -816817311
56423 -6916045155
-41201 -7414990427
28971 -8017814719
21327 -5013463227
-70373 -1260428571
27779 -5300186539
86935 -1570072131
-36105 -6913750375
-37401 -5925698635
86295 -9748119627
-97545 -2080685383
-56125 -6799255063
-28485 -9778125275
-10581 -931616055
5923 -6572252059
21499 -8243557611
39163 -6472277431
56783 -4540254831
-88521 348974981
66851 -1039184703
47359 -356141703
-45905 -4659395735
71499 -7847243431
37139 -360790923
-68489 -334592759
82891 -3230932471
96859 -780812551
-48353 -5014768711
-70889 -5514591459
68915 -850767051
-22901 -5533015975
-90377 892997777
-69361 -158102439
62159 -794192667
-98049 -7320927919
-69853 -248776879
-96061 -1277816135
-88917 -3031361351
-21573 -4883866327
1631 -516514863
77399 -14799171
-4061 -5018594403
48891 -869791347
-14633 -4121176011
-60957 -880147583
50719 -2954203207
-96701 -2638603155
-11381 -393656735
98147 -4505682883
-55397 -4151143947
54675 -5245322323
27403 -3419571943
-45665 -5251672203
92515 -4543059915
41887 -4756096831
-40501 -3500250755
15959 -5939137299
4171 -1818649303
-78813 297421925
-93365 -7144080047
-5617 -8318769083
-51389 -7905466959
-6741 -1430364527
-91937 -1948818947
35187 -2711001399
21323 -2323384475
32855 -2857309775
-30725 -2336225375
98335 -3146376971
-2401 -3971026527
10423 -1330529651
-45421 -447994119
28447 -1248339711
92143 -2793528119
90399 -4453793651
33003 -3744899139
-87025 -2774329491
41471 -4675049223
-1049 -7344275111
-6317 -4262514215
81639 -1746984259
82071 -5777283943
96687 -4368459607
23143 -5177330263
46375 -5469663383
32067 -8612333955
95191 -1543756651
-37793 -7175062571
79003 -6318841495
-66353 -4446365383
-17117 -3020261719
-52381 -560317371
18143 -5946834915
-58005 -9330430851
-30477 -1354277459
42179 -9221430311
20911 -6008488515
25427 -4296509711
-34057 -2015258207
18215 -7079452143
-82041 -5252572287
-74357 -3799992851
59247 -6532456755
-78549 -8103785451
57639 -1061259611
-9381 -5582490447
-28921 -6127958291
-51361 -2734936827
-47693 -5173729475
5779 -6659490119
-3281 -6056586895
-66521 -5627214971
-8353 -696532367
14327 -8291722391
-72345 -4349420039
-94593 -4278260759
-38341 -7467707491
-56957 -9752338399
-22777 -1842622887
45063 -3148090939
12131 -4872140179
56963 -6894695819
-62101 -9086463727
69923 -5345282519
-89813 -8583052827
-53225 202026961
89323 -9033543151
4007 -1220196339
-15181 -8063004039
-46397 -2372204355
-13793 -1534358715
18547 -9785436711
77231 -7714326815
18739 -2939308195
97687 -7705658379
-49993 -8078420031
