73662 73891344
89458 146812373
41002 20859004
87162 469716
35660 8955420
35620 29428020
84060 258334820
37350 27342765
79032 259727144
62332 18606676
76958 231881072
99802 463600541
81832 103428256
86068 246145348
70222 116425624
84998 316209608
95930 17958740
88802 304775181
78850 155517580
71202 47587869
57442 137284821
44538 47567708
96638 315580117
94158 304125368
77620 267514500
56220 50174420
58692 137052436
74540 22410620
78922 150083341
82982 56005949
95262 113994776
44702 82301944
85862 250616949
81802 332837861
24842 26369749
77282 173909276
35278 20614277
77202 52578069
37072 59441336
86202 362956861
76782 9815256
42780 84875420
57812 9158564
54408 111679712
95342 30798149
78650 172291980
99670 44005165
63468 117898988
93308 144569708
93778 4209813
55332 60323916
49710 38583880
93742 122920376
69690 8047005
96662 96764784
97162 271127341
98088 456341648
31432 26798256
69562 17435036
74258 195769493
84922 133865741
87902 210168736
78532 17397084
90092 95282284
93698 43832157
80802 118979309
53562 99050316
95250 387744845
94688 84192728
39832 61003016
69262 102223944
99220 42611060
98660 194136020
90822 265413381
62398 108888877
77038 295403152
90882 164422516
80072 205714824
76192 61644424
70760 124086360
92148 415621188
64108 90249452
86382 336627744
88430 36334640
92622 109599381
86178 87655077
81302 34765981
96930 349891365
58428 84820332
78712 28978256
66590 149725085
68162 59616269
92652 391207404
72592 200925136
29538 41712892
86458 71204612
67640 148591160
64302 32355669
57038 59905408
55582 89446949
82720 6797920
85258 329342493
68122 52787109
45382 58296296
97842 298284549
92720 204064880
69818 207969172
49232 95484456
78360 61373600
91852 202522124
52218 101530532
91882 412973676
98878 371696248
55122 128363749
62910 140491885
74148 130776908
84802 129525436
73670 201878720
61598 86159813
80432 43021536
47558 59923613
98532 49869476
93142 320683944
62158 79632997
70790 21815525
83352 126589144
74872 136800904
74498 47993532
98190 405220320
59478 109653928
98598 34708992
68080 67273720
75222 182285069
83728 303203432
86862 148401896
41370 44684085
79498 302145652
86010 65205100
74142 80185584
59622 110588264
83268 47944188
16482 12912444
78002 137825181
77538 173153612
80588 58355212
87978 366472333
91738 60999372
96662 61638704
40562 32329701
60398 110175997
89230 14860800
62478 80222733
20652 13504604
97498 387363837
91218 75532373
97702 212420349
82482 143652284
41698 75121893
91712 353415784
88200 98505920
44102 31506096
56250 114345365
76572 157989204
39490 5832500
29698 19867917
82162 191047084
97732 114394516
83752 146563504
99190 455597005
90312 381462776
64908 191990628
26330 20033485
31198 44848032
95120 143534120
75042 235351356
43562 4608724
92278 127393032
89198 118071632
85758 122905693
94478 100727768
67008 42827888
71888 39080768
61648 37831328
38440 21722480
82732 303004284
82718 61194208
87212 351493844
94778 35724932
68378 207330173
50020 76809980
71788 208330372
78442 190509981
98230 301008125
89040 269737920
85062 199640184
72010 25195205
79958 21476472
91622 145261309
53668 38729972
37358 44513992
59278 2185248
78958 17096368
89050 349507085
66108 146227172
67758 111441077
79622 312783909
85038 54637112
75542 97976381
90802 359306941
84430 208672445
86358 251415328
47348 74775652
65842 194882509
89872 274545704
33982 16631101
76958 66150613
38478 61148752
61738 23528797
75052 17949124
81038 28475197
28898 18459148
46972 77895324
91852 208320084
87978 301832788
93528 399960432
45962 2106884
86168 233319432
91218 192039117
72290 65175420
80872 270778576
88892 340826164
9788 3565828
98422 473707744
53582 593144
32562 39138684
82018 291067812
69558 209433973
72890 37938565
98068 383257828
41070 23977160
97330 276158165
85478 210365213
61082 84321269
97772 259915364
73578 65136988
61888 34841728
33722 25756661
96078 298793077
74148 258818012
90968 68601728
75780 67871700
99758 111479733
90908 132233372
74308 93536468
54010 69582100
89898 269432572
79278 122212688
71252 93570604
77940 107536100
78408 222652072
67542 76290981
82488 150048
89458 85700373
68058 2740317
37352 20614576
90820 338698860
80998 126379957
56902 128985504
94000 384592640
64790 196828485
14508 9924292
76798 194851733
59328 7925168
89298 107856908
45258 9780892
70638 35815053
86038 354402573
95278 118362168
70988 63555588
75278 78137968
78592 246795064
77858 51497037
73968 143917912
84620 329351220
87368 93661152
68888 171135808
93058 203700613
38478 30736053
94448 298454912
92458 39253197
86342 11833816
70900 92640620
91712 88353064
84578 325297333
44222 94916624
75752 261585176
85922 80139396
62182 118292349
95838 199017037
65718 159982008
72082 23283404
89332 56272436
94088 139448992
99260 421707380
92382 337809669
88738 68311572
49078 49309672
57478 98932408
94038 217762637
75998 171556088
86788 40175892
99748 108782572
89398 376013837
94332 248951636
26738 5475573
91878 172553117
87258 298281317
65142 17585589
97058 165976853
94742 11066101
94310 106455200
96938 116930813
97472 444502064
99958 220596517
68682 58372149
57172 161065356
79250 225092540
55028 38179372
64838 208287813
74912 214670016
89248 195110512
82418 3725333
62922 153098829
79568 259711752
77762 287997084
50362 92111596
94118 300976368
41018 46731132
67918 212826472
87288 241532792
84232 318370144
96662 167711421
76520 165455880
48222 60203976
94230 270578085
80158 198585717
83682 248953036
72762 217111221
80542 245685776
56522 55884341
61588 176394852
54102 47069504
73422 98844181
45278 19489757
66848 207707152
80038 81515317
82482 71606884
99278 219294352
60220 46378580
87202 159704396
49590 13585885
80498 201628557
70222 17802384
91958 180128912
78968 25643832
98562 318695964
48970 32794620
69292 144642724
79578 104371173
71690 142461845
88282 329082004
78062 82046701
69270 75097800
99142 231779661
75398 84016237
88668 358295732
85938 212358908
90548 165511028
98022 94963389
61138 31469508
93892 410921316
83608 309433832
80442 152897989
81458 171131893
36442 61948196
59218 148344908
70050 330925
80368 293151392
94058 365095133
94098 252350573
58650 95729380
62188 87262188
96690 171303580
83078 324544397
16770 5375285
97550 238381280
61362 50027941
77338 226384893
77578 246809797
89088 163178672
83338 91359693
88508 121020772
44552 67830016
82102 214367909
75290 32504645
98778 476864893
74232 108545304
57942 159718501
80282 247738741
44768 93342392
89902 321547461
97008 5651952
78992 19470304
77302 55853629
88772 86798996
92442 262093589
98852 71853276
90278 197091013
78888 236015312
79542 132521621
56792 77848144
89532 376522484
70540 74470700
90738 204431773
92170 318664485
81658 66686397
84598 92068757
70908 204718812
85398 281001648
56088 89577792
86090 194589780
33612 27305516
88340 109142980
85778 290835908
16130 12905525
95968 28826008
48718 45577992
56222 141404789
94730 423029060
90022 283373101
46268 33544028
80328 27990728
78728 287943128
81040 145853200
96682 73506356
49582 111090181
40682 3860636
81798 327922933
83162 345079084
52498 51783037
45062 68621229
63990 191533325
99360 487541720
77862 255762896
85962 268303509
79490 187666365
75078 22383253
95912 21259016
90142 397431861
54110 12017005
99862 211791149
67300 134881540
77002 287190276
97222 189652824
68778 172791972
95618 311502948
49578 40978957
95672 401343736
44388 24422332
89542 2177704
88190 215312885
41058 18147628
97988 60559332
29118 11188488
55830 154000200
72930 25980205
98758 253312552
86682 258683956
80802 252257101
79180 99215740
94528 243893968
71118 15519488
95392 135166384
90198 378898373
77798 44455237
99960 10104760
96762 266290116
97810 433218820
74222 176092981
74358 192567992
99782 77192021
86508 358655532
98992 298528504
81702 163330829
66230 33403160
65062 82774301
74582 229291501
74982 6318949
96042 112646444
62378 87145508
89882 130087196
99012 124064276
61102 68177184
74718 174528168
96720 36436680
92352 167437376
90118 304832648
57922 108747821
85358 235083613
56862 123343544
59628 151715172
97942 6096541
45890 60004220
58822 23732829
78350 106523365
45222 34677296
67118 109328952
13460 685380
86518 41223688
33482 35345429
73830 246450360
79992 122235616
81922 227624901
38658 41852573
84772 279642044
66218 210276917
86912 321917656
90140 174004860
97720 25286320
65578 54613693
89118 274588632
72682 89854796
79202 283419636
88422 334033736
95510 215982805
97432 319343016
31080 7017120
95418 312207308
69742 9396661
70450 118483605
89878 2370997
84932 18081444
91078 68695477
49852 111324556
85552 125438616
99218 286367988
81928 183972152
96038 247853517
79742 258106776
89282 312428404
70042 166669541
91988 364472228
57732 145426844
91658 179791253
61418 66574252
88160 98678600
54022 2157624
81068 9837668
64422 13534989
76042 32208836
67248 181142432
94770 49036380
81822 271966624
72790 234282360
17898 6560452
51352 51899216
84642 142958021
50358 27557853
99278 85632557
58930 133568605
82648 157187032
88158 302620517
93810 55411060
87708 45224748
99232 297590256
41268 62549028
92750 252927640
75438 278350272
70218 129823388
20698 20491908
65520 88149280
96898 172690372
90890 392562020
80002 133495629
92872 57741464
98568 328116912
94582 46006341
32298 8594933
66492 128219364
82788 7529812
83942 39089941
69738 174216532
84798 240375037
60102 133019309
64122 91243261
67522 53688909
88118 364405117
88458 324655797
26072 1396816
71038 92933877
99898 124582733
76658 88955572
78662 167294424
77952 142615224
69558 211857173
81042 86446061
46242 23502469
83002 156429701
87078 276646573
57168 101609872
81142 138762176
97602 298066436
97888 399227032
89898 380800068
99330 153274020
95318 24964693
90170 165526845
81602 242126356
95690 221865125
95022 130494261
76068 282758852
61622 49138224
89698 174583157
92508 283638092
62348 180512788
63762 17721869
93442 337870261
55798 140512133
81360 277478000
73182 105486136
39358 23278053
90532 71028636
57898 155048973
37322 62432501
80758 303475808
83422 176298101
97648 425313048
92590 425236485
50930 127647965
88072 272297936
83770 177085765
60700 92095860
84858 130713748
60602 110866269
61588 189055252
98768 315350608
81568 148750112
98638 80325032
85358 170166773
93088 317678632
92168 85179888
57522 144006964
87218 21130517
63758 154877917
86340 76962860
70538 15735213
97368 22648752
57942 138346621
38942 6306829
66938 127735828
57342 117018184
44238 82644352
72658 232186397
80808 113731872
84838 311720032
83040 272333240
90098 219847548
92892 187066404
54692 105665884
66128 180700632
89068 382384252
63688 187305448
85508 192153228
78918 101309128
77602 291489476
56078 64704333
66198 185104192
62092 182494316
91448 175410952
52752 111761184
59288 62414512
77782 17157421
87938 246985717
79890 21752605
98742 24405029
81382 188614536
85278 278085968
98522 61913741
51248 58257672
84580 126327740
98042 385658724
83092 36901444
78698 277203492
70142 56057784
55208 146334608
97318 122393848
73932 120463324
88472 134167936
98202 153667796
66812 144623244
84130 91952580
90778 276610477
85482 279217429
91410 284579900
62412 189786444
36232 11545656
80380 58541340
94692 408998756
83872 13744984
73722 197149309
80882 161659941
92362 70916541
93992 391289456
91978 105049693
98898 279604613
94362 3425884
80782 204646701
86850 177533220
92020 121881100
86880 208295560
89822 239827224
83678 314717112
68642 16115989
41502 22859744
82008 16769168
83190 192014965
33538 3156893
88238 94568192
76570 35056445
12052 2600916
97062 299743021
69778 205485612
89550 68861880
61492 90694836
96150 72164640
73510 229374080
92512 16850456
97952 392215256
46140 13785980
86588 188815908
91670 309132680
99250 11710445
90142 86795781
82682 14297244
56542 10889944
27470 13022120
90128 273728712
63808 80772248
88562 9891421
99432 286997344
38438 62749173
88162 286251756
77772 133047436
74882 273337956
63992 196597576
76512 26128864
99448 153732328
98148 279792228
62642 133372269
86118 53158037
89810 53331005
50442 48236301
71872 167027096
62258 114154492
94778 397358053
80952 286959456
66042 209741621
89102 64698421
53222 92528581
18262 12432101
19698 6075677
58988 66036332
74570 133728285
91248 99237408
73088 172839752
80278 244541528
56422 147821069
52898 74535093
89668 149037372
74518 191122192
87798 334033888
77630 229791565
68762 25865069
92018 144840733
63050 28788165
71992 212110624
93608 42573728
87342 373441896
55742 68717549
63318 194382632
78438 142426517
98668 310612628
81778 143329508
87538 316324028
79968 283052752
59128 100361792
62402 131583581
53678 58967893
23078 24768888
89162 72273436
75428 27291668
74102 118551456
81298 113920717
90490 371639180
61262 19335344
67568 197071552
83862 165466021
30568 14699448
88428 202884772
73822 83145696
58982 136813064
81330 208612700
98252 153152756
88650 223066645
37750 19839605
93262 321737224
56882 30677901
80302 213778736
94410 79049740
87758 344639728
71428 132235812
69368 105940992
73438 168044597
39530 63640525
32758 39992152
97118 20876613
88750 228995645
99962 293380821
58902 32044909
52990 69513365
75802 160451789
48152 21779504
78968 267855992
32438 5834128
87270 371674640
77422 247210949
96012 224459924
68350 173484485
53872 41070696
45008 13681808
66580 41319140
98490 252941980
69218 195018477
93918 360448992
85818 76589317
85058 43414557
59658 97861637
97050 101295620
67832 108670376
72822 3311424
50142 20050264
61528 118013528
98458 360654837
48388 56407252
82238 272042848
95718 310202293
62382 137397544
40972 1618196
70802 15470116
72650 127405100
55022 4530136
60142 66870301
83342 290808821
83912 135283256
85468 295671852
96898 354458957
73870 157778360
82482 120932269
84882 200660116
80762 119936229
97602 414942596
80468 204009908
81132 188020516
72878 81045437
79680 105252480
71862 170634301
49248 93344032
50462 120332224
79342 160185461
90332 21080076
26670 32158680
41912 86906104
36008 52952248
57152 36760864
97412 76884324
77938 166671293
99152 183117816
85242 283751741
55782 122420189
83878 232608
98540 146183620
93802 312340469
65972 75558076
94792 319021136
50002 43791916
73298 173157253
95062 393275581
88022 235153301
92180 410458500
86078 354546152
59108 102569068
87688 287179968
83142 145340344
40798 13546453
70308 76616892
59878 31064373
82298 12184268
38298 62379557
33438 35847632
40462 22826869
96502 59624976
56840 34608400
80580 304391940
56262 155053944
75652 172741676
50398 86234413
61498 4038053
81828 254316108
62770 87182820
88168 51193752
75300 17081820
24842 4429844
73282 43855084
82300 167708660
84850 44574125
97190 423241605
55550 151637845
71418 20567708
73502 128504736
66978 27386013
86988 114076572
85158 92955397
56852 50987356
92658 428117692
42918 79396368
77138 263353013
31818 37692332
52738 23913468
81298 314151652
78862 18677744
84892 275482004
78158 132168568
67108 109471452
90850 347761460
75032 142668576
95992 456474536
94792 359723816
94738 222208028
39738 63743228
92828 8631748
95622 392233469
84598 213023128
84278 214101352
79922 22484309
77602 76206916
51630 47278720
81648 70458832
92390 67714645
30122 41177364
90402 274757164
73950 189482400
92222 412872469
47338 39755413
82142 38034509
54042 11049084
96410 289322445
82950 230821405
78618 171674733
42778 21027797
52158 47693768
77018 191822268
96988 413622028
87238 56122813
92978 276192773
99092 407941844
85402 34739981
95760 59001200
76618 5369572
93658 386892812
88772 243467236
69538 171488253
90458 357378093
46702 45065456
63158 40580693
77622 255225904
90040 349846960
74578 210911517
78868 14815068
95438 310263757
78152 205095304
57900 106762860
95038 265461872
62298 43446517
82168 152974912
59558 85727117
87270 250031720
73110 13548600
63708 12946828
88598 194822488
83152 124847736
74252 137545004
84108 55276908
45510 102822325
94378 432989437
97180 45103260
85202 148728429
96930 41299020
89782 265985176
89118 342150877
46542 20812016
51382 111949144
96750 454419440
78560 164193560
51278 63108533
81032 116899024
84798 159933168
81832 265485816
84182 37389069
66468 48271572
72280 3515640
68702 111351901
72078 118248832
72332 16275684
78302 207154544
81090 285007005
27072 23497896
57918 112576117
84932 131561444
4878 474053
99282 201627884
88612 331002476
23242 3464309
83368 237220568
46430 93661440
90198 163871208
84888 192276432
63042 45845941
76298 200947893
66628 50709772
38562 21663989
93590 216042120
75468 158242612
53278 132968837
90342 310970501
70648 18667208
44118 47398717
40138 30047093
86882 127588524
90918 136597472
37058 8662868
86812 240763916
41738 83875517
31318 40575997
67200 16569240
48732 72890476
89158 208622472
75308 249680292
87488 182756848
71050 56835340
60292 73170156
44720 64656760
84040 125735440
51518 84643848
33662 31043301
84392 320352064
92978 99436717
52608 119642968
93502 114856464
90178 47698892
95502 74991216
92158 315592312
97950 7301360
71958 203075712
84788 71975212
45182 82703309
57682 78983076
90218 79602157
98002 192374396
63228 98314732
99738 330996388
53982 97409141
99598 467036688
13142 2931456
91222 291234141
97042 283494604
18798 11018597
95878 132159853
69598 131576808
88452 280285396
85430 186902880
82018 282870972
92998 72255237
83008 179119552
47038 47786533
88398 318905597
68898 39987948
84588 102554132
84322 338033949
77042 165255004
89998 189717653
78498 176371148
53132 72317756
58988 79822788
87862 58449576
62292 43222324
98942 408911341
91018 182820748
77032 1847376
79862 88572344
78012 161960604
71628 133083068
57050 5288485
87610 255236685
86882 152338276
75358 102518432
86502 17541264
82148 107499332
92278 89332608
75818 117708053
99218 71309452
79632 47039264
94372 343756404
64462 131440856
46018 43311653
51390 4907440
83230 165035485
91650 24843285
66742 69444389
59158 30950568
85372 39124956
91082 326279101
81498 90095052
95302 270790976
97962 44484701
86760 300553560
97748 171442228
48450 100272125
64942 30987064
68292 23116164
73562 23888284
55690 3786205
76452 174785804
97942 74009429
92752 350400984
83878 121107773
71258 221859492
92602 224150501
23270 26703805
29230 39311200
93592 134699256
74190 148536120
41060 22120820
83512 183534504
71932 159645284
99760 257374120
88852 381940804
92498 28850813
98562 360444541
69278 77259197
73032 107664056
77442 193139756
68182 3399861
70722 110275244
93310 256409965
94082 383231276
61370 127748085
42408 57404672
67638 158288648
78912 95680856
97168 237964832
37500 46083180
61888 80537672
55322 149745341
79958 276617048
79430 96738885
94982 288317216
58528 117211552
74582 149735341
78092 30316356
86720 323477920
92632 42715616
86308 312813012
89650 323300940
63412 13008636
79068 12522628
82592 173713736
97458 185657013
64640 34206080
89142 286280621
97550 174426880
95308 46892
58362 44492549
97890 62969060
97670 320019845
53828 62686188
72918 15491997
97872 393803904
98908 134336052
68562 233849629
70622 191178189
77798 49463253
37862 4549501
90162 383153589
99918 170216717
50658 84582868
71638 248083773
69998 203164133
33290 33790260
47462 67919256
83158 337717048
80630 220104800
69778 172671468
92488 190752048
54932 106398004
72982 121430176
66092 211753244
97388 441290628
60622 50040229
89172 175779476
64458 6363012
59002 22464741
86982 208472416
80812 225449516
68572 119561364
99422 295141869
93628 318485988
70322 193980221
89992 91827016
99238 353286528
56610 65819180
54318 41303853
62978 104205308
98178 199069853
93692 430954916
79418 78218332
50618 54325492
91402 76731356
73658 125603412
48170 103357980
92158 89437448
41362 754084
95550 255406680
76578 114113757
66128 175138448
88402 67341949
85550 284498680
78202 84678444
95960 296059880
92702 369956216
29158 30937648
91970 77312860
83692 303265724
93802 415308596
84402 65233221
63082 134319964
72198 154579517
87438 31441013
81048 288802432
92328 199217528
78980 225264780
56902 13992624
94722 425517044
64162 134655901
53108 91202988
93522 375053196
82522 165194381
73512 186140544
86318 363984032
68950 23887125
82890 43508340
91968 7250928
78858 272019053
71750 34975040
98222 278589341
99858 33474277
89492 258048836
46892 61262004
81852 237865324
55640 56630520
93922 395020061
62322 106110501
57472 43580224
54010 29391860
86162 159502941
67268 78440252
50732 59068244
81728 68834392
81838 154788528
66050 997540
97692 238007636
76248 47593528
37498 34243533
95232 42000624
93428 412874812
57532 150920356
74602 255347236
32522 27909909
89730 370526445
81582 255472949
91362 61523364
68622 2177456
84162 255340901
96458 131812853
87342 67738069
63442 6212709
97218 264611613
66690 25245180
80122 9294741
75462 12605741
69672 122657624
76658 153391957
70112 179090344
43902 86888021
82402 26728341
96158 431469213
95802 329115549
31492 49161364
66042 96257909
67168 152734768
85192 277954264
69758 103473717
93618 133040013
97638 285360837
67998 82596493
95322 217253636
76918 252282072
99178 437762557
90458 308638173
83622 86352776
66050 85386885
92422 83002341
57990 162482760
98338 377984972
20278 20505933
89998 340855853
95612 280892804
81872 119783936
79322 257871141
64508 43680652
86918 206269488
75278 209223408
69542 93174944
82438 243456448
60502 26576749
98220 314957660
41520 80017880
89618 142403757
76368 66315088
92482 121481444
99430 426474600
84522 107858236
99302 178128264
70438 122209888
98182 478566461
99818 76143613
93732 195292716
81868 261719252
83942 82936536
75030 126742485
44970 46496005
85550 121686360
82652 186752364
75598 19884568
81542 222930109
89892 35066436
99208 428260168
91128 237367808
78302 211038429
88328 147872992
50702 64194381
99222 172471264
68148 30962028
84518 144069488
99542 405195144
93482 408982164
61078 25734037
96202 9667836
94500 445886180
91530 235307180
32488 30296192
52318 8442837
80282 186608844
58602 94373244
99952 467885696
51850 45154380
76650 256618765
84110 352933365
78268 172208508
52212 109445676
86422 357489509
77758 300517293
65990 95754360
97750 217180240
98862 66485376
26508 27163492
84602 259635364
93692 207362516
58970 86416340
92698 373675052
77120 143967040
91450 260878540
85202 224682429
90182 296066096
51110 73129285
90028 120457132
61568 67647872
75722 83847604
93298 59032117
79598 166136733
85302 336522656
99368 368308432
99308 480938252
66982 98111021
99892 280904636
48302 110630136
71440 58185760
50428 8197428
99710 434198400
74232 235663704
76168 146405512
77298 120004197
77150 82873765
99668 83205892
85450 243035645
59612 78103364
79262 62395909
88702 170616101
43418 80121477
78330 36704460
48542 100568384
87770 61495580
79050 174468485
99442 350466356
69088 62684768
72960 25381840
89078 213762232
86132 246115284
91780 337225700
99178 121469997
43992 11224176
12922 1282404
23962 14851476
85670 77250800
44728 32527792
92302 197998744
85970 232811525
94702 164444109
97018 452337412
71202 100229821
99972 462709324
88130 203088805
77958 149842717
88522 312865764
52390 17703920
67632 169203456
95502 141308101
91562 262605589
91342 291626336
44182 72793501
92698 131862293
78262 240235389
58842 170721484
78328 132423608
87898 114907188
32868 39282068
98538 459689708
74758 132801757
67062 208501064
51430 41582200
93378 156656668
27162 33764869
92192 419437344
43832 93173816
29678 22878733
86188 192749532
75790 21822480
45652 36036284
70598 106677413
67022 196916829
98338 9850733
49678 79178192
76482 124991981
88602 148771284
60042 28140981
72442 76678501
66012 15480844
66722 180405981
89118 338741797
41682 9876444
45782 23232216
56822 73945296
85412 264574444
94878 262828237
96532 261619524
27130 32198180
67068 41765252
39912 70941064
47848 30011752
81198 218233592
66532 185979356
82382 88504056
12012 3869716
62312 16880264
47908 76689852
97530 383636460
88060 140254860
39002 7629789
73592 267471376
71738 85905373
43652 42819556
88850 223536645
47278 80820693
91942 211262661
60830 165359240
82482 68616221
25770 6117380
91498 226093972
52750 93910045
86720 333779720
98990 324512120
99038 271609413
73232 28594024
68020 231049780
48358 54851213
40062 31474144
98460 333943660
79208 154089608
84658 95769013
65892 47793564
22252 20126196
97558 474237597
55918 48940888
77232 151859896
64288 44364488
82678 275044917
42490 29720045
42238 5831728
30588 8075068
88738 141211317
96672 418307984
60162 114835556
58258 58545797
63618 26092077
78722 48097404
72970 234193700
98718 468549117
54770 41172820
28318 36019573
95882 378053796
98422 417694949
92182 15586389
86262 62751901
99278 36577293
89042 260514269
96572 238119156
96258 384309637
95162 346907069
96568 434334648
54160 63277280
95470 359887560
63772 124299996
58462 33649056
97162 438242084
39802 74278604
72578 39222533
68192 96613096
90802 160598789
74962 159448716
85602 275991556
89392 357577864
71042 193828604
77502 23695621
93888 364122672
35112 2661904
99038 486386013
79730 18645165
47202 27380276
92778 370530437
48908 53215988
97758 283277877
45820 79550140
85168 103501168
56778 131960453
41670 56426160
80118 312015112
79632 230307696
89830 172817600
67078 16761237
93138 297751212
67462 179481064
97942 5889381
94968 81619288
93138 412056028
99570 171273860
72540 72738340
90908 317263708
46612 52396596
40748 13326292
85058 55780588
95098 53308028
60238 155018168
84210 294893500
95708 429488748
57740 108255060
85888 362889872
99768 378667448
82282 12611109
77578 142994028
88822 300744069
82858 69929133
94092 324112324
77790 182786520
86930 217751180
95088 141241952
53180 113118100
91198 107775197
70248 120339672
88578 193424253
48172 38291004
86352 236714536
65438 202249477
92142 70672704
99550 59355280
91060 102541660
87508 12726628
62418 44879213
93322 310061981
58848 129410728
61998 156405413
61460 17593740
85808 347198232
81028 154390708
44258 4926852
88998 393508717
56908 157301148
96370 145962285
99220 239380
75258 158300172
79382 130716744
81090 30494260
78542 99003496
77878 168223717
92122 227443836
77478 41159992
90972 196333844
65758 212220872
90408 118460352
98792 293729064
90888 57933448
94138 396639333
99238 273602488
97388 187407012
94588 399219892
98692 29579444
91430 292875840
97050 246169085
67430 41430805
83578 339193652
46212 43156636
28430 13955840
56802 41155276
72970 106057365
93852 384208316
68802 113011876
33632 7223904
69988 48732012
85942 246418149
95870 136273560
67440 42998160
89558 185977208
51682 42027324
55718 34518653
69528 15079648
9172 3370124
94298 16249252
55102 65363896
94072 285334896
84798 197953237
94542 160386341
92008 323027568
88420 127460660
66918 78698288
85090 332656300
59172 161110444
83038 120740048
82428 212791132
95362 72952189
56122 8736101
78918 124513912
69588 106798212
78602 93904196
47058 75080108
83030 200365040
83590 108804160
29318 13099757
62300 109435460
99402 492386996
74822 85853224
74302 198184949
96422 141208416
49558 118659088
50922 8011004
64862 191221184
83508 324975948
96380 284400060
96172 146063476
53592 74336544
71302 209812909
97302 326826301
29698 41098548
77668 225382468
99708 24774332
97582 238803936
95248 292283632
94498 83173052
31282 43581109
85848 338472048
82778 98563453
98148 8414452
92338 10138653
66038 136828928
94518 396031128
22170 362140
85992 165034136
88378 172639548
82598 186965733
97192 272920376
82070 252133200
60282 65538196
39638 65057592
78182 236276029
75642 137618356
60598 88162117
85042 280314876
36158 308573
88668 297128348
86922 360347324
54450 108062420
58498 106439908
75662 21139776
56808 135003792
71838 238473053
91918 363019472
50970 14659940
69542 14004616
33178 30557933
12338 1940268
89752 88969864
97532 318631324
17830 3386440
61772 36856124
76982 35171216
59842 16027004
62062 118391424
60362 102498716
96990 123613725
39828 9588828
93758 181224712
92422 22112464
99490 19797405
83202 221044101
54040 115734520
96222 66809061
59932 138200236
78412 97290244
69178 208273893
90692 406069996
74368 4566312
93852 58260004
70010 79205285
72770 169849085
82692 172739044
67188 127044428
81550 312038480
56598 18738408
81290 257164540
77828 257470348
97152 128861536
92290 318833765
97408 202923328
72298 92758453
67252 26159484
92818 160554252
52178 70787973
68778 14926388
24692 24098316
44948 97673708
96018 142915237
26732 508324
64688 37915368
46082 93651564
69468 188374332
91172 109763964
53902 91047144
82018 63055037
38542 33636149
69020 77672580
83202 144889429
75270 150938325
92248 28277752
99162 167314829
88288 47139272
58052 52586884
35950 44210920
68450 183979685
88058 116385733
86608 177035248
35502 61083589
68508 145908828
98998 145556552
93588 363593188
25828 11510572
46830 20515600
64540 87631820
96438 75994037
84128 93041032
91770 368643725
35358 57990072
54682 93235444
87598 185852773
94172 220951924
98348 238535252
33882 34511076
89198 232722957
91170 97954005
75180 246259700
85750 319390400
26522 297229
31370 37793940
95660 56438420
51750 133257245
33918 20653088
93750 110989445
61042 170207244
84298 330461268
90088 393180832
66902 163625824
63552 128124216
79428 264737452
80002 243972709
91522 403592116
49772 102345924
48312 105715664
71482 75939356
48782 116780029
77910 79738645
63948 97571308
71592 133550536
95698 341297452
96838 372471672
86118 198271573
79358 96351528
56722 6021221
62590 10555960
77078 52538437
99778 113194197
73822 158446696
69712 10497256
58768 81569088
97658 200379053
86470 28931645
77078 124005768
73702 197883816
78922 259958301
72822 176125669
98950 99646600
74902 213268616
58158 66428208
90882 322209621
82388 192214292
81032 226602096
78440 86869440
66248 124490168
76750 153393245
90130 174460260
88988 315437908
83722 263803749
63642 31334804
48892 116011964
99610 377151060
89618 106605508
95962 93195389
37010 60431260
54810 67898100
88302 275156144
24948 10574908
89658 204163877
83250 37773405
77020 81072540
96488 157479208
19212 1157764
84062 300657989
78292 83934884
67702 216305181
89322 26127716
96592 67591184
45610 90732580
81478 215276568
88462 73032709
65722 103821044
67958 57986333
78338 162400317
73018 105615693
73868 111421828
75698 79455492
56602 29369564
82938 285668253
75942 123477861
71898 159935108
93022 228952701
62952 165203776
64342 26853549
76042 274576956
74682 242705861
73362 212403444
68302 103062029
78978 35315292
99158 351341413
85310 252243845
56128 54013248
85618 209694012
84710 244933680
83462 90940589
98882 54877741
96490 404494445
90202 218441964
78488 54426832
96328 281992648
35390 796045
83912 65339616
97138 294836197
84798 302348757
74852 217146236
80468 299582772
72618 217679772
92550 383782125
33062 36098829
86950 44433685
97430 415759085
77038 54338032
36320 47828840
43688 49406288
36330 50583925
96092 111307516
53678 41461528
80202 168530549
23938 16708612
84342 18156816
56670 121041725
63522 29395029
72842 45834284
44878 38282792
89958 315179813
98022 145005264
97728 415406832
98462 350404069
92470 300834725
90890 198641365
76870 96188360
75878 130875072
67710 104734965
77850 184357245
57678 84629248
85738 348701412
67362 135248861
99860 215190820
79820 224683980
96282 107616421
95042 230349981
85462 91180189
81062 172241136
23122 22678956
85560 23613600
97462 246821109
99128 275266032
94058 254527677
87980 189674020
74282 140066516
62052 131195164
90128 369348648
99782 181732704
42678 12329192
73372 23043524
75182 110705389
77058 225253653
76622 225133029
39032 47142904
96932 292327084
79798 18954693
87018 98051333
95562 228909469
56958 99691357
97258 120791173
91072 196240304
25888 26465432
67192 95143376
77038 99913152
69002 59847149
88508 211992228
18518 16337253
38338 8618117
