7118 -2830025347
68700 -2499337940
13152 -3128547544
2078 -7065096512
1882 -7144145116
48282 -6197162611
-53058 -665916571
-32458 -9467098184
-88600 -3835883160
24902 -552506304
20088 -5739055008
76722 -3584074684
-62158 -2362767259
74682 -953900819
-83238 -8514686356
58750 -5452270440
-36858 -7419484056
59222 -7056825976
-92702 -4614503587
32218 -8442447788
-81982 -3331686068
31028 -465051828
75350 -4191066000
-32418 -6393551091
66868 -7313260668
60782 -9648334651
-52938 -4432104899
24680 -4088750000
-3072 -4916208232
11840 -4736648480
51350 -3924690955
-78470 -31714300
-76528 -1943408496
-61422 -4216434028
72808 -5494115448
-70020 -1757013700
-29462 -3520683492
-29372 -6997368508
-77098 -1870265939
-45168 -9652420416
65102 -3713479024
25372 -8340429596
-892 -9849679532
49590 -6302514275
-89668 -547621244
-6770 -6170601840
97188 -7050010948
17158 -460426923
95378 -3672987667
-13458 -105268579
88682 -824965676
49402 -7089985156
-27458 -5801359819
12070 -9277314275
-32730 -5666854360
76912 -3794495056
-73092 -3707034668
71130 -4603324180
74698 -2161453612
30542 -6043632931
43302 -4358280224
91142 -5264004131
-37702 -6934702043
-15060 -5877900
45502 -7306041544
-24842 -1907100067
74098 -2186656283
-34370 -8931762355
94478 -6923705603
93460 -3917893020
34608 -2390176608
38362 -6997502059
-99408 -5925931504
98982 -7391383584
36222 -1958966576
-64172 -2352821292
4708 -5468976772
-78778 -1083910424
-19418 -5100347816
37242 -6338124076
-95158 -607619644
-31222 -2199698403
-30328 -1078905576
20442 -2408126276
-84818 263102981
63788 -1185931548
87360 -3020826680
-19982 -5319737403
-15970 -1528323795
-98462 -4235733723
55262 -5264227971
-55698 -3629157944
-38242 -1667011032
54888 -5995072808
26208 -2856181768
-22370 -4298038960
41632 -5217906736
85132 -3655939516
43390 -7554187840
-97018 -1839046944
-47812 -3667897212
1898 -5333041772
-79262 -9520970387
-11818 -5858761099
-97772 -6611923308
60492 -6776902676
67762 -5122638884
-61308 -6482747196
-95738 -9342734656
-51088 -4479473456
-14098 -7895924811
39580 -6260684620
45882 -9562869644
26042 -1665009876
-3278 -8393939916
-9220 -5833977020
41950 -803914560
-33562 -9540495728
83430 -3963654280
69862 -9512147379
-93762 -1837454707
-98732 -8813176212
-53348 -6164952796
12510 -9441124840
-620 -8169187540
74542 -2540859496
98428 -3670459348
91868 -169749452
-78628 305171436
35940 -3391252100
-61018 -370059104
46838 -2238543867
-86162 -4188180907
-7118 -4264583459
84218 -1941573723
59882 -5616263916
-27828 -848568716
20188 -1473081588
-41490 -6847499960
-65658 -8429457176
31000 -3735052360
-50158 -2807647756
-24568 -6075187184
-23288 -1368497624
-30412 -151121148
-36772 -3796415068
56828 -562703092
-63182 -6912187627
-14810 -7850095960
-73658 -9637593384
-16142 -3967132843
-5048 -9803182664
18042 -8084260979
-55698 -7602244531
7202 -6634029396
96992 -3490840704
7652 -3286172204
95710 -9233739800
83058 -9408770572
60078 -9503785643
63668 -6786354668
35528 -4012728392
26410 -7424094300
54042 -4178471196
-63418 -8673320979
72708 -8210515868
57082 -5255598211
92950 -1832618515
34212 -3059712564
98572 -7832165716
-47018 -1606061576
-95072 -4577176968
50310 -4167379960
-80110 -2561944515
70902 -2579332331
99150 -2898748400
-32132 -7808017468
33930 -8635370500
-53940 -2832232580
-43662 -7624072892
-17870 -6403363700
-57490 -7591632920
1998 -997581483
-60678 -9025692851
-77962 -5417176627
79182 -2359726136
58550 -220368595
31692 -3764171764
7402 -5238054091
-36698 -6498640499
-48662 -3044986723
-85760 -9163961960
-32368 -3107152176
85028 -5262334812
-93752 -8505283152
9478 -8075538328
-24138 -2735353024
-80118 -947069244
98058 -2106861668
-7838 -7301610811
-95362 443447472
-53438 -9047189131
5958 -148192083
30018 -3782373747
93292 -7942121844
-17110 -3915036995
-28678 -6987034284
-51458 87376109
-25742 -2728883468
99902 -7339765731
-73630 -6587886555
-67522 -847110843
9742 -8349086931
-99232 -6725079192
33558 -4131949672
-84318 -8404176419
70370 -893311580
-16802 -6030914707
-16082 -5561652443
-87482 -194172168
-31640 -5787607480
67202 -2407758444
36368 -4382990968
2942 -5218560784
-15808 -6867798864
66248 -5919191072
-27270 -9903521620
-32318 -9422368099
95282 -908240524
-8748 -3866062524
-60312 -6506242712
-24558 -5848507331
-41062 -9020203963
8782 -7239613491
-2592 -6163373952
23882 -3793836659
-26050 -6322868000
-50112 -3302865352
8342 -3003680331
34622 -2471907259
-82638 -6478980084
14998 -474578608
91630 -2117830880
51498 -4011957387
-91770 -7065899475
48042 -9774566371
41058 -1846635732
-54158 -6455898939
-27760 -6946685040
3442 -2341480131
-63702 -4290952147
35188 -7128074612
99990 -2317544120
53020 -2618728340
83222 -170711211
-85298 -1061579536
-10812 -3610493812
-83910 -7945699620
45702 -9239232896
-10658 -9059806531
77160 -3254000280
-52022 -1016177892
-28002 -5688301752
58832 -1984004256
-99382 -8901990772
22298 -642473388
5008 -7012486888
51818 -4406045972
-50268 -9884653204
-94810 -1650651395
-28438 -9967492276
8740 -7790085580
56860 -3297218420
38342 -1517793859
-61610 -6051245760
94382 -8678911811
-41540 -5068390940
-30102 225132
-59062 -7005789307
35368 -8750307288
54458 -8913219172
60062 -3249191576
-51852 -173429852
18642 -1587282971
-81840 -6330383840
49460 -7734432580
-53632 -1342801968
-18990 -8461163420
46810 -424471195
-21838 -2125448004
30550 -6619822160
-46338 -5966891139
-21838 -335975284
-66402 -8816099107
-34062 -7127110588
-45342 -5169435068
44638 -8326394728
-44802 -5948635843
66838 -5427288203
-31550 -6183712675
-23452 -484106412
87132 -6163047556
23602 -258863899
6962 -6534159811
29342 -3910335704
-89030 -6180174660
-27868 -3098168756
-51288 -7292029456
74212 -5895185164
9998 -6170385443
19152 -3450953936
-70028 -1981313796
-18638 -4399630436
-92142 -3330870948
-16228 -5542759684
-57368 -9707437144
60302 -4812261736
63408 -4935217408
-10660 -5281448540
27612 -2105765836
-84028 -3524082676
29498 -2452219907
22188 -902400132
-5922 -5328349587
-14732 -3733608692
62702 -6732335171
-43792 -8202397608
83598 -6858436888
22210 -6564459620
-2912 -7306102648
60458 -115814027
-2908 -9345542244
13382 -8273205051
-55618 -8379668251
-98372 -1478208068
998 -2576966003
66162 -5187614604
52332 -370895236
52250 -2150809755
-15472 -5156151032
-1430 -8112779275
-4212 -6813578148
-76282 -9397178888
-61850 -2608614355
25292 -7806586796
22472 -2951268224
-31582 -4731121492
47982 -7864367011
-2908 -73668756
-85272 -9956219528
87122 -8680656899
-40178 -1372395576
-87690 -9545647080
68898 -2606184627
-13482 -6496648328
61290 -7924016900
97770 -6068314995
-98958 -2579338204
-31742 -2071078332
-57070 -3203098940
65758 -2509235232
-79108 -812969004
13648 -6284250288
-52402 -6705008712
88248 -5951328368
-29990 -8004038420
-21070 -4988659435
-85060 -9420152340
-90940 -1948094620
-22348 -833277836
-6622 -4014912923
86462 -8606237704
-60682 -8554957467
-22278 -484101796
32658 -9383242572
86270 -7806711155
-21922 -2224951667
-91918 -8810558044
-36258 -3979629376
-95988 -3980609204
45262 -8361021664
-96928 -5916957464
73992 -2232479784
99242 -1943053171
4038 -7191727888
-73168 -5273618856
-29392 -5158850968
-36702 -8864597147
-41330 -3185398875
-30690 -9011513275
-18698 -8191899571
87718 -8584128723
-88672 -1931692232
53028 -7878532828
90418 -2577827228
-18738 -1781352451
-59732 -665565268
-88008 -3269194504
89178 -6044207412
-95758 -1682915419
-52818 -2250816251
-50922 -5443961128
30368 -7742082888
5152 -6367786456
-32858 -8109811216
-4782 -5722637292
7610 -3848565540
-48178 -44359211
60882 -374570299
47222 -3296059291
-53622 -3246885612
82 -1626270644
68012 -8587554684
60022 -129788984
48368 -683814328
28982 -2042148419
668 -7412625492
13590 -6555953560
-3432 -6220571872
90778 -5573652603
67412 -1483949156
72878 -9339851507
-7342 -9500211748
25642 -8873016764
-91502 -8176118747
3018 -152020988
-85902 -7297915732
46242 -3285866651
59982 -940501659
-31712 -3506810712
-26482 -8060207563
-31030 -770491955
22158 -1887822248
44418 -1814247947
96688 -4370063952
-38960 -9605970280
4550 -8264273160
-90188 -1551718276
-46188 -8825645876
732 -1866989724
-45158 -6483413484
77080 -1912397760
77138 -5483180907
96350 -8520103395
-85718 -5989375819
-62318 -528889284
26680 -9800340880
3798 -2304455368
-27420 -4390356820
-9822 -5233574908
-34138 -6884545184
73850 -154370140
65282 -9918802044
-42572 -7949183212
-93220 -6439927380
-4968 -7259371376
-18622 -311788107
4558 -8448631368
-82638 -7611112179
28732 -1926438676
36902 -4916322939
-28030 -3183560435
-99072 -2938261328
-80362 -9732586603
-29110 -7484824795
18648 -7019913872
-75602 -969044363
84058 -5152939243
-1882 -9489112512
-73772 -6113700972
-43478 -3019424196
84600 -1196171880
94502 -3855381856
-99502 -2243003803
-18930 -5538083880
-92472 -136902272
-46600 -3627956880
-96082 -6638815648
39530 -7397328500
-61458 -2834002139
25270 -8759043555
52602 -7799737499
84608 -551974632
19182 -4038649979
-73082 -6489584363
8318 -8579427248
35588 -4761760932
77848 -3813410488
75708 -9191206972
-57370 -4419498280
-31078 -601535611
-92718 -9318294611
31730 -4391220555
10838 -2979056608
-66458 -6896687856
13560 -2723103760
-86558 -9276309691
59928 -9997651848
-18090 -2711437355
-20538 -1183932779
-35662 -2629890492
-80830 -1025698380
-14632 -6703459712
-67282 -5534320688
-27040 -1339589840
-28838 -8714785124
-9310 -3616914420
68042 -7734171484
-530 -4255743200
52590 -7812481715
-30018 -8378496859
41418 -5480562372
-49630 -6970434100
2438 -8490185883
6210 -2613318795
87010 -3919588515
12430 -2070426280
-61930 -5453495835
10578 -1329685348
43042 -4022221859
62328 -9127759568
-86182 -3134825947
1692 -9383943764
39500 -5850598340
90610 -6173559900
-72592 -2640289792
67198 -2787929112
68362 -1180539299
56990 -3100017080
-95018 -9606820091
-19652 -2463087268
-95392 -7251013952
-76618 -3609018051
-37040 -6656954880
11698 -5428227932
2312 -4103727096
-69042 -9408294648
68552 -6519659496
54580 -5015558620
74178 -590508908
-48612 -5850944548
-61422 -6715387068
-85292 -432346252
17358 -3614302832
60498 -624060763
48162 -7712490971
22022 -763043291
-46868 -2100245484
9338 -7350189067
82942 -1286867771
-64518 -5114520956
-25572 -5645666172
36550 -2115139720
33902 -1115566256
-13598 -3765981379
70938 -5375232123
-78590 -7043950700
14082 -8131987411
53330 -11112180
-68092 -2038134932
-22748 -400883164
-84438 -900054211
-26402 -4796956088
-76162 -8511047883
15782 -5177853544
-15508 -6801552916
75162 -4802320931
41310 -5219733635
-15992 -3742292192
13250 -4577222820
-38830 -7788432820
85258 -5875622283
36218 -8828462228
32258 -9603473147
73502 -4835525691
16322 -4268307444
-52830 -9758607795
28718 -9867258267
8232 -3979047944
63208 -6924382952
78878 -4486966832
-78358 -2330611844
73498 -5267205707
63112 -3880925296
35378 -2016095187
89938 -897073787
73622 -2093436384
86842 -4858904284
74598 -2908722483
-93530 -1870564200
78922 -1088265196
-4172 -1242232428
-29782 -9046997963
97470 -3844022720
46608 -4929394968
94270 -1383540840
31840 -8936345600
84062 -8525493299
9838 -5100352952
-14928 -7064976544
40662 -540891611
-3902 -7814137227
-73278 -598547651
96058 -6136671988
85802 -815688604
47442 -7643226716
-52512 -1445211912
-94538 -7680620811
23778 -7788154403
94180 -7633414500
42452 -3942474436
-27330 -5668678120
38152 -4315724256
-79182 -9963010788
-71650 -840074040
35550 -8786901435
10780 -2330669860
17078 -8665473523
-4550 -2532623460
48262 -9566778331
-23900 -748363980
71352 -7693108096
-79398 -5812913844
13710 -5093473115
95878 -7695472403
-51802 -5915849603
42750 -8866252435
70702 -6343704624
-66478 -2522320684
63002 -5483409516
-53842 -850338152
85652 -3839538196
-77912 -6735372432
83018 -2988170827
-72202 -7965292803
76562 -2199899036
-75548 -5380168556
-39168 -9378502024
63728 -9122585528
-74830 -5066870820
11842 -9236332484
-74850 -7520729755
18320 -6127495000
-92790 -7019457995
-97078 -7544726516
-21252 -2933044668
-76660 -7183667300
44058 -4045210732
-90510 -1118485700
-29740 -4458239900
-26312 -5566134952
76050 -3943279995
3438 -6866911912
82318 -5509048827
42890 -9934864915
-18410 -6968996320
-92182 -5626926892
-39300 -3703434380
582 -9050140024
-54650 -9102049640
49828 -1803255972
-79572 -285959828
-73098 -5257986731
53758 -9644182107
-1238 -5279935779
71960 -2479289720
-14898 -6834107779
17202 -6927770956
79648 -6450972952
96802 -2497072011
-12330 -4057085115
27902 -6798346256
65542 -4826453864
11058 -307536052
-49872 -8038529208
-30530 -8025050235
9942 -2274922904
-76002 -7363356008
95450 -440582315
-92700 -5163783300
-41002 -1892561603
87398 -3975762712
44898 -176503907
16032 -7664285616
72418 -9391390587
83122 -5403779516
80278 -7659054448
-27822 -3559579283
94638 -3921017648
44860 -4008247900
-17742 -1134248068
78612 -754026764
98490 -2736989380
20418 -1918021403
-32388 -6703085964
-46890 -5009555915
4578 -8113518228
-32378 -8716313299
-54162 -4534522507
-71110 -102799995
24758 -8450123347
56390 -9078658315
90422 -960054144
-68178 -4790135539
-52752 -4354278752
-75470 -6682127380
-38682 -2294788803
-88512 -729017552
-6838 -7492458004
-68462 -3521482652
80818 -8122228828
61272 -9970665824
5582 -4854664931
-22302 -7301474907
74342 -4509568704
75310 -459991640
58382 -2448327736
75428 -1971708172
-5882 -9600211787
93258 -851826508
73450 -5943624275
69918 -1257943912
32812 -7127329156
25710 -2211679955
3418 -3533930763
22510 -2294819755
89642 -4050504259
55118 -7565392488
-81892 -8957028092
92472 -7974781184
-69910 -8821776100
-55310 -4108316740
7158 -4014461272
85028 -7449447948
-71018 -5274048291
-57040 -5876172560
74638 -9728650608
49300 -7958400180
40622 -3549898659
84918 -1702338243
-83138 -7256403936
-52402 -1470721307
67998 -4582395032
-20718 -128948604
79612 -9053634284
45378 -5698940323
-57682 -6255894387
-41440 -2948915440
87598 -3875990272
93810 -1116526540
57830 -260255395
13212 -6190589884
-58692 -8636579708
-75658 -6157574256
40250 -9374892355
10068 -2602883492
-97568 -7623515216
-37570 -5013398555
-51968 -9296437216
-94608 -3616542544
63448 -9685141752
99962 -2075657939
-40960 -9919364560
-7350 -6046984420
45562 -2891482259
-87978 -7348594176
93188 -4565655428
52502 -7285589419
15140 -9291034660
62482 -3288665211
41522 -2735910219
20698 -5692750683
74352 -5752926664
94752 -5770112744
-25752 -2802117472
29390 -90615395
48960 -9064893480
94058 -8679286867
14260 -6943950940
-44258 -9756702496
-68648 -1686361864
-7788 -7827259196
21118 -8526033528
22792 -6428185016
89010 -4193079595
-66878 -2681234836
53062 -9304061976
-86532 2386052
-76240 -8744577080
-46818 -6218925144
-64808 -4344761896
-42400 -5022924520
-90670 -2082703075
-18332 -2134445612
2852 -4466460356
-28052 -9106257308
29698 -9343251683
63440 -630158200
-97402 -3181309387
-60138 -1895175771
46300 -4220423020
7262 -5209015499
-3300 -9949085300
-40318 -4377657859
-21450 -2387142400
27362 -9431039556
-10508 -4095323844
-28172 -8748376892
48230 -6967784840
43458 -6683545267
-98410 -408545040
-54570 -6423009600
21962 -6549734404
85538 -2820177892
98268 -6138596492
-66108 -1756900684
-74822 -9374628347
-58282 -4973908552
-8052 -3232420372
9928 -8544505512
-13032 -5896462792
71522 -5129895796
-7928 -4131933576
55802 -643826244
27348 -7601044268
-3188 -3494668164
80522 -3495862051
-31802 -8144358587
-40768 -1552991344
-19120 -6316155880
30982 -6652789899
-45858 -7401100091
1370 -7382341100
18850 -469094900
71642 -8622152419
-23038 -1906586204
-47982 -6767767252
31168 -9363808128
69248 -5555220432
47862 -4377216736
-49402 -5588609408
-64158 -4268501596
-22802 -9432449808
23402 -1627241924
-34058 -4414002451
81958 -2980932648
-74882 -2240124987
-63858 -5206525016
-72868 -9504046516
88082 -1308231579
-69562 -8584100107
-51658 -4587428416
-17988 -4938771476
17262 -755975139
60862 -6175171371
95138 -4324758492
-61802 -350901088
-49700 -9620803980
-92962 -5908567883
14710 -5570582675
55922 -4179826851
26712 -5240169856
-45042 -9951972872
91638 -7396753523
-40952 -2981220272
-54680 -8665257360
40778 -1914017883
-11580 -1664528100
63010 -1900461460
-79610 -4007895075
-97922 131793093
-68558 -6696183484
-55722 69614888
-97918 -6370284404
53208 -8750499208
43408 -677344352
-50362 -3513120248
70022 -4833347184
49312 -5823265264
63018 -9458309668
-84238 -1278494164
-39892 -1957579388
15928 -3937563048
92142 -7301468531
-92738 -6360095784
-82612 -3503975612
96488 -6463435608
30568 -3213771528
31152 -5874397816
6318 -7341597752
34392 -3374677264
86152 -2289211424
-4558 -211255771
18100 -2500607980
11122 -3672344076
14722 -3570683796
-58898 -8953958691
-31752 -7764286832
77918 -1307176963
-70702 -9939238827
-64602 -1626275203
-42030 -8278599515
93492 -5535518796
52068 -5177334668
-63690 -2984817760
-81688 -3439884576
-27022 -8796832243
65310 -5088453280
-27662 -3016006132
-62178 -3510733051
-80690 -5412439560
51632 -9513139936
11302 -6846437179
-95462 -2544735588
8602 -9881027939
-6082 -1909414472
33180 -8235258980
78418 -5751299003
-95022 -7565710267
-30712 -3983129608
36902 -461978691
-75318 -9836031756
9298 -4206534427
37028 -6212873228
76342 -4853171379
16260 -4549067580
-27282 -1767623552
-40608 -2305517784
-67078 -9643995284
-10922 -6847680832
-28670 -716057515
70120 -9204919840
-42762 -2385581648
1808 -4891163792
-60082 -7634818528
-11882 -16753592
75848 -5136217568
90102 -4632020504
90662 -2669285859
11858 -80959507
93342 -3041991259
81082 -5765862219
-73318 -8348119244
70930 -2898314220
33280 -4181968120
64900 -3936473940
312 -6256238504
-68580 162912020
-68698 -2582796411
17902 -5044851504
-47952 -6215287808
-88108 -2766351796
80512 -6561739584
37388 -8394423748
-18758 -2700243164
59390 -267082195
-36030 -2770104500
53698 -9250188547
32278 -4048663208
-64298 -744304491
-2148 -5720135996
-59078 -3801856164
39682 -7329084484
97222 -5033276216
41498 -336821988
-84418 -7578824176
-99250 -3393031120
42460 -9012783460
-48518 -226111219
-39710 -5529306275
43100 -6594304620
82868 -497561388
86838 -1442135848
3562 -9814219796
-88382 -9544480892
79812 -8407922084
61432 -5490996816
-31498 -5513973699
-82810 -9829577120
32942 -5447849144
57542 -5554084931
-37252 -7825937932
-29020 -2468551020
95682 -9869624899
94448 -210942528
86622 -6391351336
-75292 -4742546292
-36558 -164919419
28108 -3163591068
12602 -2276567924
56582 -5653014976
98982 -4404899224
10198 -787847187
89348 -26284812
67812 -6131197676
36998 -8172651027
71358 -6749433768
85028 -4513664148
-47710 -7654595380
-1648 -8322514936
-62930 -5538290795
69572 -3178241436
61250 -6885399395
32560 -8088748560
-49560 -8806188320
-28628 -2762145244
-44682 -7171685227
-75212 -7317539188
6572 -2128270876
-83842 -5762458723
-96318 -6777494804
-56642 -8722781088
-97322 -8706730408
26178 -4590415947
-7082 -5641441323
-72760 -9326692280
-12850 -245577640
-25288 -8611893096
-73702 -9548965947
81152 -1371372656
-18058 -9733901531
-66482 -3878174952
-218 -3595697304
17792 -9472240576
-55772 -9662677148
27660 -9435249860
90158 -3895459547
12850 -3615881420
-73762 -3509787523
34050 -6684823555
57112 -8703777104
-5830 -8975404635
94962 -9824121876
70278 -5266233232
-94542 -5010361708
30738 -848000987
-60662 -9445240988
84902 -5997878904
-36262 -3956881267
-75762 -3580227128
28168 -6238422088
-96702 -8981139083
-34960 -8905311320
-74358 -6137172956
-37478 -9043866771
91668 -1852177412
98982 -5963583544
-55928 -3045431744
-3352 -519002488
30702 -4903320491
72582 -9997920984
20588 -1425706852
-27500 34854660
88890 -5588789315
30230 -3780819715
-97170 -8671418755
71622 -2302541464
36532 -8157097204
4618 -7541390388
-34252 -4778540572
94922 -7512689611
-18022 -3424573708
-71582 -200048667
54662 -2684128536
31392 -7935179696
-33528 -4700942696
-81370 -2838337240
-92630 -6475764540
-44062 -7568685932
-74640 -6486940400
-98558 -8857820931
53210 -1579964435
-33642 -10982923
58180 -1699717860
-73422 -8040942123
90190 -2704377080
42402 -209260131
35322 -3200486396
51518 -5896302963
-79658 -1203226056
-73118 -6791467499
-52842 -2444165123
-72642 -8930853347
49938 -6027581188
98658 -8166588
93158 -8271739472
8468 -4659895788
-50132 -918440788
71390 -6578188040
-80058 -1282961339
57480 -7269151360
-16478 -1095505491
-48110 -3648290075
-76132 -1298734692
6678 -1089615912
20238 -6611632688
64370 -7224689955
-42340 -9957057700
-33370 -8174655160
-38382 -7129121028
9430 -6150296555
15352 -7546743216
-77608 -7161878376
-458 -5782649304
-37402 -3040465643
-22132 -7509184852
-41772 -1395034708
-87852 -9398799572
23602 -4219421156
-19078 -2165525444
-9630 -6915868060
-42790 -3306847955
-65102 -1666202803
-750 -2556138460
-86212 -2086037492
-15108 -6106367356
84570 -1793080955
28542 -3965524819
93590 -2686841080
28150 -3834857760
-97498 -7679718144
-85042 -943412488
45458 -4713136963
-75892 -685247492
-35662 -2088258428
-48272 -4626950712
47308 -2080220988
52282 -776634579
-41322 -828598648
-31960 -4174756240
43980 -528540940
-5942 -532571908
-43930 -6632016560
12458 -7419699172
51698 -4548117107
-66262 -9283339828
59622 -4549650664
-91798 -2135160811
-29332 -3033395828
81718 -3945294867
-28618 -9543470091
-12268 -562609116
-19150 -5435108955
24182 -9657362259
47120 -8767149560
15238 -1604085363
-47838 -4351290436
-86040 -6338820080
-58538 -6013879904
-15928 -9613955584
-7910 -5808966620
19618 -2660430987
-33132 -7058974068
-71252 -2712887732
-69962 -7419120648
42440 -2196037640
15898 -1559959588
21218 -1277799572
-59278 -1077450044
-99550 -4938189795
52648 -2746979352
-26350 -8895974420
-38980 -2078493180
-59058 -4255609571
-24240 -5804789160
59570 -8662144995
11598 -9864628912
-59138 -5437417899
87462 -4350706651
-11682 -8507492072
4638 -8383238363
-78310 -5955058300
-79242 -5089176267
-98230 -7811183500
-86998 -6078047164
-88438 -2625496659
85748 -9953059028
-76990 -6269970555
72482 -9619663611
-56712 -5957119112
-43898 -6531439344
-99402 -5760159368
98818 -5640686387
3910 -1650390395
40442 -9668272291
94968 -2383756928
4362 -1458807164
60112 -8450842376
36512 -7121795776
-48972 -609628492
88422 -599891259
-35630 -9178078555
-62538 -1271469651
-30262 -9539889692
88618 -5054657268
-80132 -2674334588
-51102 -6214300268
-15958 -8755898259
30978 -1991387148
4778 -6386540283
-80378 -626258011
-41978 -2672543824
77258 -3246803923
66838 -4560987723
44440 -5842255080
-12218 -9488955216
58330 -2964576235
-67220 -8537220660
90598 -9067162707
81328 -2052276672
45270 -2058204240
-35988 -2382045564
-97668 -8925847204
83030 -5353793115
-50438 -5237365651
1618 -4665993452
25658 -1563971723
-32598 -8652239739
59412 -8085603404
-550 -3604839020
-41682 -9317476192
38578 -7359810012
-52078 -8097193716
81518 -2656194043
51378 -1019692732
-11208 -4654164104
30332 -6364740484
-40978 -2021890736
-90918 -4181861444
37318 -5966428787
28110 -3302286920
88452 -1451844796
29738 -6658359227
-86988 -63606364
-99188 -3754370076
1632 -2721053904
-55018 -3561213259
67018 -6020331492
79022 -3957405491
-33460 -1632401620
-21990 -1470848195
-68682 -8528312187
65978 -2569072043
-27740 -2553630020
12412 -2419066476
-54440 -21924360
42238 -2045825283
84778 -4066074267
-56978 -7622381619
39608 -4466296192
66100 -7481778740
-10902 -3305888652
61138 -5720923067
-77158 -6167205684
74242 -1267053556
-95718 -3378543379
-21608 -4566065944
-9270 -4129966780
-49218 -1134119019
91888 -5083403592
51508 -5663109052
-40388 -8987790396
-94550 -7787172995
-76822 -5730429348
-7318 -2371788891
-73858 -1551914371
99730 -6843935835
-53200 -9814662000
88822 -6241609211
-28218 -3319050416
-35582 -4145311427
38682 -3020414516
-9130 -4270158120
9938 -869209708
-23612 -4697140828
93818 -4443595643
54808 -6791990448
-82050 -4568962875
69472 -9455267776
-89388 -2300425124
36740 -6975411180
73088 -3032404232
3278 -5415455872
40878 -2606831912
26422 -5778347336
-84108 -1551915356
-79402 -4666891963
-80822 -6641649467
66470 -239456760
-63532 -6954880252
43698 -8615464507
22110 -2085156040
-13258 -3899423819
-54150 -3736873235
42592 -9779173096
35942 -8662152256
28520 -2823921480
61590 -405265075
-74538 -3529090251
32898 -1165102652
-17618 -9312637459
-72850 -1554649400
95118 -9040888688
15370 -6073181875
29632 -4148312704
84772 -9069388564
46022 -9486672344
98150 -8391339720
74438 -8355514307
-36452 -3185551932
-80040 241208520
-44408 -8692119416
87338 -4969452987
33570 -4690752475
-73872 -3606089072
18330 -9037260115
72208 -4389373992
-64802 -1175415528
98750 -2404892920
-3842 -7784062507
36058 -3635459268
-97422 -4285787828
-63630 -8743814155
-72622 -9479983203
4962 -9820773699
75000 -3194998000
-6522 -9353550072
7838 -8619661027
70392 -6004447096
-22612 -1445823548
-2412 -6453479948
70438 -3674992827
-73182 -4809911252
63042 -9412436339
94372 -345417076
38208 -1652565368
-21102 -6838268972
-80550 -8659511475
-69290 -2094779800
75342 -1520707531
52338 -3687948452
-46802 -6464479547
-55018 -9323158816
24502 -9455836131
-82212 -1287612732
-14880 -3652816680
67620 -4298331500
-2662 -3924388628
-83992 -8245002208
80442 -9931536644
-73238 133927669
34848 -7551123608
18090 -1836045475
76002 -759685499
17972 -7464223916
25798 -624942328
-89302 -1823105372
-21250 -5386425555
-17990 -7256231955
13992 -2649374576
51682 -8591545459
99862 -9664679184
-94770 -5626149955
85590 -5853182955
-58342 -4598781947
-87768 -4123719136
-33178 -504773424
88278 -505048312
47210 -7534640580
-27762 -6391515352
-10542 -3879023788
-98298 -4945210224
-51098 -7091017891
98518 -3240287547
-68458 -1828300016
79682 -3104672651
-8982 -7618826692
-92048 -315113264
1898 -4296590572
55238 -4543285603
-30870 -327723100
74798 -7771437507
27432 -3220316104
-33968 -7050935944
-80242 -4216421107
93262 -5444719971
-36958 -2464208404
30462 -4182468179
-71788 -5095669124
-91888 -8961167496
-58870 -6232002500
-93132 -4431313788
28792 -3729359496
-5138 -4584970336
67382 -9990510731
-27308 -7526305764
-29080 -4034460880
70538 -9463206828
12992 -1210746304
-95538 -4932479056
-8142 -4482853332
-89292 -2330866148
78742 -3742197296
76542 -3203801659
-5962 -1328740987
-72438 -3152857684
99370 -2504914260
12922 -534469699
56418 -4128277292
65188 -3253344788
95188 -766775308
-90442 348337232
-38182 -2719759268
39750 -5433081760
76718 -2067206928
39362 -369513939
-19798 -6837943564
-92010 -7986853875
53992 -9045301464
79552 -2543098344
30118 -9804959067
-57472 -1173371712
56528 -3165887112
-16208 -3322297096
54082 -7145601636
-68058 -4438501656
-80418 53951296
-7750 -2516893835
84320 -1051407520
-7518 -4302630756
-66158 -769032684
-50202 -8876097747
10600 -9920820440
18068 -5315506612
72602 -6983238691
54732 -7591381916
-72468 -2072501844
23648 -4808708232
10192 -9892012264
22082 -1634115516
-84102 -8519645827
-92742 -3735094892
-95998 -133913564
-82382 -612740667
-97772 320670028
98868 -9261839812
69642 -5884334484
-84768 -1805126344
-16542 -1747255707
-69112 -4206989208
20528 -3719031592
718 -6423066728
-25190 -6096907780
54340 -1424083660
14978 -2509082403
13598 -9617505163
-10558 -8925902379
26632 -8834521504
-3338 -164428851
99362 -4311465076
78660 -3353814980
-46170 -9259056520
-27638 -1539297939
-97762 -510741232
-74062 196326197
17572 -2812476364
74102 -5201125499
36202 -7823915131
-130 -3822911435
35098 -8015267452
-65458 -1089860379
-34790 -7400114235
-8722 -471031792
-8518 -9278947291
85922 -2410751699
-62098 -2886191264
-79432 -8099758128
-4288 -786677696
-45848 -5090666736
-90718 -724704636
-89232 -2491929328
16902 -2664246131
81988 -2058712948
-17632 -6906257512
20148 -3883941332
-83002 -2253497043
-9022 -1272168292
15530 -8906669635
-92798 -7776128779
59380 -9996861620
-51588 -8777823724
-68448 -5880336904
1238 -5625949032
-32538 -8455906096
-85798 -8085198931
11738 -2708509203
38570 -1199106380
43492 -5819025804
-86828 -4954429684
34718 -2453431027
27318 -8712840128
99542 -5970539104
-23798 -5449938531
-48232 -1526558472
-32168 -9379964344
-93862 -660775428
-34712 -515621608
-1402 -7835308928
-71672 -1302384072
62550 -8686999955
55690 -9180843580
10028 -9741969692
-11718 -9466654979
9098 -2649620203
95330 -8862716595
-16062 -781412188
32868 -6017832388
-9980 -8313394620
91682 -4864192459
-71892 -5309504988
31382 -1997486131
-96652 -978186612
4838 -2689345888
34410 -4219819355
-4122 -2954407843
41398 -6394604907
51842 -2389446116
-97330 -5903012875
-30378 -9237598699
65022 -3739198224
-55790 -9599126260
-40650 -6593412760
-61388 -444806284
46702 -3117756371
8322 -2971283139
-28272 -7239443408
-80448 95296344
86430 -1550049835
-42782 -4461139963
-61212 -1252165708
-75492 -546556492
31682 -130779804
67742 -608714571
-22872 -4461689672
-34502 -5856168868
-68322 -19733192
84918 -8903361488
-94122 -7695632192
60352 -5008920056
-12848 -1467814336
-52722 -7984195723
60448 -6046238528
-73048 -148865936
51070 -8607252760
-2200 -9989865880
1850 -2271988340
17750 -6439106435
-88438 -6729079939
-45842 -2870015088
93012 -7708171796
80508 -6506790972
-96930 -8995029515
-87902 -1051792852
1390 -7167006995
-77638 -415964451
40840 -1014316360
-45378 -6750737384
4522 -3133968564
99542 -17671139
83158 -7885459147
18380 -1309000020
71592 -6808749496
-25912 -4922460408
-22828 -6673304884
67262 -7007981299
-23752 -3396121568
53670 -9233770240
29618 -8651652692
93852 -4753533364
84318 -1039045267
-89008 -7538759096
98918 -8348276288
89040 -4585047640
6312 -6069712656
14072 -3795979464
-75262 -398595732
85918 -6366151112
88952 -182054744
-54592 -8535527888
-62600 -5765268880
-87658 -8897605851
-39918 -9263547419
-69028 130507924
29312 -1605408064
7358 -3721430232
-37810 -247111920
-4312 -3013226688
73202 -5166458019
698 -2364398212
-59978 -2073505419
-73150 -4604520780
-61638 -7896897979
96622 -3207234464
91958 -3878389243
52232 -3689216544
-20870 -4947806660
65028 -3179312828
86042 -5223222116
-78098 -5969710691
-14662 -1090562827
95092 -6757979596
70702 -9255870539
23218 -1964274123
-11388 -1028217564
-2100 -1312864060
-72738 -4629577379
33752 -6599348056
-57802 -7572881712
-92852 -2325744308
-91412 -4972146788
2390 -8607333400
18830 -6054062680
-68492 -1334681732
-2958 -2056504404
-82582 -1514000412
-47588 -2573840484
7272 -3638517144
-92428 -3923305764
71178 -7038961907
92382 -9978958811
-26980 -7028793460
-92510 -3767812740
94462 -1971214864
-76618 -9305512019
7998 -94611128
20490 -5035441820
-93830 -6554766020
-72860 -4804813620
97582 -3130438019
16958 -6444039232
-77668 -2665603404
-55510 -8628388115
-7758 -7992066244
55482 -4138233556
-54330 -4286937160
-59882 -9126242712
62630 -7571279715
84378 -8075392892
77772 -4168329524
-65970 -8210012440
31542 -4711947496
89072 -6092148864
-83120 -1503284400
52728 -6135486832
98140 -3914333860
-28280 -6745458800
-43022 -6045576403
63970 -2945937220
-70980 -3243984340
41042 -6254828171
-59458 -752308256
-68240 -8710194800
67802 -2834595979
98270 -5915586800
-13692 -8919536148
-11748 -2890072444
-68702 -6081064083
-34348 -9572362404
-66778 -4898164416
93772 -9069718644
-59040 -3732557360
-79642 -900764448
-24922 -1825888032
25852 -5767465236
53570 -244484395
26110 -5988650760
3138 -7746722803
-23980 -2554600860
-99982 -3971350867
61950 -1142440400
-910 -3847112635
54380 -2945797220
-35578 -4033842024
-23948 -3442665364
-36310 -2326234740
-89172 -9601012372
-9688 -6817044576
-30352 -7788774608
67822 -7084519976
-63778 -1697530616
38382 -5692990211
12082 -7613462524
80562 -3904025771
84458 -8255420308
34398 -8782576683
-67468 -8132521556
17772 -5518691084
-30402 -2161655947
5750 -5304362840
87810 -2430696275
-49842 -4208691563
-81668 -5795694636
11802 -3045858099
-97792 -9567082752
50028 -8028617812
-52638 -1874194924
-37898 -6314856616
-93922 -8374345243
78858 -869058667
-78518 -8300309436
81710 -5524420155
80272 -6982060176
-47242 -4857768043
67182 -5768484851
10922 -9879623291
-10138 -5650117811
-85028 -6509682476
25602 -8471411836
-18842 -1885174352
97070 -1221720755
30812 -9780810884
-15558 -4146632971
61390 -7369615280
55708 -7325678252
-84752 -9588876008
29230 -5884681120
-15938 -8766179624
-29582 -9054206187
62962 -8913807924
-92662 -7637279203
-83428 -1012092084
-55702 -9313102243
-68938 -5565408704
36288 -9170625848
-16762 -8691360163
-87038 -9768881156
-54232 -8669138488
-46030 -7421695140
11762 -3899013899
11582 -4733347811
37450 -9707573860
36200 -5307614840
70372 -1702320996
-8478 -8776141236
-87368 -5831867184
-56830 -4118674515
22528 -4643042672
93270 -4121987320
7592 -6237645376
86400 -3800041080
-76422 -7546828532
-90580 -9546398860
11508 -563517452
65478 -4944263923
-96950 -8228070355
-36368 18070896
63882 -8683735804
75842 -5758162516
37482 -4193330851
67168 -8241221072
86128 -6680036328
-65148 -2228372596
-12288 -4638558456
-49362 -4332387307
-3152 -5966159888
-73340 -5412768580
-37482 -2090918363
80362 -1952491299
-43520 -1994637320
-51162 -9595944107
-37782 -6493051372
-4902 -8798835732
-92432 -9277502712
-53070 -2775991595
-88928 -592588464
-53952 -9310264968
-11938 -4255659659
9418 -8179095147
-30920 -1585650160
16048 -781598488
31598 -5173651427
-19620 -7889209420
-55808 -977020016
40022 -5386124816
-94802 -9892001307
16942 -8758974416
-80938 -8433885059
29298 -546784763
-43378 -8568639819
-76570 48449645
-6222 -2269597948
-95212 20930492
-28282 -9920746043
-26222 -6994991868
-27058 -4188964144
67018 -6296979067
-12362 -1036318363
96318 -8450185347
-84688 -9047737504
29222 -3859200091
-59722 -2746286792
99242 -7242188404
46602 -3957770331
-39662 -8632772723
31428 -9367184828
8898 -3387553388
-89498 -5856297219
-56978 -3074150464
-19922 -5078657312
-22038 -3469240859
75668 -6625325092
-7432 -5044363728
-11942 -3707804283
-67112 -4996773312
41182 -9273689056
-12468 -4895958716
2232 -7880373504
-30770 -5476093520
-12258 -5635318856
-61468 -81575076
48702 -7533963211
63902 -4619262016
-98080 -2142766800
-64970 -680722200
39140 -3272655780
-3160 -260355800
48470 -2426980235
58602 -4252827804
1330 -3184890635
56338 -9657752348
52782 -1927065824
-12110 -853919235
-31212 -5467429332
-22882 -3061220003
85730 -6518200740
-96758 -283616244
-22358 -5196794571
93918 -8557048043
-37848 -2736655304
-6742 -3775093707
11250 -441954675
24618 -7914668852
97978 -1213078147
37160 -3491640560
59950 -8400869880
-62042 -2118113848
2010 -246282475
17088 -8123546192
69562 -9213788196
63242 -9777037379
14358 -1532176163
51902 -4206041096
-21382 -3221866427
-75612 -9685347732
68212 -2355917356
-29370 -8081217675
-97078 -2954701859
21178 -2728400747
-86780 -5954280220
21342 -7684236856
-65188 -3039595484
13070 -3916335915
-74158 -5163241164
-9930 -4824271235
-33458 -4201438104
-72008 -7074699376
-42138 -5091209896
-68842 -4346496008
-77902 -4291445052
-93768 -8271140384
57052 -7370028164
-36842 -117836883
-82438 -4063018684
56658 -8386184363
72350 -5489343755
-65362 -9666473632
86140 -1183313900
54458 -3447242348
64972 -1251260884
-12720 -6856401000
-66690 -8201862235
-8998 -1583926011
65382 -8035289824
-19398 -1027315931
65918 -5157609867
49628 -8372383308
-18158 -5365491996
-6642 -6107712723
38762 -3825847036
11898 -3283811588
-48232 -7616998488
-1142 -2382903443
20302 -3313484104
20762 -7050853451
-75582 237965508
-95862 372575117
64218 -196081012
-43750 -2706915115
3092 -8032951156
80062 -1649746576
-60690 -2854949915
-40288 -6230281504
73170 -4686843835
-64422 -8166232883
-90388 -5186487324
-76052 -3904484852
-79188 -538283596
-92362 -5208629552
-27210 -2827604880
-30530 -8462545120
50998 -651262947
-37418 -8762864379
67282 -1224900859
-81122 -9715439867
60100 -8496159380
47048 -5771462432
-28522 -4512964448
-13060 -262469980
23342 -4675782656
-4998 -2701349531
-27842 -9582770192
-34970 -5460684595
-3380 -481993340
-59732 -7057586892
-12758 -1255226084
12582 -2494270216
-38532 -42848148
32508 -9453854708
-97942 -7255229532
41120 -5854440840
-93010 -6568564840
-67530 -8708129155
94162 -2686979979
-97962 -5528785787
69218 -876471987
-54102 -5183632763
-55558 -9258314356
59950 -9075341635
24038 -5570924328
-94442 -153210947
56002 -9866022764
-21922 -2933421072
-89368 -7420722704
-79980 -4491540620
-78230 -1922325780
-53442 -9854866627
-62818 -1405541611
-1282 -6321656792
-8030 -9490349755
-84762 -5783330987
-33478 -1980625011
30950 -7396137880
-16712 -5729219352
-75782 -3746241243
52492 -3682891716
-24922 -6409273403
95910 -7380736720
-70902 -2808378508
-49562 -3867615787
22698 -9522068428
-95478 -619188499
-79392 -6399436288
30728 -8559898272
89618 -4914161923
-78730 -3643023120
20098 -7873212107
-84288 -2141465896
1102 -5330695424
87858 -4492983708
82918 -4391977843
-81158 -5193108691
17210 -15473635
-77418 -8893198824
-17690 -7506628675
-61098 -2983946091
24508 -1777337332
56660 -4739798180
19868 -2328942452
-6322 -6959472083
-62538 -1502842731
52848 -66980608
66152 -1148522224
83188 -9295766908
-22678 -2719199076
-69678 -5014867596
-81688 -4484846256
-3692 -2554444268
78942 -9903493939
-61298 -8735007816
41172 -2638403524
-55178 -3213151259
-7218 -8760361784
-41930 -1596140115
34372 -1648690516
59052 -2713122796
21662 -4449344456
-8070 -2847644035
1202 -1251257524
-92742 -6107078483
-19200 -619333760
-65208 -5073066256
28340 -2531474500
-9428 -7363335284
48040 -1956675160
95218 -2602480467
47918 -3948414928
38202 -9176460571
-3658 -8761942651
13402 -7716054796
-55500 -5369819260
80302 -5181873424
53642 -9633816539
-38822 -6773234147
9582 -7463685776
31638 -6715921592
35038 -2406284083
-64700 -910984540
84300 -6500712020
52902 -4139955979
86582 -5279791936
39452 -2767564356
95292 -5631665796
-11160 -9204558360
22718 -2566241112
6172 -7301607564
14122 -7372271691
49962 -4206367939
90778 -1438887428
48950 -2415735915
34808 -1398808808
69938 -6783043467
79138 -9395442492
70762 -9668149484
93462 -4352161571
36862 -7670350611
90222 -5518336016
46742 -177464584
92168 -3370794552
40868 -5818546492
-10038 -8085094564
-93282 -8568575968
-89102 -4841167132
-59218 -9432556131
-78558 -7047754964
-20702 -6865523107
-35310 -134637195
-46752 -3070764008
-16202 -9637357528
-33698 -5092354411
-92742 -5087543267
-9938 -3504150499
-42342 -9433169443
69208 -7235492552
-3628 -8745743284
738 -7535808308
-18918 -2935336884
-52688 -4284958976
-50302 -8460198083
-40982 -6671754068
41878 -9296041872
70760 -2313878760
-22422 -7746869972
45218 -5314815972
89288 -8093083512
95742 -4067441744
-53882 -5908549352
23448 -7788018608
68952 -6447284896
-71422 -2514043372
-53318 -9284576619
31858 -5401195683
80492 -6205951676
-44970 -2074655515
-29392 -9203632608
-44570 -323711880
-44772 -9219325332
83218 -2972097867
-39672 -5585874608
8252 -7718528796
-26338 -3813796784
-20362 -7589582152
48748 -5203305772
64422 -9295521011
15050 -3147142660
26562 -772904884
6542 -8122415856
22378 -9474749883
-88502 -1143433283
68982 -7072316936
46518 -5967917568
-11138 -9525416864
64770 -4922356035
-2818 -6401345304
20718 -6862097827
-9128 -8732323824
-7752 -3420909352
-23078 -9998607091
59202 -2389452579
-92338 -5568536531
33098 -8334910868
52338 -2330412252
71462 -3586327651
24710 -2510730920
46478 -5889419323
67862 -5511259539
-8202 -7943996147
47308 -665727252
-93730 -9653851000
-35102 -5634051187
5132 -2850012476
-14230 -1384342580
40868 -1353892452
91810 -9823936115
-68962 -7430579987
59150 -3651220040
90190 -9620939995
13850 -8711609395
27030 -8609242400
27488 -7035157992
54570 -7476194820
23010 -9410537380
-7112 -731191488
49850 -5605390435
14332 -5876099916
94790 -4916309760
-22918 -9451633019
-56802 -6475659608
-55550 -9920397220
1342 -2530258584
21782 -4335699744
498 -4215837172
44212 -1652520196
51422 -9967077736
-46490 -9280505320
-3658 -345381651
4922 -3259182091
-16558 -4138957531
96780 -2542938580
-86230 -1813955180
22702 -5459017339
-28060 -4014053820
-77848 -3498516336
-83580 -6858860500
83432 -8124011256
-25208 -7521104576
92810 -8776285835
34062 -8622418264
76010 -5976955780
29362 -3451242324
-38930 -9029616560
81540 -6252926940
11438 -2710113963
14378 -356749212
-75592 -6506972152
-50672 -9647756408
37772 -905451196
-53542 -4700112668
-33642 -8816183088
81768 -5875252048
-88680 -7553212000
-11318 -8043713244
-51118 -8034302324
92902 -6101461304
57662 -3824581651
-50238 -1098197764
-44772 -4193987732
-43412 -3521736212
-34002 -883240088
94750 -4638151035
96072 -7964427536
-53398 -9573707099
-94858 -36200491
95288 -5789384632
-9290 -2199084595
-63608 -7989513504
35442 -9878343619
41252 -1723577116
-58358 -3881805076
63832 -5613403416
91268 -7033462548
-72942 -9757960708
62730 -7714574195
33118 -2351864347
44770 -8089480355
-24542 -5144938707
87518 -7005829152
-91998 -5897541731
57248 -6533386712
-34600 -1016830560
39968 -6671183472
-610 -4488072600
-33930 -9147835395
-1602 -6699352427
-64342 -1722227868
98718 -8694392192
57998 -9599179443
93270 -8365934195
-71868 -3911278036
53202 -6311927236
25772 -6328804076
83830 -9884116760
-88930 -1686694320
-57748 -330050436
-67918 -3388791004
-42998 -3731210836
56980 -2259424860
-59382 -7921321372
-37262 -5306328228
66682 -313494244
-26318 -6922526651
-12032 -9964265512
81328 -476210472
-88658 -2554240896
-35618 -5141225616
-25102 -6004158812
-76922 -1941367432
63862 -1769202024
-13058 -332350216
60002 -4082476796
-77088 -7108931424
38098 -7473922108
-17482 -1736294147
49132 -9534957876
-64130 -3649106435
-15102 -1316421812
-57518 -3104798811
-98822 -6826016212
-14790 -5924343995
-35360 -2987813880
28470 -6807197995
76808 -6849106072
-26572 -4872361748
95750 -3573996760
94542 -5947501051
22782 -1774904176
95248 -4683323552
-89698 -6361754891
-22242 -1143982832
4918 -245336952
-68588 -9566991636
80390 -8238064195
-1542 -6253638588
-51570 -3019876795
-65628 -3231445636
20498 -8315344347
57562 -9086159796
99848 -4222669072
-35690 -1938772240
48312 -1661980704
-36840 -4685112640
13870 -7359103635
27150 -2247655555
75532 -1296487124
-40182 -9456896028
79032 -4465391736
14950 -6240878320
94702 -5736951616
53380 -4319072940
-87848 -1932036624
-54118 -4884869699
-82550 -3134480155
-64402 -3235288163
-20060 -1435945660
-39682 -6136624467
22030 -5539654200
60998 -9600125352
-27822 -5417201012
-83882 -2161389787
34122 -7131911876
3630 -3974869680
60568 -1612948472
14150 -2228140280
45832 -119363376
96560 -6316491480
62522 -4988308996
16042 -8461426644
22582 -5860425424
-53338 -7745466304
67378 -3753206532
54878 -4607731768
-87740 -1598916900
53558 -6980642667
88012 -3772594204
-37310 -8539000460
41588 -2151563332
19012 -8390129676
69312 -3833665896
13262 -6226110984
41142 -1756477904
75910 -6609588480
31822 -6436022251
48862 -4560107659
57162 -221968036
-69432 -3914694928
37428 -2523263732
-38380 -105471300
-67288 -7836627456
42290 -2096848020
14252 -6189113836
-68982 -3173408067
-21642 -6327716488
-52362 -9014689392
-16480 -2060694000
10238 -4743658632
33622 -8872872216
95268 -586044572
-70612 -6039337908
6330 -8695531900
80822 -7728310144
-48180 -2281488740
-59878 -2032557619
-35168 -3314377104
86848 -4697898112
-27722 -2611132883
-29612 -8284275548
-14022 -8681900172
-48190 -9567832940
47532 -1558749236
35210 -8514050340
51802 -197145099
92748 -9938454612
48798 -2451121552
-60980 -8814181220
51028 -5466261068
-44852 -9991089652
27838 -2709266923
92192 -1269424616
69858 -3381631172
38498 -440080228
-88068 -9794587804
21332 -3589918084
44078 -2871874528
79258 -2722682852
40938 -9289173123
-13262 -4148322067
39720 -608671720
-76092 -2672424308
54038 -7297501928
-29212 -8484833308
49638 -5233418688
30078 -232806947
68342 -7736932251
-41950 -2216660900
65258 -1797012923
-25220 -8268377940
4592 -6506353304
34648 -2785130832
83830 -6399020435
77440 -5104966560
-68810 -644906160
-17778 -3624004939
-85930 -7748476920
55490 -8284974780
52778 -9321229692
85202 -9847443604
89192 -3183576456
7182 -7633556144
-92808 -6565487256
-45692 -4825998532
2802 -9305780419
49810 -3826167115
-6700 -2582024780
51082 -1569952059
6020 -1182996460
13252 -3698415004
65362 -750226284
38692 -381466516
90770 -3763714715
4388 -7404143308
-95472 -3684034968
-80730 -3279093520
-98422 -3085319348
44990 -1166635640
88498 -6546528427
-82202 -3001311627
-43508 -114284556
-86590 -9219206460
-49590 -3747858380
-34358 -9783404531
-53038 -9555546771
26378 -9155449243
79688 -5994582032
-88990 -8353898780
20472 -9794195296
-27632 -2330848048
80208 -5119989408
78782 -8446406211
-77382 -2050645867
-92260 -9745892540
76010 -7306997915
90712 -5215735656
-94672 -9400229512
48642 -3013288659
-54928 -7239808816
18678 -8658610712
38458 -8348430948
-64828 -2933647684
-35918 -3130409036
18238 -1304593992
-84858 -9521492851
-98548 -8591825996
18938 -7114248548
36452 -96881124
-66918 -1336066699
88682 -5802558651
41372 -39443036
21172 -8463471676
94592 -7129769344
27888 -6983759312
-11872 -785896712
59398 -1281844872
-89030 -9470755500
75232 -7883529736
-48678 -3369172596
17908 -9923434532
8288 -9797867928
-48972 -2987879228
81358 -9160355243
-58728 -2713557864
45902 -4675624616
-67518 16671596
-40378 -3540646416
-56110 -8785538780
31930 -5624872460
-1950 -6330122380
-82078 -3740134124
4360 -9186643440
19360 -8524418160
12330 -799936060
-37490 -1026435360
-24982 -3456239987
-31520 -3078333080
-29938 -9712965299
84388 -365042988
14082 -6621296179
85788 -9182586812
78428 -4759655748
-49978 -2245286296
37758 -5806641032
52658 -7111293443
-97362 -648510048
68242 -7323241996
76700 -3396724660
-89568 -9199323136
59858 -7585357492
96242 -7563815796
-54652 -162188668
-70290 -5539023560
15468 -2132148548
-16998 -9546732699
-4250 -8452994195
18150 -8964716440
4222 -3022711336
-5658 -4153543931
-59610 -7014134275
-34708 -8323095596
-18922 -2694929947
55192 -9617690416
-66948 -6751135316
25082 -5954538091
19298 -6281662003
77742 -5055121019
-82362 140122288
72942 -9850306016
-8540 -8397335620
-89390 -6777275035
-73990 -361389340
3050 -277557315
-81988 -7835565436
-49958 -450713491
71702 -9514196816
-36778 -4997068624
-5010 -3046778035
-19950 -6896223755
67618 -6922840252
-24722 -4024428123
34612 -7131792084
16880 -2970426640
-29862 -9521718867
93588 -4978555452
-60678 -1023891684
51030 -5730548080
87102 -7681311019
-68558 -9944879819
28878 -2031090168
19428 -6138353012
-79078 -7946703124
80322 -9575714596
-19522 -4141327928
87560 -797755920
-86982 -1799412427
35778 -4845537508
38042 -2708516004
49210 -1260696195
-73980 -6425320180
-36290 -2298093795
-50318 -9328319124
-60538 -3944614611
52148 -7060059852
81212 -9907479324
-2812 -1803082028
2792 -1256045376
46118 -9930142723
69138 -3889215148
-46662 -8136855452
-88452 -3984943628
45368 -6774455288
10450 -1553642940
-10142 -6982088107
-79382 -3806975348
-36382 -5115048163
24452 -2954426444
-17562 -8722447048
42490 -2203939275
73360 -9920160360
52678 -4283803408
-62400 -4393546960
69858 -3180775667
82010 -7298757075
32418 -5790895267
-93792 -1549596632
-182 -8383148427
24832 -1395563616
-98682 -8003776747
-82172 -3427740092
-83930 -5755029875
67010 -6157480235
48442 -2935421571
71982 -4666370104
50642 -6464631131
63132 -83610076
-14252 -7097970108
-100000 -2202025680
-44718 -1368224324
-50358 -4726631156
-32522 -2655027283
-62982 -3270211147
67038 -7347719907
96018 -5755423627
-61478 -7551724084
7488 -2255250312
-11090 -5690770235
-42482 -5767642872
-70418 -157169491
6822 -1497105944
-83490 -2693282320
-15750 -3678837980
-77188 -668488476
-42288 -2298952736
6472 -1796077816
-75082 -2555429488
-78018 -3926425699
-95968 -2287611216
-11002 -782269563
-2198 -9823690011
20028 -4270634572
-69428 -9851449436
-88992 -3663243608
-4562 -1067826363
-86928 -9104299736
96570 -4017754820
-57132 -690193388
-92370 -6276514400
13538 -5305627652
16780 -7905487660
-37602 -423244008
-72722 -7870996683
8142 -8434659971
1722 -3477216819
28720 -6195823760
-93790 -3942642555
-53018 -6228286184
94898 -5688417083
-88188 -6162058276
-87288 -6921296464
-27890 -2672390280
12862 -3669240936
-98882 -1018381587
45842 -7463851804
44770 -6569201620
-50738 -85179336
13018 -1385914092
-12550 -4727024460
-95608 -7838759776
-80582 -7154718492
-28638 -6482717804
-68730 194348320
-69318 -3567766804
-25662 -4185559012
-88842 -6053194963
89898 -842464708
31250 -2783371715
12058 -1266921427
44050 -2692284460
-27050 -6774462160
32682 -8623104491
59090 -9968241835
49038 -3357738787
-9572 -4624464428
-80682 -7320340627
18912 -7940884184
-38618 -1118972984
11560 -4186322000
-15862 -4248939092
47280 -8995104160
78092 -4158730364
90682 -5460429444
-90978 -1552346059
12112 -8373254424
60258 -9959669107
-30212 -236534348
-58190 -7936341420
5128 -5617573408
-71408 -5523419304
-67548 -2376954236
-24642 -4711810427
-10998 -4739363371
53930 -1256076155
-78812 -6638722492
-71498 -1193937419
66502 -1154466819
7228 -2043932412
-53288 -8052694704
46060 -2596500020
43910 -765691560
47622 -7752329864
-95078 -5695058099
11558 -2654054832
-18448 -4396306504
40042 -3689863076
-43598 -4782741356
99502 -6062470336
-25718 -9951794131
38930 -4105743195
8530 -747628555
-89408 -233438016
-6512 -121592048
-82598 -6043279444
94862 -1184337776
-52290 -4882527200
61818 -8598202347
97512 -6493767424
-81778 -26495939
-51190 -4905054075
418 -9176199763
-33128 -1434491744
58618 -7674668172
37038 -5533531432
-42772 -322235292
23092 -3624168316
22578 -4810035403
-57122 -6615535992
18288 -6146604232
26068 -2264163268
59902 -9184409371
69398 -9695307632
43640 -3227747880
-70098 -8889211091
75902 -5577460144
44598 -4645538363
31738 -5724468963
-24528 -8437305744
-28478 -1112859939
30742 -5981679531
67802 -2949204499
95038 -6935377963
-74868 -80659444
-97410 -1443430555
-41962 -3441239848
81698 -7098382412
-7288 -868591824
-4398 -8285227819
80678 -4338229432
10642 -6978984619
-98418 -3375959131
-27082 -6362183512
-1770 -5529508235
-52030 -5332171340
-94892 251088148
50618 -7668356827
18110 -8181230555
-85582 -1400321787
75070 -4092703395
-45010 -7897085875
28970 -9258298700
92762 -5194974404
-74478 -6420258739
55742 -3370235264
-59968 -3059841976
50570 -3831432555
45932 -397260844
33102 -4252137416
92182 -1347105099
60312 -8314635664
12778 -2420949747
-96602 -4908996768
-80958 -44653739
84658 -7743902532
56262 -1013450224
-21282 -6575130152
-33798 -4565177731
68670 -2362819240
88018 -5383127963
52778 -6961218787
30350 -4573542520
-41182 -4752941923
45750 -8491397795
-98038 -324828459
24390 -1468207000
-33252 -3504545228
60082 -7428453556
83090 -5957235715
-47800 -4067045320
55510 -4971378360
-60302 -7295991668
-35012 -9413056388
11088 -6053015392
-48212 -8003785708
-8668 -1375060644
39290 -6361101435
-20828 -2059256524
-88282 -620589792
36232 -2732042104
-61880 -4389812200
-45218 -6411575491
87792 -8651040176
1218 -8224580163
-46790 -6387168235
-93078 -3019007276
-76798 -2067167691
29732 -9254962884
-68152 -9915347472
-40392 -8235696208
-4018 -3748716016
-29622 -4141046083
70980 -1934074780
-480 -5041684560
4652 -1315813564
-87322 -4987308707
36232 -2839298336
-92192 -5569622672
-69792 -9300152288
-63512 -3056482432
56878 -7538610968
24368 -1769328672
-53150 -9294153475
93870 -9881890960
-51050 -7785113435
-56128 -7545727984
34722 -7899037964
-70868 -6756421284
-81532 -8734418868
-90610 -13538200
28882 -1634408284
84882 -5340166004
-34888 -9660599504
-31852 -8112330428
57590 -3104592155
73410 -506777195
91242 -6031256419
-19152 -6626981008
-23072 -8865610648
16598 -5099167128
-32038 -8577671924
16808 -6450643848
-88210 -9103865515
-85972 -1406887668
96378 -8425591643
38202 -5062733931
68432 -819941136
16350 -962142955
-76888 -199104864
-8408 -1398722416
-69900 -5718185260
-12958 -8467661339
-89788 -1810023996
85088 -5612560632
9372 -1694087476
86202 -5026686891
9938 -7399844212
-83710 -6903477180
-36272 -182503792
-26040 -6494580840
63038 -7197420888
-34288 -8331041376
-52622 -947868067
6152 -7214244536
39042 -1609630316
79778 -3900320483
68292 -3777486556
17372 -8766467244
55020 -8410395380
91268 -943575292
4430 -1450987400
-96098 -9950521091
37482 -2029961731
-16638 -499991484
73750 -8156446160
-9058 -8897225064
-88840 -5423030320
44292 -9045605884
-13098 -1758776219
-95908 -8762460644
28060 -6216508140
-42502 -1670844747
91350 -139142200
93550 -886763240
51770 -7716775340
-64112 -4050439512
-71242 -1153552827
-90558 -5356671076
26688 -8078839808
-45000 -3681861120
-5870 -2868781275
-23430 -1232837100
10350 -1826195075
-65860 -7672225340
-5062 -6089563948
-50642 -258054808
-77762 -3061980048
-53018 -175013744
-42262 -4803262363
76488 -9277765448
99000 -4769635200
48548 -8998657572
31462 -4412291651
56042 -4994301619
32298 -3981122652
78030 -8102347955
68922 -9030979516
56938 -6845651892
-27782 -5804606323
-18402 -924964832
48940 -7770545460
-18328 -1740633944
-27202 -493095483
-93002 -4671506307
71302 -9221086491
-37782 -9346369028
57382 -2649532931
-1428 -9708156076
-91570 -5743055835
86188 -4174598812
-58078 -6445370516
92680 -9366143080
62838 -9648575763
-8222 -8266971412
-13250 -4497838200
-80920 -6015655480
53238 -8355436427
-56890 -2533289875
73290 -7718357595
-30430 -5447223700
-73710 -1838105475
-70172 -9771201772
-302 -7020539203
-22598 -6652116619
76318 -4443900067
-88042 -7168844283
-28162 -3431796963
-57568 -6915686144
66582 -5076387131
-60578 -4437233811
90812 -996057324
55182 -7616923256
59578 -8681836268
-29922 -1155887083
61958 -5362995923
-1282 -7563975067
51838 -3015337763
47030 -8451889360
14770 -2942072100
60680 -1535949720
78848 -2371662808
-14522 -6854712123
46550 -6503010555
86492 -1063274276
14358 -7145439307
50658 -2048059868
22152 -5634163896
42958 -4456048267
-39738 -7720759784
-19498 -1947980019
-12118 -9682134684
-53462 -5173393763
-37072 -6162998992
-75922 -1412117083
-63302 -1841878347
93568 -3777381312
-12618 -4677282144
-92618 -9592553291
-19070 -9334476700
-42732 -245308828
-14150 -1565955900
-55158 -1632537331
46182 -5723501699
-63300 -9345004100
34262 -8745843104
-74262 -49376867
48740 -9254411540
97340 -8061798180
21098 -1129858108
63540 -6041996980
13302 -5593632856
-23268 -512670644
6898 -3081524108
-53298 -8165881531
98218 -2135898523
-65998 -9471430491
80758 -3985876272
-65398 -9980153644
-28122 -7065680803
37792 -9510127776
8572 -3763147436
43282 -9643015779
-23258 -2671143891
16110 -1778951915
-84778 72987856
-89662 -7804818683
-48718 -998086404
-39322 -2254891243
49732 -5943978556
66178 -9934440707
55190 -8622804395
-48778 -3976536771
88768 -6155013688
85290 -2626261100
-13998 -678016619
69222 -5025890811
12822 -8559533611
-6698 -2113408424
20472 -5450173264
-6468 -7278891004
-86142 92027812
-43190 -2198719500
49350 -8851992915
64582 -2827922691
-73442 -4600132307
-1128 -6156228896
-85558 -2088430979
-67602 -390436883
-30848 -4950906304
8278 -2484276048
76298 -1032896203
-62890 -675401595
98818 -4296074163
74498 -858164228
77250 -8576633260
-15358 -3094079204
52622 -704163824
-81758 -9964554939
-24402 -4634948032
22372 -6744811084
57018 -4873191203
19890 -2596713395
-14020 -6466094980
-438 -8138605979
78938 -1214517507
-38190 -3068935715
93798 -3726507568
-43582 -4840424363
-35628 -6659464884
73532 -2440370324
-49078 -3118013964
23432 -6485604824
-87320 -5636984800
-44582 -4605829843
15830 -5515291875
83602 -5759352371
64998 -9920562203
99480 -9782177680
-92042 -640648923
-69310 -7236598420
38838 -6393934808
-41908 -3789491364
-11490 -5337734080
-92068 -957603284
79648 -7848599512
-64778 -4413792536
-71382 -970074172
-11478 -1222615299
-12982 -7846637787
-72838 -7092988356
-12342 -1790988547
74740 -6788457980
65638 -9236893088
5642 -389188931
-66488 -8342933984
-21272 -7342007792
93790 -1845826315
-42110 -4741836915
43342 -4052980816
-98700 -1275240540
-66690 -9780829435
-98932 -257735812
2840 -4139470320
-72998 -340724756
-59610 -3748748920
87658 -1940859588
21912 -1677419784
-29838 -8427013459
-33178 -1692591611
-19782 -3575321828
-65512 40262088
96982 -8914262136
61808 -4562853792
-75720 -216002080
86808 -6795283272
-33818 -1938864419
-20500 -1323488260
28898 -80892947
67782 -8183935016
-810 -1887368915
-69772 -4644568732
-62120 -3723138840
-49692 -4241600188
-83382 -2363945028
33222 -2550388619
24138 -4826513267
12782 -6240715936
54082 -376995331
46010 -337927475
-47570 -8914092240
-11710 -2418320860
-22342 -8692031283
-86232 -3918707368
-5010 -8816181920
43512 -3489342264
85602 -3056219524
-98398 -7977662404
40438 -8242302488
960 -262705280
-99380 -8742317140
54948 -8909762788
-902 -9418412308
-33918 -4334511891
-57912 -8523342048
-97080 -5777478240
83600 -7936466800
76548 -70186268
70292 -6282045964
-80118 -3717401819
3778 -1473801507
18642 -1365147444
77772 -591972436
99068 -3326544772
48428 -8662626892
-4702 -9585868932
-85132 -4472376788
-56578 -5873559939
9882 -5198276076
52252 -1216112444
-81282 -3621057763
-45572 -8825354812
58852 -1610490524
82808 -447754288
-20760 -2871591080
-85542 -9158206683
-58838 -4495279931
-15610 -364210115
37562 -4414634931
4870 -4713410680
-43448 -6563041216
91418 -5241758547
-12052 -5596997708
-53958 -2993770739
33622 -861552339
-74262 -4349241692
-91122 -3124728283
-98418 -6190471291
-30682 -297104523
-87418 -2956173259
52770 -8800736995
44722 -6566151796
18488 -2890785728
-14360 -3998003320
-84402 -6434626328
31682 -1609563651
-9668 -4027563876
-28522 -7464146267
96322 -7541934836
-99768 -9520129416
-84618 -978669424
-29052 -7251376612
53262 -3302378104
18468 -9234275028
-49002 -5127987152
-85052 -4947033012
-81880 -9169527040
18350 -5184538995
13242 -2863439684
35312 -2114822376
-84870 -6106124220
81592 -2255331784
-77390 -2242943235
18882 -665284019
-49200 -8059989440
-38002 -2080599843
57480 -1285945960
-39792 -3948289592
19118 -1306419992
-49358 -2433099339
-34662 -2042676932
81262 -9637523979
-68748 -731166164
11990 -5062798800
-38042 -9221139723
-27282 -1065111048
-3430 -563408860
-35368 -9589149904
-65230 -8291391915
-11222 -7783507307
-72028 -7981896876
1280 -1698614000
-73842 -6682615563
-49708 -7352853244
55902 -6086271856
-45110 -701639660
-91708 -5352554884
-45258 -6723910816
71680 -1475720000
2588 -5921993988
86498 -9781661947
55570 -2447064115
97730 -7032528580
91248 -920770408
-21782 -4937797972
42810 -8558309620
-3048 -6841839264
47632 -2740259816
-66138 -5975832696
-33222 -9785294507
7018 -6377427972
-25622 -3297109268
-60782 -6988215003
94388 -5618937212
15242 -90269531
-92252 -6383145588
-15060 -7856640940
6270 -5218500280
60232 -6405105704
-16450 -3181330800
54840 -3056188240
61858 -6407591052
-23558 -2287681491
47262 -7391642939
6370 -9023105780
-38828 -7773842924
-97552 -6143650088
-22152 -8024143152
28922 -687906371
80910 -8525342920
23280 -9705091720
-10422 -4213291572
26062 -7379659771
75160 -6682747960
16778 -3500544987
87242 -8946462339
-81102 -2398281268
-47810 -2261093840
-9730 -2051495040
12688 -8692745192
95198 -4668366483
54068 -5916789788
67152 -5935252704
58598 -6057403163
-12262 -955222107
-91542 -2352435668
60638 -9059623712
-24662 -238654828
-13610 -8653694115
54042 -4226492291
75032 -8276244784
-12848 -2376159224
-23642 -9376549467
-79870 -7186194820
1130 -9382864555
-51230 -804468955
-80782 -6561080203
-4458 -7234283291
-68032 -5242516968
-80902 -6936974147
-75858 -2394073784
86760 -2634132520
6988 -1617891492
-13438 -5333232411
-59958 -349515179
1598 -8361102747
62118 -8174922648
1898 -3392802388
89902 -8641906144
-90858 -4130762219
-4622 -975792708
-54770 -6362046880
59330 -113943260
92792 -2210279584
-75318 -3994320804
43398 -4782706147
-2108 -5903449244
30478 -3714643723
-25512 -6191991208
-52792 -7455965832
35562 -8009410604
-5088 -9877450384
53588 -7900527748
14838 -4990524712
-17778 -878025384
45490 -9241489675
-58612 -822408988
-48502 -3547552203
26698 -9576612172
-52598 -4384134196
20938 -1813062227
-97878 -5641790596
-72102 -8480349412
36758 -2068491083
-20408 -971572296
35998 -5158214387
-96498 -7784220291
-458 -9603412979
72790 -2562822960
64570 -4163065500
-30138 -1124015779
38100 -360826540
-3560 -2226605280
-18902 -8726403188
14372 -5843119036
24330 -1471681195
-75312 -7128942792
-18390 -1251344595
83168 -5154495472
97498 -3146797027
-13310 -3972401380
-31900 -3316858740
-88122 -9850668043
55938 -1037548388
40902 -5395794304
22582 -8963386931
13938 -470645028
-79040 -2321569560
-33478 -4791354964
7548 -9037448172
-91192 -8808408792
54182 -3194390824
2118 -5897027003
-56552 -8842017128
89150 -6629145760
-60842 -5500585027
-46202 -2054404483
-94690 -9206601875
-88138 -106386411
-23942 -3679971708
-78290 -1479128275
15722 -319147051
-74260 -5727509100
-75338 -3240669976
-51210 -9974637235
53548 -2261373708
96632 -8932359736
-89638 -6792641356
92468 -296264388
26918 -8876058123
54518 -9348064763
-70562 -1245826963
-59168 -5497054144
-46958 -2993806579
26508 -1276889892
61932 -4602010924
18132 -5287866556
86442 -4787943691
-19908 -1771295884
72400 -6725160840
2942 -5045850251
48408 -4967318608
-51372 -3830548212
-72610 -9336125080
-53982 -7406179892
-9222 -9885364883
44272 -3530718016
-56560 -5554078120
80450 -4864311820
-88328 -1490591376
49370 -9399801620
82338 -865832492
35822 -2352206616
-34572 -2629069668
66052 -4228694516
-28082 -3984300187
62490 -132503100
62562 -572479196
-79182 -944783763
-40390 -5727321075
-47260 -7548724940
12202 -943130204
36248 -7520755608
-54088 -6937398704
-44922 -5361711048
-58230 -1762216100
79702 -6275254416
-72118 -6417777076
-21570 -8598445080
-30662 -7670000948
-23888 -8288055056
-8602 -3304265968
-87192 -7014647888
-28402 -7732468168
57610 -871606420
89222 -3803031099
-22162 -8181288707
-15698 -1639955539
-37232 -1341235728
88098 -7855309468
-28770 -8762398680
-5892 -8237112892
-55918 -8692774636
-81302 -779911172
-40810 -4383697000
17630 -139242120
46588 -5415538908
47182 -9606662699
-52718 -2340096819
-79822 -33316332
9550 -8243654995
-46582 -381912323
-65702 -9009938212
55602 -1216658764
86978 -8469090683
-75220 -2740374860
16730 -8810309420
-49398 -2962775091
-95398 -8353264164
-16918 -9488715916
-52722 -137082672
-47240 -5798137880
58548 -2100421732
-61058 -4708880216
-67098 -7167491544
85610 -9908586380
-42822 -8565150868
28338 -4435871732
53882 -4371678116
2978 -9215605108
-84242 -215672163
-69058 -6871256259
-96038 -870256324
49018 -2474631427
-46022 -6760657747
55520 -5331601520
-69110 -9591920220
86472 -1974635424
24952 -2917768856
-32868 -6626223124
-83728 -3543318776
-10428 -7638134884
-27718 -5626750404
22448 -7435266128
18028 -5172321548
-81348 -7536449436
-16130 -5963134115
74778 -3206057843
-19358 -446284076
35850 -8089424940
-99122 -952376808
-82522 -2138061203
84528 -7573521528
16262 -208657856
-5650 -1339470675
-84418 -9216705936
28062 -2344854736
36972 -903107484
-15082 -9814198328
-39030 -2413452395
65482 -2006669259
-83702 -406701403
38588 -1820977348
77550 -263809515
40410 -7291792995
82962 -9747334131
-9658 -6694087616
13208 -6152830768
-4682 -65276448
34522 -4676112251
85822 -1528410176
82982 -6685990779
77040 -4714391800
-12428 -8918983676
27398 -9546206032
-89890 -8070668315
24190 -6998423560
-66172 -5313567668
722 -3571589796
61242 -7735815539
-17082 -6526805288
-62878 -2666826844
-15052 -7974632172
50002 -2158243964
28438 -7330538283
28362 -6930723596
-95790 -3474235340
52828 -9475769612
-85702 -4947565763
63230 -6259742440
-91990 -7511824395
-25610 -7342417755
70738 -5195913923
-80878 -2279740436
69412 -6716204404
71942 -415291
-78130 -5212784835
-22082 -6728427043
62328 -288638168
42428 -7110621892
-87032 -6470879968
81228 -7525932412
-72628 -5169519636
62562 -5086876884
-3890 -4290669760
-42452 -5004316572
-67240 -6170941440
-24332 -3044058612
-61562 -9922221528
-79082 -3262599192
71292 -2168678004
14882 -4295277099
-30142 -9386597963
-42220 -4029410540
85562 -7125519196
25238 -4976930448
-82698 -2336680264
-67922 -3571868432
92800 -5709173880
-23498 -7471071856
94022 -2991828576
77550 -1199034880
51082 -7904735491
4358 -202064368
-95652 -5006885028
40542 -7844806539
30012 -2516335756
91118 -8741659523
10550 -5833264475
-21948 -5671526924
582 -5056800456
-32272 -1132431648
42758 -7589023827
77682 -199953699
-61462 -8942363723
-54282 -4117572763
92002 -6215756979
21702 -1764627024
-1868 -9646264284
58250 -8177261220
-23262 -7859145427
84098 -8845090268
-66928 -9413922816
-48542 -4876835052
13502 -8179863779
-89242 -6319574147
-73818 201003341
68320 -6718163280
59858 -3057171683
-92470 -8026401780
-74768 -8936960984
-20420 -348646460
41422 -8225819016
70942 -2528235456
-68748 -3520838596
-60802 -5478529443
36198 -9437010752
-3770 -6388783560
-4618 -7023926851
6982 -4972230011
44152 -4312014344
-41512 -634272232
-11988 -7300327556
46518 -6204961488
-27942 -7168434748
36212 -2623729884
-78268 -4912231276
91338 -6021383452
-75498 -107512779
54680 -6586371920
68260 -2646085100
44398 -1743677643
84382 -8916496584
97988 -9450346292
-82232 -7661570968
-60788 -5184005604
17848 -7720684488
-30060 -136722580
-79218 -4746404211
90402 -5397148756
-97040 359364440
55842 -1771720091
94768 -9885661552
62522 -5514802316
-7012 -7703537908
2902 -7604343016
56398 -1096679547
40622 -7471903539
45322 -5052428499
75498 -1298510932
-87718 -3001797804
24192 -8415030056
57668 -8962352772
-15438 -5533233796
-61100 -7821271740
35382 -6211459259
44090 -3087702395
-7918 -493797116
-10008 -4204204776
-30502 -5257570603
-43218 -7961431304
33078 -3022348723
-27942 -8708135948
-11178 -1095831496
22738 -9041558148
94112 -377474256
49302 -2607609736
-5600 -8038836360
-79470 -6042982075
29580 -1450653780
74598 -9423367763
11162 -8470166179
10782 -1159187624
-18858 -9568236451
-50210 -838395995
12622 -4953142976
-99278 -5439805716
39378 -1452851108
-74458 -4694890419
3582 -3928838824
28350 -5901718280
90998 -1217489427
40802 -3814229299
-3160 -9926849800
-47602 -4642576643
53658 -8225835307
54848 -4566573432
-72418 -4675535059
-84612 -5553542828
43078 -3730074432
-59752 -5824447032
34518 -7755506027
-55770 -1206944715
13822 -1322066571
64702 -5216987611
17340 -349437340
95332 -8327494204
20298 -5386027228
27482 -9653276124
-80010 -3246267080
18562 -9128985364
-34028 -2892941884
-89962 -3485261363
-70448 -7663079016
47482 -9637237316
9158 -8237284963
-58990 -5538973460
-73848 -2695861744
24198 -9160058072
-51210 -3552205355
-67402 -8689326003
-75562 -2809876387
74250 -88212275
-47642 -9007130683
-48822 -1999951348
-27440 -5894363480
-72990 -6448827355
-18292 -3936017732
-13650 -8406049360
-15592 -3970952552
-458 -5512225819
91678 -2955370523
-59892 -5200515852
39428 -369294772
78862 -7501069984
5460 -403233220
18658 -2296210163
-81248 -198482736
-21432 -711359488
-16722 -9747354408
-3170 -4901124795
-95352 -1240552072
10012 -7737241084
-48838 -4421691356
45982 -8609986291
-23610 -5723542720
3732 -1628148404
-80602 -9174564872
15758 -6398626563
92540 -6659682460
10932 -6260352876
68038 -423371883
70968 -194066952
87500 -3378900020
90022 -6446998059
66750 -6272069720
68258 -1828366692
43848 -5929737408
-89902 -9612323572
5678 -60706728
-5622 -6128493067
-65438 -2170918771
54882 -486166659
-99830 -285243555
-2320 -6180933360
-77262 -6947117363
98918 -5182242712
71890 -7500489835
-42600 -9007133720
-75592 -6022940672
-70918 -7358784604
-17442 -7380829123
23622 -4930925296
63418 -3634723452
45972 -4935905476
71598 -8792271112
-24310 -1781316940
78188 -7517643132
93520 -8862988560
-23448 -520391296
-63808 -2398576816
-39178 -9834681019
9138 -3138274923
-45122 -8738927067
-45778 -2931007971
-33520 -9752377440
16978 -3862857947
32342 -4415269291
-32330 -8643601795
28572 -8676699644
-4178 -3548073339
-3752 -3755467168
5202 -9343258299
-79502 -1253623532
-73018 -5375286184
-76792 -778980192
-88658 -1977674731
78432 -3957249144
-6818 -8621129304
-37940 -5440088100
15662 -6258944939
95328 -5001917168
-71242 -497424792
-77402 -7834947952
18780 -516480140
-52930 -4739264880
56078 -7380454883
-27592 -8930075432
56258 -9252579267
85638 -3459237923
22012 -5491763476
14708 -5180205292
-49298 -9965540091
94602 -916780324
33938 -7666991492
52288 -4042730992
-45592 -9122071832
60628 -4169932132
-1092 -4801879252
-94858 -2995281291
-58280 -6942065360
-72178 -2539371091
38560 -9188745600
44970 -8792896035
858 -6477373723
27500 -2408176340
81142 -3046757096
22418 -7907568028
-75478 -1076612444
-47500 -2628765820
-88078 -1343673019
97178 -5379515587
76030 -7088388240
32592 -9703074544
26478 -5146617968
44140 -6796751460
-37658 -2168866264
44992 -5722563216
4822 -2309300984
-84522 -2931204432
45362 -8553948724
44118 -9757741043
97910 -188302800
35400 -182788240
-84142 -3951682947
-63092 -9266867548
-76790 -1422213340
-28348 -7693553444
8682 -1514249716
378 -405849228
-69098 -3613691779
-48010 -3812435040
-2612 -9427976812
22390 -1335856155
-56268 -6432583844
-56388 -8717875004
-52400 -269494240
14522 -1459753396
-34202 -3085994272
5580 -4213854380
-47658 -1374438816
-62062 -3546025427
-15020 -1461302780
24538 -885379563
71248 -8367555488
-32818 -2745043984
-80702 -7747845612
-80592 -494366168
-66682 -3593494227
-20968 -3740647384
6678 -8052711947
72742 -1791220659
-862 -295025123
-92870 -2428939980
-55818 -39831184
-5302 -3508177388
-36722 -2804034547
-89562 -8912477827
-34942 -1036061788
-82110 -3119330675
21478 -9405656683
-8598 -8575534379
22738 -9865792027
5402 -2862853339
9550 -8922096720
86760 -3005906120
-46752 -9099290032
-50858 -9550529256
52418 -9590678252
-34492 -2832921852
-39738 -7501702304
23842 -9214417219
-93480 -5972472480
71052 -1716340324
93870 -5516667915
-7982 -3070189652
2878 -519095203
8172 -5804990236
5870 -465195275
-93622 -6015187628
65198 -4149699707
-20058 -1374192104
75830 -3022102395
81062 -7274998776
-62708 -3151957084
-90202 -7820783787
-48392 -9500314232
-63508 -8295448756
-81460 -6061098620
86138 -9204518092
-52658 -4743809731
-38830 -4638517980
-72902 -246962308
-48890 -9654395840
85422 -8646977624
-58532 -8576680092
-93268 -9208508716
-94442 -3930074483
-56862 -1463882332
-45360 -8384477680
-2758 -9564103131
54828 -9603015668
51182 -8338643504
3420 -6332666420
71940 -585433340
-42382 -81410667
82990 -4888132995
-61762 -405531467
-68948 -3691601716
42858 -3256517923
-22418 -2346726624
90962 -9618289284
-79500 -4611713060
44050 -312773675
51228 -1021442308
-622 -383953707
-1858 -6878257691
-53442 -5209699472
-43338 -8137749864
62492 -2883275084
22078 -3309154683
-29662 -2577550628
62162 -2613810796
-73750 -6535987475
76188 -8089800908
31910 -4549858075
11450 -9472593715
-65950 -5388628740
-40400 -8403261640
-43902 -6826690147
98678 -6414210168
-14282 -6301979088
-87062 -5799845403
84458 -2459364083
82860 -5100439420
-27530 -3257266435
79182 -730741784
-58822 -2985227523
52372 -4616031924
-32230 -2460500395
-7788 -8728630004
-46538 -4313903699
-6902 -5631540212
91952 -8513783544
-35480 -2942201080
26258 -9162100172
45802 -1052156499
-14810 -7088601120
-67282 -3364864152
33522 -8970437491
91928 -5425372928
14448 -2890564568
-88150 -1207439940
-21682 -642319048
86278 -171301243
-96200 -786252840
-12150 -4360724915
66268 -6353047012
10802 -1218942171
-56738 -1067161659
38708 -6463252668
95408 -2342002872
3530 -5274604220
86082 -5388174476
81398 -328014963
-15202 -4018309363
49232 -2025478904
-84130 -6527768595
-12130 -2410890915
38678 -3528327707
55620 -6104151860
-92272 -3798084032
62490 -9308702515
24808 -6996287472
4102 -664010704
22832 -2238004856
68610 -5691792220
73622 -4777345344
-8482 -8523468467
36220 -2258889700
-60622 -3842595803
2568 -2180592048
-22398 -6500756699
-55118 -5506369659
41522 -4879090171
-43602 -8618553803
-5898 -6151860379
-86760 -3609045240
-94928 -7087251936
26142 -6257786619
-63958 -772239364
89230 -5400102160
-97798 -3321631931
-42562 -6904188403
-89148 -4128465204
-49798 -9222321371
-75768 -9727471376
-54522 -2336120267
-60170 -394773160
-76792 184941008
-59138 -2445097304
97548 -8845236028
9552 -1241631656
91600 -8984223560
-81832 -2642148552
14358 -259086307
-16642 -5721154992
-85568 -1371424344
-80982 -5652114468
54668 -4935822492
-46418 -7027813016
-62918 -3240958284
66758 -7114594323
-29268 -6383296276
-10712 -1495135512
-33830 -867573835
-68670 -6028893820
-12382 -9862506403
-58222 -5817184612
-16602 -8953260872
39938 -7768245308
35612 -3912937004
56802 -1924973699
55398 -709465803
-91532 -1731812428
24950 -1283165515
-54768 -4375166616
34292 -6484623756
-62282 -8038147227
59762 -8909878404
71902 -9778303731
37258 -7375135772
60698 -2837598283
-64712 -5017593792
44858 -9411498972
-57518 -7413812651
27632 -698373856
17770 -7295026300
-61458 -7286318179
-72438 -8610906396
28078 -5782765048
-96990 -8767880875
-29882 -1120863888
77310 -5669782315
-36598 -6125844436
-57182 -3340597643
96118 -1614541992
11582 -9210963344
-98610 480267520
-66982 -2032833547
-87078 -8501630436
-76192 -4148940952
52978 -3025239307
-29042 -2656889923
57118 -6595685763
-48090 -4751476480
35172 -3486262716
75578 -3063285548
-51618 -8886111016
63242 -3600302939
-98040 -3575505080
83898 -948257972
-36132 -9532012668
-19918 -9896990836
-34142 -6764085707
47628 -6115176868
24138 -9658756763
78878 -1047906843
72912 -6998845456
18902 -8990154939
24288 -190298728
13202 -391953379
10018 -149074692
36458 -8707026308
15190 -422340315
-60442 -1609855427
-57262 -1202743363
-92580 -7275328140
11400 -7738496920
-46252 -6144268412
3918 -9500249168
-73598 -9595667131
70682 -9144566531
-25852 -1697624788
-18618 -5183454504
-78382 -3243084403
62180 -5874075140
-24508 -327906516
32632 -2817094216
-9382 -3321917748
15778 -9754124148
-66458 -5130883304
-96482 -8190727392
-20818 -7528772944
78822 -5849740264
70280 -2303960760
-12910 -1369104035
81178 -2551021683
-15670 -9782444195
92198 -2484705747
-67298 -480806056
-3748 -55983444
31282 -6998213244
-42082 -9126850747
-67912 -2741617152
-62422 -4688365308
31690 -9122037395
-16682 -8354591827
19222 -1937689336
41222 -503802771
91288 -9632259848
-39100 -7449283580
-58382 -1900114268
-99372 -5162715732
-43808 -5832237104
5858 -6522393732
64590 -4708689275
35998 -8335628072
-95542 -6944714068
-53600 -5720506080
3710 -7935105680
-5068 -1615278716
47422 -8382341851
-45290 -8397328200
53852 -1456252964
16190 -7129730880
-49982 -3596842852
14238 -9606574307
71240 -8338001400
-89560 -4047515760
20440 -9494521440
72800 -9113124400
67142 -6257640064
-42812 -2749204812
-43632 -6737555728
10922 -6802746284
-47302 -6902377083
-12978 -208193496
-20730 -3027918960
-83262 -5756847708
-60328 -6742512984
91262 -1843881259
53938 -3157140787
-25248 -9704506496
-12830 -8182588460
53818 -6405103723
-64882 -9029317968
88618 -9205295947
98080 -1923952360
-69000 -1027494920
-8502 -1176894307
-38538 -1711209704
43780 -302970940
2372 -4212284236
99752 -4608234464
-39382 -214829203
90358 -8541552467
-29008 -6291764904
4362 -5812778676
-67852 27340388
41910 -796704440
7892 -9253629676
43688 -7106261608
-58888 -3221769104
-80772 -8973854428
89572 -45417924
40738 -4982353563
-54858 -3044183331
-82708 -8513161996
11698 -5783747163
-49442 -5081021848
4740 -4606865460
-74530 -9784354715
-71518 -4429717291
30498 -6382069852
93978 -231554843
30762 -6075019764
-88270 218298685
-58342 -8793118748
-16702 -4092937027
-44438 -7758619579
17930 -4097546620
5930 -5662157435
2410 -4851026180
19628 -8924223868
23478 -3370532747
18658 -9959445348
-70178 -2684402211
-30950 -7278799795
-92452 -2008903772
56400 -7248946280
-96808 -8178434296
-78958 -3465955139
-55102 -6820160252
-47428 -1941268916
-6168 -632338904
-33682 -3807838467
35922 -1067373419
-2892 -9126337652
35448 -18712112
17768 -5013489912
14360 -9719719040
44278 -6495473632
-65482 -8466410987
98718 -7153336928
-61468 -997804324
59530 -3905118795
85028 -6439032908
81102 -8285807379
-24740 -7456409300
-71982 -5119922988
91982 -1853888099
-2422 -6119011323
-3090 -2476778795
59550 -6554469235
-16338 -4819313539
-38328 -4618159184
-85858 -2240247384
57102 -3658545691
-22550 -7415928755
7738 -9560025412
89132 -7739316956
93358 -294662648
89222 -1146545211
35330 -1420674835
-36542 -4384495147
-62242 -1441943227
-54410 -5263836920
80752 -4021875656
90732 -1535998876
49418 -4346299068
46498 -8391506907
79668 -2858461268
-98268 -2547865284
53888 -89281752
-5770 -6605371720
-77542 -1474697523
90782 -2687420211
61702 -7927222171
-81670 -6798910035
28302 -1329468744
-31970 -5957063680
-36022 -767315787
68002 -2883913179
-52778 -7645126296
75682 -2728151051
27470 -2533819960
-85998 -5754661371
83628 -4816770572
-57382 -1976693588
-1692 -7179518252
56112 -4080899536
51692 -1384848316
-78780 -8668447020
-40288 -6675516056
-29098 -1740459016
26930 -5840327100
-46310 -4493315755
-86782 -658753443
-23002 -1519141408
7618 -3602559572
-65638 -9718180276
2020 -7736918380
-81838 -2667604211
-70570 -711265755
-42898 -2761902891
-43268 -5248740924
51788 -5809414932
-19372 -1544326028
35998 -3688710752
75820 -2797303780
94792 -7593308256
97818 -9054873147
-42972 -3551639092
-25268 -7659092124
60992 -5943025896
-93682 -538956427
-56770 -796243920
73772 -2293942044
-81340 -2083667140
-4012 -3257865332
1342 -8287625491
77310 -260869960
23930 -4446766715
-74518 -6757687851
17438 -88043408
-53170 -4551936235
86282 -6018819324
-82828 -5944561244
89050 -3882525355
87892 -3544715004
39562 -3235714939
20362 -9247201259
-29582 -6649445787
30828 -3714047228
-95602 -9719428307
90898 -5746596483
80350 -3664440720
80618 -3153734347
44070 -959651435
-81408 -9685066184
91750 -4347800640
57412 -7002562484
-79708 -9688214596
-32260 -642412780
99650 -2913780260
-52240 -5032498680
35898 -710541772
49908 -5973287972
40518 -1941144928
-93912 -223152888
-82270 -3525272500
-15468 -1783683676
-17062 -7572067907
-51058 -3596027304
85468 -6924554828
74838 -1973816752
-17592 -6686052392
-93642 -1538105488
51402 -3510010844
-98210 258291565
-60740 -2866200060
25038 -9542427632
70512 -7990730904
-76072 -2967072112
91322 -75934659
-80278 -9498351036
-62422 -6442138843
79032 -7164898616
82910 -410764995
44618 -4305952923
28198 -4621943712
80298 -500494172
-21042 -1748094763
-14612 -9107606708
34368 -3511044152
40498 -2022120843
-73752 -5952647168
-5830 -6163407980
-56698 -3587211979
10442 -1971232371
-41430 -6248166435
54678 -3906593083
-40098 -1258906336
37080 -6506015200
-82738 -5851830251
83558 -2688664648
-15210 -7019824075
-69532 11989228
9650 -1942796780
46862 -2537065136
9938 -3987129387
83780 -4586573140
-60848 -697730736
68632 -4772843616
27548 -1500596108
37238 -9042624632
-39952 -8187780352
-5850 -5666932795
74992 -9910530256
95378 -8256778067
-96022 -9767434307
-34630 -667521715
70052 -9528255244
37008 -4099948288
57102 -3585378331
-94822 -2055628243
89290 -2137312100
61108 -5753979988
-91238 -1527844499
-20318 -9541717044
-19190 -1574447940
34282 -201208131
-77558 -4254683139
-69578 -4333563011
50252 -1659056724
-86860 -2733307980
-51118 -1679758691
40642 -4428537956
-35470 -7676027180
55402 -8753495916
77302 -794070104
52282 -2140653316
31010 -1961801900
83558 -3826709683
-74620 -3325174580
95370 -1785152460
76912 -8068581336
64330 -917980540
-15310 -3355827820
-23762 -7227510088
62162 -3000989164
-6262 -7362237027
-39888 -5446704584
-72288 -1531502104
-31578 -1364060584
-90702 -5691221187
-88082 -4068355187
45650 -303792675
-47628 -519695836
-18928 -22226416
22012 -335418436
76748 -2487691268
-98518 -7443523724
-74538 110352861
66890 -1087325980
17768 -6826952528
60498 -4236133988
-53988 -85075004
-98318 -7729703099
-9982 -2211231763
2682 -9340331611
-62048 -6325402904
-26290 -455887400
-20462 -5995763412
51580 -134350060
79828 -901532132
-26750 -8139607715
-14580 -5615505340
53898 -1545597043
39228 -7545046268
47120 -3412518880
-78598 -6997465731
-99340 -3705624700
-30528 -4805425584
-66998 -1184284764
52638 -5078162752
71318 -377767992
-13390 -777100435
-70582 -6801847947
-78910 -661654140
15048 -153263128
-92958 -3827445539
802 -6351195619
-31632 -1109176512
99722 -7579955291
54910 -87337395
79948 -4410616708
-27848 -6581891464
-76972 -6423123932
-52068 -8195531116
50392 -1094338056
-95890 -9400693480
11648 -8468615888
46730 -2548581100
34268 -9342761468
-38290 -829756195
-67518 195196341
-88758 -6044308204
61618 -1026612163
-78158 -1731880516
-66262 -9764620252
-56742 -8187209788
26810 -2319135500
63408 -3392515248
-61530 -1392933320
4808 -2028756152
-32822 -5592486412
29630 -848048675
-99352 -161228488
49812 -3176848276
-63610 -9063858560
38652 -1030883596
25652 -2762210516
-56232 -3144190048
64432 -2142901536
-6018 -2270801624
99980 -6750187460
94808 -7446012168
93872 -5257196496
-96388 -7971877036
-10978 -7707835176
51478 -7168241467
89130 -8521760635
752 -6898531824
-33070 -3912501915
-76738 -7808561611
-12538 -1941103051
-87202 -18965787
-26198 -1811290244
97242 -7152481891
62820 -7340420300
43382 -6214595944
24438 -4693176192
-83322 -2278363747
2238 -1053684792
60352 -6110739336
61158 -5146205507
-54810 -4228426435
29510 -3038069315
18660 -1178778500
-58812 -3278520292
95400 -2758339880
-31272 -5068930632
76248 -3386097272
61308 -1579049052
87470 -2507703955
-57818 -6647063979
58470 -7818232555
24118 -5624672363
94548 -8345159572
57078 -9468707472
94368 -8149704952
-38080 -8898203880
19612 -9344544004
69270 -4968481955
-64452 -6933411028
17052 -2269854364
-14432 -9785934872
60840 -2213316440
-14082 -4229332872
39312 -2059042184
44210 -4967481235
53802 -6021678804
98262 -6029000456
-10302 -6432123147
64770 -8958303715
-69698 -4607749339
-24222 -5711504067
21628 -7625759668
-13180 -3156726980
-50522 -4455736768
-97198 -5396872716
39852 -8823001724
93958 -196094163
-40598 -7612740491
45520 -1738825840
30030 -7882288995
-86600 -3777128280
-70430 -712917460
6788 -9678213988
49798 -7803489112
80980 -2113360740
64798 -4244373283
44758 -2952966072
-32268 -751536804
-22718 -8077532316
-16288 -2729659536
-20242 -264297507
-64962 -9005833288
-3952 -4005679432
-71272 -8183189808
-12848 -3417273224
-73982 -749193948
37718 -366904803
13092 -4593198916
-37482 -6633012067
-11602 -3290564643
60638 -7093914467
-23508 -4840894876
-45910 -1505208315
-77212 -8633414788
-4750 -5536715755
2562 -3068398371
-26150 -7147839500
-59528 -3995011264
-71948 -7086264916
-56658 -5365281504
84438 -1836200683
13638 -6877450267
22388 -5953872532
18378 -8732506372
67450 -7397445340
38762 -7938580651
-8272 -437068168
-62472 -2809689392
77618 -5928367603
14852 -6621566004
3882 -941138916
-76100 -136999380
90388 -7426880692
-70460 -3834816340
-92720 -2952900440
6618 -2359638652
34322 -9550454276
90358 -2833593763
44362 -6502907059
32408 -6301830872
-29350 -5620460275
42620 -5836763940
-79228 -3106252236
-65318 -31739331
61158 -7125659683
66988 -7758027428
-32070 -4549945075
-73230 -4551367620
-17512 -4747049848
-89958 -7907113259
-46982 -7102689788
97250 -8131100035
-52960 -224088400
61138 -4941430827
52720 -8758861240
-77210 -5342770155
41590 -2487200040
62580 -8841863140
70732 -8769204644
46078 -7123342992
92290 -2935056900
-43062 -6077509683
-51082 -1797215712
-39772 -4935695172
-21442 -790253008
52030 -1502158195
64682 -3196862019
54110 -8528031720
35938 -445463227
-40222 -2541581043
-3338 -1638149736
-71662 251490692
-64742 -4940974948
8558 -2407667832
53498 -9521978452
11982 -5739226851
-95202 -7397199283
-65782 -6522568003
44648 -3475535672
98678 -9674704707
45992 -9176222584
-94402 -7920408608
-95942 -8418892963
-60308 -5128299316
-41302 -2449436452
18230 -1703238280
-59408 -2434506784
-77432 -3131915392
32110 -6420788280
-942 -5094903243
-97378 438735709
-78682 155451197
-2250 -5082949880
16098 -8777714572
63298 -3563316452
-3088 -4611887336
-82878 180771964
91242 -2633221876
-88028 -5914020396
75910 -1118787315
-80588 -2846219636
-77672 -7793734392
-86940 -7013947460
76122 -5894186891
-47262 -976938867
-51402 -9452498752
-65190 -7696398940
28002 -2878149796
-39972 -452929292
2200 -6853142480
73790 -5762092040
41278 -9598113267
10008 -4482947448
-48042 -2633625168
53440 -9227996120
-96852 -9853352908
-83658 -3580800944
96102 -8868288899
-83838 -3272198211
27330 -1842867700
-46098 -3828460264
-94800 -6692139480
-26262 -4240020428
-17438 -7563494811
-27098 -2934563979
-32058 -8593664739
-40588 -5263240004
-31378 -4637890736
49148 -8138910988
-33900 -4884147260
57842 -6838570964
-57218 78212056
68242 -7311303764
78110 -5018358075
-87838 -4750837604
56722 -5665458411
-13190 -4115830420
97242 -4326676884
-76870 -3883711675
12898 -7952012788
14720 -5964655160
38310 -5162123960
17602 -5275610211
73532 -310888124
-29482 -956269523
-95998 -8979240491
25552 -2324854544
-40782 -3534824147
-40202 -340218083
43578 -1427163347
-32218 -8272473251
-79482 -1756941472
-92218 -8954525691
-39932 -4458417148
-37492 -6932705932
64002 -1412771819
76182 -5327191691
33538 -6559239108
45802 -5963583099
92818 -742764403
-61888 3431096
1922 -1462369171
-2070 -9991974595
32298 -6638753132
86352 -2942378424
-39082 -8026974587
-83338 110646861
80102 -1661421816
79182 -8609595819
86332 -1157296204
92758 -4513489848
26298 -6777955172
-40768 -2692997384
-35950 -6714278340
13738 -3117486748
3278 -5504542328
91978 -4955400683
-72230 -4792151235
-99662 -8331462627
-19782 -817113163
-32118 -9678599124
52642 -533738756
-14350 -6088807395
-56938 -2688450139
9128 -5081481632
16690 -4561048420
49150 -8655303880
-86922 -9538960232
60338 -2197149907
26662 -2172428779
-59370 -3179932395
-79158 -6767691916
6008 -9050228432
-94350 -7518511660
-62918 -8582487844
11042 -273071531
-45508 -7503107164
-81978 -5607097376
-8368 -6869499936
75642 -5226968764
68998 -4077467163
-38310 -992711780
7540 -3316626900
-45338 -3850402256
23610 -5883652340
-718 -3309318444
-60018 -2122589251
-13798 -2707214756
-8398 -7053098891
13810 -6978185235
-63082 -2681851592
94452 -4426440364
54302 -3813072739
42612 -1878481756
-6390 -2753549740
4792 -116231376
81902 -9569281011
-95382 -6939194963
26408 -108011088
74622 -4801765224
49530 -3597636235
14488 -781773048
41948 -9319386108
9690 -6534400995
-96262 -4560598508
31958 -2103636307
20842 -429288564
-2758 -8594223564
-54330 -3581130395
-43962 -7610746328
-20058 -7641973416
-12662 -6585403092
-15338 -6076689856
35802 -9458391316
-17998 -5638035731
32888 -7732699528
47302 -1830817131
83882 -7351693876
6568 -8001296912
99280 -7624967720
-54858 -9685315096
-11128 -100085936
-94440 -9025106880
31820 -2022232300
-17428 -6819102684
69850 -9186360860
-59432 -5603545888
-61288 -173361896
-93720 -4039830400
14338 -660637563
-13642 -9285582872
-7122 -7564825723
97542 -1885075144
84998 -533901963
25240 -8520078760
71628 -9888475892
82568 -5259637912
-79072 -6497335272
84718 -8668555992
20558 -5293733723
-33532 -9078176412
31212 -4649425436
-948 -6471506764
-41038 -3473794259
13832 -2511148016
-81250 -4667024835
3018 -6788114252
-31278 -1373773171
-71380 -3958490380
97102 -2635388224
88332 -6658404724
62558 -9944543963
-98470 -7266830020
-43282 -6006189467
-49042 -1956568723
-68558 -4601877139
-52438 -3654575796
41762 -8043899259
77118 -4326779592
-95010 -5073640275
1602 -8312687196
13340 -854624100
-99242 -3318842307
-11150 -9340861180
-60828 -1322927164
44718 -2149780872
73492 -1304729404
-74668 -5967156524
-48682 -3791339712
84232 -4481647776
97190 -1017480880
40238 -699955632
-94700 -3820455740
36500 -5625583180
41752 -3500511736
82358 -6784726907
-7188 -1628298276
31598 -5049766843
82032 -2697225904
75198 -2760049363
21730 -2860673140
-39452 -3993377212
84600 -6347059480
-75172 -6313297772
10722 -8964596
88288 -8097355352
17718 -7708545448
24060 -1093306260
-38458 -4029987371
65550 -5362795835
36268 -1273425388
74898 -4152770252
-89298 -9531843971
56028 -3678649748
45362 -4068509324
-23090 -6725386675
-41018 -3329391624
39402 -4779998979
7598 -4720999363
-98578 -8853226536
95862 -3558309811
-98962 -57144048
10850 -5094597995
7722 -1880253964
-33532 -9159738852
92788 -4108569612
53598 -4517785888
58898 -6689752027
-49198 -8659046011
1978 -2139411243
20598 -1662099203
71238 -8807150128
53942 -1478809696
15942 -5511260416
-23412 -7131397428
94838 -5421860707
95680 -1844431800
7298 -353244787
69172 -5126873876
-27898 -8182191704
-34992 -5683936072
92732 -4007954836
63168 -503200592
62948 -2354293412
69478 -1212771467
-20482 -9590136747
-90182 -3940035572
-87978 -8297299496
-83732 -7264445828
-54842 -7803028392
80540 -2296667580
77452 -2755853764
34120 -3910620040
-30068 -7250829916
90458 -8626378172
17642 -8359017676
56222 -6164309651
25728 -847499632
2698 -3151021308
-48232 -3234373992
93638 -4489715187
66382 -5217859731
65262 -3889464131
58818 -5218139523
56480 -7766572080
30860 -5983071300
-69902 -3396176507
-5338 -5683514856
-4048 -9651195424
9010 -7043660715
-69082 -1814355363
-7382 -1984987963
88542 -4936895539
58978 -3971826132
19468 -2364108012
52698 -7153310068
11352 -8535235344
94442 -8566113731
-17428 -7030039036
-71362 -8261529963
25762 -944556596
-82530 -8383746715
28998 -1717123752
52370 -9010880380
56322 -8157832019
6842 -8197920564
-27222 -929428323
22382 -6602347659
25812 -4097674804
-94762 63055552
19578 -7643988492
-92792 412318728
-50848 -7096866664
-88890 -7176173675
-41182 -6569373667
-14250 -4219214395
-40048 -2910456544
12870 -7133300235
64658 -2861951972
-27080 -9319757440
51802 -9431252939
-20472 -6484097128
90258 -9784268852
-19920 -4769233320
89870 -3352776680
37058 -3412011108
-19602 -1602618363
14398 -3606282163
-89150 -4325593500
88902 -9001523824
-7830 -5337925940
-80532 -8494300492
75202 -3729035644
95718 -4547821592
13998 -5780521147
1652 -4216918564
-19928 -3282939064
-72902 -9795606027
8238 -4142177803
47090 -1488417780
-3270 -2922385715
3380 -5463853380
-70012 -1508280652
-96840 -6583176240
-14060 -4930551180
44598 -7729759272
40292 -1416422996
-9672 -5230669432
66700 -6621461100
85550 -5987445755
-41602 -9102460507
78700 -9848410660
-78878 -6299142939
13480 -1811429360
-25702 -9459325803
-62798 -3138232099
23458 -2128035123
-28008 -322508504
8372 -1064091516
73068 -4817773228
67872 -8081945584
-66262 -5203867867
-78898 -4330860899
57550 -6635320555
-51222 -6112415387
-77258 -4212284331
-71590 -6585284380
-68998 -893137636
82998 -7595831027
76998 -3225803952
45938 -9602085908
-66050 56139685
18802 -2073067099
-38398 -1992613924
-97642 -8493730408
17520 -509143400
41782 -7739842379
-76162 -6723310528
58742 -222928571
28132 -1666376804
20568 -9189802568
28032 -1767096784
91460 -1851172580
-18998 -5643719196
70160 -6274955720
-90448 -9051302696
-46782 -6730881563
-68730 -33517595
-56288 -9392063184
-77090 -5483207240
-11782 -5947412523
-97528 -7606361784
92290 -5070010220
-18188 -5118138156
-77698 -2829480424
42630 -7170467000
73298 -8806346228
56292 -6764560876
10442 -8521498276
-11998 -2230398844
-89798 -9074724636
80312 -5924584696
49880 -7613742360
56718 -6103691152
17870 -9653976235
-9918 -8378950691
39818 -8065469763
58342 -2893196771
52052 -2222006964
-74698 -5824874939
-82922 -2292470368
67590 -2190383875
99630 -2190544515
-73608 -513987456
-58088 -1868586536
26138 -3789715723
18068 -5258330828
-10042 -5074582363
2138 -387628212
-90148 -796793636
-41718 -3555868836
86962 -8112983964
50260 -5542068020
-16972 -7342324732
-3708 -7184881076
-42758 -6772965931
510 -6184061240
-8542 -3320424123
-11450 -8409899635
-13302 -2771654612
66778 -2501197003
98170 -9892244060
83058 -4778842892
-98742 -1144144708
18452 -654702116
-95722 -5363276307
75258 -3223097723
8368 -8054840752
-48048 -8194972216
-38950 -8479256420
-3392 -2710121808
-97350 -9429077955
-31322 -3609335368
-83860 -4610990420
79498 -7231735107
-26838 -4095739771
-61578 -3738516659
43682 -3345375659
-61942 -6225238107
14682 -8208939931
91180 -6700212020
97602 -7797187699
-45862 -174457187
44990 -9439773955
30212 -4706873524
31308 -325089468
57532 -7502532124
43692 -1777956884
-38222 -3448519692
22610 -1752810475
-40942 -5081286388
-30128 -9272300536
-74550 -8678959820
-13200 -2234069040
-90678 -5634668539
93430 -1440743760
-79482 -2644635312
-10920 -7595971720
90008 -5510283672
55712 -6710371784
66252 -6854991236
43942 -3346643771
-41022 -3689979883
-27758 -9946952891
60338 -6387942283
14452 -4831353436
108 -8896139132
-20388 -9403674676
81632 -4934651024
-21368 -2452414144
-4098 -6591019864
94942 -8495359616
-49782 -1363785563
20062 -3606890496
-57870 -9149177075
-89022 -2012807892
-52290 -8158771235
6650 -4024795660
-67078 -6826643676
57548 -1454314788
77198 -589052243
-80990 -9270385315
64482 -1240287651
71302 -1844886496
69818 -4026524492
40262 -1772706136
53760 -5441158920
-22312 -9105892992
12092 -8478037356
94670 -4264499115
10982 -7143004544
60702 -6772237344
94738 -3428811388
-66818 -3868832059
-79358 -2906590931
-16498 -1369414336
54550 -6511762675
-27558 -4206253676
15552 -6758717856
21822 -2692817344
-39452 -831779668
-45442 -2753101672
12722 -4588164796
-26770 -400951320
86222 -9500699376
-81142 -2268381972
-91720 -4973224800
67268 -2202862812
3450 -3294970035
-22878 -8768795796
-91332 -9393439372
