13681 5386653545
-7463 9527939945
17041 7299135401
-16187 3207663493
-30551 3884401265
-9711 3311459505
-52847 3337592561
44173 2748283625
23569 6199223813
83169 6931571841
-47747 9764595649
-82971 2441226789
41197 4884712469
-62723 8812531169
-2583 8019994401
-95475 6192480945
-64619 9248856065
53917 1179707017
61285 1570675681
58429 707822525
59373 9248927685
-5895 3564304293
-95675 4670700269
-73619 2412660145
8329 9389914885
36529 9456662509
-48167 2871729589
-45587 6376183057
-80195 4673809169
-37583 1700928689
42157 7528253501
-49907 6609657277
-93407 3266277173
25009 6566202817
-5111 9186080729
-81011 4503491201
-81579 6908531685
-32483 4364222189
-12531 1728258561
-30327 629453289
50065 1017501553
-39719 5520776329
61777 4286480053
-43583 6881654669
95205 3837808833
50361 9566836689
-58343 6063706597
49021 4392896705
-22127 4241364833
22501 4293842693
-74199 9042449013
-28415 6763455509
34825 8546342017
-18443 1319686645
-46643 3674740837
-45191 1924731229
-27275 8672537069
-51971 8066965069
12885 8885438769
16117 6711127609
42121 5459785481
10905 7022514969
38209 9402659173
-30299 7744415101
81961 3843584897
21529 2095306897
-49983 2521274901
35385 402247341
44245 4878826241
45565 1309737977
-9327 6234202593
-98411 3016012025
-12767 7954064485
-70175 6388095257
58497 8222726457
-33531 5500446693
96745 9594171665
46537 9463553693
85609 5616826913
53997 6909903069
-23903 9356964425
41349 5420864721
14521 2756147833
23605 3046028201
-86627 1980794281
16593 2059160757
-73859 5352462145
-34607 7955937821
63481 5299698137
79269 2249891025
-94563 9293608137
-779 970817741
51705 978071613
-14471 2697080725
-6555 8093408913
-39471 8539167861
-53007 3500719797
17797 1347613277
-81839 9749190829
-43499 4731462401
-51143 5338023553
-12767 7013401673
38025 8334380877
67957 8933026109
10021 1470241213
45061 355966493
79357 549069077
-22335 6477890277
78937 5974554881
91297 2930237041
46285 6501225145
-12051 4304973237
18265 4787929661
82453 5599109957
-34731 784282497
-44663 9156537685
84601 7767076825
-55403 6062278189
-48731 3481275529
-72119 4923452597
28333 3963001357
11377 3153194645
-1247 2021988173
-40475 4934560121
71749 1045924417
-99335 6489227453
32713 3938584001
-39071 4631356237
-411 656900649
38593 6191477749
91797 9801588861
22645 8144106061
-99719 2891615953
97465 7920095365
-98199 1539041553
65949 3173898789
-95411 893282225
57541 3659636341
-35195 3955146965
-85371 7593608721
-14231 4800558065
19177 5018538473
-70559 7799129741
43689 9724286133
-24215 7479791441
-57971 362132089
19165 5836007573
87793 3017197777
91525 6115539005
80817 7428784125
-33003 7723430181
24925 1832733221
68829 3053944293
24745 3146957857
-46703 7630096825
-36171 3753502617
-53171 287484773
-80291 5826623057
-16967 4926172253
91441 2949183809
9261 8292447105
-89867 1559732477
57829 5796059405
58305 2967631905
-99387 8199243045
57613 8029129421
-58743 9098860197
55549 3149292973
-80903 996250441
-41459 2546923177
25489 9323176441
88897 3556522489
-25331 3564421325
38061 9309576861
-93971 9542852977
22201 1298283725
-75807 1052516505
-527 6139413089
69613 2422853201
-17631 9965302953
-13403 111461821
-58407 8894762721
-34239 5579688993
54465 7951064121
49933 2041150433
61381 2447117041
58077 5312860137
-33411 2888447493
20401 8256814169
-10559 5792679545
-46631 7485354169
51069 9140609781
11817 5375598465
-77439 8056074189
-34587 8263595841
-29019 9150934089
36313 9614363321
-27939 1000946673
-9807 7918450545
79273 7186444733
38713 4822691585
-27071 8775094141
58449 1051000689
50565 1640031909
-90047 2592261917
-43955 999442973
15913 202522969
25545 8752577829
309 3448773405
-57011 8864125637
41329 6236968969
-97259 8320643881
-67695 9966255861
97021 896782637
14469 578080821
-79043 6431496701
-90231 1418509893
-48915 7649884449
23593 1000565045
-15219 4764383109
28729 9511369469
40857 760810065
-7979 2797207057
-59531 3704516017
81837 3050700501
-86483 5664908029
-70971 1538602905
6793 6196041257
-70599 2852031153
-53295 4657400013
53305 3059735701
8749 3565895941
-54095 5137656317
-41859 6553515777
76605 8426244705
-5403 5908080069
51121 2320671829
68509 3281418853
-67079 7826246413
70489 757115825
42409 3922465981
-87987 4727591121
-33971 7927453805
77017 5371839709
-5543 989929477
-26819 267397381
21385 1726111009
-9299 3198869209
8329 9173657513
27229 2745038761
44181 8458747857
-66435 8213360553
-62483 2784749633
21469 8159002373
-55707 3106723773
33441 2858509569
19945 8004164521
22489 3958465673
-49875 2922909249
-85583 2710496165
77073 7530867237
-50187 2059354113
2245 6147272633
-68195 2828059385
40557 980403213
-14267 6010391341
64045 9382293221
40081 3779055917
30325 6947706757
-57671 506103181
80193 5088775233
97105 4581888289
90109 2444760905
-72827 6888742501
35149 9177341681
-50879 7668242693
-42027 6365997093
39781 162147937
6505 5820870913
-62543 3762764185
-6543 6274541901
-46019 1312324753
-57531 7570137405
-41375 8050311221
99921 4867047981
96313 5612714989
31993 3596437777
-4787 7820869081
16509 1548708069
-10647 7402479057
-61427 9834277745
44497 2399126521
67089 9411798717
-18419 3749797361
92049 3839163633
-98003 7155227449
68845 4285910977
22861 356889137
-82191 1886804265
-12899 4496067001
-61383 3666227061
95325 3965986461
22305 3828891153
-75519 2945147649
41917 7922305189
72193 2677447957
-65111 8193627925
22965 3581796189
13657 9091551125
-15291 2659687005
29221 2411746337
-98823 7657855029
23685 5528404869
94825 4847061341
-20327 4107750037
23461 1394485037
-79563 5435460381
75025 8499578089
-18611 1008816493
17677 6339439193
-94719 9855884985
31753 1987091453
51685 5046634769
-72707 2475044453
-24699 2001546297
-29003 3016258073
17965 3063467053
-74423 4012187417
-50775 8200972125
-36695 9901455781
-51327 7659785553
60249 8689189233
53653 4434749201
-94695 754077537
-10043 4272693733
21537 5216723001
3241 5440547185
46449 7498234749
42613 5885263421
87409 8994389813
24069 947448309
-14135 1857274225
75097 3031872217
-61503 8800744617
853 9094291849
56485 9027128249
95085 3766296297
-65219 5586715781
60997 6260949385
37797 9506021097
73653 9740996637
50545 8291086525
80377 7029934721
-25395 111489285
74617 4095383653
69853 2320853033
72337 801795389
-12003 3266766201
-39195 6398058141
-98447 6620880725
7561 6091788497
-89111 936898457
-96191 4508409265
36517 5686746361
-31955 9991517905
71857 732248029
63673 5988196577
42529 8585297249
-87995 4311563513
-53687 9289386749
57457 3314144377
-9479 2505237313
90441 4490822073
-93899 1215329945
49321 9838798409
-83627 3886060441
-23387 1471213805
-19559 3420122249
-23423 4432381957
33601 1074792901
-33035 2720292497
77185 9768076465
64921 9528547541
-63543 4265347353
-41511 3685955601
23457 9821325525
46585 1182914137
-5051 7417996781
36985 193007105
76885 7723350965
79105 4778546729
71557 3185117305
20545 7005952373
-43919 8465821645
11245 3280853393
-47363 5305441217
69217 9682358821
66429 3285048417
43485 1009721313
55201 644208409
48805 4345155965
-44463 9132485529
75829 6005576825
39289 5037121321
31057 8572910633
-82787 3528207857
72669 9237518613
10729 562094353
-58583 9069173501
-98723 2044519837
-53087 1647797957
-53351 3091399945
-93443 3335389217
16173 2794565565
-98627 8676337297
24205 2976308093
90777 9366565665
20317 7230998513
-3263 8383666825
-9875 3260304169
-38363 8290615145
-35243 4387088681
-49931 7296052769
-10851 396422973
-10643 8970316001
-51999 6467269713
-68307 4046004561
81201 5542247205
61365 7400972097
70801 8002524469
-88395 4995019233
-46767 9242297673
89389 8598887329
22969 2055616861
-80771 9968677129
-41663 4405450753
57781 5236364321
-8051 1620303557
29317 3577186357
-87495 873889845
-93327 5955623685
18117 4846673493
-75315 7490647353
-60947 3739244581
-73271 9321686209
-23387 8233045853
-75563 8341254029
-61379 6844943693
33097 4816815337
-56939 5680246337
39181 9161590621
-99227 7836442085
6589 6752322169
59049 1644062241
93001 9596273557
-22527 8137239477
-81275 4774767053
-48743 7394069369
11413 293465417
-47163 4487880357
40173 5230000737
-26319 414324741
-99419 8712834689
-80567 6309772165
-42479 1808850653
-14027 3843211409
15289 764210777
-7427 3151303193
65797 4523020361
-49431 361815429
-81467 1966138961
-23075 7976834161
-37847 9071525497
92221 980517709
-90087 4089189765
-4319 9836815897
68661 6659354865
-22391 3317585797
46497 3070672497
73417 5133530357
81889 2049028661
19285 5776700441
-78071 671490149
81601 7155013681
75273 7326031977
51937 4777817977
58081 1034505001
6529 899081713
34801 3993920797
74601 3579555489
50749 3560601409
-49163 3486038641
-55535 8787225253
34189 8099976037
24853 1217469581
-75359 8152606033
-88079 3782021173
94305 5904750429
-95087 6438900857
-9543 9996081897
-29099 894079793
-73419 3358830873
-86507 4202821129
60193 4138144145
-25115 854225789
32145 2852424609
56049 4957951161
9721 2551865581
-14435 1951077173
61477 6381883729
5821 8827717949
-45443 9625631437
82453 1468458641
-54191 7949326309
94921 4571912869
-13271 1117500049
41197 6253351069
-32307 1740742953
-74327 3900972593
16173 6701298441
-57423 9842796609
14709 7162695201
39721 7330333981
20509 6545104069
-27143 6372943957
65173 9793125001
-52739 3086352029
-25607 5388067169
-36395 8057746697
1629 4093751421
-8999 6332184949
-85091 2606303717
96841 1496842601
-15779 1729235069
-44255 9060657737
60073 9080029349
6661 4220592509
-15359 9540460673
-74919 9828533001
-23583 8437274505
68821 4068698965
89833 6046991993
-40571 8775651625
-59667 8179513053
53509 7357800325
3829 8745008969
19033 3558667409
70257 6190241325
99925 2078955377
-91607 9267224281
-36119 7986421513
13 190479025
75433 4497373469
-37391 3052368493
68401 8534550653
-18083 7201445329
83317 2081401093
53409 1989347625
55609 5420849221
-70799 4422724769
-7115 2737499645
86965 9805923941
15153 6183946377
65889 2710093509
97393 2896782989
-83471 4093187213
-62495 4166699945
-1127 1041937897
65673 6151969053
20761 2918785597
30285 9875485197
-5015 1225731365
42613 2023170169
-86915 1907677345
-82287 2972138901
87493 3062688073
-23411 3773690929
-90599 3783658049
-56507 2847296173
45001 3006584197
19225 7564431821
29149 872483221
21013 9611698717
-40151 2167565297
5193 4308166425
88261 1695725245
62953 2091149845
55789 9420245621
-31595 4131601177
38977 7401493297
58189 5320001749
24841 6074301809
23185 6215869681
-23807 7461090305
-17303 2432497441
-90015 2300630289
56229 2827781289
-56735 2927779925
76057 9141400129
45081 2927238081
71605 7301724997
4429 2468576869
91669 2719408201
56461 4515855425
79549 4527003833
71485 7207600933
24493 5495837869
-22895 3136289509
-70199 7916684509
67549 1233228001
-86915 2048459057
63957 7099365129
-84623 7150859969
-61043 1091008645
7477 3337208345
99525 999783621
-27435 4278109977
-2387 1434590653
-68999 2509979357
23209 54588685
-77207 655018009
92385 5359684425
-35967 9244643649
22453 5512189649
-52167 7845252441
18145 5116898857
64285 9086986145
-61019 1803789401
9241 3625324925
9961 6179526101
49405 3302303465
-84423 2773296453
-71999 3156002197
-62763 3638812221
75421 8970035449
3685 6333502457
-51395 5111233865
56041 7265601265
54921 2560268157
17029 2993202673
-36291 7837342761
-19259 3468457573
30709 8532096757
-65951 5639916133
97053 5476323633
-92375 1012819745
61809 4216277661
45805 4303980893
10633 8880669505
11061 4517485233
1237 9791874437
-56939 1799159521
94045 1900499309
73621 8418466909
-60695 3311657381
-51371 6530370373
41905 1897129609
7057 1853381629
-50147 2443051781
24721 1171711045
45345 2684197473
-60495 5762749749
34945 9942676129
52917 9804658449
25813 3607276493
-34955 566059865
20397 4553446869
-4979 244603817
97693 2283770141
99205 5505151817
52549 5271806545
-92667 6625649097
48277 5689771829
24121 6583440337
-62583 2592748005
-89231 9377852261
-11031 5902368237
-62927 9157215449
93949 7051710337
-52307 5144054245
11953 878400001
-10991 9984044605
54465 5508051021
-2039 8733294773
-30099 2623966569
-36911 7897102141
96481 5211339445
71409 3686239785
46509 5796445773
91897 8950523401
7105 1621275473
-66843 8754172077
-7487 9320621753
-89483 3598052281
-95231 8175970325
-44195 3524395757
-24059 2083785173
-97283 5457021365
-5135 4228508753
-11447 1456001933
56445 7166690373
70017 6883316661
-35819 5420614885
46309 3656798281
67725 3671115753
-46007 4271430365
-40155 4746010989
71833 7953659405
-71835 2278401441
69345 8234317137
37129 2380245665
-4143 9401440233
-83535 5689960293
34573 9859827857
-88847 8473666645
60793 7347939305
58705 1198956481
29577 4992711261
60877 6699378461
1177 3143173589
-61595 3982639501
53737 7792330321
13141 3569464393
59917 7258856729
109 2157638273
-90599 6708504085
66333 510527457
56257 9211233941
-56871 4875176637
-39459 9389063313
-16179 6047290773
-60267 9860072805
-97959 7970881701
11469 8073143541
36933 5389134177
-36035 338204413
53269 9690184969
-4023 9568782813
-47195 5701038925
-35555 9598882409
-73007 1766870009
-17763 1522718565
89337 2451886101
77485 6432736925
81769 7176620417
82537 8386744537
-41327 6087288581
98833 3568659221
-99815 5756489261
-11411 802901033
-33047 4407700925
-95699 7728376565
63217 1319075429
-93623 3136160677
5725 6666983437
41037 1381960929
-40859 8467720829
-96527 8962044445
83305 3145923685
88497 4642562709
-12407 367474757
50493 5447286885
-65655 9000407277
55429 463104781
77373 1439461833
15073 1344278917
21369 2037304773
83617 9027111473
8257 9292862689
69385 5055518653
-97787 8046289273
30609 5843119533
-67295 412076573
-6027 8002865997
-85271 3289925353
-17999 6982283377
35137 3549242929
56269 1247331113
-9291 1961989065
67701 724819713
-71 8844741829
44721 8565872145
78853 8871195169
86385 4545667881
-2967 2715533721
-71907 2351402997
-77951 6539856217
-1587 1045457721
46257 3175349049
-46107 5990811825
-6179 594482773
-98111 5156157565
45157 7894548241
19797 9016121565
23937 1085713977
40701 3117383133
95305 6186539573
49741 4032691753
34545 8284673949
-89315 6846645445
-80391 1025143413
-22019 1151276453
-24227 4185717941
-37899 5412595377
-21359 1413123473
74413 7958719781
-48767 1578254749
77065 7712075777
-13319 8433008869
-35271 4058147517
19465 958149533
31641 4465811829
68809 5487139637
33457 6147497737
-57251 1197859505
29205 2722842909
-83199 674603865
-68643 5671925157
-86163 753409701
-2483 8321402173
30537 6418181793
-42119 9873950045
59853 8305438965
40537 1619260273
-37379 746864653
35845 1257463985
-72243 5234119953
97609 7942507733
-82023 685012869
-9971 6074540777
30073 7789099045
55401 3552786573
10197 2129612973
-27291 6247033257
-40611 3481670157
-96371 8534602465
-43871 8327826229
-77111 3006943265
-98867 9093013741
16021 7787246065
-1703 8025239189
-4899 3799997973
63909 6365162313
-12695 1262752229
23961 1666582821
-48143 7251629093
-47459 4184758741
30781 9851829101
-67143 1552695141
86293 5230144585
-18039 1335839505
90301 7137059237
-42815 8186841253
-92963 6679343969
-18239 4889856017
-67091 5918940637
45549 3664858341
817 585683825
36493 3481632913
-29399 7821918221
-99839 1440965057
-7739 4043309173
-25359 8866023237
86253 7236213213
28765 8806237333
-59975 8648804813
70161 5234584017
33349 1367404117
-59963 5015235989
10693 8374592965
-40263 3564117381
-58595 2167455389
94237 7332755441
97849 1148434433
-64187 6164386981
-89871 3189028725
-6035 7667968801
10585 9548981833
-49791 3068663469
-65651 2605269521
-25275 5524937397
-66275 7998009337
-20955 1783011897
82417 3445318585
55321 6733219453
-8079 6017953293
50185 3188724649
-73475 3149352161
44461 8866978613
-95327 6863282569
87537 5778498513
78805 6723495857
55321 8741986901
-50783 1955406953
96877 7924549757
-63359 843217861
44625 4198740993
-51831 363980901
75385 1916554037
-26955 4903566981
18409 4586908853
70285 1597787537
27157 9051995093
-50963 888856057
53253 4526045781
3825 4076060709
-91815 6531302817
-26663 4415452397
27817 5831745949
-35247 5450633061
-5375 2352409949
-67079 568559773
-54299 814044313
14701 9814847617
-26291 3106184189
82761 9731268501
64281 6189102645
-8787 8253448305
46477 6693217949
30765 5240623713
-12179 3662681437
72565 3561049181
-89219 6078329773
-82283 8425141253
-13587 3506995965
-61739 1336823117
41941 4033690985
46417 2964973633
-27975 835399269
-54251 2395663045
-76271 5551521613
45685 4681335589
-68847 8494255305
-20379 4053044133
-80547 9433569801
42885 1142613825
-44891 4691006333
16053 5104995441
-8211 4566978165
-26807 2765950085
87205 5051004361
-86319 7157367417
-55343 9348663061
-11123 7373196325
58053 1925894565
-36623 9702011609
-47043 7713559917
-17247 1242159753
-6251 8122311737
66709 1862497873
9537 1407886533
81009 1632472521
-50711 6358322945
82801 4464309425
-48063 6347583969
-42155 2488711573
39645 320832609
-12507 7106765853
-3011 4590092605
63645 2772014385
37453 5405072161
31345 7257056161
-46175 6902520293
-59891 4416204145
-21459 4414609701
-68891 1840241249
45789 4247841237
31605 5353923945
-24983 4003385497
-78539 5616970697
95989 2211896581
24853 2034560437
-28571 1679387521
27013 4581375013
-52443 1610650221
-52827 5378797389
-40559 1022631805
-34611 5406295341
58825 5852293453
-12795 2219466993
88021 3406424665
-89567 2314452193
5137 6851673533
80421 2806934913
25789 7490854757
83857 2087038201
78457 6145340885
-32751 3045438321
-96707 3428451013
-58935 5716779357
-13563 2539323825
-41843 9157155605
-28331 4798766093
32937 6018886881
5625 8202058377
-52211 322144601
95925 4954738533
31897 9289011821
-53471 2202707089
-12675 1927492293
57033 1514929989
20677 9632710897
-39059 6225593093
32025 7710759309
-60911 4466491625
45625 6832940389
84013 6676251853
99889 5764176073
-19583 3738117349
52413 809161041
-683 6514303105
-12551 1814774989
15777 9918186201
39717 3644496381
33949 4380403885
-93539 3951221677
-97319 8427919469
74481 1919290005
33481 5210340269
-46691 9606483101
10249 3093042397
-84363 7828497705
45013 1337320961
-12071 6168318769
94041 2210567889
-21551 7528951349
96973 1102425241
-14991 9498788757
-18251 8887978573
-1463 4233589021
5617 350780473
27301 429676273
-16799 1436371105
65941 8028351377
8401 5365089077
-23163 3217561593
-50819 5522146121
13797 2353242765
19561 6902339753
-34803 9138576225
86409 6426225417
1881 1638427101
-48947 2347970189
61693 6741083669
-75059 6550074053
-36143 8710577993
-10283 1597711225
36361 2177679389
-77747 5400410785
-6423 9407762229
-71315 1123010773
-59195 6160918781
-78555 740308449
-63863 4088254073
-28163 1545735637
-24207 2215275885
-96719 9823061293
17713 2466106109
29701 3702184813
35365 4049428417
58893 8374187841
34113 8316862893
9109 9255081089
32509 9307892405
-52535 3981903241
-31071 2018872101
22669 2230544125
9517 30040981
-12303 4990325865
-8603 371977397
4513 8885132045
-88943 725781361
-60635 829709353
-70967 9314442197
16633 6715271281
97761 9378834273
44877 8596591197
85189 3367467301
83377 7244592077
33793 8735874181
53373 8325349389
-92571 6815247273
60081 7002994341
82965 6989357337
52321 2848858693
78409 9302749301
30217 2059816193
-23567 1375448005
18685 5987872553
-51227 1415621857
83125 3601088701
-97967 9173447989
-14219 2149095185
47281 9160340237
58081 9643885841
-10031 1972863169
88501 9449654297
75937 8164175701
-29855 1623925765
-40607 1107364073
76593 5563873233
-29951 9760613741
-22247 3330833461
31837 8760470369
54697 4964867065
-28143 4542624897
43245 5340770169
46101 1995900849
-46727 6421001057
51057 2468912385
-39791 5164885001
-53219 1740438841
-12827 7608304813
-29975 2237872409
-19419 4659856329
-93939 1729321065
-88455 9835266417
-84779 7436574689
-84447 6359136957
-64611 8767048761
63165 1978757769
-90347 8925724405
96553 1776525017
-29519 7767479585
70521 1796383473
-83399 5297600629
86041 3415192153
86385 8452623489
74365 9373478801
76689 9119402253
-11603 7919054365
-39659 5754228625
62509 7926367045
-32759 9594619537
89761 2178770857
-45879 5731226673
-36851 9280676357
-92567 1175915269
-47279 2455880413
-45051 2283447837
-37751 6140238601
-33323 8762572109
73453 7936060181
2401 8321899145
21945 8917428957
73525 2735811793
-79023 8644104597
47533 8782934489
42321 3726952569
-83279 5668736033
-11495 7721191609
-88283 8524292165
-27767 459266645
23865 3818099361
39109 4346423029
97885 5588625109
71701 7234774153
-76227 5737385589
12441 8765196009
99249 897207681
-57299 2538048841
-11091 5947501521
-8231 5156707589
-33111 7781378073
-20963 675733217
55405 9083833361
51057 3200034333
92457 7009638645
67825 4335651329
77209 1060240709
68121 9783345945
82377 5256934701
-86483 8568244129
-32075 6155910689
36937 597633757
66225 6919760397
-49475 6143375077
30121 1837328897
31281 5338788153
-76211 2195575669
-15239 8445616237
-39903 2977143501
42805 6605980369
95553 4910467077
77881 9166501129
77281 8568413593
-87255 2503007745
-26583 4640009997
83965 4604939897
-915 1334582133
80449 4620201305
29769 2147924349
23041 811614097
32953 8199287633
-44027 5429281069
86605 7661654269
6357 5599727169
-7559 7824578917
-77027 2317011053
88605 2753786637
-84443 2783261309
52765 4053050053
-57191 6205651673
93193 5992079269
-18383 5762915809
-97839 3871149453
-73371 3174453273
2389 5620672565
15985 3189193225
41689 1831883969
-47795 5268387485
99297 8829876921
60649 8028371921
7201 670572233
70957 1281232633
565 2656395205
65781 9650662053
-61719 6731447937
-61007 2984253977
75913 1025571809
56557 1222687241
-42323 256111237
85513 3110153641
-71111 4056566821
51325 9223100893
-32783 1471432637
-20999 6418318069
-92543 798229225
67573 8709700009
-67535 4019960417
-90183 6911432589
9877 6968749601
-28155 5205857769
-62367 1604740809
33205 1165885985
-18551 4436553553
-1187 7349819057
32701 7501298789
26257 9168670561
8089 1094234161
-82263 3137513769
82897 1706209637
-70943 1575396097
82941 3983958117
-18911 7369980881
-57135 1132923381
60853 8211037301
-77987 3017429233
84033 1794434109
-54983 7925945557
-94379 3079541053
24313 8567011225
-40067 6166819237
29673 9286470405
79681 4168870501
-90755 5713398725
25641 6625348053
-57287 3660805433
24393 6840751365
-38927 1218250741
26157 701929389
53121 5903293149
56721 4041751641
15957 3674671905
76629 7391890893
48457 6562748633
2673 460884021
21481 4616689177
14029 5069338901
-54903 7549987677
67057 8389421113
15181 5416113625
-94223 8083993481
-46259 5350390961
43801 5467778381
-61455 3946708533
-90611 2639564813
-81579 9105195225
-39683 1348084685
18973 2817569761
-51851 1257237305
26629 9878572757
78325 4016994449
89593 7301092573
56433 5281310001
54721 4010837753
-83087 1090908097
-55875 3245407293
44937 3202240761
40909 9224226797
-31595 5767321481
23925 4108885617
57813 3255950937
-68835 7985328741
-25323 3018545685
51813 8552643621
54549 5170111425
-45803 1403292349
-91419 4672982661
27781 9150030581
-59891 4260570605
-52371 1143957405
217 2664291865
-63395 9189214457
-69191 9999732893
-15527 9887525437
-28823 9740819537
-54611 594816409
-61355 984563729
-27843 5255650353
-20955 7631130921
50221 1829364553
32893 2551761557
-8879 7898825213
-99015 5636835621
-82671 8078473269
-70151 3390821669
-80807 964733833
62317 8356241957
23817 9774684669
66985 3095746949
-51599 8951824117
-82943 4106469733
57673 400272917
-14979 6880252737
-37367 5423058809
-22991 2009951245
-40667 1091741269
2805 8392583601
-37623 5166282141
-56907 4780360545
80425 5497115813
2533 780922529
-80363 4884919733
10021 6509773093
50545 9763129573
38757 9253124085
34081 6661898369
8689 2489914045
-50903 9393404173
-91499 902766253
-18875 9057619193
42537 4866527745
-66111 1333335165
29833 8629349885
-37071 7734526701
-33503 3986353945
-99095 7730013053
-42375 553646709
92661 1864131453
-34127 8498562305
-31403 9720827497
-33207 3883490805
59085 1500393765
11245 6665787025
96085 2480821105
2005 5951449561
-63119 6766105169
16501 8585699021
-46167 3042403881
78265 7546747709
-22175 1070636029
39853 7575874721
50337 9396962469
-77519 2405271565
42133 9209865845
77853 7033148757
90549 8492798745
19701 2884725489
80677 8576954521
79729 5957461849
8917 8212081105
68001 8625937113
89977 1921407749
-99635 1878693289
69681 9388695513
-29255 6875166209
-42047 7356918053
-423 7614191913
-93203 9439783645
-48075 2420040465
-48159 8536186209
12973 9864300697
-8819 2670832037
69793 9529216817
98389 6824934893
2433 5604530721
9397 565906525
26937 5551079997
70753 2895071929
-9275 770357197
-86927 2372649605
6921 4115583441
50665 6403993841
-78891 7711729053
95965 9589624753
-95111 3355134013
24661 350068789
-92363 7360564769
94057 6944708981
44877 3332009061
70933 9108127729
41397 2238935841
-55487 7716240449
-29343 5288183385
27709 214610453
9133 1138520689
-7499 8992199621
61629 3568705641
-13307 5458430053
78145 9041962153
58561 1219462489
97801 1402397761
83305 9955110689
-73847 5859442021
-32943 8413995861
22029 5016200769
-65307 9091919877
85305 6232239129
19261 8973150397
74701 8169863621
-62439 7211070585
-61439 4173745349
-10355 1734056909
73777 1440800753
68653 3916851641
-49703 8090549717
9801 5241146241
-54227 1298705093
39801 3479454729
-90551 9390990665
74469 6055262529
-37979 7657467425
45453 5516060325
-98759 6876444457
51933 7603490241
34317 9493984317
49641 4472959713
-35427 2012556081
96285 1195009029
-15807 7649059773
-2315 1080933869
37525 2181588697
25017 4276765269
-24011 8914869865
79173 7167422865
-183 6395128581
193 1154642957
-41543 6407316037
-42447 2303595225
18873 4499280861
-98703 1400748321
68209 6918459949
75541 9498640265
-74567 5895514877
57489 8390960817
27045 6294890985
58297 9588009065
65905 7824921733
99277 4936110061
23989 6535837765
90097 5068667837
11197 8632684093
83481 2293879497
-12011 7251069341
-12443 9082059905
66985 1597082569
-91439 6983304521
-68939 7064848961
47805 1933967325
95185 8098065005
-58031 5452779833
-79715 7816134385
-99179 9589083833
35433 1094602917
73513 8945893553
-38963 6737192593
84037 3591568957
-14279 9129912805
-25439 1192694557
-5319 1199508117
-75399 8774288553
25185 1621740909
-28727 7726790237
-57059 3125114029
-93959 5416872661
72913 2483262929
80761 575676061
96085 3276695581
39505 599951941
18049 1582964125
-83259 7995050553
-83535 2513250009
53341 4788716909
24405 2705734413
40509 5180447901
63721 6105980173
18345 1187970369
-69791 2034608165
-77423 5380875161
38965 4789770037
-45935 1265252245
4117 9199771153
62985 1555728153
56889 9545296041
-94187 7286397013
-53807 8171922793
49429 6559204325
-1211 8962532597
20245 2819291693
-52455 8038407069
-74411 9840329189
35173 1811888405
92521 3759223553
41313 6367511205
-31403 2826498409
75097 1871951609
-62567 825339361
-95015 5437256993
-12411 8442138261
-11591 6968041109
-3239 9120729341
-60507 526100769
-87135 2392469037
-58643 9404698477
-20195 5978444981
15097 7091622085
-49787 4914406301
60733 8259032389
-79499 4401397001
-62663 7385373593
75129 3497679489
26425 892991489
53413 9010752253
-12623 2134727153
57781 3635211241
57189 1788879525
-38423 2181453629
-87215 2739279713
-92831 6947758085
-51887 1421167873
-31367 5572097573
16189 2430505841
-27371 7987180129
62773 2667925553
4429 152386025
12961 2991143449
-86399 3121859069
-91787 1356725921
-2631 1322984013
95653 5391119653
44809 2902109113
-33887 5263787645
-51507 7606789617
-62355 2865167637
81097 4044474137
-41843 7929805649
27885 7758823233
34681 3999089917
-34883 5081662949
15793 2617077977
54997 4731327553
-45455 8882579081
-11 5732992453
-24059 7834202033
6397 7816193489
1977 9763362681
-31935 9904944825
34789 7332213017
22645 4547499161
-38271 5500619937
-33311 8781412513
63577 3529782581
73489 4269862181
-76947 1280372505
-44951 7679859037
76521 4992190137
88693 8607634961
65769 1115384217
33657 5889152037
-52031 6664483897
60813 9237238125
-89459 7416049057
-47535 3482725701
-39935 7217656261
-59111 4112139821
-96195 8885990565
-33095 6056663285
30729 1518854577
41721 480783309
-8427 7783915653
-78815 5929854509
2737 4190741933
65221 3404455945
91357 5220912341
86337 7982798637
58953 4407171717
15841 7245900769
76117 6519251009
-10235 6933233117
50737 8346880025
82969 3119287133
-67775 676687601
57249 1051174497
42297 7156647477
-84735 5800429449
59713 3134694017
-86567 9541836569
47109 344623317
17329 6052918213
-93159 5429557629
-57683 3127757077
92397 942905889
46197 9380200689
94533 3940522053
34501 9032968969
29581 7194102137
-35139 2247009837
-86295 9029992053
28909 3471573625
97537 8863088453
98749 9078527621
20149 3860833513
-71219 9620897285
-56067 5778558513
21829 3577503929
70825 7471081489
55861 2563613209
-70647 9108079713
-31011 2054590929
-98111 2550492461
71281 7431180569
-6983 4180014101
-24111 8733396465
-51251 8241727045
80329 6702471301
-48179 1123966169
-20927 1322697761
71749 988853573
12085 3189132913
13257 3345094161
-76995 5803729149
93249 8007653637
-47015 9810548365
-32691 7528485633
-6995 7379528117
12757 7133636881
-827 7696374313
-28595 1006931633
-39419 3310792165
-29187 7794041349
-99951 897134865
66121 8055456689
4801 1294749685
19729 3121223401
-92091 7352579385
19609 1195918145
75049 9711432601
-55523 5137857281
-80355 9032861061
-69095 6381862105
-32723 3388743949
-80787 6919205853
77293 1749612829
-1703 5520141401
27613 1658979253
-99399 7132385361
54841 7233832061
47365 5100422773
76225 9122389369
57253 3268473209
79717 8772204253
11209 9506916821
-57831 1188270165
-13127 703867517
34917 3410194725
-32339 9929808749
-13787 3240676577
-32435 291491177
-89579 1636125701
64129 6887153221
91501 6819578861
-57299 7800885797
19081 4445064065
-82019 7960853453
75529 9877805981
66145 7340176441
46285 3927154933
20157 3878623761
-62339 4512598205
-76943 1703960933
-34343 6445431157
-52031 399788357
44745 6298724649
-8843 3954020101
-41051 1651530613
27213 7304528973
-80291 950587573
24529 5688874945
-443 2055471833
41521 8252212669
88705 2861354441
9913 3259749665
72585 835320921
-54707 7475342365
73117 3278230393
-29351 5767148605
-19931 3755919289
-32915 8683923485
81385 4279703453
-25563 146364417
-32295 4602159777
79165 5461944001
28485 3847716789
-64067 4916488369
60061 3783285089
79009 2473235465
-62879 3545655665
4657 9572528485
-32507 7887389773
85777 1574983073
-64283 3960095609
-43235 6007063237
-58115 8112849085
56853 9197495469
6241 9670465937
-9191 3628968617
1825 3311621869
88737 5076530961
85717 8632844321
-52367 1248730013
55437 6521691501
-26775 3454628361
-67239 5698191849
-33747 7491655533
-11015 7217413081
34693 4889887885
55237 6798913865
18157 1728702533
-53843 4207393253
57553 8434139041
-25023 2531377329
15073 7995195089
53385 9980699601
-48899 4598137249
11889 7235473281
-91559 9241556821
-68003 9869222077
-25367 8110266865
94053 7594195365
-54819 4201138977
88489 6770647205
-10899 6842599989
87877 3814879597
74401 1802399741
7009 3824267053
11137 1258590913
65037 7078345557
-60611 3916380677
-96419 5720287133
-13679 2438207045
-99371 2765625977
-50867 3544078813
-15695 5140274257
24909 6608182857
88605 7881622113
-59655 4318846941
28693 6840907993
-30047 4774780633
52825 6755039249
-1179 2933914617
-44355 5502680481
-55863 3339176649
-44231 8154151897
-74075 889798001
-80547 4467619365
10513 1145808049
-58811 390751697
64177 7234944461
-64511 5612093041
56341 6879263009
77449 4754544865
99817 8667226109
-39215 5546082133
89505 9750935193
3637 5081488565
-64455 9131153493
63345 2223966609
-94727 1065499985
-33851 5298174661
-15771 7809882585
12589 3402760829
-48899 6471919621
46221 316866201
44721 7996134453
96897 7102674585
98169 9727072269
-61715 9844942105
-14987 6495402605
-74375 4829588585
-95267 6788114401
36049 3703116137
-33587 7851947765
-59255 899754221
46137 225067341
-24299 9834087233
59745 5023832793
27789 5716859961
52009 601732745
-11711 347737009
98985 6773859645
-35667 6852933897
-7227 8312298117
21357 7196934561
33021 6113473533
-33303 6555297141
-81287 8338106969
-89255 9535457501
-31439 728352509
3109 8058555277
70417 2190891041
74605 3358567697
-19751 4438089505
-6275 76321565
67357 1336087021
-73955 7240070237
-6647 9677884745
-80031 4017916017
6073 3562961857
-70487 6845735461
-24387 8819140413
-37955 2426910533
58405 4872411661
-15635 6106452889
-39179 5635338941
41589 8740522245
-47747 4427662789
45013 7643899585
-63279 1910173953
-91091 5112582473
15637 4487611249
75253 7969642649
-68831 723958741
-82019 8904547349
-97763 1680477833
-14367 3133620729
76633 2157854833
69997 805639609
-37343 1682777569
-30639 3651048729
-81611 3261034817
44869 8440978945
8661 8461806285
3637 5071507253
40737 208446357
53449 3199935613
71317 4290462689
75481 8800810793
-41283 7805741853
40393 8948260961
-89075 1096186349
5437 7406015593
-99287 3925282193
7777 2207353189
44929 1553635729
48193 2186386753
52441 8712098549
3925 6312778093
79981 4640353781
-93899 8345451313
30285 2225659881
-76619 7522463701
-52571 8653855049
-75387 9644695545
69357 7661103129
29161 4288093009
61701 6481791441
-49659 4413103557
-78035 6767811625
7321 8830893353
57673 1522732133
79657 6597398213
3097 3625436545
-99383 8081600081
45805 3167911229
21669 9490074945
-3183 601028289
36441 5898936189
5113 6070831213
-30647 8603246957
45913 5351180809
-2139 6928981629
97593 4488778233
76813 1709059637
9877 244058813
-99467 974482613
-46659 3480489993
75265 3891551417
-42131 9586571057
-2147 1313647901
50769 6708296769
95893 2481767977
53893 5130725629
-52959 6929276457
74905 944033801
70809 7076150505
82717 7166966525
18981 7973506365
12493 1027151461
62901 6859327809
55149 4103212197
-86939 4268628841
-63947 2749485905
58437 8746110501
-78611 7290104761
-76635 3950886753
-40655 3615185969
-47439 8905734957
95653 3582496033
81385 8049077153
-73655 5659732061
35697 987611277
35913 2485766865
89589 7786670145
-52331 5183368441
-89019 9303142233
25 7675383317
14365 9017267953
58021 6534142085
86589 3758099469
-49287 3657761301
45873 527233677
-90443 9431472281
-2931 5310570273
24613 8751902381
-98759 8577733441
-82943 8049021941
-50939 6481965065
43753 7894953985
-34367 2413099493
32061 4048732305
38593 5486499733
-4967 6363441089
80685 1350695493
42217 5995903825
88549 2838118169
90661 2822350541
6793 6560846141
98649 3868699173
40921 5607893201
18609 9948830673
-5483 1935968209
76917 1153075329
-70775 1941710149
43837 8219680793
-32043 8773415565
42037 9393665945
-16755 1056406317
-41787 1171222197
36009 309737049
-84711 4690831449
-73263 4203924321
94749 1442605893
31449 172341021
7749 1940606973
40345 3199177441
-85571 3526256329
63109 2724024469
-34467 1933480941
-44651 6900244373
-69431 7259590621
26865 7314527373
-46607 8049561053
53409 4890609321
-82167 6342079461
25893 7473763305
-30699 9428756769
-99755 3782471141
-55139 1348417345
99157 3688048081
1125 2270562189
-40599 8050437105
5169 2084076105
12909 6576255213
46077 5669897973
-82827 5259623061
52101 7149625569
82653 4211871513
-5927 6852844661
-19067 2678956937
-29427 7696010073
62041 6449483389
-79751 9218167469
-39491 6814087913
33517 8205399865
-80907 1422080193
-56823 9839388561
-50819 9617534641
20289 5624066289
77257 8366105065
9585 8196469605
