86651 234254162
90714 62829920
98487 202268945
80969 21600132
74300 65426519
37682 19475225
64139 172885693
93884 6472599
24032 44842948
80870 426008042
90324 526343174
96933 747684782
83102 282940169
49767 32049559
48791 139116544
40217 124197335
98777 797920659
47465 59437615
51010 178412268
28133 45641561
45770 73686873
88741 37673754
89326 528774642
97323 588730673
27578 37072910
94125 292036225
73046 75614674
70526 286867902
45713 149284632
70893 288673934
98031 185744710
48724 81669801
89219 583328275
55561 254517657
98636 643255482
31436 14785265
91499 637303381
81554 194858805
85311 77233190
64250 312315960
85781 444255405
94699 623051103
80165 362523611
87134 366902639
82781 141860088
68910 33862448
85517 485483271
94085 233122998
83717 247139184
81344 236556013
94579 634254552
99263 32116862
35963 41418622
64802 229866306
76365 397137506
88202 144487509
49891 151907751
87200 370443088
76271 23244880
96367 98660991
84674 233370319
88020 509224123
48020 6961073
97178 552195807
74702 403357730
66095 303161667
98316 189480646
90308 510725994
68767 54077454
59576 90298451
64871 329115673
82800 538099832
89864 635984364
91858 521317008
80957 194544835
42656 132452447
26881 15785187
54164 150126591
41979 28009819
55307 45262003
52938 42858041
88260 568946824
80144 35913405
99761 367871981
54035 191980585
92738 213868844
75820 423733779
89577 179170693
93737 455956112
81467 165915024
17837 21224016
62486 297369333
90140 296265850
46472 150062511
88343 596671726
93314 347233283
84359 313644490
94219 316362888
77757 207823966
63629 23031809
89660 565716021
88898 475333906
80207 419644918
96252 764956780
93682 431602458
61438 214536438
87425 120086936
71022 276798002
98904 698094454
71861 18652859
89067 92104739
27290 1108353
86556 317728162
34664 44043611
71013 205731505
66779 366097269
61629 218239423
89477 76650206
95726 203206735
94841 475300705
92586 308460748
80897 277133564
70811 141447172
82211 519697130
83832 23182406
84315 89602492
73119 382358330
61324 308884614
79396 26420481
95459 516975917
97508 457978846
78854 131852490
94072 652803780
78273 19195187
95636 83557117
75312 305172682
89309 208297342
91857 275019964
71856 144765707
65904 9737087
92329 479466558
92288 92760905
94439 140957123
69677 168462276
65031 201064852
95940 562989701
54464 71104097
62970 25026323
74346 17206483
27748 27092973
89141 177997825
80381 279128485
69272 338166184
36893 63741165
88059 600311215
79811 295445295
79544 300403012
81578 200173939
75929 253890610
85287 503998762
86343 89649652
98736 273728371
67739 175055864
78480 3509810
84046 466478193
88646 516533391
96034 528966276
84232 152015025
44747 126517559
90767 510285762
74576 9419782
57675 16072217
51288 31022272
73946 219593788
94555 481400343
47516 90078195
54766 38392299
58820 80139362
65084 135312925
70684 104149245
78441 367773404
62459 188551421
89625 459926282
40133 28744194
29901 59796091
44354 100080446
96788 710359772
96430 186275874
83796 310981048
81132 191218646
99403 629473548
77870 187817844
93318 288032194
58446 10483174
57238 201922884
31710 70837724
83906 374141251
56379 15827090
87538 554465955
49514 123482891
82056 318287098
90915 651970451
21824 1881715
69617 13678473
92501 174845811
84692 542348409
91277 387891900
86552 45287739
58421 243091849
97062 638737921
97130 687317707
75680 394829892
93611 384687895
46711 112791627
63339 210949307
40365 47162369
96605 658683775
99647 710505932
93257 541839711
98306 571343558
94498 395503710
83747 146949852
38396 3913559
84731 61607162
94418 79056204
83099 527953110
58802 108359568
82667 153293657
56307 187156259
89591 518231248
41036 111731673
85880 200422774
99998 259952542
95001 633410066
85336 532018200
36611 23304159
60963 48403277
78891 317312668
58142 162653094
21448 19101399
56721 36783157
93096 323045093
70963 42129291
89863 317605599
71329 7380024
30168 65230369
90194 214276868
85214 437622870
64944 134040212
66233 21949163
55001 33060900
23349 29380556
66828 210769532
97790 545884957
71097 224664280
99608 345921982
93320 513408144
88338 298090753
59232 24896297
64539 50676326
72859 343471014
83194 454507122
47084 153191234
82491 476921546
19469 901616
82886 103037779
91694 157170161
56741 181637752
69992 143187932
90687 356538227
61658 60943684
93657 610427500
85461 218826392
77772 324785837
94805 421131362
93356 101029211
30173 70243310
79079 151901548
92033 623455854
97359 725931173
60375 104739493
51656 49168960
37358 49700143
76686 319745209
74148 92873932
90446 66403591
54432 55181258
86356 501265908
75266 377510714
66416 36050177
67980 365692793
97735 762387774
80489 181373144
93512 327152466
58622 145118709
88246 11082777
78946 163567314
84890 100390192
28644 53373176
54825 175285318
59829 289081222
93138 244438186
48672 70964300
92372 386752440
89329 293425194
98869 168561570
84659 361916130
83405 567016518
49875 29936692
97462 201840768
92866 417763707
94167 121940054
74938 450509229
80531 384581465
85398 496350257
86570 370606618
88842 277813727
68766 57862660
97590 613765009
88021 354685767
90221 158035403
51974 58985916
54884 54960897
86078 601801733
55139 24847698
32684 68455163
87764 166561715
84557 159945454
91856 333953511
51443 145351120
95516 316608907
86679 271020088
61665 63870086
53364 8750239
94011 571089590
97628 685492206
69062 10281114
16025 3393241
90638 574643022
95192 737800954
90858 589789144
92772 271297784
85703 531656276
60980 107418860
92414 554630145
75281 362320816
84072 495485359
71450 222134247
64693 54388620
84980 361477150
81286 93390435
67982 23674449
63879 227238854
81125 325758064
77448 277767227
99506 491893151
96362 531950951
66604 336966864
77903 218624745
80898 366793016
30462 12747955
88517 67824234
94079 68700421
98826 577098917
94032 234732556
97941 112018268
86573 290760413
41940 122282612
93959 269887195
40566 129455867
74793 184685140
73088 171108499
37061 80295734
88356 116068100
72642 154682536
71159 209847272
85919 314611144
59426 4071690
35418 20002516
63988 186167367
52163 138271504
61301 103352782
43273 34918494
79854 470067820
93053 650963302
70694 360432115
93053 352072323
57038 163557612
23277 10727543
63887 258989072
73936 15121920
95993 480599965
86487 19703011
76045 390006816
98687 240328678
61769 239229213
99584 677583919
83737 454689033
90362 331172542
98117 308205797
40608 48977201
28617 48880582
80562 234810794
44774 80888725
76744 183706278
78621 42643496
98836 60372909
70011 4992820
78648 163631699
45638 141308456
93443 58379830
96023 230474320
71513 87827858
61199 108734267
56525 224508571
96219 234642305
88388 481069267
99968 11832685
69834 141399532
80429 399143304
96231 743225398
54665 229286729
25445 30933534
67619 121462459
23478 14050385
84215 549498801
45725 31661718
83884 375859890
56915 187869088
75333 321629704
61547 180352804
91515 681983339
72104 6524218
80081 283208829
90967 447914448
69191 159175720
57437 89615061
81497 332770951
71060 136238167
58061 244894394
69806 175946301
90731 354086849
90617 283173611
82118 426071804
52766 30005434
86174 291903925
51908 204711211
96374 700877698
86367 333705650
76364 254983354
69156 266194066
82334 460425645
71692 84939894
38353 39735093
88226 496709680
50382 119079977
72417 2153741
77776 484111269
80000 54411589
98096 1606919
78723 99632521
61025 61914523
90455 471144226
78158 228683713
76479 482654842
45635 165132036
26255 24500479
80937 379667956
86906 566943203
82069 484494780
76103 80566280
98529 637941577
32480 48349715
75483 224581475
81428 108997605
82753 139381353
84902 186316823
91340 179446000
89637 500699992
52976 722825
53675 32940134
88092 349515893
93026 23049118
78788 276543165
88821 539805832
44564 28625335
60530 232554425
87182 43732933
75746 409644007
78286 463102608
50658 39538979
97636 129317646
91306 432768639
86778 362720891
56223 173184950
77898 276175021
94118 627863631
90033 311870000
98307 705109589
49614 62339471
98685 333843679
72622 292660617
48145 158072631
75899 425612905
94478 641028530
52670 32088673
40098 104336794
74658 71218912
24995 3048858
57470 182795222
82003 431534418
91883 224695609
80551 53200161
96039 603895984
92578 530855706
94085 112590204
72797 259235171
34979 70856501
87323 510326976
91295 50058522
90751 339191106
96272 740540000
55427 88310592
49003 157506399
25011 27831112
91712 590960239
57743 15295059
79741 360664932
85490 94237092
95510 98280168
89728 175701039
41745 113327516
47502 87437305
66995 218081401
85997 251314200
87854 512301772
70819 371000061
61722 284378287
36502 70157040
74174 182755378
53441 44022456
88922 87024076
67898 10975893
51119 100486427
64484 303151526
65514 222090659
85312 2140452
81366 509978701
51074 53865818
93809 93891791
67850 7342390
92614 261400821
79062 386031595
34268 97632154
70462 98394765
66587 179324956
90563 195977292
80943 77580127
99914 322092300
93872 355186392
54155 134143228
50609 190075154
40982 83337680
77564 407036664
71210 298196083
81317 267044845
88053 460924252
92741 385222424
72455 286766126
66700 142056561
84935 294727462
60845 85130437
61837 66073920
98930 717548024
99519 667695064
69543 111843298
61328 199310328
92939 484435212
81265 2116320
52310 12620250
29342 24807569
78599 309403881
96206 410531246
44966 86823213
63452 159864254
92240 549307736
63817 143877459
94316 338053341
55838 92508877
95432 463039301
31463 54961492
65753 152143833
90356 370597593
69316 65725593
47006 157077001
90907 399763194
32762 21907501
33707 75990687
99338 278005613
72419 236026535
99268 88904121
95292 389972374
37262 70960312
79211 96442186
86294 231690517
97896 476669113
14513 17454333
87072 223209872
57117 42125351
68121 144405157
92450 626201351
92511 575243312
58325 156534213
59894 7851736
64472 168602312
93337 4981386
47909 105333134
84835 569892564
90104 402703011
43794 19688830
98330 90534877
82511 350190717
94146 62407907
69536 93260831
39019 53568981
44222 5058970
77664 51420467
73721 297500297
51158 95217468
98504 453728867
74937 393531452
69761 274507312
65501 281086560
78580 28358121
82593 213690065
86450 286066479
70131 279412484
41852 140964965
57204 181992290
95670 270885743
67838 15105587
90966 190508675
67991 341335560
74715 358111877
63405 176584874
51470 36656193
62078 105489393
78152 303848790
71597 404408822
90577 78291300
81263 65072995
27530 4243635
89736 596553466
97184 529699269
70364 116523741
88622 545188041
97383 520726121
95564 220481203
96263 151717512
99987 372199204
92779 197880156
90699 674538971
95576 388154897
33895 56796774
26318 45593478
93562 130976376
94159 506773449
89594 344187893
43509 128974277
60440 69486159
84554 342559432
85224 230807179
26216 6352017
79634 166643036
70730 156403184
99034 656202630
97719 542458283
83150 406211971
48272 58371215
85599 266011907
94873 441518061
68511 207664153
81746 100279595
68267 127400750
50181 52028950
89089 602268057
70826 9819760
98102 1971540
31913 83987744
89997 178877141
89329 614215995
81649 252733707
55077 65816801
69492 385656049
84489 115494295
48497 105287774
71801 385075537
50829 173116165
62789 27528081
76103 277713987
87030 312176335
80568 486532144
88847 590550846
92429 538599405
48139 157286022
95139 692698037
84647 130517162
45689 53972283
76862 342064384
88475 88317261
70373 387940049
67901 154803433
87492 224280527
57734 166324862
59757 47653094
71715 86084257
80306 47959446
47034 11921975
98090 559885337
39829 123024594
98511 468375893
66725 83876706
98907 758455631
96350 110247350
93776 138216476
88189 628252749
55914 58945516
94436 455280410
25146 19680311
49841 61641935
49697 80546973
62758 114768723
98496 668199769
55367 246744615
85087 465617310
98255 683421768
60957 101589197
62105 173752306
39572 35427221
78908 184981984
61427 295222148
90311 57181941
80754 123610343
81035 175354651
88443 473326558
92807 34130150
76959 332916070
62496 194888611
84153 187299104
48687 143312950
82409 131333682
53714 13846226
76391 172083306
83296 321417588
25764 40490872
46679 5737336
93695 91285428
87242 349094091
84212 65716320
76262 391809527
47846 89734659
98719 746940369
85091 523873611
80357 350580877
97758 112740692
40580 100664172
76230 125776099
71732 84124151
30821 33967752
99711 458189393
95837 604336461
38696 24044354
89216 99609204
95294 715392230
67202 16106807
82802 536203136
39980 54115381
92315 174910391
73868 169528800
36155 17407334
80618 482579605
69689 205316111
56699 5442899
82835 474342218
16200 2628103
38856 114857062
32441 77074664
76505 269056607
73815 149875858
42877 22208859
50109 119241032
57377 236571761
88772 169782905
98765 700323200
66636 113297680
93972 541004696
73952 384818479
73864 293760864
91445 216940485
62189 88449465
26501 43645838
97555 173381421
98752 310191447
66302 80637005
59879 285888800
98297 290743082
67616 211204758
78092 153464208
89129 572997624
50225 17603816
91324 253502439
38262 109173077
78245 40908801
93005 15011370
87544 454807410
85413 438010109
83463 564577861
50012 3618889
84991 207708495
91446 70376957
93553 220901217
71765 357226468
85764 409737791
67417 358157247
52290 135366614
85476 588195982
91823 10232968
83177 330045038
70637 320567939
62317 189155379
84682 86043309
73416 61741960
65021 164192652
93404 688692447
83054 267888484
66434 107299688
75812 316842709
92018 164131666
81704 64174219
60002 75905621
49717 643644
72019 86873208
60705 82401974
60890 264492954
58260 142969399
92650 268824216
61544 265351314
98902 446473659
31947 46723843
96950 543630911
59552 211492219
69918 247713085
48960 144551941
92396 506567127
96638 567784283
44088 5803259
85111 344493492
90461 103046504
76988 113784593
43040 108927420
99753 624489535
65915 297935639
80498 341723661
96300 322547984
97271 580535066
56825 222495239
50805 1136077
68957 50867568
81077 281630280
71339 32253144
92178 395469992
89118 77996999
99299 69539221
93138 717169264
73524 88002196
54068 167542005
89981 487903739
78476 424081351
85065 602661443
95816 215488570
87876 222412432
88583 227604561
90438 184694707
79557 477312580
68040 224160950
88236 588454492
23027 28504962
80086 383899944
57957 254961032
83006 324674071
81371 14872139
69800 105922304
90708 218812241
65304 193118144
60644 119273818
86199 202845653
23756 7545396
77097 93340246
79949 111260501
76740 268470656
91073 583250447
93946 354037662
96559 139888125
80942 177981090
96468 476936695
97052 551851596
77026 218111757
93842 37732143
37694 110547476
77565 478318757
73932 56663576
56716 34027608
62865 142794883
79707 366668479
98508 551107936
47312 175110750
51973 141207669
43146 122902015
87576 93683549
66862 135694101
57710 69647156
56114 45228063
54188 184044206
55611 224492762
76391 453184394
70857 70919501
23887 43453707
82083 158843026
79241 434726622
87489 231809404
67536 158185099
89880 424543052
94226 230926616
56160 166468450
79953 3087562
67937 117247320
57674 52393557
97176 511945382
75006 148991455
93910 640412343
89975 276106688
36440 43435839
94163 183752518
54249 91479419
83431 316294995
88643 532453374
86292 119515072
99660 667402819
69269 144680591
84897 188765920
73080 140399546
87089 594367916
98927 97872549
43752 130847272
71608 364323816
88189 338445489
88337 485174389
76905 448120463
58323 71806595
54104 162081889
27500 49825810
78209 100396068
52023 4279919
91583 239544554
76947 369929390
67269 214068188
99464 150139389
67643 87950864
98553 565384780
67681 14426187
91493 627544663
50204 197654440
86724 355789508
79983 335431976
91189 393493749
53180 58379432
87282 12404689
89440 260959842
95222 309229223
91497 241450868
68440 191668830
55874 257937158
96455 532140142
56713 90904626
74492 375523197
54089 127385935
41602 142623648
90974 23628677
79855 243777054
46484 102458752
32349 52437740
72747 177389071
89628 97361795
25508 18167522
52704 42176872
61856 87957082
24786 31862329
82874 429783947
92095 490750668
44996 82382449
91469 329319305
75488 55490138
98731 74458197
81729 236531614
52836 226108394
91397 297326339
35165 58102997
96243 764150186
75943 313029414
49260 7426912
49068 151635974
93240 652985680
65313 286355528
59799 247708642
93704 360374387
93145 670721085
42430 109600602
89324 568579216
95714 336088725
28844 36758781
61591 295545900
93176 18252887
74002 157515543
95106 17186401
70654 15578619
46735 75042975
90123 568648613
55064 147513465
83676 554466475
75411 155560889
95578 353146446
74300 243234152
46230 88934389
66404 168237864
79589 237642574
98834 227880248
93725 578092936
88559 101903433
59868 287566949
70666 74554674
96366 523815220
98877 724337432
77744 370061752
98215 632823762
85148 409600295
50145 36714167
72717 415768420
95669 64170107
87705 410601793
94406 254171153
86517 189391963
68717 268362747
43941 145699798
64964 66739519
97772 531125308
97631 170804431
50034 184442971
90522 231685748
96136 442510989
90173 666684900
94361 104898209
43393 49075701
37395 102096209
84660 323589613
71139 409469558
85058 331362194
93224 318232909
95205 171500426
62618 64995320
98378 634163575
68241 167702761
66931 102332112
98763 561783131
85585 296464182
75617 443670327
76733 416224047
63107 283265030
56291 147693118
90708 285908780
55405 87247230
53888 14072520
98025 667307888
90687 78932300
96669 206746354
64314 247886002
65090 58118530
68926 93537750
64056 101609495
97191 18911696
96470 571371577
54153 221759408
40130 8463399
47715 141219934
84725 223618701
24693 16280213
97757 458816486
58244 25421294
95448 610220086
96171 609692059
85154 509852600
89133 417292958
95296 630500643
45117 16063562
83656 274247712
79223 313503050
40916 52899144
99267 400496779
90152 436012771
97051 350775915
79412 75976527
96798 675541664
58650 286542089
67460 236834872
76542 305520931
76061 25542832
96983 387749777
90138 443003398
87318 150285007
52131 219333739
61507 284177325
93307 109577472
79937 51813861
80858 451263413
93377 70711500
94836 559584814
96845 353616467
75629 21350880
90478 282601155
94905 51747355
76554 25050182
93812 682039472
85100 571877618
92418 525372212
69047 64408800
72638 313953663
81547 525532215
86259 139755652
71981 367795081
45135 21569969
86584 482786541
65938 288840915
95540 755429874
75056 367536359
74957 285803667
95118 379282262
37960 13981806
93267 426122008
80344 476967846
90080 518088959
90030 464204729
54927 227862460
74190 83997917
7866 2996254
73566 406372010
95202 540648068
71277 133649114
92473 24565398
64107 242082280
63819 50480827
71495 98479056
53076 92808206
55997 64283551
77498 35768894
89813 278009691
72793 268626066
60518 80354683
69646 358156614
80623 343098291
92615 270175497
97793 703369296
94091 230346088
65268 219651238
57918 228242297
97223 435681978
87534 222622552
88596 387707461
95597 223864329
86916 482445694
85152 20573086
73952 33998053
97260 635180431
99216 543595754
18752 24516482
83621 492589501
71540 137101877
55655 159514586
47630 51501644
97127 626290406
99323 779343872
71843 131353462
74772 443670068
71692 93991395
62765 132008287
82562 365272013
70169 52648511
83585 253161516
52118 106845071
99047 167702656
47996 62728381
57660 70407827
98211 740140690
72608 268331769
79400 359668878
98463 56353598
99263 544711654
86546 36353553
88788 631604485
96597 80738180
67772 322658099
99190 191217243
92805 335137793
82998 281662616
88877 497300393
93392 155469448
16798 13860891
86586 405160732
70367 44804618
97559 376292552
64793 276242783
49530 17846363
85790 67478419
33227 76876113
96159 642409319
94344 672134642
87290 527073357
82352 232005257
77586 200945455
78582 179111957
86450 565664710
71321 226995317
97172 781949879
56726 147121794
41987 127347258
85701 157065187
79526 456957038
99540 723855010
91631 367266492
54991 112015959
50963 136693442
88262 559260022
42875 143234983
90837 365970388
94266 66984364
89651 400315047
75661 299774823
9506 955650
69042 78545144
97132 648413061
78926 45278776
94769 404023306
97571 17490652
83203 12110199
94432 316440066
85860 140274095
99110 99155379
95872 512890125
77660 205602173
95667 26013355
89514 460771465
94550 169721440
49101 27854122
48503 109084839
19805 16509958
96431 344561432
58844 62988839
77024 137816625
63367 124482360
91073 21910466
98108 558757797
78594 322733258
94539 626510512
23457 24111802
98135 66195351
68837 63333793
98533 45758577
76643 17486613
45998 59631472
90302 151695137
70751 405992161
91374 514728100
81516 244099393
50027 147762370
69924 183700318
67985 351916141
18702 13116593
94327 8695812
74543 137937491
61010 99663918
61584 109890751
98177 789186095
84422 581640551
37899 79901743
99165 660805573
92480 175727755
92061 293428811
98181 69872363
85531 102158184
84708 31557100
94791 667168394
61520 102785685
62651 248692073
96203 133125151
53645 105336168
90976 120180231
54492 198461188
94271 149028625
53969 60556145
79125 225609739
83936 456882082
85904 390977688
95540 26914134
71314 32356434
61035 63428251
99659 235952539
93875 264558895
65462 283831423
87629 253938377
54779 61542481
87813 254431991
90076 434972850
96463 6561285
91352 552927471
92292 251163119
86379 320596097
78545 433304030
62124 7506967
81721 390150525
94717 598981494
83171 350844471
80838 293450105
38835 67386784
39881 4274492
74945 420782285
43949 156855485
95804 685288803
95504 657641199
61157 201975052
98434 206610294
92394 57972716
53223 122973002
94031 22370960
77124 13162039
87029 469347804
88661 383985607
76692 360505079
64103 29424351
83985 232786544
84791 132543001
97473 273862747
68369 357685529
98909 476990040
92596 259832139
98034 410360596
83206 537647613
68025 210818437
87019 28503018
81160 433850205
98102 461935483
48689 164730254
51558 89264960
39163 8673237
99773 694529749
94112 11122620
99350 630555011
26875 27697116
72936 361216442
94451 166597517
83772 433974919
60644 174958581
68066 202087291
99266 625295573
84908 318986659
97655 758193295
47585 11346258
83662 189253710
93945 143319713
94544 331287804
66141 232919515
99714 313411301
80694 351350473
97053 546331864
80967 506983034
58247 87563881
22782 29606050
81455 79175385
98988 50364928
78900 457028983
79989 336025669
84695 82688927
84212 86859237
91430 273872067
64478 124738651
73611 84694717
94165 648760092
55770 11803109
75608 370880107
91037 531368004
45101 81857209
62005 207718374
99288 77362577
74449 234306414
87603 128064160
40113 36663533
61214 275467671
29137 56121237
93024 594489146
84377 410408883
85748 298173108
62532 124486502
71459 270339109
96101 672683257
52109 122906747
41745 119686222
33272 20253140
96509 582927834
54005 14342632
62372 284080565
78599 257985038
95658 140898592
45220 6653337
79935 158525200
37181 3968723
98592 613552751
45038 151245759
79769 341796651
62033 46033611
67461 298358684
90148 8069715
76558 110497008
67809 160845841
76356 456223406
85186 283606245
63122 232261120
87290 18995397
95716 125970258
99895 482653482
55851 43670447
42566 85737093
97210 487695867
91849 23248338
87722 249873922
97632 467128684
91364 310579460
78922 85565241
99545 244230844
48832 39972324
74537 190175651
73714 54515469
93956 170669146
57967 156903594
76679 150221414
76259 385198304
86191 55968981
50012 128224501
77758 381154698
72828 369646456
95942 110842304
78191 349023893
79514 76184777
81827 93611266
93987 255394600
63736 49016853
89136 60757966
75107 343946662
48486 107687623
82933 398744058
67700 36857771
93684 74359025
96127 424615143
49553 173999999
98795 563931653
70422 251963570
60425 162713726
89673 108392573
32694 36636005
95401 370218795
62658 98484287
78240 55717507
80837 349932842
82611 345343480
84843 424398569
81119 106774589
50475 45764933
95865 281919556
61228 76928970
24770 5835122
49721 160336177
71151 349642871
94230 558731903
89180 189985896
98052 458991011
82429 386986824
95331 186665926
59419 217486968
73956 198199244
63337 82561230
81292 546280791
62175 318323462
93162 519005798
72187 98541720
50519 136420136
89795 306644044
89690 348916908
35806 30418962
73655 133423427
87194 31492384
29399 14225260
75549 249557497
68997 221809556
68778 337511711
74481 377841794
51476 62607785
63103 230031324
87101 185109281
38390 64054960
98292 537729916
96135 298468354
73112 444340215
43340 35216978
90185 70745627
91517 527174035
94436 357074241
64611 307884218
71658 319773283
77147 490397759
95267 507424867
59360 63724509
99297 129503704
74114 202157673
77985 197556523
42914 23277945
80525 213419756
73589 73272532
99045 38911309
62531 118511502
53883 54494407
70946 51663235
33904 36109218
51589 16905540
65361 183312358
85220 79722145
84869 571776897
59490 65210539
96353 283369066
84053 213350937
96398 725878528
38931 7906858
58838 32153711
86618 380818716
88800 594865457
50194 48861687
14915 6704719
53878 193315623
89050 534231438
75569 458798420
91238 373115391
64715 330132279
64771 185488347
75057 32901281
89005 286824960
46062 66323054
97974 662937113
69453 225449426
98753 39365657
62216 311168282
41188 124894962
74757 249664349
86337 393451325
38984 18890345
97030 686991753
80133 247606837
72314 426084980
27554 20071514
75545 362736627
86853 567484924
98906 161366529
84629 536599751
71400 166793972
92878 595319040
77655 225651242
68858 246943932
89518 366706611
72917 390278878
27749 63665469
40832 125684515
40070 100139953
49935 133681886
88519 407831922
37253 113492303
55526 77111285
57965 243520527
72756 409857307
83210 501686051
70114 222091293
98448 608098837
57371 202248260
78786 444773038
52749 14417012
68003 149230445
92391 135004409
98818 194912940
71749 253101360
76892 214647236
94960 27959223
94725 58621048
93012 242889914
99309 257123291
46536 87454201
93008 166505325
92772 98468662
89223 208697269
81980 487375557
51923 141444132
99693 674812544
89645 31618087
78371 503597166
70270 1011687
26449 47966538
93866 271209788
97236 170901142
91472 694851300
85336 219544230
69420 245440432
90996 204587941
98735 698013895
67313 158243507
79595 365526141
36984 92785801
94672 352128750
66719 273689842
63730 131516469
40896 72229622
90629 354780281
61706 191042107
79668 134067580
89447 444749521
92056 54242799
91478 340006092
95158 671850927
54051 66975857
53346 133179241
63099 314669881
97664 98235673
81650 37579521
69278 116849473
96582 388838743
49477 20754267
79909 361517226
87948 268042531
86054 156803520
91944 68178835
79503 467575007
76549 218579151
68477 266116929
82225 191594598
59900 70171397
48476 19873919
90823 305838942
72380 408894163
93857 449933824
84234 494269912
45492 126761513
53336 138254138
90960 240413569
99447 672404543
93629 586467097
98172 178261112
60986 169906170
74178 411499762
82761 406943236
88569 346453007
58608 282759323
99740 290230830
49595 39116786
74805 407643850
84275 42265066
32107 36905913
71699 60624676
99368 307760821
89809 244892196
74916 184253233
82333 284141394
90275 455041478
94251 537127499
74613 94278742
80053 365078880
43962 44101033
96479 319766684
70745 214638157
75483 195938774
90270 56219449
82197 417824056
84953 420551901
74444 19280727
83031 105357061
82372 440457663
79785 440745365
88994 488214093
58777 274591119
71847 97506010
88017 392067565
83364 273139712
56046 108699388
80133 148510813
96638 610280689
93809 193498839
66060 182041876
81667 354659820
91270 320740413
58118 19564948
65465 13402190
87669 508429084
97989 736286090
77539 418225962
86343 241622756
90486 306707818
99140 181119489
44668 63632769
83915 292509892
60540 6892562
99125 813014188
68172 61462918
76241 243692824
40079 105169785
98375 776782109
50112 90693208
98999 483687372
48398 82233290
91343 358501119
77459 443692815
89718 651218410
92105 301611413
45189 6407075
58130 95496238
98464 459550272
93081 456733355
71252 251565840
83832 395975435
80900 220739679
20788 12237144
56284 61439010
94084 712909623
82643 92193469
97840 132888738
79113 112851922
66051 88175231
53689 197862018
95801 704537257
83478 177741596
76997 473290038
90598 484961295
74602 63268704
83567 108400961
79373 323380836
61659 50150752
92537 673662798
66695 100902837
65369 346864507
73411 127794849
62468 142350203
58019 26089540
78020 298900835
91806 447492688
86610 607443196
93155 10442824
78344 331086965
60480 145209433
88078 218683563
90287 674332808
61230 90948529
85752 328668070
85104 203843507
94268 277965349
96222 678552142
57456 169545361
90795 37490734
98399 162412341
45524 46994282
72827 350691247
87307 557371593
97084 382319238
94880 673211236
99857 568294137
89663 500057493
87342 9823114
82061 547111196
96302 732132225
61434 211815728
86234 65018097
24369 2156065
50069 75804796
91449 400609936
64264 251242374
83879 86386009
69015 372601394
69448 187937514
91058 110934223
95871 676808447
69785 73367612
98169 340360637
76330 287560632
68451 4603384
82367 235320389
67169 93543994
47274 126412099
98977 463233852
62898 277744270
99896 93801325
70896 259672318
74834 283838762
71706 298369304
88197 625518601
77457 464390914
93202 569491905
19748 27514939
31991 26949562
96902 49908497
91970 437966723
50651 129798727
74592 10446268
80843 155873451
98271 486398321
85160 264371264
89592 166920188
97919 248372801
49701 57038852
72557 214982092
40379 2368587
98409 698910667
49074 145160375
44558 17013348
83525 369627708
36728 12872240
39366 14728466
90540 303625531
71981 167498689
84881 75855493
97873 278296494
60192 301867727
65348 86836652
36099 80858221
84908 557583558
98900 199745603
74084 296961439
85868 172179913
97694 570474524
89105 578197715
58210 71528547
98859 799719265
44198 51545650
90488 39107317
82061 166713513
95621 48061626
54146 29807866
83673 535819669
97103 366081455
60671 278583078
99600 91911973
98475 722854892
73106 120288610
76172 241118864
57251 11354949
83631 249016397
60794 5025204
58958 175015235
50353 146385612
84684 16946668
90537 80989115
57416 129504779
81095 165087115
67029 26112653
76139 396442003
93800 281144471
98796 312645799
57070 85069284
99644 493160331
80289 499598012
59013 240267074
77759 327207350
93410 620649112
71338 398011017
66649 125909976
82670 208057542
11861 11442954
81754 26316588
79368 168830317
90347 516116069
43677 30671960
91700 64382995
64565 93390248
45744 143681303
80286 5398943
67246 229308078
84350 303733484
97454 753867154
56537 52740011
68543 220389252
85558 35727603
98915 368814062
66692 334454674
87119 56340525
73968 376677320
78627 170905379
90135 557557714
80476 209648460
86346 108005147
98052 294103108
81531 275342999
68402 291349186
23932 47019957
62442 99391874
97061 91006542
92508 195032948
66549 361106576
88370 650673986
91796 377803885
72491 339017188
38456 97625178
87774 5274005
73917 372253246
51803 179335274
97976 618242899
64922 187821932
57689 257288283
82821 16950535
87774 453842170
87986 269336201
97563 327024592
60319 90752736
64859 228292649
97627 233081415
96830 519759423
93274 530909076
74982 253804033
62561 310222903
67374 30526474
49586 16067058
73341 241974053
48464 138915495
59940 296730736
81634 7451205
80449 8528190
47127 102171002
73421 284599058
79562 184325196
61691 205718168
91859 119458045
62480 76087495
72557 251742710
89553 550277783
92655 149763655
72623 325474252
90068 550378876
47922 31870024
97188 542881819
66267 120837395
32258 60725200
79547 416588068
89705 444886274
97690 419207028
52640 168382822
59727 263052793
53057 201445928
98999 194479544
81449 101449318
53698 63332976
41627 11167502
93968 171354173
89708 432486252
48560 3074325
69494 30957538
57320 238477344
58646 53028755
95463 431768252
83806 134712813
92588 126734172
63581 112838222
46880 166517253
89912 630535857
48702 5292091
83141 524948673
88726 296428461
96603 309354874
95204 646461561
98108 291147458
75435 32706448
88322 558962366
58093 220558209
90508 537333939
84975 133652273
68412 169875521
80744 532457765
55075 248211741
62113 128391093
88106 375043862
54603 79484179
58437 160959566
50016 91323581
25777 32920293
53995 242839308
80699 110580474
