-5531 2715004211
-55219 7068545291
-17675 9084589915
33053 5328663339
90461 9061699271
96873 3382602779
-10051 5957696251
-7967 3424560259
28869 8925472551
69921 628880171
-53803 7651453239
-39535 2833694795
-70411 7545837711
-73895 6761059035
42257 4102160499
-14899 8277359631
-20947 1462084219
-57915 7723506175
-58063 319923139
-30051 9351859471
-95611 7475222091
-46007 3604920319
53913 7180804959
-90311 4917816731
-58939 8431468991
56557 2510930079
-91775 1501004455
77333 9477619779
-71223 1910808959
-90407 6203233099
757 8133160059
-68143 5514256339
86853 5947525119
44341 6338928371
-55127 543532119
-5747 9226761779
-45259 5676886991
88973 4037172659
-97095 6689995555
-72719 8643559091
74113 5880884799
-82611 4538299671
56373 9898344999
-23579 9586430411
-69607 3768891379
37621 3452535791
42185 5174180035
-43127 2466470359
52217 1098420539
78409 8068745791
-24679 7327578891
-40711 6118336751
-53623 7276884879
-37615 7410523075
-32527 4905629139
95065 7828379735
-35275 1484832175
88861 6697116011
75145 6440353415
89209 3072890731
-8475 75919635
-88387 6532786999
20525 5180704535
-61271 4490718151
20309 4045224851
-63447 3079204879
70441 6976007871
-62351 9983266511
82673 5352724239
-96491 8906335631
-73103 5948595519
74009 7667228471
-20287 5177513379
-8987 6849635059
95109 1307709631
-12339 5863174011
72589 1836037851
21673 9414542579
-37227 8410563579
-53735 7375353495
-6819 7993077391
-16019 9759556031
-53443 7442609059
-92203 9334843539
-11287 3901638499
73997 8017389799
74837 1952835039
-65607 1006963699
-22919 6184328031
47849 2580068271
-70511 1862743131
-58251 8259582951
-16599 48094751
14741 3028976031
-11319 3892509071
80521 1811286971
-52347 2794749219
-31351 8342240131
47401 4737905891
31137 6310270319
-19191 2673083411
-73667 2483886679
-94591 2835253231
-93959 9064094351
-65643 4539911759
-9427 5879785259
-57743 1590191279
86373 9049700319
-7283 5686715259
79485 1195263235
37409 7483914791
54105 4429498835
60817 1041515519
-89523 1721732479
-78491 8044393571
-48827 7885779219
17197 1531286579
45477 1094856479
49537 5149807999
-76823 9163041799
25013 5106234099
6693 1501475999
-51627 6505520859
95201 3368971731
12837 1016973539
45661 478984491
60377 3529818599
43041 2428695291
-5751 8050684711
13157 5492712099
42781 5209272931
83213 8745485739
69969 1022153691
12721 2246766911
56169 8611135031
73341 9713501451
78501 1564807671
50149 5680813151
-74255 7567439475
63917 1218706419
-10271 5640206111
54113 1106930719
-57591 9697285951
45533 5156988919
50049 3277167651
85001 2879938951
52325 1476952675
56057 3560437019
58241 373125251
55829 3481185091
93981 9118390651
99717 2061796419
13321 1809650751
6093 9928594059
-50031 6526720651
-40775 9319332495
-51691 4210749551
-19467 8260558779
-37687 8769773759
-17599 363812211
48085 726964195
6585 7820145075
3729 110051831
88853 5677606519
6845 4201352055
41773 1364620099
87533 4945863699
44505 2215363995
-80643 455239939
-66443 1911051679
2981 7665974831
-55443 3931758739
-42047 6934324099
-51603 1869524799
-33191 6312275051
-28659 3637072231
-32235 5525540135
84293 1490005679
25061 3001668611
66313 5836917279
82293 6518044759
-41751 6129569411
72269 4463986991
-80983 6708513019
-81563 3779783499
-30603 5067376039
71285 4100651615
19301 6163609191
1781 2033790351
-85459 610379711
21889 3291562331
74381 1575057051
73429 9420752511
-27975 7667410515
-56591 1817265431
-28203 9467160079
28229 2385596511
-75443 9825801199
-59271 5071747031
16629 1202563011
-68115 1841333275
81741 9700536571
43133 2984110639
20917 3122444279
-90411 8530244131
-3891 2515310871
72685 7770339395
12601 6477656291
77933 8090274279
-6999 4714433311
-47135 6197164115
-94347 9495225999
5709 9268063991
-99747 7177612419
24069 5561871131
90525 9459275695
-99479 5834012391
-63335 8602019275
39825 161211415
-47567 6672670839
70449 4497181611
53053 1423023259
15029 5804661011
-4187 8430539359
-52699 4528414291
52045 6982022695
42085 9046471915
-71831 9751074111
22305 3933435975
51545 688501695
74533 2651443439
-57171 4233008811
-87395 4513916615
1201 5272079671
-77779 7074739331
-37571 4496388831
91657 7225189659
31013 9433578639
74473 3294970659
5477 5992203259
26573 7075874119
-28215 5659605635
-9535 5210718255
-91703 4112813079
13393 7935555159
-96543 9970224899
78693 1323648439
-21763 755662999
-97543 5923503939
-29043 5258430479
40429 9790219931
51025 4352292575
-63495 7277690875
42205 4077390635
-58699 1453706771
13733 9551920159
5501 7231492071
-38147 6804399119
-46311 707057871
36701 1005681871
-2335 5459010395
-64103 6047597659
-47511 8286824971
-80231 9458093911
71797 7237295599
-62427 7164490399
-52131 1814435971
-31451 5145659651
-95931 1578833631
30653 4398609059
33481 5974523551
-15071 4638745691
-13951 1693379431
61929 4557375571
84541 5528188091
-25367 3682671019
71325 6071602935
71129 9820248571
-44975 8733226355
-80883 3637861379
-84615 7277791115
-19411 7322009291
-22831 8520864891
-92171 5236733791
91517 7890294619
-84931 4681237691
85453 7669792859
-37215 9946718415
-68831 4746839751
-81971 3363483691
-28839 901106611
49809 9271471631
-86515 4495904075
89909 8004136271
96649 8680755331
-22731 6641802051
44461 9448117531
48589 5961846471
50261 2611166651
21625 663675595
-91619 6138928311
-54287 1069607779
-84727 835585639
-27211 3127920871
71109 8897465151
-67559 4448665491
29297 7408203139
-27615 6587699515
-71335 7645073595
-59607 2006425579
-53867 7599357979
59009 7261296691
39653 1136943719
89841 5485555271
78469 9266569331
-43939 2437370991
-39367 224845459
-98435 8283132875
-89011 3585001931
-17099 7378936511
-60715 2884769235
94965 2023227855
14457 8420349139
17357 1340463059
-51843 866281039
72881 645806891
28453 9906302319
63385 3605681495
-2731 6899494731
-65855 3506413415
51413 6293943639
12753 486792619
30469 5603406891
-45239 6784539491
-61859 6064802171
95261 7387437131
34521 1623625051
30717 7483938079
15169 5688046771
-67079 2106240411
16473 5669845299
13021 2225068931
-67027 5709408839
33949 8645339971
7033 8001318759
35801 5202540951
67461 5088901111
-29475 9698524615
58349 9924565031
-43807 2828995999
-74579 3294612211
-85175 1609843195
64317 3743624319
43661 9840706311
66909 464009611
29513 379975779
69441 2590903491
8433 4446240239
23289 5063678831
-52255 4977232355
-20159 8014672891
-41835 8480895015
-8987 9077759439
62745 6845097835
-57411 9302725431
-47195 4898917475
-23587 6988075839
-29399 6754350451
42001 9993769771
59445 4265833635
-13275 6012601575
-94839 824522691
47237 682058339
-88587 4842762879
-32215 7125707435
-35139 3297071551
-87471 7448104451
-99247 8856572499
-72903 6809875679
47921 1149058091
13677 6758330279
-5463 9646516539
78469 1542994911
-10459 1733567771
-69103 836004599
-80079 7089658111
32557 5045069239
45281 5931383931
-29871 2781178891
-34159 1923322391
-77399 6922417471
1453 3259360699
4057 2154047439
49745 4791691255
-26911 6749820591
85869 2161675631
-84791 2669590111
-82335 2507778235
53549 805178031
-38327 2298962559
9053 9937327919
-53699 7046377111
68185 6151423255
62097 452729279
21109 871108771
87437 3018626579
69701 4240327871
91313 2510574079
41977 1583901519
64881 6547089951
-87167 7982290459
63581 2022659531
55965 5771160115
-81699 3600359031
-77191 962792151
74549 4305526331
63077 4952169099
-51611 8684541391
9169 84576271
-60915 6537098395
-4031 4250567711
-45167 5252240579
41745 7727945375
54741 9783169751
-76659 7195375751
45517 3068737279
-91267 6807705439
62945 8339316195
49157 4918228699
-90043 6269311359
97337 964040599
27305 5055771895
-99571 9476223311
-45383 9714310439
-54359 8682477811
70661 3426733491
74973 3065648579
-48911 290461951
55265 5011157235
59453 5755460179
58049 9875490431
34093 4012438359
27781 6620610291
-34955 6926391415
2053 7381527379
74017 5217085419
16993 5141562019
-96419 8803328111
99233 5160937379
-61727 9431444799
-90051 6966059671
17465 3250454975
-64799 5100429391
-49535 1547522315
35005 1190707815
-72631 9383638111
59937 3570857439
25057 4610404359
-98171 3125230491
94045 8244847875
18737 9657982639
-23119 745003051
-14907 7997689339
39381 5332557871
14861 8163573051
55629 7475242251
-1455 2209285875
-37703 3044495059
1405 7090937575
8465 9657819815
-65623 2997037379
79377 5459111259
-16395 8003749695
-54623 1226416459
-20467 5908617679
66985 2241239375
63449 7768358971
61153 5935550479
47549 8178048151
17445 1030574615
48001 8678333711
-73247 429962039
67657 4467873599
-79511 8793402411
-77299 9997305511
1957 2145904539
24085 8825051555
-75187 7278010059
8433 5376173179
-29807 8045722399
-22823 6047796119
-75443 2978961699
-41475 1169427175
-40095 6588177315
77589 1266078151
42557 5395821239
90845 778097755
-31447 7048116399
-77471 6684362471
-88819 6320421511
29897 7912557199
-20135 2555663935
21137 8275525379
-29827 3809113799
-54195 9809318955
-36907 7516683599
17505 1847322475
-83963 6679118339
63901 4980941211
-69023 1614796019
-42295 5437541455
-66595 5074475895
74569 6038640171
-39591 5162726471
-70955 7245846515
60941 6307183011
-36107 1684168379
33721 6191265651
-3523 3979522779
-31011 6598812451
3665 4888618755
10629 2561541671
77965 6528400455
-4619 6327219891
-80135 6696056675
49753 7376633199
-84767 1450019799
-51347 9134956819
30013 958909599
57685 5112280155
87537 641471979
-30851 3120843671
-72487 4438228279
76449 9904736331
36425 7333990915
-54923 9552216299
89541 3878872571
-8631 3969631031
-10655 7427857515
62661 3817430991
45741 6385208411
32785 2488504695
-93051 3053772731
44941 1402545591
93665 1314826855
23277 5785972779
95249 2284071451
47289 8312127531
-33055 8673986935
-54199 4308660371
81189 5559165691
-14007 3292196659
-90671 1787382651
59605 7698446215
37341 8374083171
-22999 8495361871
86689 2742945591
-44643 1035698519
91301 8107681891
53373 757006679
-38935 2007183075
16481 1753774731
-46423 1976742619
-63195 6123758435
31269 2019416791
32193 1712588919
34341 185204651
-94403 9583783579
40729 7121437371
-35123 7931814879
-63979 446993591
84965 1490975495
76321 2056095631
-32979 9067058811
21057 6264789439
34377 7898277959
-85931 3674462911
28377 3424600139
60073 2519511419
6465 2724840975
-76171 3843108171
28205 7496351655
-71847 2417334059
85389 3152352771
53253 5017856919
-70471 591075131
-1539 7805324971
35873 251982099
-55207 296879099
-56963 5426969579
62669 8447657851
-58383 8491635879
68445 8459743135
47405 5676954555
30593 3375060419
21873 4689916019
-82295 8898497255
-60307 2930756239
-70683 7593317179
-70959 9203916911
-95587 7248626979
-17663 1560122199
-95595 3618967635
-17699 2927091731
15201 6234616491
-20479 9054511531
62345 8159205635
76973 5679723819
-85815 932319495
40993 4934122299
21885 258698175
-8439 5253472051
-89339 7345452431
-25051 3144430591
38909 713472731
-16323 3398531899
-73135 1139291655
23089 6385957531
-66791 7693635311
45597 8318407799
-49055 3183380015
27845 3761496175
-73839 5391988791
59901 8858302071
-38527 2533927099
88201 8316685371
-93007 4018698259
-32291 1073922511
62185 5746388935
-4547 6128358979
12097 6845462799
57621 4326172431
-1619 720553031
48069 732745991
-60399 778557231
19029 521728531
-30067 3924713519
-43351 402708871
-56455 787854235
17885 903761695
-58495 1392848895
-97867 7822668459
-36843 2360106079
-64723 5492543999
12189 9935934711
57245 7779839875
-43339 2911025671
95249 4590853071
19257 3983948199
67925 2771968975
56401 4817199971
14269 334189351
-29015 3250227075
25421 7066696451
12725 350625735
-90119 8074214291
-33575 8275680295
-6059 6929897591
-1115 5233144355
55105 6548633575
-9763 8545891699
-82175 3537636995
31421 5346001851
-88387 8652016919
-6379 4163853771
-28963 3507582619
80717 2244859539
82749 8734940411
-29651 3517090551
-26467 143173879
13389 1807632411
-38443 2765742299
93177 4706198619
25873 7319736379
33293 5308307799
-74579 2972785771
-99235 1288411175
-62375 7831045155
-97103 5244154719
75601 3367093111
63293 3359413599
91309 2192292111
-52791 336823751
59605 8192451455
95853 4601554219
51869 6217279591
60305 4423172695
39877 1983172619
-31047 9831751359
-14031 2039651751
-88855 3235194155
61013 5445905179
4301 733393691
-29499 5013498131
51113 2649853979
-99747 7750521359
68017 1430443419
-75631 7008033531
68953 4404876579
38905 1834307635
-45779 1207355931
4901 2429826351
-51411 1495550751
2517 8071457759
-28907 9368503179
78329 8204222991
29425 1491527535
46725 9129819515
-13315 6745345895
-44739 1176009331
16397 689091899
43633 2706304539
54385 7878986955
8265 7166970715
-48251 7809342051
-21367 6322525039
27365 7004253115
-56743 445800399
23173 4517226019
-3043 9200014219
50177 6876103679
-1227 8894603499
-75079 7195525751
74405 547185135
48521 3299846391
3293 740611059
23265 3031753695
-54271 5368032811
57685 3279476615
-71711 1984320851
60813 3201526819
58417 5336100719
62989 8673279531
-12815 1752626955
-98283 6436085219
-74391 5234229791
-47783 1020290259
-62527 393055119
-5119 9808049951
-85711 5803499851
-67451 9424444431
12065 8969624275
-49979 2248681011
-94683 5406200439
11441 1428505171
14869 9034508951
75229 6910706831
31333 1179078879
78741 4797249251
21473 8640992559
-11891 8612750671
86253 3635158839
-56267 7057293759
92373 3449816919
92585 4458778255
-60483 2633570939
-40095 1460422015
88837 1762839259
-64543 6725393859
95069 8973734391
-33359 6277288971
10337 6688333639
-50983 8775001119
-19339 5489424231
57505 3763977315
30601 1863672311
33433 1742706499
89037 7135253979
-36767 3597697319
49577 8418310779
88769 4609455331
-61167 2917151499
93429 4756733231
-25383 1944228939
-67503 4127591759
-1787 7514979619
-88683 695560879
-37039 7485732551
-63715 771652435
-94563 7122702899
-59851 6279175851
12185 853071095
-25551 328875811
39045 8000393915
-8715 5816837515
-27891 255937371
53557 6866853699
79793 1515048579
96081 5408401391
41853 759675099
34161 7493209131
68317 4931452959
-39839 6166991611
-45835 6370366135
86373 9749522439
-30515 438268895
-38959 1763827251
-40275 6471023775
-74103 7519015839
47549 5383906611
47857 6334074039
76925 9991869395
-86123 9916758839
66441 6473245791
-85235 9033205555
-29487 3003322859
22625 1752743815
10941 234291331
-82763 805696839
40973 1964745519
-47851 8152386531
-36999 769973631
-33075 8172359755
90673 9917615479
52317 3515406579
-30067 1642359039
-83691 3975223571
53377 7793392799
-80611 5229214891
77705 8158976635
-57695 3634242595
99813 3051015179
87105 6851367975
51285 3277846835
61897 9916347379
-22887 3144888439
-9947 4239119079
25825 2833765115
57533 8377862839
-6983 680360179
-39391 8341269371
12733 2808455959
34017 6040572479
-56947 1007584759
-93607 8665514399
11721 259021331
-49135 9487670875
42717 3397234979
37109 7324209071
-77171 7217546771
-72479 2230927491
-38451 2104639011
73489 1694863051
32429 5495690511
-49859 5625032251
88981 5943426951
-6567 1942672399
97577 1782713119
-90703 8241064679
89125 3543711735
-95095 9831332855
50865 3456769815
-60151 9927421991
-24155 4462043215
73505 3124121495
90049 6864805591
90081 3547136131
74353 7677724619
54073 7136457559
93469 9578031851
94045 6047223035
61125 2526017835
59745 1304321035
-34251 547577931
-2407 9425342559
61669 8158466671
-12531 5135056851
-12227 3530685479
24141 1172791951
-95951 6774525091
11909 8607099311
-89907 826938239
31533 1829469639
-71983 2118093439
25821 1890295431
-65323 6096817699
11113 3976850619
-66159 6937593531
79841 2679217251
-25135 7055941715
80217 2071321039
-34771 3889181831
945 3455681715
44401 3393560311
-58699 3253017211
-63331 798653731
-32759 4802678871
-81471 7457837491
-18527 2204997899
30045 2922148475
57713 7643156239
-54919 4140284731
93237 3412524919
-33211 7456524991
88973 5332258799
28397 3935341959
-19491 1878792691
39025 4424495995
15949 581755991
66561 2686549291
-93671 6407687791
4889 1592884751
62597 7404173699
-60727 3751658859
-5979 7420917711
39953 8709499979
16405 2816960675
-64943 3812165679
-47607 254002679
-2827 2325203679
21409 9441494951
-57851 741109431
-66523 8640354439
55533 3605518559
-67787 3314350559
70569 5063844751
60989 5851305411
-19915 4843185675
-45947 3130590179
63473 4187041839
-86331 6474245511
20329 9985448511
-70187 1079853419
80741 8116583791
-77267 6389789299
-98151 3392814151
63277 3938831619
-93135 1743881275
76869 8435342851
43785 2202256175
-21643 1304232259
-7107 3689777479
97417 9374883859
-61995 7471909475
-64839 4323505011
14681 859254011
8757 3344607279
-78907 6580261299
55817 3568085279
-46515 1780572075
24761 862886291
14941 6134713651
-81107 9385312999
65105 9065359195
65653 678724419
-14007 4903795819
-50415 6881774675
-84727 3474317259
-89787 7082660619
55417 1182008399
-38495 1421337315
-48423 8915415719
48941 9718016911
-96055 8087431515
-33379 2823568171
98357 2925319799
-42579 355658431
-25967 5715321019
-44927 7778099339
-99907 2749116359
61141 6053956731
-99951 5406186151
-64539 6742306811
-16291 3142997951
47913 9151877719
77713 6509477759
54897 1655742139
-41539 9315363571
-37179 138619751
12109 5349082931
74405 2297666895
89773 3655794339
61493 6201879019
72829 3199199431
96837 2787462599
62433 4883099419
36757 1515539739
42621 3679746611
-76935 3157048715
-67607 9562871459
-75267 5117462859
-30223 4278079859
50561 4950234411
-93987 5458427859
99053 7284026419
1937 2004632139
-76907 8229938799
-75403 6638949979
-35575 312610955
34953 362895599
-26075 4613881115
88057 7088995659
-36975 3484734435
83497 1063635659
-9295 6465589875
29653 1723315139
-1931 6700293591
-55443 2663178059
-51991 255076511
-90731 3590131331
-88443 8336170779
-76467 7045712939
10133 6732996679
-69807 9724764919
-91399 918223391
-62767 6875712939
87017 5925603099
-2807 655330059
-7467 2757416699
-10147 2758442199
-48475 2697779635
74805 1215370995
10573 1445176659
23829 2112943591
-3607 1156187919
-71591 5289577591
84177 719862439
87473 5857089839
39445 8381377315
38405 6455500275
63189 8922923691
-16559 2042889431
98273 901075659
-74811 822596331
38501 2999887891
1897 5588885899
-14367 4665668699
-74815 7776429155
-34939 4400377751
-73363 7299950719
-11155 439973935
-10907 931940119
-43667 1047528879
-53779 6495964171
-91215 3359780235
-98495 2644197415
89441 9481869231
-10115 5751545055
-71047 2166914479
62389 2314309471
-50143 7158174099
31925 6789493975
-43215 2845161675
38809 8962397991
57109 3528234951
13829 1063664971
78373 3170753379
-16803 8041973619
-23979 593380071
-14919 7743803191
23217 9050687239
70549 3334740611
66841 5874423791
62745 4253707335
-81123 3084451959
30045 6381952555
98845 4900338215
-66283 7144723219
73673 6646428079
-63027 7541364419
89517 5143171099
-13219 3098297391
11681 8718412151
35293 2525716839
-20287 8305596199
-79291 807595751
-3927 371576059
-6971 4693298571
73229 6390331751
33489 781976171
-11383 1297526039
18773 4266104859
-62479 300771731
-74099 8262298731
-35399 3247149851
-77327 5098280059
-42523 8777622359
-47255 6791302515
-59939 2496627751
71361 1153523211
67369 2570287371
-88219 2701054931
61357 2936501919
87321 8793595791
97633 6754234699
-47099 3664464071
72261 9899987791
73913 3380341799
-6339 1905570211
-29119 5518617371
34285 2542801595
14609 885608391
52149 5360003451
-655 7334612215
-2403 4549214499
-69891 399226571
-34319 301590011
32089 7661883271
38885 6874845295
68541 9810315571
73565 3902243255
-94887 9579360819
-83711 8876920671
15265 4098719075
-45775 9188162455
99485 8987807915
7557 689940739
-93075 6924393095
48825 8641997475
87425 8554769195
23649 7605953651
-18839 5141174971
54937 9802562119
-30063 8848741559
81461 6865024591
-25483 9187061399
-73235 747424355
99805 1426186455
-66547 5927538259
87477 5946312959
-66923 9964327799
-40735 5483796315
41929 5602954411
-6707 1991706699
95333 5756547099
18741 3234523591
-83659 4515228051
55729 1594530351
-85967 2485415299
99517 8622305979
68713 9272457819
-77295 6786865515
-25167 5863464879
-29239 5375370311
-62611 8349407491
73673 3502536039
95997 4130598159
-54867 7794371179
193 274921739
28169 2895624911
56349 824795331
-97639 9568252471
-4675 7071185515
2701 3191646411
31585 4484536495
73453 1094558959
-46679 148910611
-75707 3005800059
-58451 8794213891
92125 6213438495
-48379 5711158771
-90427 6463051899
-94571 8082171151
-33615 9490430515
14245 2403464535
-47127 598034419
-58799 5145956311
13617 442197999
27733 6042398359
32249 9159302011
-30719 8693116131
4753 5091625479
-5979 9486260071
-76227 9269726599
-8331 1750999231
44301 7874391971
-34567 6608165859
26341 757100431
-92523 1482219719
-82187 6312127519
-1367 8600299979
-42395 7756769715
84457 6441111019
73809 3478065111
-48739 4722474791
-8707 4843264219
-98831 4167799291
8677 2377630599
-35819 3982048911
-95111 686774171
-23175 8031614195
96873 3050438739
52617 286461639
68709 8793901291
-99963 6323593259
-66559 6311685751
-43827 4186145579
36073 4913839139
81117 8348688259
80565 570380635
33721 2824943011
62341 5224983951
67861 2952424171
-20327 5277010019
40265 9118823775
23253 5669288199
38913 9228820019
-92871 2265522511
95073 7079712079
21549 2504077011
-31343 1147198159
79929 8394312591
-42335 8314368215
51481 8138347491
98345 1483039935
-68587 6949342119
-92067 5814781759
-36023 1974021519
-18519 4377157811
55297 1252572919
-78707 2047119339
-61971 3963793051
87221 1365916631
49685 8157621895
-4087 8861736599
-72223 1687338139
5681 5956433151
-59211 331277631
-26267 9841172819
51341 8804271711
29761 8957090771
74461 9778809071
17557 4509303379
-12699 3917324731
76609 7172816311
-92323 8658952639
28133 9596204739
-13699 3982347731
30497 305391399
-14051 5384149971
-83431 2543382611
-46139 2177265051
80489 8837210231
-38495 6266363415
-90495 1042811795
-58779 5881173611
39973 4726220939
30161 5043966791
25397 4172386239
-35251 7636160731
-91183 2978592179
31341 9765568631
14249 3353306651
-55239 214773731
-45483 767214599
-58383 9800045679
-96203 8934443719
88377 953805799
69357 3487621559
45337 2302508879
-7511 1677158431
-98775 2984545095
-93899 5917244811
-36395 9945645395
48681 7734178411
-55763 8416390339
58649 4146048931
55801 1594206551
50009 2768623231
40837 9573154559
-16555 120076035
-25907 7773454279
-35291 3684125891
89769 4411206871
-27903 8748133639
47125 5411247955
19209 1887824811
11637 819741199
17093 5259365579
26893 1309524799
-46759 1658779451
59977 1586447039
-20347 9868997519
31197 5345843159
-46811 9165890851
-23299 4444219451
7441 8547449611
-90787 5391653279
-58743 216309479
39797 2466721099
69529 9721906431
-51071 3977643071
34165 7854031915
10393 7564537259
28109 5515230351
72849 3001067091
28829 7815153691
-11779 5972000391
-50711 739079931
99989 7764201531
-63727 9515867779
17905 7346613035
79485 4042401235
45701 6416396591
-20615 6334516915
-26895 6727338475
57769 4038934571
82725 3022441675
-45223 779881279
-38915 7085546515
-55207 7118719979
19121 5877589051
44305 8319981895
-84795 9466413055
-12087 3151631899
-93459 5202054391
-44915 5011669975
-71667 4890914799
39445 7594144835
-92387 1478318419
-64871 9698844231
-64903 4359808339
26685 6495307475
-99419 839110911
-2155 8926553095
-25855 9833083935
41005 8942926395
-17183 5731796199
-19627 433027299
82793 4327948639
49269 3953771071
-28943 5880001639
81197 4199853939
-90739 2496679971
-17027 8507095339
40069 3004028711
81253 4935504259
57809 8723530691
-74311 2260001391
-78619 5412348711
63341 1748443151
-30691 5972138111
-83527 6888232039
67301 9077502411
93525 1720453395
68625 1161107475
1901 8335065391
50269 9071678731
-95535 3733732275
-98079 7510931031
70377 313008179
81089 9928742631
33785 6685666755
-40351 8850058671
17473 1370674259
98289 5394264831
85577 3006810919
-31279 3922724751
98273 8755882859
29597 9911624419
-1131 8803041731
72065 6476420395
82177 8381808159
31657 7388328479
-10327 7577550599
5789 9926608411
-75467 7190495259
21209 3550388851
96049 881633951
-82547 1290694799
-2319 5579636811
-12855 1471532655
-11535 3885325855
-96899 1766890671
77753 2776240139
-88411 5151045771
-41815 3925776675
49213 9663930199
-27287 3880327119
-45343 6560230919
-90619 7619222811
-54579 4081906371
-70767 4338552119
85589 5207560871
-48475 926144735
1013 62505919
-86843 7139256099
5617 1176699119
-70827 8027290419
40181 4683277811
-40307 2073960519
52973 9706391419
-31067 2445122239
-84723 9493232299
49445 6206319095
-73867 5435405199
9477 1429617279
94473 6646105759
27269 4549757451
82717 4723015299
-64263 7679005999
-43571 3236912071
-78611 7839033811
-2215 4910597055
94449 6394477391
95029 931752431
23925 8953346295
91577 2889987159
74881 7464020591
-35779 5366836671
48845 1840153055
-3459 4675615291
37885 7877560775
55117 1740923619
17965 7738742335
-68495 9302923375
-71923 3978143819
-84983 1533276539
78885 8444875495
-34611 8984527191
-63667 4022068539
62101 6328897911
-88471 1454539491
-58655 4195882635
96941 9119846111
55637 1472734539
-87215 5758111735
8833 3479987919
59749 2985129371
76381 8491637011
-71683 3196911419
-94627 7375900039
-2559 4142335931
5217 1727631199
20129 3750527571
-85163 8262926679
99749 6578638431
24765 9868235115
-45255 6167876695
52085 5245507795
-39539 6378804331
-70055 9513919715
18949 4290109631
-40279 4844957091
-13987 2476475539
-44419 8764594731
93769 5324938831
44677 9842458259
-51719 3813556571
76453 5432020099
-7803 1208727799
-11415 1671008175
49845 4429728435
67853 9184756099
-14899 2036872831
8049 4650295871
-62499 1462971751
74405 4090610955
-28915 698316615
-2527 4969093879
-4963 2116221659
70573 9045146519
90861 6669028531
-69299 592109151
81957 7577111499
89717 1063961939
66593 5944555919
99041 7921583591
-31911 3525553471
95257 2821787779
-63595 7719352855
90353 7203377099
-36203 8054185659
-23719 7238498351
-38575 1353613875
44673 736267699
-77747 2832894819
-96391 768032931
35769 4560351391
74445 1576346735
-92287 3062183419
26493 4995560259
-33963 3512721839
-30419 5998238051
-3179 8649663111
-79631 5670639871
61617 4635529299
-46195 3903683855
55917 2491972419
-10779 4112024771
33857 908512859
37597 9715137799
76181 3119817431
1013 8491020219
-68723 5018711459
13281 8793903791
14165 9320347395
62521 443783531
16637 4626152519
-36823 4124134519
-68923 5772511039
56633 4689998639
71137 3723881719
68721 9940498631
-79619 7829621091
-14663 8662159699
19017 960696479
55645 1261873655
77445 9412739115
84277 5811164699
59889 7373855911
43985 3864459035
62813 2412375659
11309 6855535991
50457 348874359
-24003 6733346119
-80127 1862694619
-64171 4742272631
62437 3829986039
75837 6029818679
80101 9054433131
52401 7634579931
-16875 4520872955
-77711 7691523771
-99231 2295143291
-3867 6794059639
-28867 4992225219
-58655 3253168395
4837 9707039
79497 9959267479
-54759 9875971651
-38067 293521919
30301 3798949331
-25643 462416459
-35611 9323129351
-49967 3126001099
50577 7747990299
-67359 9688563691
-15563 296750579
65453 2118483219
-79327 4209558679
-65279 6912822951
-78327 1251845899
62269 539695911
-91903 7752572699
-47203 363695719
99293 3610436879
-55583 5839695539
-39879 5994298531
-75107 7328943039
95329 7475177371
557 6383737779
-34899 9409287371
-21023 8011496199
39893 4915565619
-47279 2938790311
-91595 5271319115
-83103 6399805819
42169 565529751
-18583 6982197279
-63935 4351226315
-86891 5767034551
-72771 4461473131
-20283 5553426239
80785 8557927135
23297 8456489559
71285 7570984555
-51471 4600935071
-2939 538997211
39641 7631921351
87673 5356087739
-57803 3848836619
8933 7409758399
90653 5620999899
75377 3833528099
10477 1238476039
50933 3696496259
2825 3287177995
25573 8067375459
47473 9103943839
35541 6896663811
27873 5733082639
19929 8744433011
-26543 4343278959
36389 4702213771
51701 6166814671
49933 6691913579
-72191 5026093391
-29779 9485864771
49265 8292779515
11509 3886540911
-76351 6345212971
68181 690756611
38065 4101151015
70525 4983785315
49821 3850806051
-99227 2346612419
75465 3130698555
-66883 1843984199
57305 3670662695
10149 7682536751
67393 559211279
-58571 9210179291
-63899 1191667931
-46167 5215601679
-57355 5939158255
60009 3063699951
-56603 7626094479
-69227 5451924499
-1839 7830530471
-89627 7981552299
94497 3909188339
-88755 4211536235
68041 6065557351
-64627 1212818879
46317 1793309939
-3491 5138021511
-27015 9362147115
23993 3052929779
-52887 4232403459
19025 4885272315
-47639 5447579211
56553 6835128179
-82399 8924658551
-69279 6620384211
81585 6046657155
36085 681871075
-83063 6285465739
69869 2711175951
13365 8144078975
34789 1204150571
1221 4750243891
73313 4185330219
97433 9974219499
-23227 775482359
-74883 9543254639
-22783 3877080759
-23047 3501639639
-12691 192729671
99737 9436366439
-85043 6906755399
-77203 5096351659
-74239 9768030211
10597 6350681019
-21979 5336371911
-46823 3175256159
-36915 6114880735
-69395 5962790075
5601 5185249651
88769 4659935931
-70775 1476279195
-42047 6886567759
38457 9509096919
-84799 8468346871
35201 7673336871
54761 2171531471
-59259 814165431
-88419 2998856371
18377 1313791339
-98507 7340757259
76205 5637092215
36009 7334855451
-1695 5754836595
-85079 2800336111
37753 7261465339
11897 8072492079
-83147 9161170799
95789 4389748811
-14875 2983368515
80357 9074385279
-16311 8433397511
98501 8607372891
36465 6092369115
-10883 4411057619
69049 8659284691
35745 7432533935
-11603 8611040219
-60899 5878764591
-31855 3896714935
-44755 5806793035
85261 1422000931
87817 8454283259
-2111 3340025571
39077 6483585859
74297 1648723939
-50343 2835056879
18429 2982444851
-81735 1652191095
73685 3431296795
-78411 8339374751
95325 1012522755
29297 3709867899
-57883 5431052159
-78523 3029904679
-41587 7503175559
84549 4760315971
-14183 8708754019
-25923 2737555079
-43807 6342938439
6949 8603489591
6021 3395073131
-52395 7755993055
-61115 8962986335
-85219 2838264291
99577 9034613839
-15203 466252479
8185 7219220155
-41975 3114552095
25521 6893042731
-92567 6518951619
8593 6151072659
4033 793891139
-96663 9776136379
-23587 1485881959
70193 4560740439
-50015 9771379835
59217 7341554359
-67331 8726062531
-35955 6860520055
-89111 1119584231
97101 6715795891
-39767 5680793839
-90723 794476399
-31791 1920074051
58081 5000278271
-99227 4539280259
-83683 7356182019
22257 7605397639
60353 9233237419
-9975 6377958815
58181 356918651
59117 3652747819
-44903 4979135119
8981 6222334171
60533 1907437139
77469 4128323851
-22779 4008148771
-63 5639585899
-41535 398943315
-70027 9768581459
94809 5946315231
-12711 1618348331
7837 3180861379
11429 330018131
1709 2342724891
-3863 2870631139
69937 2733811339
-72779 2897090211
-97303 9308463819
-69263 4165072799
60569 9126467831
80869 6063802991
22569 7458315531
70385 4800571875
67333 2005863799
-35187 2466877839
-69663 1039537239
10633 9065756939
-25879 2309566771
34489 9530168451
8297 9765915699
41317 8534630459
-23055 5884249455
-46775 9370224055
-64231 5202497971
-15367 3344268319
62257 7940671419
-50563 6717191039
-92807 9252261639
-79811 6981728851
95929 1702064991
-77963 586237859
22537 5827430239
-52679 8781790291
-79003 6440092119
73913 2790161079
81097 3929002399
12293 9047413999
-5527 5868117779
-75247 2809104339
-68751 1935040471
30885 8079361035
41349 4890361491
32769 2331744851
-3023 3003501339
781 4017960951
-58787 5137738699
56165 383090135
-28491 3600429971
53109 9919959431
-35615 669524215
-3899 5242522371
93889 9289140931
82989 1445539951
94265 5915288275
-22191 8882697931
-11831 8305211371
8725 3233147595
32309 1985789571
15537 2893747799
-52719 9671887111
46493 4864588599
-24847 2471028359
69529 4900098851
-27523 7562973799
-85591 8787782031
-48879 8976016011
38229 2392015491
45345 8904998335
-12175 4033007915
67253 6441415219
10881 129710691
-38427 2296799559
66829 1973082171
-21779 7918561051
-52487 6887533479
-85475 7972773235
10801 3267595531
-20243 2228612439
6213 7350487239
13681 5136430031
10637 6928776499
10273 8087091459
-27363 1907116159
28365 2957965235
-10655 727489275
5909 6005721791
62929 7761165331
-31623 6991784739
-57431 993449331
-53459 5886107931
81057 1143269979
73453 840228039
-25355 7656766135
-42631 6361631091
54965 7722505135
66597 1973007159
85109 8525809251
-36867 8577896519
-20919 3552240371
35685 1006253535
-20151 263509151
47453 5033730099
31729 5391738851
-4423 8634778779
27385 7040853175
-79631 4984981711
-66843 9519680779
28001 5954853291
-38851 5854178551
48781 1278660491
57681 6346459891
38933 7862976539
-93267 9540073799
-61211 4305303871
69057 8936116579
-13671 9817354251
-59691 6952868851
-66627 5173473239
-8519 5512741571
-16631 9342425931
-227 7046413619
91661 6520136791
61597 5225811219
31977 1403036559
-36799 5879204771
-39379 7057381571
34393 8029460359
-4631 3452438731
26229 5501308731
-4087 7774591899
67833 1753853659
13173 4474172599
80189 2958758011
20893 882116399
-73523 979320199
-90387 7433129899
99209 4374651251
72457 6940061099
13581 2535208911
-16699 1754638431
-70899 6685592271
44965 1776145655
-27435 2789602915
-63983 6004038139
-99015 2901520775
-7007 9744820099
3073 4723727999
86697 8379017459
-12919 7010366911
-84671 9596305631
55821 9541482531
-3423 6307907699
-2003 6746251439
64713 630603639
-90679 8981191531
-54275 5938694535
55269 5996331691
-61035 5479160715
13245 9805125175
-30207 1406445639
-68107 4257964619
45525 869275015
56249 5665650431
18109 3030102991
54605 5510392215
84169 9086721591
-44083 4676279539
-64567 2509078199
-21367 4404239399
72005 8561049675
-62771 9867989211
-99031 4160109051
50921 4910192971
-72675 8990312735
105 1936436835
-9527 4456117459
-16499 9810622311
-82507 714178159
-41895 5304214195
-59299 827037931
-95131 4905230751
10653 764739739
-40111 988513831
-12799 4394306031
-79939 2261427531
29841 8598001351
-34859 2253341031
-77251 3353577171
-99899 6769802311
57845 6998038055
-8607 9395745619
20609 6130349631
377 3994156539
66125 3323056815
-64899 1146582411
-95731 6065307811
-79267 9994770739
-42591 5110866591
47533 4825216259
-14099 8478418051
-8343 6607216239
-43547 1530977519
-20335 1405460035
11413 2931406359
-50263 3041696359
50625 7215404155
-50691 5668270111
68717 9457882499
13517 4061360559
-54439 3146439831
-32123 300145699
47349 2574877791
-56031 6221070871
-48931 1946618911
-66155 8262693575
-50107 9206167719
3329 1792918331
85253 2532399499
36769 5909531311
-52775 1311493475
-44671 2162952211
-42727 5596305859
-92167 2046215859
75865 9972660035
41065 4500920075
38845 1818810375
-72763 6510478719
-37067 1526996719
70217 4578596679
74821 7551575651
9253 294317839
58997 618492919
-45631 4654039391
-679 1376228771
64709 7072892771
90249 9606953311
-40323 5519416999
-86407 561333419
-48407 3863315959
-93343 4254620199
33085 2582370835
-26395 6125205675
23769 111195351
-35855 7585637655
23825 795374395
-98211 623721431
-80635 9016536295
-7343 105809959
47153 4789536639
-76207 6186529879
-3591 2385616531
-78499 2981727671
-52211 4638499271
62709 9893714211
81941 5343968151
-80487 3800024739
-75979 3284763011
-41619 8825081391
12921 3972749711
10521 2236013871
85253 3276736119
-76899 1129729651
-55179 2597317831
-639 5687344811
37265 8998379275
68689 1332225511
-2787 5759090119
66489 9519473871
96225 3563239655
-57547 6591876619
