98430 -8009667318
38816 -4458234022
-75059 -4029715237
47973 -2635881206
57348 -8315589075
-49553 -4423965522
57445 -6165926054
99573 -2085129734
5737 -1564496031
-23372 -7109306017
-18237 -2070529350
-22827 -2063766955
-9232 -6374189026
52356 -908265753
-44048 -6113759787
99164 -3691916931
70503 -596648922
67411 -8616704132
-93538 -3687127299
23808 -3859944717
-85430 -475190475
-19733 -1511930297
-81277 -7300859144
36966 -8202745873
87920 -9190035685
8382 -7041950085
-4824 -1003738875
35498 -4447746924
68903 -338043996
33076 -1479382564
62540 -5694035506
-8405 -1208272718
2880 -231847803
-45173 -6582433130
-41710 -316000551
-72642 -4556026695
-95333 -7366914544
27073 -8679422544
-77060 -1664784179
52224 -94677940
-99753 -1144573704
15744 -161191872
60775 -7950932513
49751 -7100476881
38618 -8945895259
-43523 -6480400218
69849 -4827417448
-24440 -6330251279
-84507 -2352490030
-17911 -9385405724
-98621 -8938701596
30771 -2302274848
29485 -4871926743
-11479 -1573033015
-76359 -3437599864
-60232 -8322458643
-83258 -6284903325
-43014 -2440444451
-79949 -1388836798
84784 -5117486292
-29427 -377968744
-63758 -1317204460
90801 -5746781111
-54357 -3507644345
-39719 -2851606919
-78853 764107470
-76171 -1671170459
-53631 -2573122023
-2086 -6035966707
12623 -1565384521
-92850 -6758510686
59268 -9930156506
80710 -4384583999
19782 -909902698
-4299 -6630459359
77377 -1696620057
-38294 -3915114405
52925 -9355751686
23268 -2683745513
-91746 -9003365133
79345 -9821602791
86064 -3194034925
-85350 265513569
59524 -1456414245
23091 -5182108106
44203 -874196294
28667 -7685074724
30587 -6087084000
-88419 -821066892
-39070 -4693268614
-96078 1896630884
39798 -9707099236
83668 -9431255025
13086 -2321193040
53371 -6278943842
-69828 -6032461183
59838 -6627985738
-72045 -8751954781
60504 -3248405140
58119 -6750973474
18297 -212014290
62226 -6690549413
63798 -7967856386
45319 -1909291170
79794 -4053371962
42760 -2708372235
36076 -293256114
-61195 -2811434558
49487 -4394714876
63783 -2039390706
70449 -5113009333
-68006 -4110849655
-48246 -5992854829
10905 -4848748200
58448 -5739071562
-59748 -1575802573
34244 -3772994069
29806 -5044395457
9062 -5818646457
-21230 -7312774521
44793 -5025637566
48576 -3622403624
-60285 -80436310
-18649 -2011088829
11969 -1504136703
-28748 -1285072639
71418 -8669023587
-25277 -2907420633
-97389 -9336584401
62757 -7959020501
94183 -6738796905
10334 -209181103
-16155 -2881917828
19722 -9519186519
-81784 -3982485769
79080 -5257518196
25356 -4658471941
93910 -2807545612
80925 -9871387812
40824 -5130617803
-84926 -5574399954
23436 -1147632662
12881 -8947763701
89571 -2812571974
-69804 -1100630881
89453 -8256913495
-80262 -3496337615
89977 -8402143701
43479 -6399674828
-27099 -181545503
20959 -3020834961
-34429 -308727601
41194 -8260220980
-57505 -2963109554
-55857 -7038362761
-88924 -5891655039
13593 -7928098069
-30996 -8816675579
-26376 -7168859846
79141 -7457511607
78843 -1046960746
-39130 -3572368785
90795 -7927287960
-73261 -2442758337
77999 -4529795630
-79689 -4986464689
14062 -5609800973
-12444 -2330506399
-30935 -2744083058
96862 -4482605035
-75066 -3696111617
-71447 -378524418
-24278 -1270851912
-45536 -726818656
-12749 -5424691474
22142 -7340311632
32092 -5994837874
-76807 -2121078399
-64654 -1508768644
99091 -6984619345
-89681 -2097295582
89150 -2482038312
-62436 -3581447694
76881 -709355047
24707 -6062346210
-72464 -2199452201
49964 -5760937399
25214 -6735621668
43892 -2620688743
-1734 -9366121622
-79162 -4545895468
84530 -5375499365
-1055 -7345128976
-13432 -6372939892
-46648 -7230785758
50694 -3902167736
-93659 -7679439072
-17256 -7184449149
81137 -2884396029
-91279 -3676090615
49213 -4855063052
50167 -9139835077
-79131 -711992162
23056 -3468445106
62762 -2185193798
-67472 50798284
-9724 -1127598578
17005 -9373056178
97586 -5641519306
45991 -2072898366
30497 -622472212
53608 -4287954461
72557 -2370388698
66401 -6204570624
2498 -6050554832
6102 -4870948426
77752 -1736756104
-32970 -251049788
-57510 -8495643002
-49627 -2855741912
-21800 -7329654797
10556 -8489132302
-34504 -7903763389
-25347 -2402999706
-79528 -9617539931
78673 -1815205927
-55263 -5685969749
-95547 -499663575
59439 -9232941850
21798 -5178777888
-34612 -3225264656
92979 -3725853201
37623 -2551954776
82902 -9562323040
39783 -3076222048
-3378 -7208805199
-71968 -3741247402
-15780 -3230245128
15243 -64760992
46169 -2882780764
-78375 -4524802122
-322 -8851052537
86082 -6432965705
-75118 498036717
95546 -4599233286
87905 -9901822764
42876 -913230001
58950 -1366580903
-47585 -7963452026
62038 -5123784778
96654 -4912433594
56571 -7973797625
-80033 -5660314858
-83331 -312315510
-13692 -9942266746
-60156 -6254303030
-31218 -7770160618
42293 -3917707238
76590 -5919267081
-7911 -5356098173
67581 -2031094164
36257 -8594015990
75433 -7544456490
8608 -2354773452
-3725 -5238193600
-87222 -2789053122
-94766 -1021467775
66376 -4088975086
92586 -3299472873
99752 -2607352812
-45981 -4879076066
47129 -7124348813
-65899 -1293608364
78571 -3636283630
89269 -3085883653
-85499 -1984434865
42771 -76628492
77537 -2890833091
88668 -4446091860
-25958 -9336643637
28913 -9135760438
74289 -3314577869
-22723 -6908692612
-30395 -9484832669
79379 -1471039232
-3061 -7540374614
52178 -3951584314
43125 -249873885
-22515 -7833486801
79708 -7081982459
-56465 -1338783645
26961 -83798641
78903 -6929912941
76159 -9847942684
76315 -1366945737
77180 -1657785391
-27400 -2569761044
58768 -7987276160
76439 -1939884894
79105 -4628739546
36921 -745289531
-7392 -2882534073
73771 -6736200416
-89249 -9581782884
-43436 -9605243232
41666 -3567822380
9684 -6568470720
55286 -6195378229
-94850 -1923725541
89818 -496070730
28575 -4433746574
-91129 -1518197684
-67546 -3931674036
89345 -4018177722
-26523 -4252219019
42925 -9508740225
-97348 -1697492802
98437 -5699178455
87874 -1516313667
33137 -5618169440
-85359 -9697277244
-67340 -5350298285
46110 -7604686538
-40617 -607260432
-93874 -2279194083
16681 -5022815040
-78687 -3048960064
-97815 -1474186759
-85498 -8696695185
73805 -4052841878
60238 -8592727602
-31778 -1212803355
-22378 -7171005978
97726 -1195162102
-67549 -9913035701
73709 -4175691878
86411 -7631902513
-25062 -5591355618
-73886 -9856333167
75379 -4120927398
-56792 -2385361383
-82678 -7464557832
-66974 -6014224658
23246 -2562231487
58580 -1291753753
3754 -550503840
52291 -9896141544
-62803 502450912
53128 -9213965596
6805 -3229664352
-16488 -6411844443
-77820 -7635928991
47941 -9381520053
-32236 -1402184332
-66450 -297068397
-99905 -4525889380
34438 -4410535349
-88646 1763330491
-93486 760840380
-72450 -8648139399
10844 -9505837843
-30712 -9815757913
30095 -2018552862
-93307 -3463963280
-19537 -6656695261
-39585 -6159988660
-87977 1028948531
6436 -7904249987
-90417 434983455
-27649 -503849550
-25896 -2481498423
54850 -322213942
76270 -7432411506
90654 -8262275283
-11092 -8045419172
86400 -2192850513
-85959 -8367100347
81994 -1024788895
48385 -3347915183
-13982 -5828595208
-57034 -8164957753
31977 -9250976290
-43711 -7923763854
43193 -3764221225
-67122 -2452095428
-68345 -5909404214
-31668 -4498175532
-14186 -1614328657
55632 -2414414562
-64822 -8866356400
-45784 -4592828921
-16727 -9093762528
88574 -6424579573
53505 -3047559541
-8823 -7938063915
-31685 -8942934640
-52025 -5980304832
35215 -6331883262
-88985 -5320766308
96618 -6818987746
-32329 -3683079024
88329 -5025894980
-14436 -6336274869
87037 -3988645151
-60246 -999349797
53870 -5692066787
92566 -1037674951
59473 -3375842472
-31355 -3294824729
-67877 1057577443
-59257 -3706309965
61288 -1067390887
-28553 -1912880929
-83702 538586521
-40158 -899302616
59209 -403455687
96453 -9873238340
26884 -7914542962
16477 -1783082333
-71384 -1975915535
41409 -386870423
37539 -8368912809
22094 -3967512473
-58974 -9999405122
38479 -2209253416
13196 -3450959804
-42648 -5207981987
-13469 -9039977132
37472 -6616912668
-99427 -5924541909
39497 -1036607072
7533 -7135608604
53222 -4210426063
-17210 -3723664045
-88008 -1253499807
-70467 -451902612
-28965 -7177514584
-68342 -911299599
57322 -4131152454
96153 -8582960519
98961 -7014659332
4394 -1407476388
-55416 -1374871637
-94962 -5789908004
77380 -7477724017
53315 -7897063485
85464 -1922381425
-47639 -3537361837
-50918 438132692
77203 -1061123536
-43983 -8309268197
-94052 -8255233310
60736 -1541135833
60270 -888149597
80667 -4835812805
-41536 -2779585080
89114 -1368850741
6355 -2602340106
829 -9851314653
-59744 -1201714176
-20136 -3976471254
-56386 -8679085434
-12177 -7525380085
18396 -8165364660
-46854 -1519399769
6148 -6973370644
-30481 -3484781737
42336 -4923734199
66155 -9754318078
8788 -659859230
22557 -9198941695
68779 -6225416936
-91404 -8408079906
-89428 -999012469
83312 -5712420487
-51321 -8295797066
76063 -1051526457
-24513 -6087088920
-47159 -2340573669
14637 -9884751824
25004 -879546953
39151 -4572118305
34388 -4265677778
28504 -7172217193
-55763 -6580949267
-63173 -9530960889
69983 -2234284817
-51784 -7385592793
18827 -4210724385
59532 -1010374791
81446 -2275617932
-65456 -1510938800
-46469 -4309479349
66045 -4493689777
-15242 -3493775696
-11665 -4333181614
-24072 -2572249211
84618 -8168258860
-95712 -3126867006
76761 -429873742
88137 -4235692242
-15522 -5098501085
-97929 -4485462758
-42818 -6999493368
-14860 -2372188899
10824 -8491087192
46499 -8061520314
89322 -1170360530
79639 -8599780322
-91107 -8284167822
4308 -3769696920
-28170 -1385144928
-7177 -1755076206
-25749 -3026535445
34767 -2137166637
-92102 -6189801403
-82454 -6306418909
9700 -4417552780
-15769 -1768865561
83196 -3675173973
80975 -191274964
25948 -159948665
70006 -689321648
-27678 -163377565
-62064 -4166052183
-82954 -6082376164
73532 -8366090941
67369 -1138332165
65495 -11857176
-90125 -9857115760
-62757 -6669383960
77265 -6431833154
-2962 -4939034371
51988 -13581442
-10280 -2055455841
-62848 -4927856455
87530 -6454561991
-44330 -8617665109
95146 -3641797786
-30694 -9942395182
-93235 -2265832648
-98615 -8999551904
-21752 -9781581253
45234 -8009117994
72684 -547099358
-78252 -2616819193
-75280 -8077967230
35277 -4652921765
-64588 969379254
-15880 -7275863807
49512 -8271118334
41787 -973961078
-66552 -8994831768
-80164 -3036949255
-34850 -2288769186
2828 -2998170180
86062 -9574412534
94753 -4686848394
63755 -4056265717
-7017 -7598256384
13086 -3836386594
17561 -6331660789
65658 -3144828269
-11029 -5857260576
-97327 -6434896862
-52596 -1653431578
36815 -5021182516
32570 -4489461270
90638 -6574838677
93732 -6994799897
-89606 -462546212
-96906 92615798
93128 -1783952060
99182 -4970321016
-1547 -8315374179
-88430 -3989373655
8483 -6212518173
-17736 -1943974953
15777 -7237512669
57978 -1799935658
-37691 -7973417338
57230 -1104662212
22159 -9120184157
-4370 -5614048465
48938 -4129408411
-23134 -6283844001
84376 -5613479909
17785 -415629398
16135 -2836675776
51853 -9008638378
-98249 -2304131282
30918 -4565690404
86293 -1176668537
2538 -3966768299
-36336 -542602995
-79164 -2294873742
69318 -6096566807
-50180 -2490388172
-56750 -4527148554
56285 -8253989666
-44585 -602732972
17022 -3405026384
-88573 -5503504160
-45136 -1067877765
75273 -1519644932
-18566 -4322107405
48281 -2755823914
-52572 -7064229166
94801 -950973045
70625 -6865178361
-42176 -2913342810
82085 -2981265568
-52392 -2431012572
-50426 -9425011979
69948 -4900600312
3816 -7985035482
-20966 -5792234557
-33002 -6750568441
500 -9377756858
68853 -285923883
-99055 -277289556
-50446 -4023575033
53612 -3940387363
80573 -6245271942
-38602 -67213243
62954 -2700838752
8794 -478827838
-60526 -9493075610
-19416 -1803234765
-78000 -8263763317
-59686 -5279163983
-61635 -1068770705
18015 -4924940936
17462 -715360910
-81256 -2878199813
-25376 -8126403052
-39417 -803092697
26951 -4912091073
-61545 -9907076954
-26897 -351439285
-28139 -2072946853
-92026 -3392025027
69962 -7719059566
82576 -2889783413
-44319 -3882501068
-85347 -9185623821
9270 -7882950315
-96331 -8786796904
-83068 -7964402126
61004 -4588999456
43207 -6525270901
31288 -5339286430
30121 -7486881394
66415 -4374601229
-38 -4044587532
-13832 -3759069853
-99372 -4309719503
24074 -450782182
94678 -7656842714
72478 -6156310769
-94554 542984750
54335 -2544185690
78061 -9810416864
-3563 -2603527470
91938 -8963374366
-85642 -9617612991
-80226 -470230071
73998 -5033820479
11654 -6898267923
72137 -3231785004
-73826 -4935821019
-26686 -355527037
-87102 1102726565
8874 -5481736951
96905 -9128782579
5410 -7921118607
-14467 -6422393867
-87927 -9899818942
-88747 -5533122673
-34187 -8515999443
-96566 -5011229088
69068 -3157987046
-77880 -5567161290
71577 -5526367799
-94539 -3528172705
6077 -5723880333
82203 -3976435281
51005 -3737446230
-58241 -6543226450
-76494 164353469
-13535 -5862409382
-33803 -8520732011
-92241 -5863037065
-68291 -1810264288
22354 -7223310286
41851 -2011800925
-97577 -3279769324
-38562 -7932379606
45914 -1537571199
-60184 -6877072883
-95037 -1599847565
32557 -8819427133
91069 -6307141301
-58711 -3164074510
85731 -3650558901
3054 -4423203799
-21868 -2122068765
78307 -5483029858
143 -2861946758
82677 -3408950661
-39622 -3275179346
11377 -8490552333
-82999 -7293989967
-13519 -5910226870
-96702 -9209296729
-6100 -1554491432
-7868 -277946538
-55175 -3401790869
34544 -8591250071
72559 -7831775001
-55287 -890016849
11476 -7391568713
-99247 2211352901
15720 -2805862604
-91952 -5467040362
-10574 -8383817611
-7539 -9206746646
-19980 -9281523006
-31072 -2938567889
65042 -3500438732
-4019 -8344674934
-52231 -452772372
-7979 -5929603744
-22676 -4424309543
-52207 645788941
87172 -57148782
27201 -8877747956
-68180 -9827313324
29625 -4789903824
-41880 -2432797672
82795 -3646292285
63723 -4355574065
99863 -9125804862
-38923 -941796003
-22246 -849849249
-99647 -772895590
11741 -8715258822
31495 -180413186
44694 -5258125158
97254 -2890421704
16082 -4088717576
-78732 -7196497033
79862 -6489501095
-88167 -5401026119
-5896 -5503776640
73725 -414372915
65288 -6946109270
-47600 -3966357435
86232 -5043175227
87861 -1475059425
65365 -3951712135
-19604 -1444468350
-40271 -7921585916
70825 -8078979169
-66124 -9610677159
23878 -881458342
-34619 -225150701
88067 -1129772478
10691 -1816056370
-85124 -9531520655
-24470 -9953259098
96341 -7728984301
-61423 -2964647701
-42567 -2613168430
-65201 -2697087297
-91125 -1005044870
18703 -4599406704
60367 -9116738169
-47512 -9691214375
-69600 -1342560107
56600 -6991121422
99990 -3814184925
-24178 -4329132345
-56063 -9002837125
-97328 -6342845644
-70759 743390485
78863 -3002424678
7756 -3387679118
62962 -7393802939
82367 -305576617
-66211 -9035485073
-26492 -8178258010
-6639 -2361278632
-42913 -6107683960
26083 -5569638621
-55692 -9815617377
-81378 1468969182
-63696 -1903981292
68372 -9014413159
19406 -4394569224
62326 -4520216457
-1370 -9763623782
-98249 2118126542
85996 -8223781565
64299 -5418132104
-51544 -606838788
-96633 -9754836873
-62128 -6922455569
22647 -8031434546
-58783 -7182198638
-79719 -7013732309
8485 -42923992
11653 -2347092191
36470 -4705663098
-22871 -3346934633
-20843 -1819270851
77501 -4449295653
28247 -492311050
57557 -5942840839
-10138 -8287831560
68964 -7343511727
55189 -5358001560
304 -271029715
97501 -1077745802
-72425 792750256
-51899 -1763790452
-24501 -6981756677
85403 -842395500
-81031 -8057136435
9479 -3587607342
70985 -7434959438
-53158 -5436821310
-48165 -7314692318
22908 -8780869247
1561 -7548395265
-71779 -5520942625
11156 -3311610735
-81180 -1696361508
44928 -5995383394
-64296 -8650721223
-17383 -476918634
-75780 -7462779506
-92288 -2359793112
-57632 -6561283420
93636 -742476174
24177 -9759472131
42937 -7129002930
-81535 -2518933766
-39633 -9264651726
17272 -6821485058
-7371 -9457166513
16557 -7890727557
-51533 -2108885361
-61140 -3742952148
-29306 -1750606087
71538 -7432550170
10759 -8395544224
-55831 -5315327236
86511 -2158008085
-266 -5060982400
-72649 -4004240038
-98054 -7459536014
18284 -5506046952
-75380 -6155238605
-6031 -471200599
81614 -5950891138
-42847 -3283853519
-85111 -4267695077
-35916 -5805909706
-56599 -5908677272
11220 -4413675120
-66803 -5411144306
32859 -7208066990
-69362 -5310510160
55192 -3964594119
-30671 -2199614531
39077 -4877627470
-8668 -8523600689
39673 -1673640670
-87741 -907395813
-99839 -3377680800
-57769 -8151772060
-98088 -2021831045
48164 -8238149629
-54656 -2013115621
20006 -7541654120
15794 -5425107795
-13795 -6223237678
-13140 -3899235585
23662 -5508689027
-1300 -4969472884
-71507 -7026801797
97497 -6484836327
29510 -6513555388
-56992 -4820903793
63700 -7355679207
-98942 1483414921
-52754 -135474003
91180 -9696327576
-87765 -8074985101
44447 -6736471586
-44397 -9673413929
31181 -3452081364
-69631 -5217063041
-16312 -916094989
74128 -5384420994
-63570 783415805
-75469 1395542662
-29812 -207226857
-76378 -9813533187
-33740 -5560472478
-22886 -1054452801
-85070 280463083
11470 -2863077795
-94547 -8064767896
14284 -9696231889
-22761 -3413165262
-52967 -8248112239
461 -2228923660
-85422 -1488552550
37120 -3830559546
-32514 -8524786461
78026 -2961419473
-81344 -9380018739
-76995 -6036651801
-33370 -374962230
37907 -1606601810
-28668 -9062510260
82919 -5977625168
94196 -8912237476
70173 -6506058406
24699 -4987974490
-9101 -7114152610
-26766 -6291763296
95151 -9070996878
-38106 -7012812335
23524 -6001079032
25413 -296877848
43508 -6263138219
-27205 -5613193334
-91043 -1633220115
-80735 -6010979024
591 -9879370096
-18018 -6494643781
-71839 -731984219
-77294 -8706246828
-44298 -3786693797
-50346 -2757150508
-7174 -5028281091
19042 -2528408223
-25608 -6580156819
-64535 -5260508719
-33013 -8644783424
-11302 -2804089406
32854 -8775028974
55295 -6839336881
-64288 516914382
-76205 -4380146101
-63080 -1388950174
-26441 -236968513
-20295 -6446183419
78533 -7773991351
-31503 -1484436925
-29702 -5067326796
-81041 -2413776309
-92921 -664840981
12638 -4592950659
8054 -7666000660
40826 -1367333601
-94165 -9529768869
73832 -1825452959
4408 -5530563637
47208 -5956821645
25837 -2833179678
20538 -4341891772
31589 -1716907704
87048 -5121429564
18500 -1787622217
-58891 -1083858381
-86452 -5764501795
-83792 -3539658723
-52431 -1297976205
-18867 -5009781923
-77785 -6798847852
-37331 -4219881256
-19806 -6251520146
23797 -486541423
-84972 -9247733446
-64541 -5843747892
-38133 -9010134300
13519 -3423255204
-78899 -5706867316
-94860 500891588
-40572 -8667455725
28397 -6811084850
-6401 -3207338662
20958 -336635241
-28145 -7363516545
-27610 -1381399164
-13866 -5879973660
-83179 -8314979374
-35482 -8347578982
-32744 -71288989
-75526 134833154
30791 -5745397814
75550 -9272659395
37130 -2621370098
-76594 -5778550905
81071 -636429390
-33177 -1293060749
-31505 -4178349516
46797 -6798142957
46496 -8610927376
-89000 -570423585
-96599 -7389498621
-63278 -7660697515
-9419 -9801588270
97369 -1112989788
49301 -9028699763
-4727 -9547258002
41221 -9386789546
73900 -8248925408
-81376 -9325573012
10799 -4532266858
-23603 -6003049709
-2251 -2221114094
868 -1751256472
84829 -5016068881
34657 -6120391424
-51806 -5569084919
-30868 -7922029992
-39738 -1831254220
-46412 -7565504022
-7072 -8315066850
-30680 191282066
28022 -5228625642
86137 -4352160482
-13859 -7607263366
-24455 -9037598289
-26555 -1594347274
-41612 -6978883355
90214 -2497773319
-35791 -5596624919
-48114 -473919383
-42267 -4583022544
75417 -1461733280
-73472 -1482971837
55907 -9786390004
-29394 -8897130365
41828 -8063202391
92067 -5218734230
-87909 -280610968
-78974 -5140005916
-47587 -8443520635
-86078 -1237922448
-64909 -8238290530
-43932 -2060874074
-22643 -429406171
-28225 -6417737744
7757 -5816157677
-23491 -9858597461
29612 -2220833790
-75450 -7386297398
-41239 -5801058516
-31213 -9934634385
-26550 -8287903384
40295 -2368671078
-95756 -9061255389
29107 -2508596666
-55555 -3104828148
-73579 -5518111600
-97780 -5375936873
20948 -7004800899
-88460 -5128975762
85664 -4766357968
-45758 -1299365087
-91451 -3118865934
-64694 -9207276632
95203 -376970745
19430 -8945325671
-67569 -6566793162
21057 -5324110856
38382 -1435335763
-31247 -1183314520
33735 -873848857
-16039 -5027757307
61440 -5900191428
-70692 1191267274
45978 -469116642
-55206 -5987187328
-62632 -838969282
88586 -3260673509
-61854 -2081776794
26677 -9153960687
-53783 -2785477630
-82060 -1217091474
19072 -3170959809
67575 -3391984961
36039 -3157599778
38481 -2282574406
-8735 -216800775
-90014 -4791339151
5922 -7626992102
-75686 -4719165596
84402 -6375599233
39798 -9149870472
-88155 -8906491750
-58353 -2268702665
-71549 -4978309252
82660 -2964566167
-66349 -164022661
48577 -6228328073
38465 -9100750748
94290 -4936759282
39254 -376107971
-4034 -7734878716
-83413 118066430
94569 -1179023185
-74919 -9167030265
96611 -8736287398
-91948 -8514942031
49392 -3971672173
34796 -3748938887
68998 -3863966459
-92512 6004711
62480 -663832994
-93335 963214729
-94044 -3383694256
-83341 -1233377318
-35660 -109742098
-31822 -6494272315
-34499 -8275973576
49664 -9639228633
-41478 -8635217763
-21118 -4940787672
-70179 -2142743830
-76192 -2426421835
17579 -6858250009
-15588 -4342076958
-83844 -347565978
36716 -1251215539
-94658 -7480076106
89180 -3921049456
-81055 -1794308150
-48529 -874694145
78413 -3065237591
52199 -2219807868
-77694 172091714
-12281 -684588112
-67242 -4479804439
-68251 -327315379
23374 -4506260660
35258 -6573583824
-78703 -9577361556
2390 -7317503151
-73223 -9731656773
91673 -2847036088
-7446 -3997663194
13064 -5126428258
72364 -3592617626
39402 -5976411928
-29856 -8461237813
23641 -9280987036
-73972 1065077346
49369 -1351193955
-14644 -4757158614
-42290 -2913038671
85767 -3476092696
36884 -6866551591
95986 -917657639
-8470 -7717600961
-13407 -887764667
41176 -507690152
-36426 -9070019738
-9165 -7542200734
-63941 -7888708712
-95807 -2998067169
-39826 -4565718860
-6222 -7936324700
45344 -7660751460
-95555 -3923152279
51357 -2224389571
-68975 -9315574052
-25249 -1148951109
-85745 -4706893928
-1178 -2600240912
57418 -4548600529
-74640 1369886909
42038 -6130228325
-25125 -9885201132
-79836 1200612353
40623 -1437955602
-36494 -7859211895
-18159 -3147460548
-21294 -3213598346
28121 -5635733051
14983 -1383940997
-88799 -7217040325
-31412 -972350478
-24575 -7725112872
-76772 -2049958911
-75914 930233957
62820 -7681664680
-87080 -4663546390
66580 -239060511
18127 -6709536653
57462 -9160693544
-94164 -1836087047
53930 -8239453847
91389 -2129784549
-98518 1902542003
-73083 -8687876694
-39427 -4886996659
79194 -8358468483
-63100 -8856900330
73569 -7686608916
21989 -1400337029
-51773 -6728018366
18051 -5626461120
-85489 -2601727661
55676 -5132006027
-19831 -4884416604
-35586 -2180657589
-31126 -7331306027
26832 -1330732234
-73241 -9301853440
26134 -4029914928
85505 -1657604063
36848 -8335197813
-27985 -317784985
-86345 -1821855180
-52181 -4060030533
49601 -4181514797
99986 -4953064045
31563 -1249588765
-63559 -1879811641
-36609 -2517151146
-1944 -4648433000
47880 -6066125178
29832 -948036616
-88136 -3228600803
71186 -6402039353
-32165 -1627760581
-79924 -1721013155
-55163 -6595522859
60384 -9265859165
44168 -4353037677
-80156 -1678703235
-512 -8933271903
-12546 -1513728457
-35125 -6716672480
45798 -9563766697
86117 -7767154484
-91303 -9250721397
-87175 -8672790184
32290 -5175973082
-79846 -1096394567
3228 -5697349378
95164 -6621811370
73681 -8294094315
-9102 -8340246156
-42162 -2431913054
25597 -9503757897
66071 -5241293672
-69392 -1770516751
-26510 -2620682336
-2736 -570777439
-4091 -4809571016
27674 -1095027078
31525 -6337066603
51991 -1945456461
-89215 -190084451
-1969 -5123519290
99897 -5708450418
-1784 -4183368304
-85862 578161690
33939 -5452086772
-81659 -2133094427
-59134 29453440
-85244 207566163
-13476 -5030175266
50003 -123409081
-39648 -7185918799
-5854 -8428596923
2538 -8551296837
-21076 -8446112300
51913 -9183884303
-57282 -3079241596
-95990 -7025659928
53584 -9554954875
-40179 -7604560163
-35538 -4130870763
73519 -4820470618
-19074 -5353752333
-57283 -2516790085
-65363 192006222
-95396 1510936564
65912 -7585311580
-43959 -2263912135
16890 -6920533036
89945 -4460254609
2810 -8777486523
-21594 -6028419444
44081 -8301192937
65818 -1765225456
8339 -1805770909
-33088 -8826881624
-53578 -5714340352
-52305 -1568996321
17269 -1679997719
-60507 -8146805866
76520 -2208128707
-92999 -4229813652
23357 -4814027982
-13774 -1386736450
-24694 -2778677310
6538 -5515117507
-66082 -7385533313
97809 -6192706974
37339 -5288515089
-59892 597836406
41607 -2854038438
-97633 -1154357508
30588 -5330767415
-34503 -6892039878
-92190 -6765483912
39683 -3078554144
-86302 -1879042150
59996 -1841754095
28441 -2920022884
-78135 -96258823
-55780 -3448881115
48616 -6530395790
-95303 -1115524735
-50814 -3787752916
-51756 -5645141167
55646 -8854640914
25580 -3956581299
-49974 -3351502961
-51883 -7761579181
-98579 -4071760740
-9140 -6736250595
6768 -5543180458
80349 -5521808914
-34593 104653423
-59455 -2015439768
-70954 -9370645309
-95780 -3005195770
64879 -3975225021
-27715 -3905190401
-20252 -2164508797
-55704 -1267458981
-42518 -5242628791
-7345 -9272460077
-95120 232991426
-46916 -290469673
166 -9333564031
72666 -4070351470
34462 -210196959
81399 -9101374408
65198 -6756320033
8314 -1270415698
43599 -5449365522
-62743 -4082839063
-82424 -695343247
68286 -5988796811
98133 -9419013437
26953 -9466019018
41547 -5280104870
64629 -1633988225
-45512 -8875379836
-80489 490274284
54657 -8246034682
35438 -1113041795
-25177 -5703623430
-95604 -2554658858
15534 -3539133025
47130 -1709240715
87808 -6236667586
-87399 -8191582723
-91365 -1183771138
47287 -1588579969
-9354 -9867575832
57486 -1884118582
98596 -5175458197
14755 -9326729158
-82525 -1996291321
-44617 -8271518453
-18486 -7463531992
59516 -149199707
-9251 -5007098846
-49472 -7037729019
-67313 -6974653769
99894 -8364581528
-5702 -5919954904
9510 -2999465730
-63325 -9787366742
-71379 -5243372593
34480 -8064021537
-13551 -5469882183
-60484 -2739156134
-39386 -9857043890
91769 -5300396442
77339 -8694045588
53359 -8436417862
89451 -8855999800
19476 -7944246427
-64225 -6409985705
-92243 -5084650772
-4747 -210352174
71448 -9463539460
-43675 -3769667570
-10648 -210876874
-33570 -5886362072
-42362 -5616295171
27590 -1227943047
-80405 -2100911852
95368 -3108087388
18227 -6262588557
88637 -788528627
1317 -780944331
-58085 -3048417104
-99390 1715636583
35342 -9258744963
67992 -9855458563
-66560 -6887509094
23336 -9656070395
-30757 -1384467256
-82791 -9054612971
-96915 -8893964496
-93169 -9796930418
19437 -4827229071
24180 -3030374986
-37240 -3704789588
-37143 277901190
-87568 -2429615510
-11361 -4805109176
780 -323906922
48845 -8336139002
42760 -6714564662
10730 -7106170539
-23845 -9690248613
68620 -9675267527
-58500 -7168473057
-72068 -6388456991
-55373 -4702595581
-16033 -1759945214
23193 -2555093798
4963 -7938459406
-94195 -8778867495
-24731 -6661284524
32699 -2284838288
-32619 -9097826690
-59444 -3272219502
-43762 -805904974
-68704 119394281
18493 -7589984554
-8122 -9086841661
78823 -536809133
-31607 -8727060585
34641 -3007666956
-75651 -1185433344
-58848 -7464155805
45684 -2613556484
-48428 -5269267429
-27804 -6874720639
-51895 -3151408515
-60550 -5787949198
-14872 -3097360868
99625 -6474832061
12510 -3781915723
-73492 -5603921494
-20523 -3572753416
-74237 -5185694025
-66199 -2538268832
-62656 -6130802846
-64289 -7347461056
78355 -1510769061
-19902 -6993247524
45852 -7283814136
22897 -1700550859
46 -7622008916
-8747 -7438297025
52809 -5093830804
-51996 -4685430745
-8236 -5259233542
-74020 -6543788538
-85146 -398238834
-32552 -7010290495
49377 -4722709848
98544 -260642510
48484 -7620703025
-61346 -9300587734
-42528 -7377416351
73214 -5424813403
-26164 -7237418978
8880 -2811572395
-63347 -6281873825
71689 -2226447724
56146 -7763412466
-26826 -5989768530
-93034 -6321484862
62791 -5954290785
52061 -1549238153
-87994 -7420363634
-29128 -9447774935
21930 -5237043723
-74331 -4977701359
-89783 -2155980976
99805 -3539557913
2380 -7307256261
-60045 -6351753089
-54028 -279705413
24232 -7307228354
-62496 -8571601886
3954 -811765481
-51830 -6252978254
-15916 -9700165807
-61326 -1169379335
-38769 -7668975896
-22468 -4585777929
68871 -6288136494
16869 -9019433135
-49122 -7132196238
-81712 -9606753851
7253 -9314107723
47177 -3887850625
-9947 -4864392510
-74343 -4913318828
74729 -2245452338
-47377 -8249756709
46130 -5330498430
-30647 -3613986045
17722 -1277269998
47426 -1490179837
-59998 -1068791917
-79035 -7504264925
36375 -500619960
90622 -938454295
-50351 -5565543265
75030 -1402281549
-88053 -1986321545
-49095 -230992072
-52977 -418107721
26210 -7169419345
10428 -5729339257
-91157 -1688754400
91394 -2672781433
-99081 -4086995026
-51409 -2300668002
36124 -3553461256
1161 -5226055717
-97337 -81439486
77311 -2546102474
42346 -1033847600
-59056 -1007986200
-94179 -2028366188
88184 -2139017418
-80651 -3006554623
20860 -5797562507
50529 -1389978054
764 -477716661
40124 -3976430613
86779 -7029229402
-67298 -5412668564
49848 -7345335390
-45613 -2053438314
62012 -497445319
16845 -7153529074
-57206 -3838433664
-48947 -6591138010
86691 -6728017090
-78935 -4887338116
33248 -2623782723
5340 -5708648769
-6426 -5945162805
1643 -973183678
-53714 -3237572613
25696 -4950213014
3999 -983399700
85173 -9519570417
79658 -4267665616
-41191 -4494140913
-41995 -6161078345
41065 -3654574447
-87242 -6343210745
78953 -4772351943
-9286 -2263337389
63941 -9943610410
52313 -9870634695
-18472 -9585105216
70158 -6885226374
-38407 -5618789977
12860 -6490832935
-13126 -9241488400
48159 -215104445
-32183 -7106005063
58248 -72348196
26534 -2179230746
-92018 -2031433659
79953 -4902384233
3885 -3757277197
49391 -3314446006
-89929 -747525025
-14251 -9329478090
60773 -7738825855
62874 -9888989782
49767 -6533661666
80701 -5880322844
60531 -7847207736
898 -2129809595
-22171 -26521262
39625 -4723171043
-11230 -5947004311
53915 -5401308078
-97844 -7331302093
-94240 2165965020
34369 -6183133967
-96342 -6548511386
-11345 -1515267954
-7255 -2018797636
76105 -9781571525
-65461 -191403572
-4434 -4888421898
19252 -3661818155
59028 -3228447649
70065 -9704749904
2230 -8872408361
-91864 -4658405086
2186 -8835873498
85767 -9253275698
-2581 -874106833
78101 -2617214588
-84952 -7999085259
90053 -5826509224
-39969 -9358520705
18235 -6961996064
-70051 -1493515909
-19788 -8747111719
11099 -7503857436
-21043 -886711898
-47849 -7278603920
42436 -5936159368
99225 -2938354788
-34194 -4184745141
52950 -5327354451
21631 -6034668546
61232 -5269061931
73678 -998974907
79525 -1556034148
91449 -2958883898
19745 -3865049776
62208 -6982170924
-81014 -8195336297
-24515 -5704974959
88604 -1752904010
-27224 -4776211377
83588 -7302799080
-84421 -2731385653
43062 -8276903404
89206 -1912976594
-61472 -4859850248
-34733 -3520537060
-46699 174538309
-99199 -9628150794
-71074 495488483
-30903 -6392298418
81625 -530552397
-89896 -9138446106
-4942 -6190680740
9681 -4706104205
-70591 -3906422117
-89676 -1590096800
64951 -8428769346
84981 -7596164399
43895 -7695406982
41936 -9125179913
-25483 -9998967188
-99260 -9380930787
61670 -3570884093
-45218 -1544250841
79874 -5005928722
-47560 -9163536094
-34188 -9214328700
-78214 -787745622
6034 -10791173
-17839 -6262074380
-83049 -6257588846
13550 -3753770421
-31987 -896486207
32975 -4591559166
46278 -6238562362
-96070 -6214543635
12203 -2939037778
-80910 -878817590
54693 -7852318395
10714 -3766266652
-65991 -3072518725
71528 -2160622314
-72284 -475403414
76741 -2799588480
-59635 -9037530428
-69256 -4925775198
56225 -2383074003
71243 -7652236585
65151 -3357307129
-13196 -2005152657
-43421 -9267449970
-31232 -4739149931
95236 -8564240489
-6829 -5108846720
-5985 -3205517133
-37926 -9245476873
99540 -1916549673
-95731 -4195659285
-29486 -9366082152
54976 -683357278
50476 -6401508086
67274 -7120364252
-66550 921048336
5874 -8374662245
10557 -3111557319
-66832 -9242423216
-50418 -2254612632
-71569 -9143055425
56857 -3818219037
33490 -497972128
77331 -7503649325
-59514 -4360001297
-36996 -9808276792
-79816 -8824104475
-26919 -2098114284
-63444 -5758754114
66557 -6442798916
-51830 -8415549556
72003 -9705252209
13167 -3028208069
-63124 -3303492933
96520 -851564963
91892 -4021107928
-19372 -9332081802
25397 -8700649401
1081 -7270667566
-29873 -612121346
65320 -5010834462
-60764 -3139847549
-92254 -9393872349
-9022 -6196095122
-25282 -395753886
-83043 -5372835959
-26432 -6266730266
-46659 -2628358985
26314 -1094024824
-38665 -5676236721
94124 -4770849761
10519 -2110361130
-3802 -7966266147
30300 -1424366058
42868 -192124263
45070 -9708816262
-86456 390236017
19754 -4442081195
-78879 -7976998402
-63057 -2873767661
-46808 416782883
-52885 -8086647476
-51231 -7845537764
76386 -1340527616
92149 -4363180943
51616 -9381947390
9842 -8761915116
20074 -9296321125
-82534 -7751290076
-86260 -6989580305
-97576 -8308872097
-3032 -8975439220
90042 -7849725443
-45544 -7562989558
-68420 -557744631
-5484 -2562729525
56506 -8128293872
2325 -3977113089
-70601 -637898012
81382 -4462750465
15543 -2181935945
98989 -884304039
98975 -6670592926
55828 -6842806625
-68192 -9543536768
40566 -7730462025
-45390 -1485125371
-78341 -1614990232
76164 -4051756928
-64867 -9772910531
19337 -7887694901
-10387 -4999452175
-88380 -6958359521
55120 -7970022886
70824 -3183245661
21056 -8496671916
-42104 -4974034088
50059 -5104201470
-68959 -5734485016
-45303 65507987
-74385 -6221951066
70993 -4489976086
88507 -2675009425
-73405 -7639913133
25658 -8910476989
49820 -7068655231
37509 -3195860232
99500 -6315769024
-63351 -6126720328
40082 -4776121827
-20199 -5846980771
60632 -9409946301
-80944 1051037251
23215 -9118178290
-89793 905396071
-68355 -6473593399
54710 -5201301917
67482 -6925703451
-51043 -9653103178
-30187 -1934446280
-23311 -3597652985
49000 -1651936692
63507 -7072470713
55079 -1319461246
-35856 -1793235426
-28170 -1179915039
-43268 -6799485613
-80241 -6864794100
-41328 -5373708247
-79514 -4752107171
97854 -2073069216
25584 -6928536581
-65595 -4957741422
-11557 -5510360909
-92213 -8656940876
-50300 -7927951352
-82600 -6906644792
-94454 1534050004
-34464 -9020859685
-98574 -8768894115
-55624 -935751009
-44971 -1649263037
57250 -2842167996
-87370 1429339339
-56977 628831626
-43048 -4747761816
-60966 -6602671723
27118 -5922122951
23454 -3140849291
-89742 22215796
71847 -1195295437
16301 -4476297826
-59753 -1673127136
-86302 67000190
63735 -6790063369
-14063 -7881509807
-48715 -4203971245
-40346 -8809233690
88536 -8420308667
-58798 -6033107259
-97840 -1802169917
-44211 -6419125501
58486 -4619619624
9530 -327062616
-3797 -2166760614
31372 -4143091519
89677 -5715640842
-28362 -8702403626
-92814 -9791130266
-17646 -7336695128
-35082 -53149988
-96954 2182102412
-64155 -5575205776
-18152 -319745840
20807 -8577056624
69679 -8940364501
82769 -206598916
84367 -2834174900
-40651 -2994016648
-85942 -2770300531
87957 -3368455350
-18419 -5755571418
71820 -1042686207
-36431 -6724081399
65888 -9143577471
-40550 -4492219246
22635 -4295877901
85690 -4336240373
33173 -597100450
22658 -3355794961
99554 -4063872866
45825 -808414457
44247 -7964408396
89791 -6916943156
-46861 -2299767633
-29333 -2191555793
-58530 -5667148150
79177 -3774137249
-96709 1122671702
78790 -4176824078
41827 -5314809218
-10181 -9247721048
-73136 -6107070208
86012 -4458083032
-42473 -8145097736
-39871 -932933421
-12401 -5882955734
-18448 -6287579301
57028 -3536961177
-87039 -9044022535
46905 -5951711804
22662 -6142332524
86537 -8927287325
92581 -1555385100
54605 -7423050368
-64120 -2226566085
31965 -8762176523
-80748 -9248391335
42121 -9598435067
58921 -388467087
-64055 -8409850567
5233 -8585240500
-68476 -6942860090
-9038 -24976390
-99012 1349206889
-96004 -8008272492
-84276 -9280500901
-41919 -5927411364
-98730 -881057995
-44643 -556101305
96025 -2455195701
6328 -1647491386
-58262 -1400905858
-48643 -1206340254
37001 -8034177634
-33719 -5325977978
77746 -9560364209
17377 -8945164109
81139 -6565627426
-37747 -2964281193
75762 -1829903882
-53607 -6265796018
-57854 -9540151964
-54295 -9958524541
-65208 -3329402123
-64258 -6253989962
-18515 -9062696591
-54855 233210915
-37830 -2247393033
17242 -2915659182
-15458 -8453476947
-65156 -6319065914
-93440 -8395989406
-91264 -3481010552
41367 -6115864014
70851 -8817971249
-4063 -2437587669
71969 -1825268559
-2253 -8424790113
79182 -370683247
23181 -3317665118
-43982 -6842430651
32093 -4512394034
-22595 -496643116
-60955 -9291953384
-80135 664941601
35451 -9384732993
-67607 -7621968312
42260 -9125121332
-87097 -2267457781
43376 -1673744084
-8868 -214330247
74871 -1969418314
-38271 -3068253388
-72406 -7664990623
75589 -2002877821
-17290 -5789506690
-93138 -7102705219
69401 -8381285573
69757 -2989221528
-72174 -8035385598
15702 -4778834571
-75654 -9897660209
-12979 -1510227812
-69650 -8246206374
-16518 -2250374641
52231 -1967693550
64965 -4255430477
-76803 -2792064689
3908 -11125680
38664 -8450934324
-98522 -4789393738
-82582 -7813782958
-42295 -2391028212
-32017 -5350495388
-35689 -6112201185
-7405 -169251316
