-71304 9873501041
75688 8756046149
-47779 8205194575
-68440 2324827139
19310 2679949299
97690 1760559547
17311 5783298925
32125 6927216489
74866 1992525205
44369 4377988029
-15278 609390527
10262 7118058377
37453 5139487091
73400 2268523119
41078 4440568111
-57402 3181636939
41509 3496036109
94798 6755216709
92798 2117880377
-91305 2740232909
95392 2239318949
-69627 4942377737
61070 3997067491
-30025 7722494849
49198 4554692145
-90072 4792650345
-32020 5063526523
-51958 6040634191
-93898 6709502119
-62690 1560658259
50414 8793417665
44657 1983499545
72144 1694230453
98352 2648815017
-61847 1465572801
43852 3614222285
39522 2996079917
-49745 2277407499
3037 2005658799
-61880 1523118587
-20999 3872627991
67542 9113215947
-39823 5064096827
-19758 4383564991
-37935 2729008979
-3130 3092376899
-10599 8304883311
45508 6963391387
-21083 9462917667
47315 4772245091
-85154 3290291399
-74335 3396518341
81094 7265646993
43128 8234149801
10600 2639695487
91833 9821184317
-91800 8025976917
-24274 6396216423
-83095 7690206083
-75677 2757693567
41347 1129023407
99146 7065512661
43620 9343956723
-21514 8836238465
47302 3531377161
-50005 2098046343
98845 6968775371
7309 6296412875
-25163 3543528477
52125 7187375717
-546 5859145105
51235 7263887749
29435 985599313
-23935 9318695511
18877 1130546457
-27212 1295983371
-85639 2508664991
-76776 5181963295
-83684 3326097115
64903 9827373217
-22836 3730129453
-29516 3396265683
39046 9015768199
-72797 1004441815
-48059 2083241011
53447 6919252139
-7527 3362766549
16432 8392294841
83504 8434613215
94787 5014553161
56745 6210601913
47742 6302146097
-66537 2053853081
59097 3107451785
94432 7098011299
68807 2323681361
-62848 6823852367
-85478 6583060167
31169 9795766465
5476 3676194723
8812 729815651
55243 2458494957
45227 9890742847
38883 9185232321
27098 736615825
7947 1301842001
91984 7456538889
41424 2394923973
84759 4560239851
-5740 504564879
-75714 8052058303
-76967 3204097961
93731 3964318653
-59897 2562859081
-97974 4085287315
67457 6364065201
-94288 3659960675
-27571 6569457351
35340 4249935299
-26171 4899939765
-26949 134251931
-61308 5474474465
90181 1198593903
-28134 6779284701
-31486 3599235689
-27409 7418818275
7636 1946358703
-47392 7489171199
-73729 4611965949
15764 321993923
43106 969984315
26604 1217134179
-46748 3964137937
-23614 4350519871
29889 8020111743
-67690 7748464339
-3813 7037060197
2468 5846821105
-8501 7695910713
94420 5000682033
82682 2790674887
-26980 8767589993
33910 7311775741
-34722 4158373905
48713 3119975845
43830 8513181063
-18780 3644735171
71010 1799141311
-39436 4468630069
-61130 5738619627
14087 5756765635
-97417 2355042111
-42208 2111466631
79956 1460073803
40416 7984001213
18051 9760622321
-29313 2325580069
-42746 4321660459
-90680 9521027831
94203 1267012961
92660 9595914431
48970 4704656009
-29127 6030747661
-82880 3887597483
-80843 9564026291
-58781 4836219353
-71491 6151296241
-65593 4694009261
-73304 6572211363
-33187 4896452345
-18538 3965448835
-1097 2559557279
-40552 7824752889
-73779 3753792331
-20156 6027738833
-65641 872195955
-87261 2930425605
-16780 2856759241
-18006 5279482765
10184 4230807271
66437 8676526669
8202 6261062169
74073 7111885347
-32462 7419841437
-32721 6352394853
-27827 5023913551
-52829 562302849
82099 3777483973
-42824 5351979439
63619 1849594229
-42749 456552781
-96731 4723058261
25672 1217820529
55549 1059696571
-68443 2807318589
-48465 6628023649
47834 3106376031
60353 1009254371
55901 4697646405
-30577 9158650785
3236 9117987633
-7781 5052964691
-97239 2598211389
-42875 6987324387
-18019 9137496849
-635 7931878037
-38168 6492617881
-46846 2904102459
-88051 3600081931
78484 6102197153
-4717 7874316557
96356 5902541895
-60149 7066737573
17834 3753398125
10213 6785406557
41530 9282995201
-6716 3082157999
-5094 9680989309
-16396 482680963
-33347 6723436669
-55541 8938664421
20832 5001981229
-36252 1191911037
11281 447209459
75195 8126438721
-6317 2658690089
-68577 6628912049
59465 1761957613
91865 2039184811
68768 5812959717
-65089 1130735105
-47265 9268886341
87920 3877905729
-31752 5775462195
40217 9936514275
-11373 3761278589
-26348 6813238117
29818 3408445609
74745 9271962259
-42908 3568172869
-7500 9456319759
-5182 6486835655
-65795 5911382213
89246 3711748173
-48182 2926074181
30007 9173036885
23006 2344127051
-30382 3841356955
59064 1743589465
82582 2322577375
96841 1831898051
20883 6039606927
-10996 9793032349
18071 4902381549
-92512 2294919657
-28854 3208672561
-48850 6719877399
54570 7281513841
38362 8274739207
22554 6259667869
66064 6849160129
-63265 6092601579
79093 8939523165
50693 9949005361
15449 6460304853
41878 9744518155
-44567 9170166741
52443 717897595
-17012 4842639855
88836 4697037051
52346 4084842411
-57375 7397297233
-6337 7593267857
12404 3267182883
86940 1888493823
-6786 8475544611
56314 7759330791
-33554 1518054041
66157 4910185927
36554 5415175773
-85096 5187646993
-20864 2415375093
82413 5863253211
-45886 5248213149
-1096 857589203
17323 8032091279
66203 3653200819
-42600 7483244657
36557 4328496071
62416 1662416721
-73269 5584687463
75827 9780528709
-73942 1477824655
91090 2932204221
28398 1297055197
71806 4335816793
-66517 1719135055
27218 5950630991
-63686 5476226583
-2827 9277033971
96057 6660204175
-61749 1652961331
73382 3281390611
-87932 6715229721
-31618 3625576709
57355 2981771993
85469 2402778249
51480 9276305663
85349 5931281603
-81512 4303495959
-15152 3293775171
-8489 3958260505
-12317 322908535
76541 3195309891
-80694 8384595095
-69157 9241798485
21594 8917906781
-67616 3328111935
79198 2573344845
-76733 2513533995
50751 5220205583
18742 6503581741
-3679 6159706069
96064 1441961911
-55015 1604181651
-50537 2755166435
96473 5476592141
12870 5617315237
-54187 3964754697
-76946 3062978329
-73409 8467637853
56655 6006975367
-29789 5358354801
68618 9329453185
88378 7796665907
27581 2287720399
-57757 5307564797
-35438 2470513761
97548 7708388659
13325 250583787
67433 4111820495
-32647 3770497061
90611 4469877619
48783 6542689361
21874 989159919
-57079 3661192493
-70831 7852717921
96743 1770883905
68823 9568079439
81526 5627411605
-70036 3365840685
-68598 9558988745
71160 3328459759
-46980 6970566147
-15151 605938419
-19082 9936178669
-36192 4275776797
73338 4281752127
85850 8675309889
-24745 1664568599
-86628 7822203627
-13356 775712279
46751 6095161019
-95709 9717549643
-89222 8715124057
23233 6217925161
83182 9606787679
54523 4835919381
20270 2972684603
65815 5556989021
-33028 3992010679
5144 7369301079
-39829 4250938101
88942 3243304221
53921 7496603855
-44518 553582445
43990 403550757
7838 8388988167
29859 6240634543
-37515 8841977133
-65041 2413280529
-61971 9689471123
71238 4530823615
-37626 7454074521
56253 4231422445
55517 1950721197
-70638 4849983399
86539 6420733993
-14175 8587689741
-1285 1484666203
45775 5980922621
-89508 9978851567
-37846 3410051069
44232 8489422177
86529 5702466631
79078 9383877827
45601 4309363801
27831 8276445819
-95707 4872600429
-43692 9880184349
-89243 5123577917
-67594 1208496929
96477 5850924369
34702 3715489231
-22601 9846145359
30001 4774051173
-62661 1808604461
-8250 9955586399
82201 6083800589
25134 6619720795
20282 4819448447
89673 4348323271
-61637 6817001071
27470 775864871
19587 9255403245
79932 1476587651
21293 7527125911
-70672 8163393627
-37429 1496651235
-17005 7330241987
83669 5685280249
84994 9527936013
96327 6534243649
70030 7026095273
4833 6138508749
-75465 8853335029
61501 4761351819
-29216 7474852545
25324 9813704851
-88517 9029735609
-43478 9622670411
-86305 1712067531
-44831 4886552755
-42923 2224441719
-37999 5945349051
65084 6010423319
-46631 5514243111
84707 5989541101
-99698 4020111345
89515 3417352533
83811 8309268423
-38815 5062241141
14413 3577431997
80661 8395830079
-75585 3095531931
53938 5396201055
-80769 1214200649
6001 9996192135
-67272 2852846105
-69466 4578531843
-88712 7930110651
-58468 9695816269
-56102 7520178857
-85542 6420076435
-76572 7275155497
53742 9791030451
-28606 5653884211
-68276 5224067111
86919 9669512469
48453 9732829119
-61684 6130331861
-66946 5260203215
82636 7002134921
5018 9994791787
-38585 1041209163
50783 2763015797
-15734 3702318463
40180 2519174351
11120 7980183323
-99572 4936664521
26898 8034746091
39108 4627247117
67091 1282223509
-6927 9920271249
-64673 6720003535
-90663 1545713027
-38847 442210415
-61253 8165448189
25792 4727438777
-61556 3891032779
38037 8169204535
88975 8521520287
74226 2100818891
-6364 6905082511
12274 5794486525
84183 9523904789
4409 2166591765
-57563 2051487141
-59135 4715400759
95098 7378897319
93222 1810597315
38630 1092256681
-8777 9138062251
-94293 2249990567
-63475 5088820993
55449 9490149319
-89585 1198509423
76843 9177594401
78025 3946780633
39257 9427254129
-74394 3848860995
-41611 1957657443
70179 5499673091
-87010 4348624873
87343 9867693231
-37738 412309735
-60936 6643848873
10558 7718507837
-94244 2987493149
18341 9805124039
-27938 8908246007
-66252 2100918639
33865 425086129
-78331 8536149603
25999 8394845155
32318 186952065
26204 4662636565
-46010 8962489269
-29618 8897633201
35637 5335616485
57876 1165652871
-42668 5353053421
91007 9630488567
64743 6797128439
30605 9125576977
54568 3909278137
-8681 7620643769
75971 1191572319
5080 4493674149
7760 2543799523
-21966 126850939
-33405 3325431373
61192 2304097159
18834 5334981439
-13419 9844453739
60590 6072953693
43009 2086195749
54841 6176351535
-40125 2537811067
45089 4069088903
67661 776079369
68628 5396006759
-35130 9481574969
27643 1286739719
-24488 7243784319
48357 9031591529
-86562 6794301317
89331 1739355961
-57177 2747262645
38173 936263525
57978 8683547885
20117 4930906181
-83124 7932182139
57108 6804385927
-55769 3174827871
60359 2041887003
14551 983450345
-60832 3787239575
54639 4411653269
-33204 3271395003
-38550 8197680801
-80177 9766661355
-55744 2799607161
64584 3505728191
79085 3124974371
-21154 6120948963
66846 6689508289
-45563 306535069
1684 9121779969
22148 5883263125
52741 714462561
68558 6608686215
-23115 7872911999
-40495 8534731647
-59594 6670556799
-50487 9480783969
-85348 4848599221
94248 3841528217
90547 5486553739
30390 4645886217
34997 3223206801
43916 812368469
-93928 5220001715
82078 5701738255
60178 5897657299
28125 1492449507
-99883 4760248175
56778 6805159185
3433 9372599679
11625 1782378231
-29279 9872652751
-42190 9923737463
62643 3275808015
34068 5002609729
57313 5770091929
45585 8888906873
-6398 6053687877
58485 8129503161
-98931 7728309383
-91332 6105231891
-66198 1375096969
-51273 7828580151
-64674 8329768745
90752 3085344427
-18785 8117765813
-86848 8449982281
-43435 5652493053
-73635 9573770237
-35831 3439929989
30612 2557783667
37711 6252035011
75782 6328488849
53099 7919479389
-10952 1004482187
38322 9843362757
92667 8755973679
-9183 5288474391
87700 9517760913
1836 2406358613
66232 2913030131
-13369 8723566585
-49812 2386872431
63350 5117739181
56898 746658897
-24318 3002155711
-96095 1845466709
12494 7525752771
12098 1172593571
-22773 2189154871
-27655 9215028393
-86276 2494920909
-74778 3694045067
-47329 7847586083
-25510 5952635667
17542 4296769599
30909 6106441909
-25644 3937269993
58554 3385131311
99573 5924856167
10775 1724155879
84242 6689336917
-47149 6766349403
-90413 4203135449
88557 4273021607
-95794 7670351381
-3669 5402728795
-69607 6576229591
-46748 1305799637
62512 9009701341
-51016 838281689
38431 6778664741
-71902 2759731951
-55358 1570017711
79222 3428254985
81174 2192640223
-91607 2598424607
-36445 6956469389
-47153 4106776259
-70037 8105810351
-97416 5520297689
50129 1515402679
64044 5954472425
-81521 1912858961
38027 8423984291
22288 4271035029
9273 3229807919
-48222 3702900049
20300 4488207923
-50834 7073589485
9435 3006810499
-30856 4584329251
-73180 4868979833
-55374 434977651
-36811 5697959845
-67073 575627091
-92390 2439451281
-42580 7934499371
-98097 7050184605
-49388 3513530141
-7725 8379153559
62535 3266254911
85469 8412934789
76252 9290498985
-5020 3219036553
-94622 3177800237
-73248 2056211761
-84456 2872546035
88534 8075267973
-28561 6755696419
43733 5431692251
-71642 9255077409
-94162 7911787519
56233 7924873179
66919 864133289
39304 480772965
14682 6498055159
32245 7811043011
-29044 7217177315
-32497 601229965
39047 2942177441
-48333 4490543009
50368 7537652155
-80585 3845989653
-49131 2879079875
-1647 1053567461
79839 6467348763
86720 5750174719
71799 6129220241
1657 2806849851
-50629 3076124361
-99761 2118547223
35725 6531895467
-20638 1685830317
21240 6871848323
7121 9265383589
5176 6705474485
17806 4796525539
30252 6652065195
-66532 6928541317
-46312 345383481
7032 4118466231
77121 9631195773
95460 5715620399
-65333 5283125825
-66020 5233793837
-46896 7648659101
33339 1078276343
-60547 9306364681
-11223 7432862689
22099 1042313291
91838 3362105925
62037 7343445551
30022 8441351885
82702 8179139761
97181 7140772571
99215 2519051527
14066 6043134741
-64668 5994888637
25461 2749065185
-89982 1118523451
85867 3610316979
-75957 8364064665
-67661 5036511291
64263 3029204811
62192 3925106531
-45331 5785245695
49351 9246008529
-95824 5616651713
1462 6396653017
35116 8757800281
-69264 1935748841
-15629 1216869183
-28639 7969535363
60105 5383913733
-28822 6802399597
54063 2640489235
98237 4148749499
-80042 5771313335
81562 3894861619
-88109 8375211839
12306 4804084043
-53910 5059692887
-22605 8678599913
-4046 9074763849
58923 4272092015
-96297 9782262111
64027 5120986941
24616 8485295191
-45011 6121121153
-94738 7704310099
77655 7273094681
-10631 4363177929
-27924 4723476205
79699 7293565521
-18510 9052717193
58878 6206081509
6937 6385055117
22231 3633521381
-45994 3948999571
15675 5356260573
41726 6067775153
35106 4302022589
56406 2804929563
64923 1822305479
-54038 2046941399
40472 1933163141
-45630 6489685667
-81525 6941870753
-73615 8406577419
-52578 6322892819
-58505 5387232489
61709 8907809603
-14868 6473799967
12181 9512316981
89046 6829749575
-28285 9333903373
59524 641403803
-77358 6688717481
40434 8489707835
61144 7723658123
-84189 1585503633
54430 8874041559
-83417 1431441625
-53417 6809495191
-60205 1915285617
63209 9669452941
99896 3277029279
98593 1305805831
-72031 4257466539
-8350 3643372919
-32448 6065780647
-18302 5353944419
-27484 5386262573
75755 9208959957
-68621 618317445
79811 904353435
53222 3211395949
-17593 9390833341
84045 4450204507
-90137 4922760639
-28806 3923867863
-25795 611740643
58438 8398802835
66128 7325612959
-63735 6843556639
-33497 3347706177
89987 5426218987
91227 5931701989
-17634 1209759961
-81105 1284743477
30002 7720083669
19793 4575161007
-81045 9969606753
-79417 3337687451
58373 3648835997
-40468 3831310581
49103 7762050191
99533 1934330385
44043 662502035
-62546 5113728173
-18854 7454812169
-19903 4977108389
52005 4750978337
33787 3993095609
63952 6902946005
80578 2996696901
-2270 8948617831
42176 8668567241
-51724 6944970059
-8653 6455656765
-34271 4140295215
56129 8149102371
-21107 8438469711
28570 330163431
54568 7374471091
-62387 2185657609
-3628 3261137759
-9748 4977256475
70964 9168206111
3209 9504800329
25634 4505543033
6673 6110554681
73 2223484185
79334 8902246413
67750 7414533287
-2291 7622412321
-15096 6375622415
57764 5652566873
87617 3505315299
-29834 6971878703
-95423 3415357437
25676 8998363423
8366 6708423993
30512 4306952459
-78075 5535055993
41025 9447426549
54072 7346985855
-85269 7544395851
-46797 3503505697
-58500 3382736089
46180 3341885541
-54546 3444933423
35178 8345045149
-69000 8513164357
-20849 6078901421
-39003 694570401
41749 7704830981
77854 6965474509
52879 4980691263
62519 9591209405
20691 8590546849
-37365 3992545717
-82000 6144122689
74889 4420512619
-85110 1257743387
-60268 6407410321
-72553 2988773129
-59494 3296903585
86945 8862245507
-52176 4072684785
-25993 4531111629
-19320 2234231807
85502 6985910257
28269 7078117921
88037 2291978839
12404 8221738375
81938 3718279995
-60296 6122690119
-86278 2245047297
-87978 1340959687
-28965 6366653989
31104 3792144569
83460 5999588767
9225 234530509
-77767 923748229
68480 4292989311
91830 6803574323
74244 2739642905
96227 8019633981
-55974 3635845825
-90529 6921499165
-56804 6258436965
-82372 2568991807
-4879 785629951
45378 7492924879
98247 5372517929
54325 1219196957
-41067 2925297531
-35705 4032861593
93322 1796604565
83361 7277635289
-94222 2404222029
29135 3917346611
-7869 6934601859
-32758 3771277911
34141 7218093795
20069 725213909
49856 5880253833
-20524 7665140679
53688 6659451565
94351 2347839581
15570 5397089841
-73136 4808912041
8495 9288129211
96415 5558297761
31334 7836423161
2134 2258768865
-24595 7870759799
46621 9705552033
-23220 1615322517
73170 8461852477
-23469 4786254135
-31586 2144946325
-85138 2289370279
12117 3001852097
10969 5533563275
28543 402346671
48949 5900375655
9575 5064181869
-82323 4383287987
40934 8762802823
-20167 994786349
96497 5324123249
-63777 4980695921
-64310 4350690939
-99649 8116137805
-80602 2200700321
-34841 1230470529
46555 5090657781
-37871 3395228825
94695 5865490741
-20515 8423520037
63364 6293783049
87937 7232040059
90306 5201399005
-61672 7354772257
88480 1850214859
-82113 2225636217
-87965 5935899373
-11698 9464153437
-32430 1965086297
64262 7020917125
-13307 2524413437
64817 2830983921
-55789 2565483739
-62729 705113903
-19674 6346019521
-2298 9707020851
59341 4658655505
58608 8369454757
-83872 6766322545
86096 1099651959
-87070 9984295013
-37914 9369623631
11890 3132937647
11839 7749680981
89366 6560062279
45999 2670693873
-66997 3485409791
-22240 1523225293
87001 5456021533
50732 6082453055
-46175 9191145419
34646 3757960419
59137 8772466305
-96550 8139574997
-61699 1741213275
-18810 4884592787
-1264 6828033
53715 2358994919
46806 9156982089
-77814 1293856109
-66148 3515768809
-45939 6754883979
25134 5172104569
-43046 3595686253
-56691 3302532505
-81136 3200938681
11231 9884092133
58488 7374744667
-35161 8094395645
18005 2899432469
-25766 8229710389
11470 7075737883
-25444 8125898629
-57502 2809632379
85772 5930260435
-86568 5127645257
86455 8215671303
-15808 6164166299
52867 1361473207
-3163 1954096975
77553 7719407775
-22767 100572679
48127 294641421
77613 9585317159
77040 4416310049
-2395 9284610883
-80367 4230532691
1042 4019662411
6966 9951643405
-6613 1391024075
21256 1167898881
48184 9088231173
-19086 396289125
-59574 7017302333
-25582 2700024475
-62677 9157735587
-55995 6767453977
48924 5674023505
-72535 5574045957
-21697 7059369685
-70719 4668575781
37273 8243982075
63627 1797518837
-30659 2478121451
13599 9196217655
-42993 9896857285
-15265 2111243069
91615 2695295037
47243 7557055401
76066 5130983259
10068 6634265501
-8318 9400409965
-53969 1631393979
-45929 7554002865
69236 8663002223
-59769 5088133295
98941 3418624715
-54042 1114278155
-86475 1214625439
-20112 2449433981
-38778 735856141
-32759 480690169
-51283 7716594427
-67607 1857093277
77110 2031515703
-82208 1012884569
-61905 8925833973
12860 6344695363
28544 8790449505
16574 3005382025
-82423 1635387575
-7130 6924242333
-64686 969355453
-25664 5166213401
45554 1221254703
75502 6439979639
87860 3977673543
-43675 8399756713
39998 2475964031
-75014 4026333793
14831 6883746603
33682 3595510127
-69798 8987417515
76849 1442497593
-363 2261738829
-54987 1952674541
57017 442416089
-68593 4846957059
75695 1860606943
-55550 8188393419
-94775 7836724733
33574 6600374725
40615 710911531
88567 2832077087
37450 4361240293
10878 6959001425
-18713 7720493631
1895 4943820849
56018 9385622315
-70724 4152666819
17921 1206877089
-30717 2905141477
-13091 6719574131
41019 9548587783
93201 1170366359
-65405 4230606223
-50825 9598272559
1066 7190927003
-67059 8764389293
-85665 2885043981
-70763 4109742537
-71704 8693883121
11147 762886581
-30838 8762497951
-17045 6200687257
65471 750091029
76507 1426989517
95344 2969495641
94741 1650374159
71124 4841268169
-62141 9181989195
26502 6138530529
-74017 1588285857
-11020 3615190711
-5275 8696515509
41140 4332748669
-62624 3564030125
77293 2806959851
-69351 1583801195
-80033 7559916911
-92019 5737988381
-15187 4692267927
62610 6142165397
20849 6603707173
-18124 2418988933
72115 7633820413
42777 5456773455
92423 3614795169
-61849 5498015889
75676 3523489429
37088 5286808101
-239 8085834473
-56725 5255827331
-33340 8749554083
4040 8320901599
-47863 7412529475
22889 7243409003
-59269 8859131925
68517 8924975231
-72182 1783442441
-42508 9790893311
39933 2470184221
25439 3504068655
-6196 9744450121
29390 9202716853
58742 5128619611
-82744 1119421935
56192 3869370575
-20478 8583794017
-62858 7250289821
-12837 78000469
-87156 8801643285
-54004 5095468051
-77686 2278387839
57100 4312809787
-82388 6791662371
89582 9907552819
83445 8629431103
44268 6349116385
-65550 5116681411
43443 7991284547
93285 6912461111
70265 3373216387
-82377 3622965007
30959 4323462179
84784 2350080599
26733 3303866439
10554 485602435
-74270 4231842813
33792 8784785049
-85584 4272500405
-66071 9655696305
62260 2044038493
87984 3100537701
-47000 3393848999
78605 4568647741
-81467 1278830295
60120 700487467
-21653 4042507367
90577 2022334717
51675 4044455047
-45641 2437052961
-28426 336810539
90414 1498674835
-11040 2436387473
-75862 2061084135
-63930 4048696491
39222 2102761849
-51140 3156736479
-32550 1936386147
-36556 2779039683
87523 9563573607
43927 775906009
-45187 8712619229
-94223 9508707141
-30793 4455577439
95210 8372432639
90718 6923932275
48655 9734834581
96291 4956462851
15905 6563190229
61936 3147385553
-89507 1827346771
53208 3988492469
12986 6927072391
70797 7714302201
61475 2094670843
14491 8717145601
18518 8980828331
-59794 3466600091
34359 8590207603
8936 3499104973
37079 7872587049
-97837 6865225875
-40673 4863613781
-62764 7275547859
72285 3691320353
-56641 4809172083
64217 6032455997
66431 810027103
13225 435124107
-95786 2876143629
77368 1826889841
-72360 6701842233
-56028 6249814351
-70043 1804345851
-8924 1291836543
-28685 719011383
-22865 675246387
29573 5089570591
-41702 1230027401
86012 6785481781
70010 1123643937
-31544 6100024913
19892 1233755227
77385 3451030003
72005 6384161511
73406 6782938123
25957 398274899
34237 9205207761
-6729 3022552081
-54538 9450921969
89195 5240116343
35240 5705078371
-9278 4524060669
-24668 1336138009
96017 5183443405
-4143 800534797
86097 7156267695
-31482 9953394229
81741 4382941075
-35758 3498343847
59024 1460518013
-76715 5909275581
-57426 7821699349
-61994 5229998875
58598 6190011225
8558 3234092051
8855 3315985743
22887 1228411955
-15227 2629691269
-62947 5730169165
-65654 5257995793
59939 4104477889
-8658 8046808479
63820 2506391997
51365 6300928981
-9259 8828830695
-93247 9895690731
-18846 2377512245
92549 4119277955
95431 7879379301
-18815 4159726827
-1476 6539199901
-84674 5772401213
-87979 4636560959
-18804 4641219779
-70086 6744096341
-14494 8158030365
39793 8615776617
-39768 2965588065
96918 5563403351
-48282 4342262355
35501 7229753571
88132 1319451409
-24618 4829606729
65752 5526469585
12417 1386786211
66972 9179955401
11836 3235265213
21033 7893796459
-36444 6185012951
-45378 6756367931
39547 8785603979
47726 1134856043
77711 3700052135
18405 8114267707
75821 3752761439
54279 7713536159
51181 966213783
13485 4344262601
-12027 3258834319
97668 3809644607
43383 5377094789
-26811 129975043
-1871 449615139
-49060 386514091
-32068 6343503905
-99788 6235276341
35392 2370888031
70552 9454542007
-7804 7394412551
-61521 5627320901
90038 3983887167
-47293 452666905
-91314 7494887049
-9801 1192846733
83385 8177628967
62098 5629618135
-75100 3335286819
-31410 4316600531
-31066 2219972263
-81532 9908560337
-74702 8910635237
-68460 5455177763
85473 4858741305
-30720 4835277881
-76658 3388387427
-15115 9708155341
-48544 1350741981
-74527 2641590359
-62925 4204241959
-65341 9686708771
-63177 7945329995
65423 8363190877
22263 2800092579
55256 499256425
-32629 6805200035
79027 1365961251
-80900 3496866811
77910 5664299979
91995 4046102947
-33775 4167006839
-40941 8157252823
39536 301871171
34395 7786925219
-76898 6685129595
-98246 5838792111
-76297 7238556071
-89459 6925176165
79 7721232203
-49486 669034721
-87986 4352492741
15005 3264304733
-76498 1215705551
-77097 4031002957
66223 9040251911
-67874 6336489191
84123 2968661185
32257 265876835
-68394 1360070619
38532 629033287
35857 5870517827
-9934 6031633055
-45708 3156937145
-5102 475287339
-23310 9547825649
58085 9558628221
-26629 6039951873
-25513 7261160427
-86215 5118938811
67183 9176224941
55677 7271501941
44328 1657814335
-38415 5642332661
-70911 6853431831
-59251 8571870375
90271 2785663895
3480 8816571669
94380 4501685447
24500 9288262211
59614 3504103173
-77517 968183311
-60754 9863152823
6375 5449703513
42735 4729583331
70917 6098626505
-69816 4014495561
60771 8567254305
-69970 1621314061
-29075 937476427
82094 4836180339
-61294 7780248843
3855 5881440373
-2905 8203414087
73160 4400179577
95045 7758182659
-18024 9184020539
54037 3078247891
96261 3508180799
-68129 1048222121
-62819 9067035771
-88163 8895004989
14972 2096468239
-58641 7284575469
50719 5417501001
-43598 4830720027
-75001 1327335891
-51241 2689432491
66782 3403955717
43149 2644728199
-41049 7786982821
-70161 6809954135
69787 6752076585
76221 2809556725
-59099 1717852019
19875 6748028229
42380 8346617549
-91108 2082631787
64506 3685442745
66934 3288454121
17637 6836909725
-66794 9074382419
27092 700781451
78180 8350395617
43861 5056893009
46815 2323626881
86172 4765021205
-69395 8817481583
91701 5005779991
-9747 4665395679
-73746 2624043579
-43225 383357643
16781 4645868591
-57173 2526294149
-20132 3805484985
8151 8913614929
74554 6167331981
40207 1565276059
42859 7295455701
65071 4939586235
-26953 8032396181
71326 8878741065
-83833 7700936001
-66007 3241912845
7253 2752854177
47591 1981326915
-91908 6943427149
99910 8607610939
50884 9406879955
31979 2503947231
-96671 2774360349
-9696 6982823139
51342 1260481749
-34639 2691063961
69534 3108343495
-88027 4181808957
-78068 4377891351
-58152 641937831
-42628 562736387
-81597 7339044385
76138 5645140521
66888 7118394701
35864 1470559403
9636 2042724851
-37929 9690096793
-83085 5352740147
-96020 2574567983
18179 3643438801
-91666 3641215803
43104 8201985861
53031 9032588059
-51131 6848380341
7253 3180677109
-10657 3381264647
8661 3998808815
-64745 1353529889
50222 490598701
-2133 4802041405
13582 1912656345
-78049 4065910919
-99247 7681199567
15495 9870014019
-23503 3199464039
-4514 721480361
10438 5728466429
-49553 8770845735
-88293 7276808671
51462 5513226369
85218 5532602331
-98478 8765844889
-39220 6678904027
86154 1550557955
-93618 2621656229
-58546 9648724875
82058 6009936171
-19702 1685970445
-7394 2950780533
-97582 5724221095
70796 5206474625
-48914 4006393585
20452 9364831895
-83480 5763700857
50930 932542277
1625 4347051177
-790 5423328703
6547 9873591679
83202 7829894677
-67376 3569486005
-46436 2689847139
-73462 3505848899
34417 2972119237
-7160 9159562541
97160 3109144173
48034 7109962689
-38604 6714011783
27963 464911159
-52996 9154196283
-39519 8365802239
-74516 1347281689
-49446 5666878251
-73235 1161648253
95043 8953750375
3089 2827180569
-55282 532199731
-86694 2356373111
42585 7886036437
94269 8577390413
94219 8402800659
18407 7082119849
-26380 5325786179
-46367 7998560561
95172 2447686947
26654 4183988723
7859 5504824385
-23188 393995017
87989 6779818609
7877 9702482551
41675 5939457351
-62193 3144374817
55053 3738380425
77502 9842800031
-41969 8832494729
45764 5941736579
17988 7518627677
14867 6705707897
-52555 1076244937
-49560 3824849669
7985 87036087
-76857 8692254581
-84217 5938818015
-29732 8881719939
-94882 5408862905
96245 8106768653
40363 5542090691
-83501 3122783451
99375 7411374069
-43951 1293143515
-95623 7964441581
-74776 3538127383
64468 3041449297
-73336 6304578113
3765 4950902561
16048 9991439617
-79058 3183732209
-73774 7783716761
-93527 9481240059
-88200 6241165533
59954 4212815845
-54227 6261704699
59010 3007422997
4959 4553373969
-76906 900462513
94738 4926579345
45524 3529283105
66106 8326858991
12764 9637173405
15618 3244978537
27883 2597178415
70764 5174214135
-74814 8547300535
42093 1889065059
52299 8973178211
60238 9100924135
11559 8053281359
-96515 1521930933
41857 9062920169
82180 7160301313
2511 6182694229
71058 4753067585
-57829 5872735673
-55726 2207487773
-41950 2642155473
64433 7744873701
-79098 4290418535
-29291 294319201
-79583 1469789925
94038 7872462417
6016 1690010645
4691 4106309973
9643 5423297081
-51142 1607483317
84503 7633940719
26309 9523743195
-26675 8274271203
-64665 3078145987
59695 7103053413
-18874 291538463
-69082 1113335049
71499 4685478885
76969 8445052413
20557 5714434521
89829 5141683513
-15968 8397289521
65596 9266142961
13065 8282964867
-25444 2758111959
95998 3022323015
57871 8042179919
-36570 4997969921
26574 4347154209
-31722 9876376415
96166 8831594193
-42090 5236333723
24338 4889694709
-3541 1327604891
34497 5138904447
74667 8922953287
-80362 2043321715
97245 4496006707
-55587 575787797
36741 1038039381
4769 7099048643
35121 8446550161
69530 8653571149
-31580 6800474481
42760 9278994369
91363 9158811117
-38334 2527485711
15895 3716886391
-72706 6937799895
44455 7244125363
46806 2931905989
21430 7732091119
70194 7521678319
22755 1501805433
-65658 3439529131
-31046 6454824999
-43619 2818858799
51490 8315314019
-10910 8982354261
-13052 7719095729
97053 8612122611
55584 5590541553
-41905 9640879863
-58280 6312577347
37083 7005737745
40915 5769760261
-66948 2400867011
88283 6107720869
-64630 4532859273
59618 9785345321
-2716 4166084055
-52492 2684525025
44004 4459474435
-77149 3461084819
-14021 5642840699
-16302 6116898515
-33398 1535284209
7949 3426643291
893 6840872745
-56096 6015638625
-53368 5040364819
-13288 1890916077
70371 7129194523
-27339 7157705859
-24966 5268423921
-14508 9859132791
9786 3737086421
-66567 7899388887
-23000 8071430621
48806 3935226969
-99948 1897757007
1621 1152669609
-95927 8101471145
-33761 1691721771
72176 8822950363
-9266 5405962891
-41899 5554497715
-32879 4351019165
-91724 9678662255
35031 8479605985
4313 8967083481
68063 3130713977
89517 8125281885
55644 1930285681
-38056 689804379
95015 6118577479
-17303 1387403087
-73470 5074445009
-41056 7231800415
61720 7150076177
22599 1023762899
36113 5951369077
-84926 8565496103
58245 1864470857
97802 9998416321
-52581 7668319159
-79473 3343187215
79663 4004069295
36131 6023398411
56905 4783501043
-51540 1518050639
-22121 5876284135
-27336 2224012333
75753 2385289935
-9633 1372678151
-94513 5271475647
-79587 1058566815
-19526 5678056919
-61961 6138939325
47396 4490457515
-66051 7936772755
90150 9462591411
-11376 3463639719
91303 1888560889
-38665 3117464723
92293 6405140229
-56812 3856607445
-14242 1533534055
46247 8228118105
48242 3148091151
33442 4313237685
43929 6649509735
81748 6323646337
-5372 9625564875
66807 6729482211
-94717 8257183809
73828 6940731207
-44008 2410343909
55114 6581556979
-21073 8624859911
-28339 5778998941
55160 6117613163
-95124 5336038121
-37326 5087463323
92023 3487283017
88199 2951816485
-68333 8803283255
36788 3383245171
26300 6483488671
618 4109786427
27026 6921977533
-21740 6188623641
33644 4736882259
42297 8052865177
91391 1849890705
-8783 2195405125
-11847 6467446327
-7465 1645878857
-90591 2656525923
-69956 5789277231
-59238 4892535959
-43365 3753026161
-62637 4748203465
96157 8976460161
72203 1417913031
43030 566229829
22553 796251437
44026 589954643
58284 7599091841
23100 106218863
-48346 2120906365
-82093 9873519509
-80798 6237125005
-13016 2203453281
90605 5541204413
50596 2846105323
75284 6288477615
-49658 479278795
-32328 9270292245
38738 8447128411
-77623 9084398161
-95940 5154125161
-96120 6737724809
86507 7075497651
87136 9467092785
-22211 1745126255
-46461 4556519669
796 4392463653
-24589 1370103231
35308 4335828339
-24040 2669903963
-38797 6916942527
926 9727689821
12717 3462576419
30862 5319817269
71275 5204283733
98253 8685256059
38288 9960797871
-61406 9335627573
-84869 5140901663
13496 9772051281
73217 4997476647
-13052 9505708571
-19894 8561925993
-17674 9068800775
-66490 3199262509
-73626 6996903301
-31056 9828057755
-13122 9862050341
-57271 3919869411
18803 326597657
42868 7835310645
41820 6167223811
-72254 5561040365
-62440 5965450137
-38894 8626944981
-93737 7358249025
-75629 7915132611
70542 2967320599
-4901 847315059
-43700 6461908779
12257 9182844639
88592 1228856849
90097 1681294635
24269 3253149431
58150 6179277579
19437 4058532521
28250 5415483263
65695 3007464047
64715 713217079
61592 8622478995
15062 8186644687
-60723 8598921259
70553 672117417
63664 3611928021
36221 4023520201
-11572 4354999701
10339 2557037501
-48701 9243244763
-67893 8814691021
38534 4727096101
-69584 9090692409
39879 219927939
-39264 794699559
10262 3266198169
-63127 1701781195
80411 7745584273
60299 9132470125
67367 5346379235
28150 1218202287
-27889 4476847895
78138 4003301247
87223 6972733525
61041 503735175
-96233 5568848211
-41901 9781327269
-30930 624177401
-97698 8529816875
-7866 4198678441
38890 7415345693
-24161 5282557503
-59423 5564523339
-45152 3324901061
77835 2980170811
-47365 5624761021
16208 8161731597
-80051 9023964495
-51048 4165013205
-86691 8012284745
-80995 4100605271
-42418 6370610785
68447 1640325929
19428 2337831897
27995 2703374879
25169 9489956631
20723 8690006837
93213 4896426035
-90933 7379696275
62463 6450694471
3059 2997821739
41503 8868507745
-88667 9916954431
33595 9304914693
-49586 3160733249
-65308 9272110061
67962 5915178327
-4957 6112827429
-18267 2845979485
-77771 2284750103
2675 8080551233
2569 3545210799
92695 5748218309
-7833 1557621451
85122 1862903185
-34345 4772333333
-92161 1604184621
-14095 7718228037
85218 5933651509
-84261 3927167743
-38905 9528670449
50788 7064316669
74474 5764680335
-52122 4786223597
61092 1820876137
53855 9856532947
89042 1279093381
-85486 7057575429
-17993 7290006989
88437 4004557169
49102 2430013281
37062 5297995075
68378 1426336837
-39791 1115611765
18882 9100553281
58336 9021286711
-85935 9273480677
-42420 5110165747
-80306 5216315345
-27375 3019424179
-19253 3808729809
37607 4758475751
-69198 4064879577
-30643 6844694807
19726 7937029959
23836 5005147711
-45845 9113210331
88019 1903637313
44033 4545171511
-2749 3088602043
93769 6755577309
39746 8920273591
-62182 1742984087
32102 9076492485
-76915 4072607227
-56889 7341949025
73850 9820694839
-56651 1557377883
-34621 1593196299
-39867 4132349585
75051 5078428019
99651 5567014431
89141 6188780369
48253 5170887729
-14676 226586349
83232 5794552715
47942 8329996227
83703 1318981165
55614 7266388561
-17848 2865067825
37811 4896534345
16070 9248949753
7111 2893193175
-15295 387200577
-36583 8873751641
52067 5249163819
67386 7686300879
78670 7920380013
-88495 7751476323
-32840 3672619087
-58911 4092787201
36869 5586811463
73010 1959396739
9297 3222294289
-14792 9163335785
-99328 1800345291
-50095 5830490901
32614 3208707289
-37949 2809080355
-66111 7270028143
-68418 7269397625
-70995 4626805517
-88579 1825977551
-1730 1502633583
-78905 6297020351
-3976 2866864529
88779 2925159229
-80904 1847642393
-47047 9685584139
-37154 1088768449
-10842 9828444461
40264 4802039273
78440 8493304261
5321 7635514945
89321 7273764541
-17655 3352864997
-694 2490154739
41432 2075847925
68912 9515405357
92714 5488701583
51456 4728650151
-56106 8314941349
26045 8699545771
26413 9837694707
47878 3275950061
67417 6517080739
-8327 4888442849
-11572 4337832145
-34578 6530289091
-61226 641722323
4322 8500157361
58723 1240011871
-38780 6521235061
11382 5194839229
-18131 2281176603
28828 127406609
-27317 1079792415
14155 7387311391
46464 2758416163
74099 1094971221
31651 4479646741
76140 8718788399
-85086 7711181849
25027 4732470797
68610 627888623
-19186 6869361441
91159 1726610383
-70104 1426827305
-9476 4309399365
45806 7095207265
59303 772824195
90938 8086292101
-548 7894228121
79557 5688716201
46720 8626086727
452 8990787109
-69629 4252420731
39741 4484471671
46710 5739485489
22073 3976256557
68183 6270097231
-88720 2067973513
44452 4481456259
-16428 6268959537
-45542 6133270059
-51210 4743809991
-45910 6488455553
17725 1170921459
-68443 3563188669
-72393 9081588535
-57122 5139276257
-33143 1467658747
-30382 3366668361
-42376 1515143861
-17589 9807335725
38555 8678571817
5760 1398839753
-22431 9566599015
-76564 6497109393
39116 6513004661
60902 3536143417
19233 8585545421
55543 813165061
-20723 8765183501
-96237 7761289599
66623 7250228269
81524 2697035573
-97969 8925172019
-5248 5215223691
-16818 9859686941
77764 3852091893
-69891 9208955365
-37841 4175741819
99730 3659306943
-85851 7117146595
99317 1485117449
-49632 2132289021
24554 8685177231
-77307 1200013391
-13438 7282115917
64903 3329868217
57827 7972238105
27038 3200768847
92928 4579672325
39760 6433367171
15799 5724784133
-36354 6471744989
37223 5475611851
41060 7897002613
-9869 1927994501
-387 5229510459
-46578 1628126899
-90963 3079906001
-93028 7603980377
-43924 4540641275
36678 2226521097
40958 6058011635
36601 6577835499
75636 3125325701
46241 1884032251
22264 1650625463
31790 7339855127
-72172 9607332085
-57112 6348046695
82789 6606847179
22045 7627265429
-95818 6926820777
63540 9974660093
19932 5947029359
-8837 5425472115
90734 6265855895
25429 8716158595
45204 3218510193
95214 3521147035
5502 7502119745
78588 3519785479
-60773 3873361527
-52948 2771574257
-19860 4467380539
68829 3404446611
-9166 4673800665
-29780 7931513559
3802 7916131149
-91484 7637610755
78745 2463261427
61567 5096342285
42548 6678260715
44212 9934366899
-48027 3701655991
81493 4835312001
42031 3167057181
-46690 6690676677
48260 8235674441
-70641 9708020871
28740 6864455021
-68989 8500905619
46729 2037099153
90176 3747167885
54508 1756002217
-7517 3764862569
3800 2170593901
96762 5840190439
41136 7213520851
36800 611228139
-13366 8854532233
35366 1047188675
99274 7190729525
-23121 1820824621
67235 4305124761
39371 6317563813
89422 5479002001
-96237 2191840139
70719 3009520295
-54810 7797802153
-98280 7179816209
70560 3912449139
59434 4779014331
-90 4241261209
-18074 1289359935
-78470 2432595473
84296 7678106753
-93252 5544145879
14234 5307737479
-4029 238784719
-61002 6359174359
77811 8030605583
-25139 7020204189
-18013 5860308129
23317 7122953087
-28538 2906078385
14719 7461265941
-37426 4663847643
-33228 5631606887
69190 3861327239
-91899 7064196221
22317 7129548759
16623 6463445157
84568 3361973589
6864 2372040465
-70925 6829258119
-43246 8565286311
-41127 3174406849
22225 6809591313
51335 355443841
44631 8248344961
-33502 4900973301
-83590 9200091029
-31723 9375145405
-70760 3833980829
32987 2424876117
85034 4438331333
-74050 1532290493
49302 2111059291
89058 5810844607
74918 4143094189
35429 6004278055
53680 5321980873
-5626 5850748671
53173 1666186781
37833 5113512809
-30028 9719959071
78758 9531756641
18443 2518271677
-40441 6496467569
-89388 8583045317
41607 1992512151
36941 5727230693
52357 3092915561
58793 8914220155
-12168 3351691741
746 9756828933
31712 9645343437
-18651 2797023023
-46320 5918482557
45462 2337988159
59741 5851990223
-94016 6807468473
81559 9482759485
-41365 1052429793
11759 1934424199
-73113 5488934099
-64193 1445974251
50577 3780129039
16522 6599028447
74844 7960079743
33664 652528323
53430 6392355013
5359 7266645823
32852 7875611577
-97634 3549262255
-7848 6121095039
-82501 7136989085
29357 1943984219
7739 2464724019
-98560 7101892839
9463 1581797497
76499 1639145101
28454 7539988375
83947 7968919065
16548 1127123951
36819 1390964129
32526 3191427829
-47095 2382192573
-3697 8776344695
18780 4764090173
62713 5000027807
-88166 5017134831
-86338 1641860689
-7440 2694715689
86562 5462373077
-31556 2095718383
-5585 3098978723
65504 6209168735
-2599 8254577629
86538 7088714255
1217 5185616925
-63907 8671178791
22066 6529536381
64300 1351389743
7208 3731247285
86018 3300872681
52564 611649731
-7341 3212626075
-97603 7712503317
26679 8288151269
59229 9656266533
-33686 1893852323
90893 7861542337
94673 7911321007
19504 9251755323
-82015 2181233659
42465 3005080023
-95711 1337927523
82464 3067618863
40112 9079037611
75642 8712838645
30261 5058824815
48279 8624784979
-23409 9866306971
-34215 9016283941
-22220 4138133907
-56197 6233197829
-20784 3619192763
-33448 6959970081
-70250 8232836633
-62271 9821573845
91766 6303219603
48807 7983863057
55099 5460297563
-93862 7660070209
62102 1659674495
-6641 1016192469
50679 3896827101
-23349 6711298529
-63030 4867597517
-23953 4677957751
2131 6013635971
-4397 7336161345
-98902 2786577529
-25602 880832331
-21091 902867431
81888 1516071967
-87844 7944965745
-21547 1604516145
4722 4283903075
-47948 2524910185
-37288 9657364839
-68564 4437887331
-38815 4225026297
62551 1801191309
-5166 8889423853
-27150 5973405433
50511 1875366291
57475 3387859089
-79583 1295128601
-82427 7716854119
92387 1433715175
-63659 8485952735
-58276 9147056521
29890 4185083869
-29051 3313259769
-79209 7852154771
-14819 2562756733
69642 2660445101
98927 7959149165
55038 5532648959
18023 8628878341
1577 9070764815
92726 3440575119
94969 5628169975
41102 6012502205
-64161 2771516799
-52424 7471812809
52700 4454240361
-95700 8389203853
-5182 7090128245
-1958 6965673317
223 5762768939
13051 5455332903
-59489 9851230093
37261 1278581183
46977 5251337961
-26114 8977122821
45423 9568090719
69999 5231043055
-15959 9445845353
47306 7855759111
-94299 9208913753
-52236 4800122689
31008 9002407007
49479 1690423391
42154 4756262623
-74384 4745436971
-55749 3324395121
44085 3233561227
94292 6987952565
98468 4108048535
31875 2538548277
11420 7179759821
-11669 6649119269
-35767 9274444797
702 2535662065
11978 4669863031
90349 2538754515
63485 2918561883
829 9685155145
33145 4560518967
46240 7857635603
86687 3337718009
-50076 3628060735
-93989 7894972109
-89952 9057391291
92738 7941620525
-45977 9704228289
-50778 1209897731
-36943 576310305
76529 6370627769
-59742 9419900685
5327 1071402377
-99767 9448309487
68267 6865851145
55249 6531469741
-62170 1368317427
-47794 6079918765
83451 3572205281
-32836 4048909643
-73490 7773979591
-91462 1157684025
11208 7356616371
89406 5537331879
-57992 1507911417
-3571 1460869905
-21934 6781655301
-64506 6856495441
96981 8349634975
-43106 5098498323
84586 6050832291
35335 7732468539
28115 7243700113
-74416 3274259713
82090 1791244691
49434 8049789055
-23776 452974201
-36107 3986862235
21035 8035858547
-85121 6762495803
32276 2363824289
69621 7925660771
46500 6620949101
42260 1302430649
-32701 4939603275
-80320 1114806967
8392 3272040929
-53966 5528857051
94522 8279244011
14834 3912389851
-94332 4678090955
-80518 2252141065
-2889 1462192755
-53542 1664070777
-58842 5563856531
81612 6493633805
-20378 4311782925
-83387 9841612691
58924 593221983
-21109 7010442773
19450 4875316317
59945 9891977311
-79965 3008914537
-79672 4620966885
45796 3544649685
-36571 2718556193
-49534 7799058019
-33437 9977354009
-27300 4050152047
-31966 6628302263
19411 549042731
-77660 3540692459
61327 8732427935
-41182 7617564497
24949 331773869
-77417 9610525649
91498 2663208661
-15763 5840891295
-93436 8663468773
15901 5926936101
42699 2811478609
55536 9237264911
-66658 5257992995
-91199 1428040323
-23408 9179674839
23508 4178205791
-20078 9571633411
59159 8590433541
-54042 9447181309
-57992 5831175029
25212 9982141941
-15269 1654499503
31579 4931470553
31483 9183675269
-92461 4231412061
-59275 9984675267
-96844 5322532149
-46597 4944562299
23546 4875836421
-20513 740388237
-70237 1917393145
-76120 1532254139
-19129 6372465463
-2572 4369641495
46769 5727056241
33192 2156506411
24722 1598678259
44375 3915561369
42110 5202884441
95644 5218716293
47858 6363270577
47743 4072432635
-7411 3014532081
59204 4338777519
-52553 6504555727
85804 3918452641
61034 4036941301
22214 1116433353
-87896 1768333415
-33245 6629178341
-38526 6384697731
-43041 6831519611
-84744 7686309721
94714 4591424171
94232 9626695571
47400 7100043767
17658 5950958617
-48486 487900889
-20557 8635054005
43192 1159594999
61533 991455279
76805 5595466891
50626 6267075195
-59037 7904828149
28991 5655270873
-36181 2401450993
-37744 3646899585
-58829 4352630719
-69611 773523193
34245 9758582709
-38002 5140869975
5657 2010758589
43892 881147595
8285 2185563149
53552 6747222117
-72697 7079493337
29310 9627198871
12432 8931749727
80313 8981843739
-78933 6556816811
-72498 9978845621
16761 1815877171
-77555 8467349693
-29109 4730373383
5888 2907411801
52904 5451811885
-17189 8368787515
85002 6344866501
35090 5682013671
46059 3594076599
-61369 9693266111
-35995 2407840389
23726 9518074739
12703 7670704935
-47708 8901544199
-20725 1052268597
-75312 3215994187
-39650 6296969199
-23957 1268128251
-30891 6693430421
53697 5984956579
16549 1641875223
-89371 1098666519
38734 5618801865
-80217 1118012807
-20854 6015293143
-687 9915185429
53371 1638361365
50725 3668895227
-26156 3569178133
98568 2375849719
-25405 7564821547
27656 2682647143
76264 9062698231
32279 222446583
-14098 1206896295
-3493 3817041497
74004 7627765579
83365 3576699187
-55141 6325933509
41007 1830576091
25669 1764904481
-66643 2740035381
34736 8333681491
19322 4708009167
-7956 3850146823
12612 5613913405
34268 3026435095
42694 9018631411
-49910 3960231211
-16573 2586246499
70423 2663761215
-50844 8969459061
88874 2743424841
-93814 4738266709
-48533 1412496077
88172 4154934927
59276 8604065793
38662 2838561899
-59127 4591943641
49901 3925946473
49206 5036685413
-95973 5221347397
50639 2344843241
77745 6738461339
71735 7932245007
-54110 4457998683
38698 7829276951
90890 3989610897
69248 618979931
31860 1184537969
25254 9770801675
59348 4356822581
-85070 5367079981
-24459 2607404251
71316 4179395965
25307 6465448227
44328 8941036989
68997 3449096247
15197 1687339047
-9774 8468353135
79145 6005262327
-68331 6482253495
54840 6842653227
15118 1726475407
55569 2677240331
-74605 887819221
-26158 8384883217
-44305 396094973
61439 7745441789
-36273 7800379547
-5250 9873576267
92102 2971209981
37049 5776195225
48255 814922591
46835 1634559219
28960 6191936481
-45983 3921952955
72039 4691362061
-52431 7659793731
-2739 8054555345
-15722 2578794577
72434 8525038761
-98644 3275728289
29440 6806707223
33427 2631281721
35718 345314477
65660 911508103
97961 6807666623
21912 8023979695
9794 4681558503
-66470 2120963537
24675 9071919813
-71266 8222651905
-26326 370049159
-83921 1302376389
-12234 6061153645
-41640 9956576133
-93820 3936921343
1648 4277730589
17683 8204661987
71916 4631407295
29110 8207509647
-60148 3421344051
-88809 2127091255
45588 1792123337
77615 3174178293
91101 3906873473
32835 2935450531
-43425 360526379
-21667 2999787769
63662 1671797549
-10941 2022464011
-25618 3340627325
-73563 3211142529
-88145 5342606421
86139 6415287499
76548 5615420551
15326 8068479453
-58002 7149992717
9918 3184460449
-1938 373893149
-29596 8760396481
5507 8224393325
23765 3838629027
-26621 2971997849
93731 2153532411
44794 4805951911
-56621 604249811
-18902 2286165231
22067 9238047727
-70024 4096364693
35841 4108664385
72526 5077608429
-62958 5819262725
94065 2071565723
11569 2473270761
-92026 3091188353
43644 3563579555
-74646 4346425419
-11634 440227285
83443 2827621551
-81801 5425456461
-46029 9542400949
-65515 8376929393
23862 1394269019
26969 5336030039
22643 3225739599
-63545 7791009727
-30388 3179619847
37110 3599704369
-10797 2759365481
-31253 5520107117
61891 8956763555
76696 3805617291
-47230 5356445869
48772 1972787691
25602 5155487017
15923 3875121315
95438 1754535997
15356 6405507425
-32571 7684365205
68270 6538774899
88598 2487224165
-17624 3622882123
-40215 3424283881
-49884 986111939
-57789 6789715161
-45198 3288034491
79386 831748555
80685 1182878929
-89903 5580810425
95841 6200605455
-72894 3480075273
34909 3462451781
49189 613609299
33307 687675025
23466 3695162195
-97089 9530516585
84374 6087893343
81718 4738443365
-69671 3369192481
84567 1525879601
26441 619839523
-43277 4680421355
47001 7461360755
-49526 5607009851
-67998 5286435549
-44027 9957108487
-27142 4181674971
-21214 8574936979
22293 3577665931
-27432 8516089771
-72145 747969911
84832 7258055547
63864 9302342989
-55406 5777642521
-20769 4975059555
-76569 6000412079
-9223 2192718961
-93192 3855340507
-92846 1467613785
72098 8864635845
-75394 7719336603
85682 8465525301
-57957 9523514375
-44124 8598787833
87127 1604596447
-51691 4467142153
69596 5273330349
-22135 1026557009
72558 4952231495
-99423 3322565829
7100 5752465267
43145 8642544081
23681 9994216579
-34322 2079966099
85208 2109101185
-81043 4737354297
55968 3050563385
99846 2951512261
92618 1886109899
-62176 7536585573
26073 7864686017
-93967 3686924735
93309 7233147399
37234 582483101
-15713 3357097675
-98886 2391015629
-84299 9612954015
-40385 8177602741
68195 8623857309
41831 1861670349
24481 672083523
24316 4093372523
-63194 4686925241
-49838 9228361195
-74171 7787569413
-87445 2013044413
21317 7885393569
-42630 4809578831
-76155 3869221401
61407 8487695117
-27769 4125714853
-96166 2658854703
-66097 4586190729
-80940 7181931453
-18453 3864471521
-98890 7637158241
59372 4646164905
-36167 3972749491
-23254 5153414665
-62981 8689385453
-11225 5087039849
-10869 1396396883
-33125 4733548417
-32115 6745940039
96048 8888265725
95674 4961573011
13495 6442717997
42895 7001720851
-5878 1697278961
-59147 647976627
-355 2048579141
35511 4948788391
-65611 1893501249
-97630 6524482411
80167 6563117981
32531 4921520379
41417 6623159847
-85152 3841372121
11295 3755956733
37504 2427667351
-93092 2153955971
8993 7943262737
-41871 2109911325
-46341 8469099413
-55748 3700839151
22798 357537409
-4774 7281835681
-58667 1416348599
-26991 5735138609
56938 2867295329
80559 9551290621
88629 1464003555
-21633 8744491285
46621 6796068045
40693 7384220677
15842 1707556407
-71098 2096043279
-74705 1538532379
-1984 7133845335
-33345 4948613999
85726 9396739199
30464 6608094835
81479 5189967009
74830 6538168183
17234 5901779993
-17673 4951409021
-83540 9909045359
56400 7674535857
54580 5573314533
-6818 7591238401
-55223 4687998225
-66417 9585614331
34376 5647833333
-67900 9108540693
7397 3492327761
54092 5194831375
67652 7156715929
25299 8611237259
-77336 6646768861
77503 6389066187
-2081 9902849545
42653 4560257527
-77593 7070261297
-10009 5636413253
17537 1967170389
7634 4375487099
-67894 9223764293
1472 1983463987
-75542 4589208911
46249 1152055109
-21350 5443419471
36730 7559123723
-56055 6660555607
-19298 9993931065
7015 5004741549
-44710 1499823027
-18836 909069263
-32970 9687050597
-47498 3443007447
63121 8980906221
-61513 1999914519
-53665 6427933963
-94851 4227195893
-46723 3426552977
34433 7306308629
-30168 3285667045
-78949 8295863309
4504 778600281
59523 8767127821
-58999 6950568425
57121 456088373
-28102 4807103645
47626 5681382921
-90381 7604611509
-73156 7140202849
2875 1122321237
-20785 8365435103
85698 2451818079
-12946 686299835
70681 1063109703
62144 8102807895
-2527 940405731
-11597 3452427375
23218 8769567709
88786 1455200861
96457 3589085879
70613 2132569247
89438 6403059419
57542 7738537187
89672 4410842251
8573 1630078611
-89881 9629040021
-74542 1337139785
-85765 8630388849
32619 6629021765
79375 1907598561
-12649 4588508999
41180 7441847661
-15806 6320396559
-31175 714031359
-519 9215330733
27014 7084211161
-22166 8191897695
1061 6066066185
-33135 4051264887
51035 1470505913
-6937 1030546351
-19997 2843739459
-4674 8370636209
-60433 6248748889
-13200 2964549941
-88431 8874963441
22158 6075875529
98954 5256697805
25966 2860963121
14405 6435614373
32510 5293015467
99783 9901017151
95242 3967791147
7334 7669030905
-29888 2051731055
16610 5943263427
43044 4961548473
-83306 8473258401
-64121 5779935693
77179 5098385575
-55266 4724329311
55564 3094168055
50620 3321725447
-23818 6463736955
15729 8055550381
78050 1182143249
19685 7600833401
73295 7067667647
6697 3346567459
58403 6892001017
85989 8956848855
71597 6310454711
26610 165776393
-4785 1286162771
63669 4557580623
93536 6106089533
-28056 6472161605
-21793 4133348851
-2180 4365107713
36556 6397746535
73126 8234692635
99564 6173167649
55439 7654850691
48182 7194434287
-41185 5111183337
-76399 8246630029
72480 7550995297
41896 7399733811
-82362 2296452397
-33317 2578779321
66967 2701158827
-74333 1323623485
-76928 4918598821
-57355 3128453811
27042 8028224341
-20892 3709056709
-43733 3503616785
21259 4791794655
88523 2989001331
-27826 3530611123
-64219 9203386881
-49152 3905554101
-41560 8466990897
65214 4027238765
-2518 512665795
-75910 6101077137
39246 8218975243
-3383 9108910785
-67032 9257052925
-88196 8581064745
72713 3432850487
95397 6168317651
65460 9305920751
-39994 5913861673
-37079 1581002111
66647 1259239479
-34747 1168104751
98919 7732122103
-89976 9018660313
-18510 4297003641
96616 7478993933
81940 6101776307
-90788 4093175421
-83894 6082867493
-5069 996614021
-2812 953090491
50794 6193917061
81569 8187679305
13349 6436224649
-26627 684989429
-38631 5066503343
-93829 2214711619
18887 4979345825
14849 9636423361
52499 8567524005
-5934 8167370179
54167 1834590457
-43147 2902001397
-28632 6582486167
29952 6519099239
10912 8082554331
31559 1744643503
-69868 2209398775
69600 7231642717
-76944 1578045301
89613 2575584609
18167 6825590959
10579 4123272561
53642 8144537231
-24074 8898880595
-20911 831190695
-25102 5706077157
-60745 9858755073
62156 4199774621
-88574 4932617701
56570 630485033
95739 9203882819
-60467 6434522115
-77566 1825616643
28438 2054401031
52947 3171987099
61389 9987115275
76344 3842792479
99511 1276939959
-43217 8137840941
-62045 6383123753
-61917 7809275275
-75352 8940841215
3106 7150014899
36301 3401803409
-2672 1925769715
-21754 7486261575
-50411 3041857415
80562 5004936797
81804 4378084871
-86857 5976796745
-75523 9188099707
32964 2414548921
-42861 3217053019
67225 5994279483
-89342 5329154299
-53569 6824067589
-59967 9589593617
52548 3380993215
58065 6933574929
-46135 8453576559
-5340 9877438799
75953 9309289465
96031 7193030139
47267 1091221309
-69801 6063910779
24978 8376642997
-25432 945910769
-2180 5013851401
-18830 81383329
-70481 7195117565
-86960 977125321
28496 527663939
23079 9379845309
-87650 1766205517
11867 5314511987
-12093 1386063189
-23297 8834277395
-74257 1986212225
98678 6131606189
36278 6392409637
-30661 4034239573
-45626 1336824373
-94349 1676200103
-64984 2716046249
-3867 7752725207
2074 3472877193
-81087 851443729
13342 9936065795
8737 1621023681
49248 1935887605
31200 3807018113
69070 6341456839
7397 1941691969
-5058 7335700857
-80887 2658375225
-65139 5075478443
41768 7778695025
43607 7964823199
11348 4031262175
36040 5367222153
23125 7358340737
77546 4860899863
2357 4531819735
68241 1747489349
81805 5297321913
-41321 4801311729
12486 8219243491
-28908 4699044467
81939 3461112705
-63236 3497178065
60422 3666126939
87076 5040593035
7456 7813180173
-36748 9702503745
95319 5016142989
69610 5304683911
24213 7377249191
-99271 4379002801
-29922 5931129485
80437 4758756427
-89121 4318939351
-45163 3185783241
61495 8674026797
91774 3641360273
70807 7674383011
-8626 1889095155
-51952 8878992485
-36210 7960579881
32946 8670316951
-89800 6956115729
60626 3112460125
-93951 8823181479
90593 8931444617
4449 2018283341
-78878 3232653741
-60663 4871138285
43826 2034282613
-22637 9852713035
-2680 8049404049
-96181 3027591693
-7665 4366719981
-12271 8640834701
21428 1625564655
-10803 2301073501
-48293 9045615051
82533 2489083675
37774 1599983655
28287 1474156071
-76794 8784305221
11097 4569427679
30686 6314214813
-13220 4375266187
-79981 9822865269
-68246 4143343371
-4946 7177775771
78812 8602975417
-49814 2785033371
89722 3778692917
3413 6786585869
-48969 7513860041
49158 1578965021
-52574 8018674649
83119 9395598125
-72150 1962806227
29326 4767335025
-42497 4074296597
50655 9114034487
86728 2036825879
-89887 3891211249
-80641 7115830369
63553 9880165525
-59738 4222747495
68644 3964773113
-97904 3910601243
-7369 8379601259
2566 8877827975
63956 6515532461
-13539 8287005459
41945 1415953641
-6365 3645421163
93514 4757764729
74852 7426136751
-41604 9566124199
88542 1338740315
-15418 70165195
4978 2910077301
-23888 5326337121
-2374 739750655
-54279 3655365585
-12117 4210416931
39550 630498073
-11530 1651340383
57373 2885619819
-25836 5607007133
32992 8570594109
-26156 5062115963
90705 4851993049
-83261 8791978041
92371 4240059893
53678 9142894555
-66196 8220779205
38398 3011959389
-71891 9611031953
-55660 9803843041
-46088 1104380787
-94692 5406794491
-55564 9829672275
73381 5780370069
93824 8298537079
-28683 6386762565
51436 599774683
-57305 651996277
-23619 8261841053
-4651 5404481219
-14493 3044513735
21020 1648248879
7368 70746029
-23248 4870730015
-51113 8065380089
-78763 9030184459
92857 4523711339
53421 4299922659
-20874 3532029149
-99090 6263452033
82717 6879072499
-50928 2704807087
531 945067713
97512 3258462689
-53698 8700422799
-52470 9715425189
-49830 7676410923
-36299 4399948135
-30348 2225910977
-43810 9158503737
69347 3950469471
32662 5434958889
15900 6299774933
21726 5437718291
-65596 6309582315
-62673 8828737787
-2618 8706948795
35235 1673691817
-46634 2369296715
21742 4328593099
56490 2513587007
68130 7271158571
20637 4209322555
9596 218627183
10381 3067385573
49646 4757926801
97642 8721759299
72849 9685199605
6276 9280727491
-12641 179295319
-9256 7719381443
75477 6443785361
58541 3614337073
91919 4730026963
28687 7095202611
-79468 9757552999
-51219 790631975
44735 2856505743
34897 6908111635
-1464 2231565359
-27159 6226022839
-39785 3547227457
16316 4703295649
50695 1022518739
-52143 3604900619
-7205 5544340367
-30615 6062594239
-72019 6257547095
30789 5304749523
89946 4924009053
-51516 5496254613
-64094 8656455633
6196 3415447389
12158 8850225537
-70754 6533282893
82532 1835762125
-40844 8218633295
65126 7237955845
-47940 4426706819
-44393 6020497425
45528 1631524575
-72341 8137012929
-78257 5049909231
-10706 7205748769
-96697 3688818651
52070 4978617093
-11342 6678610089
42928 4682908117
33746 4242104793
12314 4502871403
50048 7078694119
-58811 4781838691
88816 9069780145
-67495 7960150503
73323 5218287237
12332 1347905889
-32907 3036746869
-24382 412044469
31753 2133190525
37399 3412018401
92602 3793941929
48778 673518281
-83336 4592746839
-75447 1572663751
-25443 7464278165
-57017 3372394557
-66604 7580371583
2383 5136847355
-74073 8462190621
-15274 2360800863
26239 3422414755
-46711 7950902631
-51135 3830767679
-71914 2478204225
1883 6142792587
-60775 4175803701
-68367 1175414807
-3498 4388133289
54967 1709753637
12449 7308355783
-70529 2953821033
11770 3083299343
-71717 4861099495
824 5229466535
-2361 3673578271
-71030 3445013711
24273 4504494445
89323 4811660331
-63613 5895424149
-94135 3393832677
28987 1696675501
-55578 3417470077
-54749 999769263
96073 8535120477
974 3216813133
-1898 2321180381
-83156 6272959351
-48925 3372409539
-73049 3524048115
-75630 8262689827
2542 179247261
45983 4740926241
-22548 3850895225
-72804 8863645911
11659 711602799
-415 5280518781
-82100 4540948233
-20974 9102078451
-11920 2079283691
19035 1078377871
96095 2862770629
33551 3278425059
45626 7430492191
48704 3694895565
12814 5231337715
-52260 3902391427
-36408 6174789531
42625 4562494423
55563 5245181497
39347 8262740671
-34398 2098672567
6828 1947445729
-1265 1768007233
29330 8256427221
-18298 9976060825
-3238 7719371935
-4923 734203721
11362 8807099041
-60333 1496456157
-92165 7376366831
-98023 9788034855
-80136 3958486255
-25635 173433499
-13913 5653780337
53983 3400934045
38216 9996375403
-42341 8474225475
-42116 3853657685
-7245 7546286579
-9946 8049369653
-23127 2316061879
-6718 787690221
-92800 4196375983
-4317 4332311419
26395 2188126091
80427 6369835229
-37260 9255585723
-7679 5243902289
81921 3704063519
-43404 7721566299
-54969 9675936311
24898 3025244291
-3735 1634354833
60689 2361512343
28655 3087224009
34905 9101070439
12289 2691249015
-83573 8692290545
22279 5289207521
-9639 4262803075
-39232 2943518941
22369 7989443549
92065 2907697203
99918 2340680949
4866 1222936679
-52015 1028116349
34780 2117714123
-66476 1250286251
-21841 2160613751
-59177 2993697289
46776 9603515415
32224 1242232679
43754 1322303049
56862 8089825337
-99251 3243190295
82032 2669600809
83174 4548067941
25848 2680912469
-1171 3309730123
48081 4371744109
-7577 710692497
-48515 2788166189
11903 1300582861
-84844 8692543315
-14073 2463636517
-43607 2204490277
-76038 5113073699
-21868 2673995851
-55468 1911023181
-93727 5181071315
82511 7500654413
-31483 7257965367
-90858 5166839427
9983 4264539559
-65928 9402623149
22586 387435605
-6166 23024799
81359 5699901023
5668 5140258417
-64860 4839056987
98847 7804443069
-57207 7694961281
84183 6614483861
-20586 7022392481
23601 7174172075
13303 4692735761
-62823 610793491
-65236 4310177601
56197 3621921385
-84229 5863524253
-46710 7713672923
-94681 1992968739
-65662 3589700645
-88348 7291563955
-89376 7388171293
51804 9187572003
-29040 1060532607
-77025 1325223681
-31614 3915316533
-18553 657642219
9490 3247831739
6594 9675131233
12738 6209205025
17871 6679572161
-939 887951611
83560 4651983863
91073 7053008091
45768 1319309599
-88728 997756631
98156 1645139889
44147 4340232337
-75356 6014286679
71834 808621433
-712 5551155347
52081 4731453035
-62120 8650472613
-10072 3222611179
-62477 7546688971
-93367 9605720457
-41638 4000731169
-33258 6603588707
68135 6358546657
4363 7252131669
-44674 5522237351
-52472 8271959721
71103 4793719627
10772 8688013285
58448 1886220055
-89256 2124303995
76932 5039574921
17817 7739466091
-22078 1252006995
76621 4541922105
87710 6954423431
-49321 5398357833
-22912 269833089
-50914 1565353871
47389 5007281959
-57977 9873703311
3083 2241328085
58854 9415486513
-93879 4335916111
-76267 4461418897
22050 7174880597
-21767 3178014471
17493 3613150939
-73789 5464034811
17946 5461962553
-70737 6690740007
-55060 664325001
80514 8125429619
-18113 4441726945
34357 4768102997
-2391 9941298331
49012 4651846307
-15432 5374355061
-53980 7897316369
45561 1505555325
-36919 3269376213
-50519 1845335285
-36969 6296332131
-49313 3255003801
-10237 1653543885
36670 1190457227
4995 1050393503
-89629 8395371021
-43290 549612463
-23931 885542901
66350 7506863547
-16036 4799564031
-17782 7001128087
27341 1473760661
43798 2473738087
39889 7583700283
-38687 2485087987
14102 3412367281
5847 7231553787
-22256 8665604811
79064 6164120651
18485 352041691
53538 2966256541
5862 1833947377
48671 2938266325
-4657 183241047
-50646 7886664551
-41619 3971995565
53723 8609601299
84647 3695159819
30074 1335152211
-79369 6972245171
-32481 330286511
-15562 9657286505
22022 9732518335
-12500 5316424811
-8705 1004003803
-91054 1161682535
-98923 3487836317
-77445 2875650383
-19225 8795743219
26906 4083773351
-60224 5239063779
89994 4129724361
75669 8348316919
57919 3866101245
78429 5381369671
41131 4403660651
-68190 1742811201
76672 1114040067
-97069 4884343311
-18458 6813530469
70938 5419953807
-29061 3382523025
-65153 5090573321
3 6394137581
-43779 9018271651
87415 7523738757
-57092 5946599991
-76925 9895539511
-14311 8603868859
-86702 7194788101
-98301 8343842833
-66791 8222099925
77397 5607290701
-10244 5666329293
63776 8064184911
79310 2664463501
-89651 3785297271
31670 7531709883
-20732 1365957351
-54240 9490210061
-5473 3809829961
-43708 1142811971
19096 7299273903
41976 9426796179
-58474 1041679175
-38436 7428987855
-74308 8077006087
-54820 4112358503
-59723 1219955457
-13178 5128875765
94637 9935821331
-85651 8145124729
-68099 3587017425
-29337 750630761
-90070 2588295539
-41347 4003602445
-2173 6737941807
-70773 5417170569
-66425 7175654939
85178 7759268315
-21293 8291089699
-92977 1329959031
52556 7197014331
41341 9799876323
-20616 7099008539
32924 6619215049
-93765 6288858211
-76843 8996584871
14212 5009414117
99971 7622359931
-5741 1612808961
58618 2242776275
53660 6612554867
-31245 4876429239
-29539 6244956601
-73121 2439603509
50409 8803701909
-16804 8592741291
-55035 1658202929
-44834 4454884315
-18934 6808304803
10095 8514881967
89822 4621863735
-98269 1911607521
-19130 8721832999
73671 5704537433
-81368 4404921019
12826 966855525
-24243 6342068115
58720 1047995027
-21553 6028419839
68301 3258060961
50564 4896405755
88902 4083024017
-88069 2373599221
6669 4542009795
84323 3496884157
-8800 7288517499
84257 4816085935
14704 7598584963
-48495 4437426521
-17179 3717583329
-40226 259381643
-89566 2584046453
-24749 6531345389
-3368 2034286855
38105 650012593
-1157 9687213877
53605 4608141383
-79385 2316346073
29627 4480206421
28826 5181953275
89078 2731368995
16309 280905641
-72915 1465606373
84314 1804903573
-94720 4875825317
-91147 4619086005
62635 3943620649
45874 9816658119
-40531 809973415
16145 9877458709
19571 5763572313
-64636 653205061
11531 2320199505
127 9299494219
2386 905324435
-13284 9081866063
-5611 3123202161
-38235 2826301827
39283 5465201509
-73199 2363084349
-43037 4284648565
95832 1894122787
-77900 7642452297
83909 9008433173
14872 4449309137
-99996 9407108119
-8735 9661241343
12334 8218045791
-496 420451743
-73784 9094453143
-6503 2126101589
-98031 7280814691
-39082 5607110847
-21117 3686121665
-74181 3600023909
-85290 8024748713
66303 8336951281
-25737 6486498097
-58170 5673598589
-19816 3714191999
3635 2076733763
-23239 1429455463
91731 5274578609
20499 2403066741
-10479 4250524621
-21811 2194352743
1324 3826279151
-20715 7163634647
93827 1574735591
47644 3990209609
-3037 9809883435
50745 4602625861
50860 4969114069
-83630 7146413243
6218 1399245747
76613 2544561075
21528 7584062335
-81099 2160918541
-42070 1049971001
8110 2044265163
-93085 6387342601
36621 7876669315
16518 7489239615
74717 5116371107
75566 1100249111
62525 8533304383
-17422 6630953405
84237 4594306197
95459 8230539651
-79174 3958464413
71421 9392959261
-85518 3810692111
-95846 8388611563
54481 4159681773
60659 8316665511
86910 8139898671
82112 3071339037
-62614 9011331063
10693 9772919037
854 5351883325
758 5447355279
-78842 4118724105
80855 1291024881
-99293 3776588839
79436 2530214791
27344 6777968351
45807 4959730861
-64140 5457144437
93126 3872851685
80328 3894298637
-22125 5462842153
28873 7951015601
-27214 7165763475
-7688 5143032551
-75551 2592484093
8798 877367929
-14754 3553184929
-36537 5998901701
71957 4321601945
-42116 7713211815
89121 4296286301
-57797 1434056971
1845 9085842587
-20850 5104157879
66878 1260381517
-55762 5950382681
9621 3970632449
-41534 9844667399
25180 358509331
5787 9322929609
6836 3800811731
83124 3896425621
85657 8172974309
-40645 6206139211
73609 9633996681
50735 3302522521
60372 5474201425
80547 8743201401
-3721 6393716185
-39087 441714461
75598 7999161447
40132 6080123369
-9405 722204209
-24396 6836466575
-36398 8929392897
82653 6390850139
21828 9580755809
93033 4229757567
36908 1920033211
45147 1573214741
-42774 7959519549
-53874 5753937635
82041 5218420553
56075 9368559369
40038 7337151551
-94920 5209765219
88597 6160313955
13960 8555286033
20552 1162386997
-72210 8844076451
-28160 2416698781
34507 3128190467
-74788 7097406047
-60902 6075833371
-6243 254110621
43675 7898084573
37461 4317206789
-68212 1805613737
92737 2618518421
56761 1419147331
43623 5605396055
88279 8061546609
75232 3498876385
-78338 1836869415
94049 4062121283
23813 8051925717
75741 3444855709
-39016 5458159291
-13837 2599671101
-90462 8502611591
-73250 8054439299
-54143 2293973831
-87445 3340542951
62323 7628095519
37391 3626853439
56217 6636155299
-89786 7980280203
-68667 5331840079
-92691 9816131425
17070 4581745033
-28591 2559241669
78877 4548898817
69964 5582666823
36053 5500567127
-46809 483526741
38496 8294772519
23516 7032406415
95470 1885602449
63973 1721794601
7780 5445730561
5810 6190135621
-43287 353483609
33859 3984107803
47056 9124035251
92184 8080564229
3482 8413476005
-39371 3953545381
40009 4558466141
-42258 3009022187
17802 6570893761
-99585 2603587681
53716 4748694645
65776 7834954531
18685 6269638309
-8310 8943837029
97105 4789485719
-47501 6417182633
-78869 8511850671
-54935 5077543731
56462 8338949059
65639 3702970303
88618 7977467045
35093 3466064181
-47129 6687391985
-48001 6167805295
-2809 2530955211
-58642 5289718651
47970 4695489549
73004 6377793663
87107 8931771025
89711 3270758401
-54416 5680427253
-35108 5638577291
83516 8793021945
6049 3226228623
48612 1894052939
52589 8064954005
1981 64019583
-82197 8251568215
70474 8387463223
20669 4443848415
37666 7328816555
78346 5445168835
91824 8321951869
80904 6854205679
76253 9301793105
-52254 9653444173
901 1725008281
12316 8965123233
61607 750806807
-11619 8885606555
1125 2056426413
-51172 4535743169
-24497 6872366781
50494 754852775
33586 4327657791
-40912 7307407451
71459 8890184665
46604 5022063891
9965 8656312287
32066 2228693139
19880 9105115589
72581 5682623743
24934 7147629629
256 3122143541
-857 4814919591
-58671 9160844261
-44509 5823757109
29585 3963906867
-45413 4092800659
49368 1670048167
62432 5132787065
87596 4756457125
-82345 1418828881
58688 8454600149
17023 7199160961
-59406 9733157715
16110 6768669213
-94212 2603193009
1100 587179249
-39658 1602834025
-73940 1877900801
80510 3911949171
-68661 6962743805
-62919 9193489403
-70063 2715025821
-33941 1438811935
51023 8095680115
-79369 4512577891
9128 1231511005
-24451 3230586669
32941 6853880491
-29719 5245373223
-34267 9434222571
-44795 8182163543
-90193 4173645761
-46116 7545134345
36865 9746696273
93040 8366697293
-29396 4872591723
68212 7406895705
80967 2295211095
-31915 5250658807
58543 3715257747
11487 5814629751
654 9222377719
-40364 1489774073
23748 6649139921
-93438 1662223205
622 1777728481
80750 5648809447
31559 9649588463
59347 7089827801
-84638 2726591949
-80340 889882761
-43572 5505517585
-28988 5881243785
-5270 5624255171
28125 869906857
-25662 1316927301
52358 3495008525
-54015 9754257121
27328 457668147
94623 2559737257
-90372 8067721159
18761 8239063795
65619 3904381131
1883 3810354667
-67789 1698319191
44880 7427754523
-57799 5919061185
-96915 1255817289
62993 1315159751
-62651 4488281961
22448 574162397
28492 2925235451
-75413 7403923105
6767 5347076819
-49847 1212043229
-38662 3600909799
1680 996789929
-17381 7193941435
-75899 1694577061
-98691 8470665193
-42399 297802981
29889 4070583961
-30081 6743523181
55186 2771162325
57998 1871559175
65431 9089617801
-67143 8545142405
-22217 6099045231
-13587 6105064891
-78826 829505323
-49809 2848669879
-59780 5563854411
84503 6488410539
52751 3513385713
14168 7695393091
-14905 1614659699
56636 6956707469
91484 5789954179
-49561 6708260219
36926 2398728661
-40953 6668701887
-97557 8533423301
3458 5135144479
-4990 4319713447
16089 5415339651
-73977 1817508047
87432 3458959237
-12434 9505220991
90739 2853879079
41573 1072280909
80011 8129042085
80135 1094099723
89250 3451379231
17849 7547559533
69172 4676845057
-79025 8811213999
54892 3491775629
-35299 9682702393
41243 2425219259
23166 9043374893
3514 9944015905
-57136 456007725
20916 5914959693
-57419 1222705263
1444 7748968703
-94366 4081305105
16301 2718502941
-31297 9738265935
6069 9984446271
-39023 8803719665
-97773 3632271877
-36501 9195193683
54739 6756652671
-74701 2425155451
-74068 4811329545
18083 2153990801
-83489 9421772815
-22149 9074467553
-1925 7787726141
-81082 4027076177
50086 5129006375
-48107 7824713739
-1684 7889486863
-36065 5053764213
-40504 3535365701
-57847 8808818281
-72792 8710338649
82064 4382012991
86625 4219285343
73627 7122839529
-62194 5769895129
-90235 8817758159
81616 6407540369
-31716 8234249015
-33445 4241710801
90480 4977938323
26386 9552148199
85673 8743867797
97779 7200614999
5097 8668796185
-18763 1174420171
-61438 972135087
66637 8365754945
20636 8749239033
50393 7833065005
70301 2967651771
-11060 4584874269
38273 7753065469
84987 4165432721
-20731 3912780471
-31006 4633392233
84978 5265054961
45482 451147911
2306 8511899165
-5002 2452650199
-34995 6657280877
-71250 1604786743
10976 7981293689
-55446 5850179893
-46424 733566515
56695 9845897883
78898 781110625
-12491 1723725149
-51976 6851386995
22318 8457097077
-77479 2234107065
30415 4142349973
52146 4735757743
-61056 4937741525
-43034 6257367535
-99379 3178421389
-62690 1433764019
-43976 4596766631
-20102 3404091379
-30365 6722618737
-54239 6788213751
63961 6234986445
12409 8032456685
-72564 9755966069
60435 8719636371
62150 622117673
-59271 9401560979
-32693 7898610735
-42301 2090415729
-29482 6402983045
-63 8662624649
-94123 7123888387
92123 6940866115
-21686 1417141315
71403 6398490099
-9492 481003695
-28717 8297928791
-78095 6135550653
-36083 9851039547
-13357 9152509855
56151 4072462863
62919 8617682375
-87336 5622770815
26307 373282017
69797 3571686309
-64264 7002415629
99939 4779546401
-22483 3741109799
78556 6635699775
-86695 4998899247
44375 3655361691
-28753 7159041577
93092 4947499049
33536 1045427275
76685 5597427209
-45191 8184024815
-47734 2603919729
-91505 9602471773
-96197 2919254385
44786 8818348579
76167 1891350365
24078 3289711585
-13874 8598906141
-53599 3276950005
-71976 2431869711
30982 9927477575
-56819 1948753663
-80340 9936320543
75221 5492335363
13659 4660218345
-50158 1484217115
-73406 6402506515
26306 2749844899
5815 2430283247
-38995 6417277719
14698 8389307931
72963 7253117335
-94233 9101864037
-36337 1365325035
-32502 4949175147
66477 3148961981
-98868 2052249097
21636 3259134085
-44713 3469468871
46973 2267815799
-20517 5068312245
-26880 4388186663
-91395 5883505251
-19341 1968367345
-56239 5286553751
-34419 9831853579
-28286 9381098741
-34910 9899289889
87033 5421122235
13222 1689498539
-94511 3182730973
-81016 2618840169
-94546 6084350123
-77001 3152345095
-71944 7891651531
11230 3879850059
-63317 4658315931
-54034 2190518031
-96393 4253749579
-56428 7785107257
-42498 582002731
4805 7320896491
62862 9612477109
50230 1729439037
-68709 7755628321
77995 7087459949
66887 6277368625
8 7602794057
18997 3334003827
-81037 1348720415
-67093 1552396599
-86789 7079402721
-14693 9279242159
-99068 7246137521
73997 4097870009
85623 9551550197
-35801 1617070715
6617 7601623711
79277 8521140797
-31935 1485129617
-476 8063587661
-65453 6964447067
73686 1052682915
-46473 2695516667
-66955 7946965841
-73848 2663336207
47012 4871053707
-61601 7779672869
-47923 3877824637
-31095 870129473
-97395 5213784369
29485 2252519467
-37368 1023927341
-33268 9792484457
-57829 6656528505
28297 132747507
-34610 3668005531
-66290 595385201
-80219 7148196291
-75548 7859990055
-72461 4024191619
48181 5005509265
-58749 6144000253
-50322 5313601937
-34762 8927167351
30582 8534150169
59267 8813889027
524 3843782001
44010 3402764131
-46404 2423699755
7567 2427223301
-67442 7070756355
-17002 1491818287
9105 1478095147
-80827 2195755099
581 5232894891
-19171 2401194089
-61535 2098692353
81472 7457446379
-33600 2618324687
-92722 2727201921
-44346 5420433209
13551 5904657139
-92323 8624171565
-53362 8101742041
56618 900135737
-46120 9403136081
8796 4338761873
31823 5362225377
-48484 3673053525
58140 651885761
-65995 2364360629
-27487 7719382167
58033 3393158515
94920 7257292433
59103 4343239189
-77131 6841534581
13227 847103549
22115 5099097229
50470 8794400763
17934 9256895825
-48218 5040259457
-9692 1571709281
-905 3002007883
-74952 5311460935
14618 7220290201
-77702 9540825927
56817 2984128459
-3304 3295188355
-43741 2222105981
91850 9650474329
87729 3845721705
-94048 2555503549
-46372 860997307
-38709 1903819095
70619 1360482313
-97931 5899038821
-70824 4701695749
87031 8210810905
87503 4691410739
-28597 6184157637
54138 3189115219
-47723 4386821231
-51841 8327161269
66293 9701093709
40997 9049539809
86462 1912143699
-98188 8697770199
86879 2921065755
74568 7634984929
14804 8123563099
-90318 3971364697
46279 8053411431
-12107 3354229117
93635 3672491323
3784 6044844333
10617 3549194219
-65737 9710165067
26330 5890170613
55772 4930485189
-68847 2268320159
6612 8108284589
99387 5742035819
6051 6318166989
47359 7648875623
-56371 3718124705
-62048 9115168535
-24061 9108503555
-37381 8780799395
90234 8685765889
-41155 9069536657
9592 4162341167
6102 4392119809
56585 9340296329
-89274 6972242953
-5809 1802244295
-78017 2922884099
-68726 6451763659
60582 5545441575
-74205 3080279147
25576 8233829229
40229 3140667103
43569 4668844349
29037 8104618461
48033 2555879885
-47660 3483480947
-40246 2340604751
54090 4641945929
-18419 9730256563
5593 6198309649
-96557 9477959495
-18433 8841310291
-77228 6583288815
54271 5291867469
-16440 4921945063
75759 5872697195
-95541 8653625123
-89674 7680630845
-65461 4887818849
-38902 4731002745
47028 4072859237
17767 9013815237
-44344 9494676189
-25175 683286497
-82207 6096584627
-58358 3921757615
91398 7244997921
-84356 8996013959
20011 8599842999
-51563 8774703255
93412 7756227457
8221 1870227395
29791 4006280741
36743 1777823827
-33855 8364602593
7178 2373055955
16285 2103288769
69871 7610029595
38522 7904871531
-48065 4196806659
-52534 3620946163
-26879 2380238111
-81395 1089947851
-40977 3532155471
63942 6905667295
-54599 6914990511
-52280 7622241381
-89678 8277720625
51728 1496040057
55590 523669317
21983 6794813321
18015 3878094747
-29816 5610975023
-23145 4037894437
-34601 9994349469
29243 5135590355
-33172 6572072165
2480 1783790157
86859 3136732133
-36910 3710522841
78545 7422037019
42546 2992303233
33396 6289615315
23480 7551344633
-29585 8020213701
51352 9647392247
-35386 2155754173
-33714 7629410265
34625 3487401323
-62280 6138187951
-79046 3334198809
-61356 7128195671
28404 491736111
-4117 6669834949
88597 2920062719
67688 7599864111
26355 5127401207
-1 3578800979
-37798 5654749835
-82140 2493385599
-31907 6047400877
-74538 6969551461
-43823 2119362535
55981 1235151279
-94900 2753253157
-34901 3765388819
-66766 2214734109
27887 4792822545
-94734 5939457863
-85254 2164817385
84111 5893413355
27624 7975302043
97245 7684773323
-65773 1326572721
78463 8642113271
21491 7080574673
-66573 4504922149
-72815 2232511359
-79820 6300848353
-73453 1336521275
93957 5346195517
-58119 2500582719
-14095 2999498887
35372 7135322369
-57040 5349970731
-36047 248996037
-15294 659526683
77975 2135967183
94779 1676827791
70602 2185150849
7672 2486776775
-65249 3445892811
36567 6583160207
-37389 577237371
99685 3254801093
-55753 7811960447
-71326 7381844919
-52208 9885707621
68204 4319340441
-55656 9354468143
-84768 5551156749
-46001 3541511671
53304 9027297865
42427 7229699737
3276 3355026485
39395 8340405409
47222 3388520227
-11655 2118558591
8899 2315799959
97073 6500060277
-22763 2839648885
-68546 7038229991
91112 4069065119
-46462 7218319881
1611 5038054385
68655 4268578287
15525 6978703201
-7733 5428920851
-96727 1411267095
-8546 5303776071
-50641 9752105691
4842 6787449311
-80201 2051731721
-85871 1540080101
-92350 7524003323
-61529 8407498119
-23468 8906117715
65077 4356808611
4063 1839208701
14340 4386321539
-40875 6094294303
-65985 607724699
-46459 2443968285
-54682 7680261091
20100 3837002723
14832 6320691447
-36306 2887059813
98652 3085059701
-6756 6509946555
54805 8994580689
29348 1392666999
-78758 7976372535
14221 5716880721
61261 4370470929
27649 3658474269
93049 6172944733
-27146 7051700581
-75065 1732872999
5251 3623363843
90079 6719097941
63587 6633791947
46118 2690629865
11404 5318735695
16915 2217126173
84630 7831591547
-56204 1367497289
-66727 8283784957
-11918 1355970707
9986 4139335765
71707 739454385
21215 6666665307
4482 9102386579
71776 7082128641
42624 1469822365
-29452 3997857249
-79651 2379242149
-82817 4244325899
-86127 7818309515
64229 7849608595
33897 4389769929
-55839 3084118135
-3934 3834836289
6678 6559097189
75464 1099573379
73848 6059427695
1264 6911309171
14347 1410279825
51172 5535192709
-83613 5083354247
-86388 4343000997
14746 8535710035
84010 1335216471
-51804 2037287519
-13612 939943027
-2132 872070699
44147 1980072715
37646 1910157715
-70161 2248228645
-8936 3386350615
33579 8987598195
57389 8351562029
81846 6081351119
15961 830835895
-95052 7284961909
-64820 7221239013
-52214 4313775543
16937 7524571815
-17220 3436671077
-63843 5168486357
59561 4339256579
-84505 7652607281
91925 3653696479
-196 4408589095
53853 9241394709
-20546 982157631
66043 9968754861
-79966 4302061153
82336 5271434793
-27103 5866243177
-6808 3108019435
-33019 6802689609
36184 6286073671
-23883 1641794669
-76168 1746719727
-26380 5749449281
-11288 5156658617
21459 9271373049
-91920 9922814131
-28114 8965940013
-88570 4386231487
-18982 1029375159
-82705 8400180087
-47613 8685434375
-38050 6634723411
-77339 6583786423
-64744 6529913513
10619 356897459
-64738 7474234379
70087 6280295099
29369 9065005399
-82944 2389980265
-19944 7193479861
-75508 6283859035
60107 4028398897
-60822 726988339
15735 4045585651
13192 4159410705
-77389 8085112645
-85484 2672452605
52213 3252617477
-96883 9102782861
31361 3902307579
88071 3630116859
19950 4923995021
-70900 5700455837
8263 8675199679
8064 6645948581
-39542 7227021419
-39825 4169855689
-31123 7779252185
-86115 3204583953
71569 9857990615
-38551 6337145823
64640 1535565299
53224 8264943641
-95677 5678950369
-32256 639190811
3824 3956141321
-45340 8029562471
40924 9319962885
-74419 9613407913
14437 5036988265
58907 4042430811
1698 6126122291
73850 5864497529
3063 422597287
68324 7427711853
11576 2739807715
-40619 9381283009
-75459 1178553173
-30220 880141183
31551 6855694565
-89149 3872078365
-29471 4467581265
-29459 4110600949
-31504 4143162579
-74818 797882029
87234 2796383159
-69324 3858621723
-77796 8013544809
13651 8740108191
-88571 2466244373
-65384 4319243471
88748 6150806185
80520 8690418071
-65284 5051324321
-19839 1576161921
-88566 4903098265
-95377 3771414959
-68373 5209355129
-44559 5868936683
-57607 6839481499
20548 3970460479
-74090 6829372911
28623 3597444779
-88093 4549264111
-58389 9636552913
48470 2188795001
60169 6943079669
-85923 5232720241
-97806 1650939385
9575 9286091919
-47737 9215175725
43667 503992797
-37256 8678140223
-17119 7185518045
75255 7184938767
-49983 8099334149
-75598 9562520835
18848 4197995697
-27402 9335727111
-69536 8001429243
-62287 6754607979
65081 3396893869
-65768 3249771311
-8196 4533247029
27019 1053823023
70376 3900983915
-88046 3997753513
60034 9498935879
4294 6899789785
30611 6180119749
61024 1059824513
32505 2279942363
68928 4055139519
-43323 1269738841
-25034 1516550555
-45319 4779768449
54159 661831685
16080 5807779937
29380 9034397437
81787 5475754781
-47725 8654703889
55335 1969399933
71671 6770238531
89346 9514663505
80076 7809729793
-90275 1180380881
30275 6246351703
-83544 8173581231
99010 2234969269
-75409 1654750085
36833 4264924227
-6297 8223707269
61573 4560132557
55140 9196028437
31800 6616891769
84826 9557231043
69708 3134741655
-10044 4283520579
-53024 4586057419
-43504 3464912695
57684 5548834195
61396 2106407105
-579 9540916225
11424 6921463921
-49345 7991849193
63420 3549373413
-71625 4565851783
-70906 4427559085
31475 3579396701
-66386 7420400031
54620 3050840071
-3419 9562336481
98856 5502925035
-95051 2879150913
41425 1422693259
-81985 5725539593
-11111 6223504595
13828 1981135257
2679 835041439
-9782 9091603841
-77115 6336304957
-6975 908568123
-78022 2036015259
81161 3998959569
61664 8530310895
-60122 6848307129
-80512 6090681505
39452 7201315859
-30379 4503012159
97829 9084568065
69070 4784844377
22896 4752822265
34072 6637997585
72463 4260188181
-61803 9142931455
-25510 8398396441
48622 5441787311
-55009 7811839195
33768 8867649795
61922 3196530071
-5393 8648172309
26922 2189910407
10519 4612534891
-25485 5428328899
-21475 2901655479
-31196 5122028643
-67369 7380728431
21720 8213052307
13431 9851045815
26377 2353539799
-20594 334638849
35212 8536360247
5097 2857741545
5763 4548211311
-39434 7691000615
-35888 4281287415
-54105 5537203923
58244 1308167413
-65368 3767666189
46503 8115805255
98302 7932843041
83231 5452436825
-28937 4344032417
-88888 9462229085
-49983 2320335827
30537 6430651029
38308 6692536577
-14554 406001655
6564 3212063179
-33632 1398712387
-64326 5716087969
86267 7129239807
-32594 5868540171
-62327 4995375185
24081 183646623
-19937 1044529909
81984 9101088871
38179 1560368175
-42704 6574291825
-66270 7816913903
-8180 8687347541
32654 9976416221
12146 5821630675
-34930 7908102227
29581 6008809889
56673 692668349
70589 3378398863
-31069 7454333453
-64027 4856325485
-32087 9489689207
89379 7694276325
67396 9892850959
-68268 6641781991
-5315 5629246969
-24615 8308183049
92206 2617720265
-27769 3601396535
-30750 7256732999
48845 8238849453
-14843 7999314521
5937 7477870139
-38809 9410623641
-63692 4227315101
-99859 8834834213
51179 2998112393
85256 4399311911
10264 7373901743
-47073 3373601651
74430 9952865799
-85501 3554323541
-91002 5073338947
35901 263151023
37911 851450243
53885 477213279
-12538 6528651339
29653 4356016065
62493 2535401059
6813 3703507607
5114 859333319
41424 6351601233
-12230 9257252751
47935 7889090703
-76780 6421915589
45480 7825568463
-89134 5032009031
-16864 1224313729
-41398 8309923941
2462 1613922049
-15987 5054103431
47383 1874177659
-26535 1255049017
24790 2703869231
-95649 1282825685
-82610 4890466921
-35470 494198177
-71939 9798503689
55682 7254852837
-56534 2014413773
-43735 993889103
-96036 6503936423
5834 7008728059
-55677 7231531261
-90987 8607101105
-77320 8351420163
5323 4510211167
-100000 2137482227
61958 645961649
86086 4559998745
-81078 7564385097
65141 9250713415
39157 6831887471
25305 8831494473
99267 3455637841
70727 3965598739
-14283 5865881195
-71521 4067774241
74811 9145773433
47175 8637498251
-25751 4697138933
-93746 7353964385
78072 9046906819
-54009 5959560223
29265 2235612551
65315 2769797353
-53676 4459637095
-62883 8427814719
-92603 7869784499
64184 2439172693
-20496 875304679
-32187 2990228569
33871 1034993269
45420 3586323163
-98883 4416970707
99051 8928701641
-6478 6306747445
14300 677496269
78233 4917977821
59861 9469296881
28650 6591367061
-12228 80716031
57839 8647911519
-88727 3728353091
1646 6139034515
83566 4725565243
-20895 9521191393
36324 9409963635
88114 6965310331
-92506 7085370885
20663 9584815671
-48235 5268795649
-68196 7931068629
-89462 8855602477
-25302 3023128921
-4100 3573100691
18307 3466608397
-51089 6613847173
-94634 5215375905
-76897 3092473735
-45004 4131478405
-74829 4302194273
-64617 919684525
82552 6959308125
56426 9405454325
-60356 8144758715
-22274 5863534385
38429 1078771561
97972 2889923397
-72695 1865705691
30102 7293521845
-59095 6858382207
10012 4575668809
56027 537607281
-90014 6820834233
59520 2644600789
60457 718619405
10809 7603087289
98657 3992870621
-89923 5001622979
77916 5632597841
-40190 2132786663
-84699 7733133875
68346 4473980775
-76426 9647388213
-2493 7826495585
33810 8214773623
23058 4344653409
-30502 9659233739
30745 6659424391
-93699 4624171045
-55316 3220747191
-85320 1145809063
95778 6607314819
-97311 4563599811
38844 7289866993
98254 2058275479
75850 1523369341
83069 7314646419
75451 5616909309
82436 4719237999
28334 819157429
-57462 2419962339
11199 6397111639
-8897 3560178809
-9934 1286448951
51065 6550032823
-74427 4086597295
-4600 2795705203
-96424 9039238919
17924 1719993973
-91284 5694392361
-59902 990577609
60859 4093386433
-2969 635808561
68872 639242545
-367 2399102949
58281 1355003059
-8791 1875546619
94367 1811405191
-52053 4275310201
38305 663308613
-92259 6825104401
-6819 3529953221
-47745 7286420679
38991 1349532589
-74820 6282454079
94783 4268814087
12132 7564101801
23138 6831416009
8372 7560633695
-31147 2611974849
64966 2058717389
-6638 1967490949
-90454 3735045249
-80770 9425000431
97783 5975110047
-18087 5364136829
-43354 4559811121
-1351 5939363961
-36432 7568952509
-82265 7931474087
24571 6746490065
44133 9875758819
-40746 8442798655
-1145 409796271
25494 2167233709
