48926 90096941
78975 111063678
74272 137648399
58300 81894179
72345 219091509
49876 80808959
69308 143973181
26000 16551137
78917 278920640
92701 355863767
96953 44659508
92313 78288134
78793 287795918
29398 27694194
85419 145702266
71664 203314986
77407 237930693
93509 387151673
84196 39485537
83338 100869171
90352 95672728
78594 246977559
91969 285415400
48994 3847700
45049 57420365
92683 154278197
52481 40177001
95298 286275191
94424 266872139
71000 112134195
74977 9065427
63137 105578382
93977 393335645
95532 362248753
62096 50028131
70890 250137190
91637 61132925
95292 222000683
44933 42510879
94420 20522220
46263 61290239
55830 137212602
65015 32323607
73459 105491465
21317 12635197
24710 8153770
85926 125972889
80848 286045568
93535 8341000
70337 182794415
93733 78307037
76306 232716725
63296 71960555
79140 243829959
89462 90753146
24693 12217664
84525 164702125
40752 14149374
34040 4660121
83629 247137083
30752 15221219
66902 184584493
97213 151292734
97001 264110984
88830 299895429
84704 7112558
48359 110901683
37008 58834272
87238 323994309
77881 240554411
93070 386665724
37741 65750966
46822 87561198
94627 332158462
68644 90910877
72893 96471650
88806 344806308
67242 166200022
77045 253384358
85248 337811427
61624 144356762
88547 98545016
66182 189197047
75596 163234337
98310 205656378
93587 76634264
81351 183715569
45427 14064065
63905 173717560
98863 320919683
93896 40843946
90832 313109915
98443 106361614
74551 101322749
88925 123789869
75194 151675343
99795 359520948
90581 331579172
79997 302602625
83247 330908588
52570 79287983
57013 116046711
42325 17096312
50157 59651151
75688 60949266
98280 235961500
96253 286857519
96136 273227852
81942 74369340
83412 38752470
80502 40970537
74589 37923300
56042 64409780
71555 21300542
69291 184374345
51159 42857787
56103 106812318
83598 282232079
54232 42233493
39173 20812520
72213 3250814
93822 281389247
91385 188978804
53305 86391548
99568 186995393
28015 24330923
23188 11739201
57308 30187326
76962 92362854
72231 64388691
87170 164983097
67360 195930563
40717 53512617
85905 162717417
71314 146096792
83192 58100759
91247 266539302
90103 138587045
62436 186686802
55742 14003909
95357 344618872
84644 273163535
87472 18283248
67677 90411396
63728 153896271
54323 41560895
72159 107391276
63649 23236844
92270 88115215
57104 47348267
62021 135770981
86663 57896702
79177 269552452
75458 263735210
75752 216987005
75249 48789315
97353 186225989
65810 185690597
93444 260945922
57789 52531302
98755 13776938
55950 78652998
15333 9937398
73300 200156591
57320 126700600
88194 4835424
70925 105409118
90644 275577221
49882 103373564
62218 126388414
67610 2211638
87529 378370076
48154 38543225
68370 108286119
96782 102160918
87836 126260213
42812 79676778
83724 36381681
31432 31426124
50333 112711324
93387 429274605
95428 131795432
95974 47424212
58295 15852668
91038 38194229
98684 272309492
97054 209487635
76079 8191838
76682 81428261
98796 427375893
81099 255648819
97647 170262009
76969 219041948
81924 199197069
60536 88765553
72240 169580013
83049 198505911
64341 34269858
87483 85706145
93409 142910567
84839 137038472
65753 106578801
85343 5615076
93502 17106963
77427 142262617
51509 94394963
88275 381637056
72738 232417128
34400 26640370
79327 275597862
98208 343560942
82345 19319396
92861 277778348
91232 111190768
91737 395753803
88775 37634108
90245 319184215
37719 31501368
94113 94084571
96636 337056549
46533 12897271
52937 33654521
81143 102164079
61874 183519026
88146 4180482
87236 74715497
59642 160717893
35874 886068
78669 190859292
79409 14666462
27643 23009059
46218 11076345
90990 203213487
63930 336231
98165 334208078
77705 139132526
99517 415135822
86232 174351135
86523 39612116
56058 136903564
96530 335435813
56415 16959843
65329 107627204
51848 69096410
68537 35809687
95838 310272660
88228 67781529
54965 13057877
96089 433124261
39170 21147446
62255 190027120
74100 88139110
89333 301513853
61255 45842039
96188 289888159
46412 104962166
91869 258747366
82948 319194619
83432 244197507
80380 275163173
92256 296216595
93206 20483594
78746 8127461
87494 336657611
82957 201849492
77691 116738007
93465 319079433
57737 94792147
49133 23117780
96334 369938351
85828 60383162
93198 236851024
73450 245005050
74353 255729636
84035 184174780
57908 166119278
98196 46437402
50212 63736739
48295 46656353
95127 88102148
84868 224287958
93834 318819633
97888 214396022
92104 27683768
98144 13686623
68333 41240916
95523 169718172
78407 31483835
91310 393414524
79365 118978750
27733 19087336
66769 158091332
46171 45848753
68195 28423622
82908 264994229
94177 45844113
84666 296867430
73931 28444574
98783 399589056
87763 41167549
76745 146488214
90362 109747117
46636 1214312
78490 186006383
87036 139317852
88607 290601888
52919 68687246
82783 254502617
52542 53589823
94729 223033313
62097 70566420
66984 37599756
99112 71824631
77672 12958886
75146 226943078
95792 229049212
85913 250830999
94472 177331790
52823 37451600
84643 339421778
71557 52939102
49800 93205482
54836 73981391
64500 53261133
70753 13189718
82302 33718590
53945 142267037
93166 231964595
66091 202339970
69505 19371809
57474 143190351
89557 102392135
94314 234960066
95568 298635211
87372 172822209
96975 285466135
95049 352607484
98374 165615647
59531 19734467
45094 97125506
65863 1485151
77330 254469235
68161 210597221
73228 163151289
84332 295656635
33072 18729240
97809 407157144
64105 126681505
75683 240241088
74815 190387450
87432 234642787
39282 32635723
61478 76873144
65463 98872230
56662 63865518
92877 204651294
89821 12607163
31869 11892480
92479 63392375
59729 135741038
57990 141341517
71051 74214641
77286 108409104
96446 247228121
87948 311798131
73364 240392042
27148 6445502
67008 223438364
77802 192017698
81185 200895902
80734 303646838
55922 109662971
93110 316275947
99563 487105502
79499 232725899
93392 223640952
90704 209622632
98840 265535370
93345 36568569
66795 40969569
80454 96147597
88228 85370597
78253 261371269
86027 227595689
73876 262224032
79692 308227162
69603 115739340
71246 25531652
79933 1121004
62670 184430268
22592 15992112
89260 366125648
79993 81272087
74268 254314016
72721 199695302
90710 332740255
56638 36072541
53368 126012020
79872 245069122
59596 66880481
87420 105559460
77508 89557077
67468 216587930
82505 289656385
85322 279167028
93118 52125107
52685 125730150
79945 109470914
46097 95346597
68922 98381766
13027 6732153
80266 163055195
64546 135162743
75469 110152865
77538 202285939
93220 349015157
95489 232485347
96309 123778248
76006 43465337
70903 184668428
96653 53182704
93295 236449739
80074 143843327
97850 337460627
79760 114368834
52676 136268738
53133 46246811
87620 112450286
65453 186474368
99098 270220546
77664 209102691
95413 370147381
95959 358433681
92000 184513667
58533 118855620
82496 27054173
55543 118555854
96705 147234726
51303 94117391
98654 82428176
88920 10900032
57692 120863692
97851 227753760
48231 27306573
87027 141356153
99498 150244452
65110 33170693
34058 4833279
90108 374411839
93883 427895525
45667 91056191
26738 3119897
47008 36318392
46771 101537741
93961 49867931
87377 338487116
66482 146849007
42163 27873079
93182 415425447
80684 53606390
55392 79506418
93815 320002005
92622 65461502
63488 2287999
96286 403453355
95362 230561047
96762 254692222
68227 96544072
81766 14454929
92658 183846543
64127 106645308
94371 1446654
85466 283684568
87890 142943243
80564 225509078
89332 31548386
97863 462334602
53008 99969977
83228 67826738
87183 256479585
62506 84513833
18729 5902809
89700 388652577
51218 6010581
54937 102482607
94013 197054911
87674 245881277
26393 27620026
98191 260467556
75369 146958573
90333 390720333
66603 195506502
98376 23232297
78930 258970385
89743 269295606
90066 267893937
18198 6976991
66372 106695652
65556 7823661
98986 442754696
96894 160015947
97019 16002476
92137 359360538
67187 77218053
47652 62767251
82988 64090652
96556 87672071
89357 265351379
89741 107866586
56375 101799371
99593 172926803
52351 110935517
27938 2506547
76722 234347610
76806 54952443
87143 315996046
90598 357041169
54968 129021019
27278 20510135
94123 175801055
76817 76452386
82908 172309879
80793 109169144
80161 159153884
60965 13488302
95303 441065784
99135 190675551
70073 232442499
91662 401518821
78885 153001325
78547 307645664
79182 65158238
52462 89125931
83247 59874023
79092 208207792
98747 453432050
70085 66250319
98360 50890271
97708 270721730
75917 172818918
57678 48897151
61012 12572750
78829 36966737
90853 60332735
79749 62143680
83521 291524606
76449 3634764
92464 246873254
90009 178327773
47750 47024415
96308 452120
55893 141591989
93340 80285685
39313 12194732
70548 15054405
69259 77296463
86015 349630661
74273 116934632
90172 20575976
67358 194325586
72945 192480057
42604 9068717
87150 92622384
88947 153500154
56927 132030387
54179 45092042
88458 263190423
88428 243276123
76917 239966361
70213 206147629
86519 130635923
82994 88192724
33360 14185812
96519 65751648
36122 18672793
63175 68290802
50811 7222260
83697 115180224
83207 63704592
80902 118421527
66369 93771018
41682 50632598
55170 84471279
82970 263488643
77565 39702258
91802 62116072
99969 153061575
69085 217017044
91889 378561749
64552 204451700
83882 129610376
39613 72827029
57154 95342687
97327 72073093
98698 178612148
36402 44429580
81766 82438043
96255 93205818
86996 355147358
64133 16540906
98223 316200026
67535 71943992
97656 383758761
94685 218155680
73907 78197478
57408 148522444
86723 119909736
70121 94553333
99278 180749331
77510 178928048
64416 27917487
75803 142736514
27702 25915412
90519 245754069
71395 176703630
64369 33871385
91319 101990714
95516 252549086
86979 270471894
77090 35889660
47373 17597505
78490 77238758
98147 369820571
87740 350577150
74153 92978372
60744 147702732
70542 10560383
58236 78388509
63257 146598854
68380 66509582
88679 65083394
98707 468402682
53614 97591352
78752 275068972
84163 16615988
89828 78013370
89599 351062045
62329 135099653
68910 51565910
81413 69591894
88318 182347712
81642 133801689
91233 198616290
37551 35923881
77123 40686834
68186 197903234
66482 156605675
75102 67129708
95265 202935051
80463 46141935
94039 98789477
67401 223059441
97452 94608924
40895 78130208
67695 127588962
79999 311605019
73490 82935152
84619 291214103
53072 89297945
73498 64451933
99651 131158017
81927 296217510
78460 155043533
87342 84447163
86101 261422804
74912 200679282
82429 261948695
99070 135561932
65393 133723006
63713 18932333
95864 195100634
91020 304681341
78738 279671457
94035 190773297
12932 6090596
50832 103828702
58053 25810201
79178 92697293
33391 8617778
88926 64117644
63305 119613150
83201 237158021
93577 57134534
88448 80874759
61741 132671027
88977 348331793
85873 120016088
49025 38072381
58468 113193406
48814 114616112
86458 7037124
43449 91495290
56037 140343038
95848 37744341
70782 184221253
57167 138815418
80173 73860173
99593 409842754
21032 22101191
27662 24035825
90400 313492275
68634 55047321
90892 156236519
81483 138724662
97498 335340744
48028 36173477
62060 187096133
69177 186424134
63653 183374304
75156 274478502
62941 101071190
66274 98780834
37311 52546965
83979 265929867
79242 32989007
88866 311699826
41762 6021378
82847 197114688
93126 377353449
86516 39340466
70216 209140022
87819 277107417
86885 15210107
67582 103635357
70926 7913409
76910 199969680
57264 35846427
85042 72295452
91949 377504843
38778 55400794
75742 252920144
83127 56359618
70675 5009261
41496 22062828
48699 79961193
47159 32509565
58850 157045589
86011 254531660
84496 270115511
93027 166414072
16511 13415354
63955 181085429
34159 14903708
79411 73860470
96757 249286372
63439 124830374
75688 283853766
65486 156696506
92405 310231035
97969 170130071
85155 118492773
79271 248535455
79576 212183837
97686 250986018
71026 5015144
26427 23866191
77552 116493281
69368 7792686
96294 75443445
99018 282150886
34500 32626851
45088 25427389
99912 114965857
74193 236699216
84144 141217641
89623 119922064
79523 292846727
57699 87208263
73047 31905602
57946 51299810
50040 60372261
28034 33500468
85169 136250594
73504 253061141
88954 58804919
94383 53685147
42295 80851751
84323 42807953
71471 7691837
87834 309751014
93560 419320694
42385 9287250
85107 60703011
99555 217691470
64608 55738759
93524 235994651
79645 241920356
66410 78593035
73393 192591737
77890 188392697
97493 333554138
78942 150175717
84876 330160242
49894 27369431
54516 21238533
90094 77803538
93488 41774408
81635 153026324
73044 49848477
79133 2932606
94477 248591412
35891 59980691
90625 21593040
69617 67467837
96470 306854552
88656 192753459
78555 113655995
50872 55554665
55247 93135929
96837 172931076
64522 104086048
93867 170605553
38584 49636118
94250 138209228
63939 32884995
94891 180378380
89547 75694026
70808 39011476
92173 207274414
81939 27035973
78516 159390210
90725 289778504
76367 61271277
50726 11346605
26658 1374507
88883 168260526
89834 386232056
69037 43477897
79019 223338959
95096 379707623
78587 260811183
31648 23804408
82364 338859320
86259 311523147
91633 343151946
92258 247557169
61328 174213981
47906 99354527
92242 122019762
79116 88573008
98118 356931826
73801 258301484
99007 410992692
93381 225195150
97052 396850152
62181 54523446
58209 7913469
74823 251426276
99735 274145097
48249 502002
87463 139921461
64897 120236958
66011 36147143
89734 214915139
62860 101749004
90407 295198198
82971 301004778
84310 18219782
68427 12607071
70415 5643968
91509 396365970
70240 19503038
98015 475904185
91370 20353841
86860 211047820
89863 360809213
75789 54197214
97571 10618670
47250 48253520
74305 197183936
76410 186690243
78031 281738
37879 24206627
45042 65591123
54781 107044946
94581 74911200
70802 68279870
47403 107689770
93868 418378866
94530 443059557
91421 288810968
94398 132390199
93236 110569463
66207 73110804
86372 358630874
94132 103720518
70693 200819856
94525 96986365
76629 170340564
49217 71104347
37679 5638115
77470 89956240
91404 133577790
30331 9139853
88647 172954014
80513 29365186
90243 333214189
32940 22763185
99890 205335825
46687 64209380
56331 135944823
74434 59576189
19946 266153
59825 29568956
85315 106274155
65042 85083478
53535 104712942
94115 21767258
99321 264267492
89798 157156069
61605 124107003
86938 242594798
75563 1730945
36766 30553091
70028 59799976
54632 69477343
61862 99770135
67952 164389162
97111 286761764
72289 30967217
37930 19208519
93822 183659211
71687 21455812
95103 329183637
90949 78936311
81675 188945919
95550 419771436
97643 355319315
86312 87369598
77740 294737650
89792 237722774
95206 78479426
94362 18091464
76607 142457067
99960 86464645
94353 342865226
76901 56330921
93857 135729674
62224 161545148
62608 36185930
99144 300390726
62084 20741066
76722 35057098
83403 189091999
82951 46496051
79410 6635676
82498 144234954
98220 102074151
94456 345523220
98797 388440253
21255 6299920
65825 47899967
87405 92413683
73141 131727629
94380 442004905
98985 83956341
86764 96124394
81764 135864122
64292 177884293
56848 112188122
68404 106029755
84069 320488347
98504 340228733
60332 47319763
75721 88869230
80291 213066491
62362 42701593
78952 87133267
81215 110689184
34558 44985902
99380 229712492
85466 53448368
94268 398319669
87895 86408305
97663 330029048
26550 22522752
35853 30179760
70218 39516000
80582 25095447
59149 97728143
85773 9676106
55738 154068999
61109 161854271
66587 87218465
51866 96982793
60424 90776420
75408 123687494
45532 90300950
32798 28691779
37312 13817772
62983 48181073
53843 59888345
87025 49674959
65850 32000892
96801 278412435
80856 242479776
83236 326810981
98995 76020405
88189 172758191
64442 97031720
75100 54234795
50968 75846215
69106 116472758
49085 47212900
81324 296755437
77218 41909754
88609 306515900
53123 47946951
31149 25492515
80649 37011225
42414 181059
87374 2684897
59115 111220809
62151 62091531
22158 1507143
82853 301755152
97582 226214613
70638 150976992
92308 71372844
95970 309470559
97334 90772280
94360 294636465
16769 6915071
45719 99600932
54063 103616621
92299 420657470
96218 351121637
99149 340892765
69043 17591423
73308 266611589
84107 203445217
61125 145661904
30462 7863405
68511 23819127
86184 251648715
84920 258347175
88807 81283031
45080 18960392
69633 219796036
51805 112282514
91440 403235240
77839 182040869
88261 36508106
84202 267852072
19890 11047629
98695 295055665
79569 6897126
98238 112653747
65490 146861973
92765 114586301
65448 158611321
64722 50990070
85318 250711790
99300 18471162
16067 8858862
48399 113827326
48873 114194052
75097 14320334
95755 440597657
64396 187419395
40797 58493702
86438 373235030
73347 255959888
87049 120687170
49006 67425440
63670 171595424
64154 196307597
97252 141240860
40975 76753298
58183 85936283
97535 190394627
45569 95775953
83593 100889956
86896 11107466
85963 279361082
84281 192362528
94954 345291338
77623 120259816
36758 62523080
81750 5184972
48832 22381873
78753 179839084
94243 438594047
70772 196065532
53227 7169578
85762 285258003
67459 4383989
62947 51058002
69128 131516974
61488 162018569
83719 320455181
74076 45856281
83528 170144432
48517 30521878
89381 111585767
86908 290780633
58171 50449085
92966 202780436
77152 202373502
89803 379229559
80082 257049497
98287 197074747
80953 164675315
92639 391475402
68354 127329938
76766 136262465
99670 214630097
76039 120788234
76683 75166024
54213 120412634
90380 246325856
99613 293066379
89393 150231186
84241 219659225
95183 155694920
63930 61359966
87531 223220856
74983 268718183
30491 5973455
57997 103444724
57837 126946078
55160 23505880
85410 27069483
78779 16376735
25967 19084132
85170 193295961
51764 44377508
64456 164347064
73448 215815831
27601 8106125
80623 256076768
87940 103196640
55877 144774322
71636 74837477
87722 51024059
48786 18395667
94284 130457406
93284 315254921
89707 353958686
87312 366581003
87637 173352057
63563 76797829
36127 36243268
77573 156019820
93329 378286322
40538 38908224
72295 27654776
58543 1044519
63821 10093025
72673 46438817
50190 78307880
97736 185719835
20890 16465720
87655 178353452
91707 123772777
36972 63217438
98427 137813483
62478 154691051
85395 167622207
76988 16490372
99566 61849667
97978 144348994
94065 80666230
55106 40874162
98472 25474703
73724 248020217
88956 161461305
85185 335057200
99183 462791142
63295 121469145
97914 25799397
55334 41272592
88315 108846188
97629 353068854
95149 230647808
80077 240091908
95397 137792198
69292 192322242
67262 43778283
71819 143398871
92414 339154268
97850 191982647
81315 67974355
64568 114038327
77847 83856653
69181 7420571
59431 149426231
78702 212934823
84329 205688540
19593 13713672
80737 153320045
85964 141997259
82437 134365161
40457 64533703
38538 738839
90738 88898954
40142 67876362
64232 34293138
83366 143111081
31547 16983277
95499 342856917
97245 61312314
92356 237082508
99810 260112505
88915 122868010
72833 66361028
61212 165611040
56698 129264548
97857 373450656
84578 207064250
85764 52851312
53995 81458513
88581 11243091
83992 111526162
83912 222152602
64955 38621650
48457 109481872
87718 237531752
68660 143905133
80384 233403059
78147 126485677
95578 306663196
98102 103471237
66648 92978539
86501 268207685
89345 371501475
90520 154051376
88759 40603787
93430 120883046
42253 38519704
96849 458645274
80423 42929795
35423 32529860
93650 336997200
68868 128254994
96767 449787665
56353 101106743
92090 216246191
93563 410593111
97307 423922001
95807 13794507
73912 250445324
63618 146125499
98954 457753874
77382 74970024
61478 92679241
44699 75387623
59590 114434384
59051 103364546
57970 90641669
96767 181601217
59894 136551914
47740 17689997
33425 8901968
53548 19484813
51391 108145346
99422 209857263
96412 64092824
56433 21720289
94906 70046750
76549 54752399
89208 88138947
63779 8647082
92118 96323622
91763 247429967
77100 196330100
32631 38014761
88229 271683488
85656 40960800
79014 80142699
82606 100142789
95108 189480407
64893 83399069
74003 232301511
81076 214132418
75341 31792193
83912 262548941
83246 59393105
77608 69793010
86103 22245769
55231 26296796
20049 6744579
99299 415607963
75794 199067528
98843 279273005
19367 6161748
83667 335309357
89185 69053560
86642 58944551
96730 114541709
89506 104136422
81079 322815107
92404 157672166
93197 355530612
70186 237872195
70729 212318519
74520 51450610
71962 71389709
70657 33807584
82426 160336505
91183 250867067
99145 432313592
48764 53789216
86198 338005341
92198 367940364
45233 49834644
21398 3367924
56828 26366619
59152 48580452
99563 387287897
49836 108120555
68127 124195693
95035 345242603
96960 442831614
97780 51428546
67784 214873925
96190 179606485
92433 285892516
50594 77821370
65235 32352190
78398 138767102
71141 208239995
99525 325860288
80665 155124959
80054 65123888
97133 405023956
81278 136488781
86073 212087178
91397 232432976
74649 13426296
86089 206935772
96498 67838231
61484 166359806
95897 246990702
86516 81017990
86704 365350316
87166 241990727
48542 90879185
78309 24446940
62829 24119316
50372 82020110
41776 82679801
95746 306668201
54482 99217633
87498 103162230
74880 39630423
27739 23314148
66187 61192758
42004 79352597
61548 134166839
48126 77679723
62094 56488068
96321 182558673
98622 18866115
28129 34376918
65934 183415095
80323 233931414
99545 465410606
92312 190426241
33483 14426472
53006 123271187
97173 351677554
96100 243977771
99567 130939207
37222 26099720
85212 17198856
97151 394822166
51598 17162956
54407 23655517
62717 143184914
92616 3419769
38470 36319793
84032 166366317
95306 448277645
27880 25909870
78563 116615004
81375 228916488
98373 220615729
65182 84123043
81142 32126013
83935 129913690
52837 136707507
54843 137731587
48505 36588130
59444 91892651
27914 38248874
46745 59302772
72921 102215997
88372 43665643
86842 245769123
82537 78071002
92700 336250032
94640 341870723
63082 125661920
91738 215116141
28794 28351569
81219 55152204
78392 251319708
78712 158421029
98323 69273616
78407 252624423
43479 20923176
53023 120420064
92790 380611795
71348 69180229
84518 79897431
83948 191392756
90397 407483707
73875 140560413
42922 38580134
85513 43653233
47619 98688492
95387 115198364
60551 145556030
91975 182343539
87233 78624410
80249 48516896
70818 218849172
96067 41528688
87080 209430611
90416 376895387
73805 113441717
91820 238471530
79887 278988103
46121 15929408
61296 152984241
70646 45438584
92076 178850583
95713 66203717
75269 97804442
95708 192481101
98387 373192557
69216 65341050
79043 43447820
94851 280983294
64457 815847
61834 40834628
51094 105791054
91465 104685899
76833 207053133
64510 142184801
89313 53208522
79652 169301774
63439 32405156
68428 49905696
84685 351236665
85481 209985056
96350 374848904
98351 411276197
65864 79116836
46693 85891756
20031 19527204
79603 272397349
73978 153432713
71483 248191801
30880 10726586
59040 19867221
94194 15835266
32998 37328611
65762 104300413
75384 96875949
97214 344045966
50706 44884938
99792 176475287
91390 378989430
42912 79828404
58481 46454516
92222 326678443
56300 110989195
62977 149218177
42223 86608666
81026 207534791
93462 299062852
98203 403841825
87075 141305305
60287 98808187
65435 134679131
40312 16840582
88058 80697234
87566 17287211
23228 14514458
93975 300845079
53819 67854422
52795 13309225
64507 144837194
98480 369043375
65899 8861759
85160 147540445
57299 112556990
95231 36446891
75858 73664356
79583 224431850
52628 14086261
91780 384896530
57658 76887770
57612 108784935
88085 324808109
70259 242442500
90486 133945881
90307 225520303
82434 324937245
74067 224103478
72277 240963284
94624 7496603
64251 165302646
34248 18174206
96106 139873334
92825 71190653
70705 191582560
45693 95873940
97832 286997804
12818 7832303
53396 79112714
76033 123452286
77499 85512756
50684 96510428
54553 113789720
75069 89761530
86320 119705185
79977 34082625
75341 118664621
51413 291564
70140 244719558
53340 97119940
98611 260684144
88173 143786598
98678 451397273
98639 300397814
69797 154778043
73257 21434835
62908 18480531
35253 6763017
16972 8573741
64669 142819361
72655 25111120
85494 240036102
75483 171767895
73718 252660999
91025 413146076
48972 62220613
68796 62958708
55582 79973107
73351 55272008
78203 226736841
70274 234773600
95081 293420357
96053 216222455
77375 182850011
53637 97159507
54433 66044960
70068 95414261
97096 276828446
86746 366544148
72986 9437189
63298 54136418
96524 362050202
42124 4809722
71374 229050458
98617 284858968
94467 73973355
91783 418385192
30714 15432231
96363 374913539
48618 99848269
66096 174339315
74878 173861462
90731 309838403
97310 90235787
96740 342615713
96766 8050736
72053 242000136
62533 11337338
68655 48930370
80639 139249643
80366 254026715
53739 11523627
74068 102962060
65361 117488304
52159 65044046
83086 141478250
87867 77515022
68572 153957192
97196 37951955
65577 166027583
45306 69437238
93265 128041292
67080 11040785
91178 213360227
78043 208674437
83125 181900013
92493 196132923
70535 179514863
73456 139568657
70823 66847714
89626 342866576
52550 59006080
80363 83013560
92130 216993702
84268 226140469
33190 43151250
73373 227153942
97312 235867526
83676 337620816
65794 93401921
48081 69203307
82561 257204375
88842 142246798
64276 95056109
56352 108596334
50417 102540388
73222 112027812
98930 114798644
22915 2789222
95201 223802879
88597 79995748
63031 100307330
71845 162739391
74200 94263045
99433 54692359
82750 214210871
86874 325299858
47787 12497484
70175 33260475
82620 114700104
90888 268446192
88794 56877891
21667 649722
81983 105076741
84815 289931684
99355 398083965
83974 175416503
95323 412217540
88896 203116614
89433 345519540
23865 15373865
94332 23710583
92708 127784004
60841 124243754
67515 125352558
99018 272565974
48164 70957718
72199 65407691
97137 403662759
76041 132124062
63051 147985332
93135 250639434
95123 121280525
47441 64027883
27857 12412813
52762 69483822
11162 3121707
73852 165300641
80586 281660451
50773 105625906
82653 214318934
54193 139847439
83740 81502589
51152 53110738
27773 24143402
88358 319760839
72470 37159229
78183 122089991
55649 87512291
90329 196993499
93698 337640432
57973 93568071
64308 184780485
86566 210650213
89294 24631868
41253 61424966
38052 8217143
94037 403131119
77865 138227532
96605 458396935
40625 81443072
75091 178693895
77450 103534650
65717 144356069
65775 59086893
78925 305069639
76146 135211749
94283 198894271
56341 22316108
95241 139290408
81916 80962490
63727 193667422
93706 307145987
67382 198658370
21989 10919522
93876 433409763
58862 122775626
92253 188393418
79594 266333996
94535 386188298
55855 120717812
37658 65923103
96946 300898211
93408 188664619
98225 410877280
93641 300526121
98015 324145095
81939 47268273
32850 10600251
86609 338911046
72397 232505480
82042 37835473
92887 134450399
88522 371801585
81668 305839281
77377 294656831
85872 286318778
11533 5345649
71570 213167381
84585 138494904
85363 71034046
95365 188043392
90772 374961708
91154 306896672
68594 113160524
59868 30426423
99692 195521788
47958 67825646
96914 153269627
81005 275605480
77273 266521546
84375 164559216
48570 65814670
81953 77379032
52445 54301781
85637 88077067
93878 31488392
74859 155707383
78293 59801256
41121 83085156
97824 209432841
80743 31190089
28286 12530561
82161 136268388
71686 155402747
51890 12254591
82436 44377082
77425 67188851
85088 134804766
90768 390482523
72658 189801065
14541 921
36879 60386346
82845 149730865
24702 27999729
63963 80492081
20229 20200590
96826 467716013
96272 1204274
82345 206145743
65733 199670805
75991 205886336
37585 1931366
45207 49325248
54593 38488967
52827 55178993
89743 301192266
50266 10069955
28623 18438627
75827 241470326
67920 79401498
87801 251772663
72839 94069688
73573 206201702
68206 15709955
68679 28084998
90538 111193594
97360 22019774
81081 16332255
96231 311036004
37643 379802
98584 210659186
88216 75736130
68718 118317529
44824 60201362
55395 2358993
87226 100426811
99110 162956402
63468 138119986
95968 127455286
85375 179268686
52623 10838131
71030 237052470
71978 18996754
98804 121366949
90629 291433385
41782 30615178
67451 69648308
34053 4772996
76843 79893394
94720 424304996
89048 195543548
93921 76313955
94963 190747321
97325 304799663
78415 12777887
79326 108601917
73695 231714846
86627 82830539
38422 10456182
94095 241537910
62871 3386148
46881 102688917
93899 255912923
85073 302167249
76881 241030197
77933 194929367
93633 388514026
54730 21091376
59852 54732748
87932 61277774
97598 145562254
92488 156500484
31586 28831949
84211 17020097
95712 182136982
55315 140581030
76956 231660168
96702 343618110
72567 149211227
86778 168207809
80686 98829254
84406 211705298
54610 40229670
93599 313433240
83498 85465190
83082 289311210
94422 437586219
99153 67298412
75686 166845785
73930 226523590
35425 37010264
87229 363932573
86495 16276097
74914 128709620
76903 130898825
76323 178855274
86469 103841304
72007 164384283
74073 152277124
57717 28889361
73970 196989338
97406 297914444
96929 182916074
89314 341162855
99064 24296453
94097 231070475
85251 353744814
92380 373444196
79554 266458569
53157 10278264
85286 296497253
53555 33374957
39558 2073705
97993 123601234
58798 109264854
93693 429527114
66357 179401365
82280 165157620
85779 287723847
80218 136269981
61201 16696514
68741 20978231
94557 141965518
37117 8026946
69692 74117369
53985 85052226
72147 41873138
98587 126537821
54480 147033252
82781 254532434
57988 83226556
68316 180599937
79905 36655242
64971 175881066
47203 32682437
76184 199906205
94347 199764538
94094 250576793
84935 273061121
88158 54497324
72321 92347020
71088 131353065
97545 308588268
78785 44315445
97106 42189542
93563 358521544
66291 17741706
97519 146278967
89302 169663077
73544 146885438
91507 297445093
38790 46107024
79558 212140576
84250 352655369
87690 358805286
93241 378421007
67654 178158716
80184 242492499
80091 87122715
94551 269555844
71281 75192770
77364 238021221
91676 167514911
44570 85265996
47122 85380157
92147 233512138
63739 128143832
25480 7589054
79837 58415158
99792 497431288
98741 164586449
61797 141572856
96894 116039079
99264 72737724
83101 204288731
87167 33777187
54242 23274584
91352 60272857
91618 60680836
45023 83433666
12741 6184857
77184 284339406
95743 363293671
65056 149739002
95025 287732979
83485 285750146
78690 22126743
60223 25209774
89248 77822507
80147 182784058
34414 30169634
84783 232328299
82198 160596346
89977 285890908
85682 31254899
60453 79855256
84987 97083527
96989 406568801
92722 216640038
56530 1390570
93816 170524578
59208 39622533
90889 306679943
93420 105117681
84886 111746885
86752 29866492
86755 128776952
33081 3028332
66808 64974173
73495 152240595
71006 58246082
32405 1183274
72825 29192973
93428 406176737
94659 346572099
40340 16662855
95529 403218828
85595 255862481
99154 383690195
98143 453208847
66132 9197113
61899 53070534
89562 312863267
93935 75063735
33568 14141059
92037 231442682
63843 86221863
99822 368499743
92473 387833176
98833 289900449
93494 367861331
81865 170259509
74846 51604781
32417 38778131
37588 52320529
82119 289516785
88732 229667467
93193 223910821
88481 125415179
77502 32613043
68648 126771857
95767 150982046
61827 168805809
89681 70078988
81453 46601086
69875 182167919
92351 267356885
98390 444203576
97940 202661762
92303 87622607
59633 128327198
90405 19136349
89195 237648272
87307 362260843
84541 24921662
60050 4251632
