34294 56598856
69100 29406187
90692 116876599
99808 478247578
53539 6688833
26887 20185440
85775 38505922
70848 183640180
78710 71216889
91132 316746976
58831 74023158
98920 301806393
85405 77307568
96008 415560373
45940 45816459
76075 110300442
65545 147566778
93932 95064706
96191 286374250
62129 29156986
66636 143634305
90305 113328028
78025 38569101
98568 341185027
97470 431736422
59174 109697091
63392 147719454
85917 255844546
20880 19748372
94871 82091739
83936 168331969
71658 142922803
57599 40390893
93199 96205005
72994 72706110
68647 209964825
87779 122763870
82506 337313125
91138 258914130
80664 130720319
77356 172029072
92595 227845936
94857 257573701
57206 40754176
92054 283387000
76061 207353647
42852 15877250
57537 26367671
49535 75499372
73433 116648920
93750 166434751
66381 123911687
66262 93987526
47891 113518477
70771 177758016
98184 105826120
87819 290368214
78681 176848811
85110 147357854
84384 225858599
82144 125121330
44694 69307112
25572 9416870
79180 63910377
51696 128235983
98395 333973693
50278 57461868
90695 267081489
75553 88604365
72714 256917029
89047 287352606
91791 314535983
80545 314044273
87261 250516468
99300 217457321
55461 60841291
79583 274834185
40210 33568836
76395 54953254
66957 117327601
61040 112400194
37507 9252561
85019 350039017
80674 210035790
86806 349265713
80069 311181403
97072 203735110
39446 42471009
28109 38177413
71710 98421666
97351 77843922
98115 281287669
98208 405350348
94319 256233220
73868 270863415
89977 271793119
80084 35709048
79976 222518223
62635 63602157
86969 33914829
83266 136012234
77327 202707526
62115 173567011
69716 161668851
98595 333412732
92851 18693535
64477 143470180
81769 103209726
95589 434950366
78467 230478990
96441 175175219
58699 143322804
67490 167551609
32167 42391
66078 181411352
37086 10143971
85930 132109471
74481 214090148
43679 12451290
81085 83349204
57863 32126757
76879 243104592
95567 70938285
89826 377259782
96956 375928804
55685 69107763
40190 17522271
92738 216108318
72642 223577395
95114 168787617
99910 197911558
97318 350601787
93361 99619030
40540 6827788
93681 93834820
87909 176815078
57847 14160840
70035 120984719
74276 240749377
95374 302835256
89017 242321196
74664 89906282
90002 353477814
79975 262093942
94589 411403641
76056 223616680
93010 111465372
39251 68385856
99675 105243539
25502 25640400
70805 148232466
54927 97232516
89792 197708565
99723 398019328
86967 157757575
58254 21990574
67771 120091554
71175 201424672
78370 276275482
98157 167794576
84124 350313301
19327 14799400
97612 76143954
61071 14778457
78820 98872866
41562 84053924
94468 346189867
63506 178684342
85961 159984397
62502 48537194
80193 252966793
95316 444165115
76785 155483078
67646 96505033
57444 112844861
92345 106076736
97726 238957804
97154 156262497
93125 148897842
51409 107372967
66706 182933860
41317 46575351
78338 119407837
67239 128509456
47578 66251325
87344 152118381
71820 156232328
95734 160685121
92885 51356451
78446 303302815
76996 3756981
96676 426110089
99577 398693979
99262 307331961
83665 219335769
54095 87088051
42078 46903193
89013 106185203
92099 89741638
55202 81363126
99946 180557541
59252 141923035
86185 18983677
66203 187648755
70498 174052267
57304 149119032
28286 4000023
74033 206784132
82930 265086163
90672 354471530
82334 132286156
63715 199980862
74707 214277274
86834 78321109
93770 202678228
95866 124348564
54994 57358732
87111 75458729
38576 3859752
22824 13931779
65788 36113482
87829 217677709
17997 15984364
98945 80312029
97042 365541790
75094 269268156
48305 32070049
63390 79126438
78904 81039376
99961 18998413
44918 99149088
61469 148943179
70917 21162446
79663 52059187
69918 140369330
94935 178996366
93052 414795190
88613 30860937
42691 83217477
75042 124736171
52272 13244365
76831 183613257
50695 90691096
52641 31189931
84447 42193810
33293 32624830
62379 161699279
87186 136444237
70694 240855300
66351 111079337
88785 393815056
91509 206174975
86116 72891709
88320 348728923
78595 24655027
86447 100554280
77654 278960325
71810 205994256
70063 97014690
85566 289807267
67920 161593568
50828 92135283
92602 340886529
94381 201025741
91552 240785085
67299 106440176
94829 12446433
67421 166359723
82537 244477395
68621 30573094
95279 354118294
81613 300914260
99539 7355389
85550 68517712
90681 100119109
47771 7596174
94772 424888770
92449 369962680
97714 291171397
75249 213897979
37091 10203952
77688 126377722
68655 185749604
91169 267819468
68558 73263730
73961 166988772
58406 122711626
93079 333423069
79216 276466033
93018 46044788
91032 354733766
50451 41796760
98461 45829446
63386 136129126
80614 134098462
82544 17282551
75244 256043749
63400 165792759
59235 41626642
40754 56373546
25506 29079148
87821 73660230
84657 269748274
91926 328992691
62129 71388414
74800 159539367
98484 85983589
98099 107806414
79589 265369344
91050 270688598
81111 229409755
90961 352120836
69634 219562899
93185 108187341
97126 208602253
87873 333754922
62750 195486441
63799 15147391
61936 52679023
57203 80375317
89596 224669148
67996 82899570
67900 80757636
86268 3528733
43415 45148159
13931 297937
98874 405525856
68496 140904847
85490 258715767
42341 81990084
71977 142216449
85529 104607546
67311 37017062
38792 58395501
98886 161712731
59183 8116725
83445 224057923
42049 48342471
60016 173915871
11070 2386838
74319 61315952
94086 143421235
85164 106634311
97843 344665507
87960 155246674
91741 278612821
75517 94171644
89911 139125988
90335 384811819
70804 220164714
86203 107154678
99138 119367902
81804 95866090
68364 31805309
99948 354437375
82445 7679802
56779 138667219
76511 250863183
87176 228201367
99776 122236303
86434 271767495
49659 30620708
97893 474402182
94196 175433349
79015 128479788
60645 74425981
53654 84513178
97262 90713499
69634 181409746
85990 147330784
43462 81332995
66829 99115171
97589 270944614
86445 64935722
92669 163633501
85199 62177329
93764 23165412
89494 68780289
93472 382787860
23685 23138047
89100 262821527
74316 172757578
43789 83218029
83724 3499630
97917 74201396
95923 111788113
75626 131885248
96551 134606056
87912 34318291
28201 3098542
74029 270265105
88407 261752525
81651 193173337
17802 79051
82024 290810286
56295 31965052
94210 381927562
94291 216100660
81583 45073852
94678 421825017
4595 103596
99345 344178797
43516 28458489
67954 74723368
60212 178726026
66139 12388797
58454 28221033
79023 251517973
57919 65019132
55721 135259734
31065 12532406
93111 375352946
94466 101017186
60234 42549032
75661 41859618
55413 112594642
86491 66924487
98707 343412445
46726 46772983
78514 63286453
40589 57048286
80911 70404693
99485 17435277
97470 254220481
77178 130399778
99058 480005278
90669 259953871
68824 61234095
90428 187156362
86646 69047569
93843 13855018
54979 580902
49711 100864666
84234 335073767
57028 37922337
68370 5081222
87896 161297889
65955 85908887
69193 170823952
74250 135498296
94105 181757208
39168 75012413
92721 128029978
45804 20934037
95418 56735647
74085 164800178
46270 68963701
72296 11160988
74025 134976706
43293 65821147
87033 269120722
70670 239034552
68041 136672524
94295 260383821
49107 18951731
94581 155008705
51564 109416703
64375 113050936
47213 17125698
86518 348268963
85326 343521053
87880 353565142
76955 109125976
82076 178497298
91576 54618919
48467 79455405
56451 38023259
17007 9867709
96445 144944311
94811 245917020
64642 51196090
81836 239353399
54439 13276638
48088 34400403
96803 199722390
68550 31747864
76230 219272884
90809 276780720
89624 293235658
50575 108795358
49925 47534799
88143 22540862
89220 307958963
95294 54629425
66033 175418170
78949 15756177
60407 74049246
38095 58298308
98903 122456178
90823 188720932
62634 82906477
60654 142071131
51267 58258006
98781 52438696
80101 309437377
67921 22261089
67330 31213032
86969 248807508
84151 206930956
94929 266462090
53096 96971841
62958 33378002
68210 37568761
80730 35110211
76045 180926583
92499 168532955
92269 322127772
72282 2414971
60884 124033992
79934 102857667
53206 111576301
60999 60731210
74242 236603014
25043 17783940
75190 139790688
54551 57944794
33761 30565276
98992 243379510
97041 465407270
88418 263617623
71444 138480426
52156 33871812
75971 223864941
73275 256586299
71896 90119854
81962 245711836
26950 9694464
82304 168099829
97654 232824315
96747 105341345
59914 163066656
92482 72682335
54894 147129398
69989 78033675
71053 31986105
71700 200551921
88027 186462799
83271 122870789
92847 246957301
80476 164518564
64218 17929862
30930 4492558
78865 254639527
86106 269878324
97482 219114196
70517 151510636
68303 208553563
99203 199605847
71135 171725809
53181 34737886
92175 399190322
41279 30036178
72852 28378789
23236 6734935
80589 218402582
69352 103361715
56650 100877124
86527 317943451
88620 343772228
91409 409836157
89781 288113567
30718 37538190
91027 11624629
73152 17114789
39174 39844916
56172 100962224
41044 79408743
80167 14183466
73542 93773150
78714 299932163
95656 133071657
83206 215312254
80745 314447387
80964 288232274
57987 57566995
84047 161964976
77392 206255115
89511 78050495
77565 188878991
89554 23606748
95218 242086378
37588 29850652
65403 132445465
87099 150081814
61361 42363796
96291 89434040
95252 11905639
65767 126994006
99501 300972662
71754 121701274
80123 252791488
32944 24341754
92862 264699931
96730 24246684
83877 11446679
99619 496096117
65835 42412252
97166 399811302
85543 16258107
87010 27290374
98014 74877130
36449 50181519
94491 5139211
76668 195365515
64639 15032724
92451 391868878
43729 43812649
93158 368031327
52622 105519634
92511 266024125
88029 50437721
68395 96592533
89564 381782176
74202 159749575
91560 214122886
63447 143985640
63989 161412333
88109 235293751
66832 167476036
87001 232953505
48976 30355015
88887 42542165
88775 550576
12200 4453458
90761 105903439
30561 10634801
67116 151918018
82170 74501356
95351 307616743
61906 186026076
50092 15415269
65641 96038400
95783 361525017
14509 7406836
67569 177012583
15676 9927024
66999 154247404
87387 282214594
75324 219590191
90878 339455677
85590 18348889
95327 303574984
74250 56573474
86338 160991982
61809 172621861
48013 38486647
67754 96609996
99183 177760315
69608 198454042
61852 28483740
93497 4576861
26554 10811068
87981 128519470
44462 31328590
95382 14899154
93283 249257718
55300 26534926
71913 221289278
42679 27726235
54375 10274938
73703 62533095
92448 330441067
73254 26545783
69156 138962864
52466 4101013
71550 143345107
57471 61185785
89835 202453192
98784 416060449
56845 97959016
80213 270492520
35181 6437170
97110 296883296
84728 212026492
80520 137673521
50754 2007718
64676 135318814
81780 277732744
80853 133595348
98154 350407862
96716 233989224
90552 53403040
85925 69816049
86413 225479583
66652 172463605
66204 194984335
77642 261867171
90686 28451982
75884 89491467
90612 209883074
52336 17545585
82650 250135468
82128 237075682
77251 149766000
98560 70858612
93818 105876198
51933 110919977
84520 133386553
80782 278060584
45412 27484530
27712 7962481
17925 8690807
94135 227468343
64159 197884213
49928 32901207
58026 40501868
67923 69992725
84492 109641250
85796 252499152
84689 3988473
67626 204117800
59236 85982800
69096 40006964
66279 161930176
89493 344269900
39270 68038154
52569 57428447
30665 36224067
63025 50765596
85441 23842071
99266 406940088
74572 26428780
16085 2647893
35446 53993310
93656 385967398
85397 244094506
33383 33889597
65931 106270201
87325 379585008
84143 30556323
85269 219317233
72082 117043596
88924 379539177
80385 266412988
71922 145252816
72586 235848598
96522 453454415
55091 91013604
76044 86591881
67345 120297994
11766 4085755
91121 9800848
76104 216223669
77237 6854211
78046 220782736
71919 226017314
80388 104269397
89310 171946531
96476 88769310
58370 41930577
52786 106142332
88527 265046984
88959 317324929
75475 70301569
88352 156996511
59955 66516019
85143 27165308
86594 142438855
57017 154752121
92522 169549650
59861 132059841
61606 43163101
93769 61402027
68614 193277197
88811 336250189
71344 232842270
74631 194158477
60411 48065606
63403 126450862
96200 356075353
76044 128583160
95946 107773865
51981 81382828
94662 223929136
62800 107570788
61163 98771443
95787 303163294
81728 217647508
48473 103091145
58227 140081786
78720 223139212
83856 289455352
80840 204579999
96948 359469257
39798 24849518
43031 41467258
70687 10727886
92721 309562259
99063 8981923
93599 339415605
92004 110088808
65769 29016371
92642 95930109
96584 328310310
62847 76975651
85373 263993233
89129 312558963
36886 12375831
88099 202856817
94622 203423349
87727 213648399
56429 115891227
72685 141092296
82141 230206312
87811 332198823
93446 50722087
91618 418130187
18174 3972280
87986 304666576
40531 74531622
88419 19874485
69771 68183290
54066 137705852
67120 153336888
63854 75071110
93596 394411458
96997 444188230
45404 86372406
86119 303834540
81220 311295447
98483 397182202
95060 84455656
67046 18059098
72972 243810326
91181 293169600
69235 49337664
87392 131309740
83628 208632655
72961 256487568
73388 119522883
76578 282874342
85884 146966297
79829 210896919
82367 54280456
63953 182926248
23496 6208159
97565 318194637
87597 281809151
49418 78032562
52869 84908449
88518 58536197
79654 129025686
75941 284372419
88231 189471640
40463 42625783
53928 100943993
87500 103365159
76494 93264832
91200 295768006
63309 33889547
66001 212160240
90906 60325097
76263 166126003
85786 128097457
75621 226982860
53515 9157927
90186 15151825
98430 334994021
84386 205476514
96095 162838086
88738 336811425
30441 40154414
72144 254326019
68574 189565201
78697 181580760
24351 3304805
85752 268167140
97515 148367962
66669 100653757
94266 377799454
83461 244336168
65519 45093513
79562 181782159
61894 30291324
93356 299952451
46044 19256953
70750 36535867
50897 19465885
70194 211310011
89702 199506216
84050 337298862
64771 70498399
95178 302724668
98887 229843575
68266 14421916
63851 109276233
86623 246800815
70076 225124480
86692 367932739
52200 119409217
25910 14526564
56634 58209241
97594 270366931
66779 60570087
90025 127046286
56581 109571778
99956 95376904
77338 147247380
86239 71878725
51318 22096375
86244 284329564
47907 113534384
70711 227920641
99334 134815851
84753 347493560
99069 135046189
67503 196022932
77970 175034777
85306 222770068
83184 109484878
79671 204196663
80803 182160393
64761 107261149
98770 132752337
69704 151808647
96412 275198755
66576 91439785
94390 206750868
79366 293638045
88278 298382935
82435 5963764
73900 140174776
47752 38551725
75816 63060254
86226 86980688
72028 33389713
79474 59467312
38270 26723422
97873 434616480
76049 147777132
65006 127526691
70041 62945297
90104 138959667
94684 309838657
50252 28607134
68191 111231678
68219 75171078
86839 316500220
68075 106332306
64959 76222588
90255 119015582
74162 50841781
98970 169173101
93137 193312315
72489 93908581
93156 234919213
92551 349130133
64301 72939288
87725 299125066
57884 41411794
93011 135681666
96076 376591441
85373 237392460
73491 20968639
54843 137525795
86872 163693671
69761 36426924
68521 174880501
90098 29284038
57085 151843773
99624 44028257
51019 81247599
99849 171113617
82040 120773049
56382 16008821
51634 116926581
93374 193687410
79341 99023452
54085 8061981
97076 15488691
99326 398190649
91661 162213723
64431 159723499
78913 250264038
76038 162251525
95537 212762731
70075 200907064
70264 102453660
24190 10726996
74674 4267597
89924 208202640
81060 85489514
91560 408434654
78014 43772922
86625 203203999
74564 159957552
53660 4799382
92868 234550367
10042 2571745
58222 163746841
96461 273603861
59672 18089535
71308 109886647
68694 121017467
65916 70280405
95151 389911016
59760 95081231
98434 1261291
94711 425589637
78934 177113110
91906 330688017
94461 131675575
87360 332913004
94442 180203634
56326 57112282
75228 156064018
89063 306529783
12604 3850119
71483 119489452
67451 116794381
87059 319725543
91594 339971116
86155 167193208
97277 98766184
67184 7387300
89999 264556567
45725 300837
98226 243665242
93272 212218254
69098 70521468
97283 193610602
98004 303730748
81295 91751464
93801 350848640
90376 29727945
16188 2784998
55704 68445131
97026 254178668
57879 128171765
99560 22369087
98424 43318282
84916 46361022
93585 35385418
83484 62426851
61983 44619023
86592 164825995
92619 79761629
60867 66924280
68331 58879952
92712 78194566
95914 174464208
69064 76097383
74183 89206858
40065 35602718
54374 48627934
95199 34597432
97117 62179531
62425 194753091
91929 340476389
87946 118408896
96689 461446939
75639 231140941
77695 95221107
52541 103454703
99936 151168436
67333 98402793
98814 402750362
85141 62784199
77044 42569037
97779 472218203
96040 443744689
77413 41286913
34974 54951772
92273 359242462
74844 69557047
70907 195279919
85924 285886860
85189 287345826
93491 396141348
89335 381127534
78678 108124805
93742 263675065
87648 341613992
89399 55550364
99970 302476642
75343 81359488
61715 36181057
93559 152580882
58902 72750199
39460 12800817
77781 165195143
58618 162547362
88829 224330554
68084 215947794
99311 455591995
48061 7528540
94364 237008158
89076 209183330
54975 125709254
60269 67740828
77285 238669197
78193 147291468
44455 11029293
51362 8988126
68386 121419009
99812 286532635
82895 66547074
97814 152002056
67724 48667831
74204 110746159
36339 12551125
80060 46258743
57128 27780322
81736 38666164
98021 288261517
91663 308217037
19560 1006207
91372 127482456
88209 329145575
88201 76731864
41977 61771656
71789 134891836
96245 339877698
69039 213737498
69609 226343305
68856 3351011
75361 248229937
81600 226651934
87016 172124899
64725 125820196
63894 165428177
88496 91181005
75646 262138348
72431 62774967
83109 200004628
69599 12582639
90444 360249794
93560 89483983
45585 3144011
60063 74270402
42702 82227401
76501 13076071
73550 186213994
97469 310759357
66159 102686534
59107 144338820
40428 28922555
70981 23713482
95750 279236424
64456 40093852
93397 253595179
96384 435526318
17429 15143659
82514 323881630
53403 68969747
71519 242613684
93389 24721488
94445 226956193
26439 16729720
56062 105234826
71478 215291107
70784 188271066
98001 355308434
71961 120159406
75154 188294415
53152 30480621
96727 382582215
87003 71362373
85234 216479881
69115 169209394
79295 235616242
92975 174117568
80167 8423289
95193 392945683
80155 281139409
54814 21968293
90354 226411853
35161 59260143
93911 350633821
87273 60096620
97042 256996170
73184 155169121
87154 29855524
99968 74611792
95306 333682785
93437 369663550
47361 88037522
63979 64299828
94200 83817799
88874 312934015
73419 74048657
87165 254632694
38182 22334410
51023 64760712
83256 247437028
66453 123282373
37420 14796958
94167 395083289
76807 221130774
85043 35901315
32819 25408140
47637 2987651
68957 167095656
45739 70425813
44858 48739932
79426 218215293
62728 66412350
95271 15609889
44041 44091816
57415 142554373
63846 132080332
84670 165250489
71045 205668919
77182 158811814
76480 266112193
61203 162303115
82534 152561817
72899 136620588
76370 117657846
59284 36587686
22445 10966578
43364 32816070
62399 69404107
81172 194096974
78429 233924317
70978 157003872
90465 198530782
70211 79385187
90581 27602782
74234 87762888
53031 6903556
79886 153321483
63175 88920409
11141 426921
78472 20797920
71468 129780045
99373 262300848
67381 144198888
89489 119692668
78672 223367536
92820 374716351
32150 48103132
93451 232395930
85556 290260675
68960 110297709
81239 256754839
49492 8125599
94905 78841924
45212 78904551
45709 34732495
77214 64284166
61948 15594700
49401 103487164
73436 63937854
90143 92912572
92010 334532366
58487 130532479
41526 30255430
97961 311347120
74248 5914237
39084 8990843
93094 280874325
94800 125041547
13272 4478434
99743 83928652
95915 109718892
23130 14413093
26374 10891923
96319 251066229
55375 29296752
90036 65872849
80451 124505575
92586 302342575
93395 345131728
44470 14690322
68099 221474437
82067 143749609
87347 28520784
78856 232320711
52388 63557893
89265 290855419
64067 4173610
78725 33589752
54983 120483100
66677 44030074
84222 99382759
52707 91820426
83716 142368826
58531 51485485
97916 438832395
76291 289525029
71444 22798326
53573 62081842
90172 194591284
61224 117706417
84461 165507294
41549 9109489
52935 62268274
57612 27656651
67006 82171239
30866 27595710
48381 98798906
75486 64675729
86803 82472883
40439 12639294
72059 131095806
70668 203432332
73275 158915497
99795 481874069
84231 73203353
81937 256304419
89388 288331382
88238 214050192
61389 28885988
68292 44198764
76217 208726639
55099 93340761
10113 1319213
92127 255944984
57220 45836178
75694 130883389
52679 137393961
77616 243951466
72855 125624123
67712 37979761
90054 384351190
90859 185224557
96141 410001385
96081 316649941
66494 198017194
57864 27765572
70851 100584821
66435 198860159
73746 137073362
43439 60168628
92786 145280716
84564 71157397
94399 4161853
51486 69750695
82916 339413505
95408 317094238
95309 291650913
84161 39148183
93705 399689111
58973 104988742
69832 188483916
58514 67670130
66454 183399076
52168 119989803
71490 6214348
85677 249521584
69375 209764726
92383 10276093
89188 72517498
79978 101726425
72250 82917829
93545 227493199
60692 163466679
73861 244653624
62673 67348355
96294 312530410
64469 84821916
97401 323958338
82253 176528110
64594 124727929
90179 110257083
93164 90242874
89141 194138197
99146 40598881
97922 262610025
96366 236830162
77925 214108696
41557 52153155
57674 149668228
28490 18316129
66140 207889446
89848 178746753
90096 297445406
69921 210360628
87941 194336412
76349 174549507
97808 295982527
98944 313121374
85779 217177723
89874 87123685
99996 362378555
53291 42040348
99338 60763092
93721 106439397
51486 13508641
55286 37723249
84676 317527354
32042 514380
73018 80544540
69684 187738523
98196 419642231
20990 15885438
30498 33184607
76036 45155907
67216 69562120
55370 81281911
31746 23635339
87772 89655804
53803 72941070
62446 72888831
61498 138127530
52884 102738049
51770 45054217
92768 336861178
66580 113387844
79085 270822163
81824 188095561
85543 249232473
84739 33923901
78061 99253110
90977 201740970
81283 228516103
92489 319973214
84019 350357419
66535 10262932
96921 12607244
59886 131697365
97696 84032781
56924 92787420
87018 325442968
90104 197467735
38400 71584408
69275 142429171
83730 14478247
95432 94674906
96535 83592811
76253 18384565
89750 397464397
83473 232987162
60249 64725607
92830 320460864
79015 91384764
95430 409437064
63121 176397619
88437 74569595
65249 176396947
88487 49097070
99977 231389191
73623 216564592
87790 256994446
66194 155228793
94365 277996687
59271 4413865
85049 230948674
94953 228388292
89126 179367537
99324 31081970
41571 11913284
86394 141374195
99522 370893836
79836 303890957
88611 314000173
44105 72414804
84060 64506304
92142 189169636
72766 207371814
70830 210624962
77606 70441369
79633 183016555
63006 987176
79104 290359343
85229 291851019
72685 55514991
94613 52954608
81987 286357339
43670 29551221
71602 61816999
49908 1860113
86790 102291352
55996 143617635
76147 224491249
99231 336578240
52584 132141448
82699 281343952
92559 330764224
64711 2679576
69942 111551336
82064 64688812
98164 283435225
98589 307389475
92527 182875021
87159 266880643
73942 232629265
90781 233722704
25455 4292086
84912 48702965
76866 28618949
49077 98249246
73973 41566498
18509 8385315
97438 75414343
89260 188083516
29783 18616890
95309 330676830
64431 98135090
66057 98628046
60516 180043552
74877 64441274
93104 21710400
85231 345859000
37200 3550574
93171 234935108
76009 187311726
37389 28171621
78104 86550268
84673 26986377
61039 124120141
96543 421556435
79459 13843255
92905 175658826
52235 111089913
74710 248762214
83519 151710888
92621 287087740
50222 115253541
97044 361590791
93711 125986268
31857 6326726
66289 200464992
71987 48052191
78070 192311313
99495 86496568
26056 32821491
85487 28395934
72676 141403345
70216 13330161
84574 182077300
93936 29443115
98347 180301524
95541 267721495
76555 118220044
98076 461726504
65217 56694001
95194 324735565
92154 222514838
74873 113497338
91136 66232803
87881 11136574
89621 56860944
95297 386606095
98223 393122717
92804 307644961
54896 4446546
66734 203234593
67149 178387652
81887 37424850
98102 284136435
85498 153025773
97066 90838972
96975 202751281
73974 267914983
31841 8799925
78591 65109862
94501 79979322
97001 165731124
99702 308015989
91688 89913558
25649 27187636
86861 340156377
93593 62769945
44809 60089260
67836 984593
67800 178332514
96191 197147506
73351 55485765
89222 373814985
72119 106166779
96330 139399963
88295 251951592
83916 305064125
77644 127089073
97012 254216001
66170 192730272
99883 112385460
67126 84335119
71363 206368758
96453 437338850
46944 51488053
90911 172973962
64221 59644166
79875 173940503
71357 232570446
36223 58136292
27385 19831452
42708 15616432
81710 257932992
45541 8681793
94071 42417802
78946 88930471
94825 126380802
28039 4636626
40644 70370840
96667 177436819
92239 51805554
64699 68165751
84860 48417438
64403 76164475
87296 84808081
92832 48554935
45311 85506895
92528 90317055
21790 6827506
91257 80279885
77522 217480281
89150 17603527
92776 26312250
76308 103457312
90408 77373163
95824 332896677
84552 319437565
76354 157603755
72140 10357693
92841 276243494
62594 110647165
92449 9070180
52460 75280441
48239 5883460
80024 83793313
52130 101920284
24096 14893358
55947 17484866
68901 70727348
28626 3920939
86617 96631680
58569 73813016
82909 233554324
27573 31500703
69891 152915090
62580 4604162
96020 146583643
80329 77095060
72425 74700093
99670 6201889
84066 313187411
74922 181178746
74466 84266669
11920 4965603
93344 71116633
82038 313218593
98549 152135259
87780 58720942
82028 47566477
67745 21004131
41332 60947809
62929 63742453
80789 221868165
69490 207962044
51520 45412539
85271 128272189
61457 17689945
68952 236813770
95628 17148383
77770 101386417
93137 298559611
44145 86654263
71615 156055027
96499 321113310
62090 141220011
83393 65187153
50512 101167555
57675 91498469
63241 26636883
46760 89759544
42996 19318153
95123 84472335
73838 132515032
60516 112838695
88955 146411578
94427 287056255
91540 48045583
77169 200732290
94199 420554154
87349 28836277
92910 24263161
83101 64833331
47076 98645209
66295 37087203
30814 307006
19339 6359088
91931 274420843
80792 174775779
71462 72350934
58148 47169595
99879 316189993
53524 1063926
98397 113285651
62999 193872544
30972 22647601
94599 258240823
87426 340629323
18923 17830257
96909 64160041
97454 99176082
82899 125630020
93752 109943800
33030 38012813
91888 306784453
98696 168784888
56961 130207876
61274 15778356
61223 106695895
27252 10058345
20365 8525109
11957 5046619
76123 119508468
61806 127362740
91471 157850176
44627 81472974
97623 180419098
82666 37784130
99435 46286803
98599 369273802
47314 94890069
58431 153626495
70956 172530965
57465 89313082
66735 87341447
60450 72158483
76856 66824325
78486 191891954
40180 19751121
97449 371699063
82176 301661404
99697 151676704
67656 125235206
57493 105938163
72691 34563781
81928 237398272
53101 91553134
69717 61913950
72840 217342196
81854 327701935
68559 207800198
93975 202519178
39155 30482203
95570 90208866
79380 80526841
58869 88765282
76231 101808805
94846 348391014
66177 149044585
92800 323753356
33666 4792712
77824 84868707
71883 205271138
94399 79289227
86751 178188953
95296 303471718
94630 407397199
47006 100137393
85614 33459440
99402 111820885
81613 150355488
76919 260129722
82443 150662248
48548 3746523
97483 292802362
99531 254870836
76546 221623894
67134 99768739
76047 740755
98120 233165032
71515 212933902
86953 360503163
63632 60523005
26014 371652
79467 17824805
78507 87253591
85457 114634711
78468 194047412
79546 46090398
53026 57917808
86464 288364167
33841 48975964
27656 19759144
47737 8455969
97363 456352263
87056 196877448
65734 188439559
99144 412280221
99129 377724917
62845 147106561
95986 447642448
95083 173195820
81703 126754890
85951 284840478
73160 231490206
31168 3996937
94335 56354966
97753 3113382
76588 236870115
80176 26485072
79601 27053007
61777 149819194
93330 147265166
88054 244143309
74877 230196881
52220 64066578
96615 356328533
79360 611244
78835 132429819
79962 136951961
87502 131100166
79096 273461272
19469 4076850
67106 39634807
97554 168832283
79125 166196203
62515 19357522
44598 31783652
94938 99587003
98719 43025757
86871 6674462
82351 95521000
25298 3390313
98951 171819883
82961 48600927
30345 36489926
77836 199863754
32722 30545631
76381 204736470
45236 79926568
98282 186930175
78446 58613326
57937 35118114
63131 44885017
68522 197245756
66337 31932774
78404 73893516
59534 62959290
40983 30311752
58884 150265259
50587 3274941
27076 31409839
19909 12223168
99658 399210778
72618 251365633
92560 117547063
38608 33742930
99895 415029498
92776 359851111
97034 37777570
90061 237700503
98310 394706782
70428 80190187
19532 5777095
24892 30594615
96686 180775879
9030 1085309
97556 30187668
98926 275519886
42098 17169855
42189 86812579
46765 54030519
54954 103143461
80105 168505839
97689 442261562
75686 210854395
83596 143516119
83588 332283043
88459 372998905
66280 140888136
99585 325742942
95800 149965798
74902 219496540
76879 193858770
71385 64958443
85418 52448647
67848 81673963
91854 392239138
30469 34199043
80667 33553085
98157 48441749
84434 254961460
66155 156541503
64711 63630405
59414 76202646
75681 234595205
63989 192698599
61211 29200126
63826 56967418
96437 320207010
96998 135226642
54407 139956120
61827 185124550
47873 34683277
69922 94278625
83854 53195137
86016 118407848
59344 174293065
96068 399342642
50404 39161386
71874 220884266
53498 25737708
80680 110397576
60194 69673899
89831 94036474
66006 134035351
96377 266855034
80701 105829048
98198 447804438
57340 101523793
58973 54741235
97386 187654450
98019 386340374
35459 24491374
76475 17687511
96905 458901687
89911 3071757
93742 93455086
38075 28630668
58432 132990376
94678 370989495
92243 125845230
86997 61246429
69296 91569694
95434 74548009
80775 163584239
43384 69663427
69986 44560942
72699 12257591
90520 235934104
82340 164684976
72741 169589641
79994 254911404
98751 150404062
54498 115660783
82302 227708279
71752 15325351
73469 58996816
79304 49265005
43425 23320556
94749 92116520
92985 144942626
20203 15710433
42240 28867388
73754 142208199
80799 183895333
77726 238061916
63147 142985894
76307 79767879
43664 77683959
92394 312473504
86144 364970647
93390 39402979
99070 172415446
42001 10916196
85774 294320107
42321 83539915
99624 472179703
64271 159064573
77201 200120262
56619 112179052
42979 29173576
64059 39989327
24356 289267
79390 273957903
48550 59824396
93236 208130848
62566 119194701
78726 276294026
95797 308153985
27026 32012668
97231 136826964
82275 314323483
70656 6343069
46476 71961766
80844 120033856
80099 43975437
63505 47662494
61721 6739071
80955 165545047
77030 265880403
93724 128419972
88009 167364963
91679 141966393
47792 38928429
49610 104591994
88361 365299480
84831 217582294
89476 166422532
89421 119110750
73799 176900907
59439 150507937
87428 200691592
49542 14402504
75901 54688591
91429 375733684
40588 76056180
68713 220672152
91355 236084547
94114 155166253
80769 301506208
93722 178621350
75009 104069831
93267 53599316
88134 114255118
87300 351197294
71188 162933430
89886 33805672
78598 54763
64798 189975357
45631 5614420
89244 253798466
90694 114599595
96324 237830858
