44545 -1147279193
75812 -2489334086
81998 -5506327977
-94550 -8320275266
62429 -8496853929
-21455 -6902754881
-98823 -1506061810
12766 -7281726425
-83285 -6218942277
-49880 -9393568304
-1985 -9952135221
81400 -1585177229
-90614 -6490293605
-39108 -4014969385
52332 -6110656411
-60966 -5967769727
47551 -6377486336
-63703 -8090286815
-7531 -499047338
39769 -7602985475
-30242 -2273094627
-75794 -8047298853
41103 -1483568758
78442 -5451768056
99406 -686029622
-35871 -5295665963
-79725 -5302528103
-62815 -8936261427
60713 -521629388
6912 -9916310209
25402 -9718113405
5380 -9452512047
13924 -6618001383
51675 -5347148626
23028 -8288822837
-31081 -2252014824
86302 -9598548915
18046 -8731898861
1466 -1001496497
52690 -8206398744
-98776 -618494856
65120 -1726474652
69524 -8910040413
-90607 -8087888613
62059 -4019598746
41365 -3847963218
-25110 -7644759736
47456 -3608503368
91112 -4068099851
-73754 -2106355052
15061 -1489629498
20296 -7757962676
-6781 -7412553492
99620 -4611970989
57934 -5092846475
-70766 -2125454987
36655 -1513893779
71682 -9024787064
25144 -4396711395
-46399 -2008119803
-71330 -9838635494
28521 -9914259347
-30231 -5968403329
47619 -1935734629
96757 -8980636571
-36265 -8487470654
-29506 -2482354572
-70250 -5136933497
45762 -8456424239
13960 -4882178736
-31601 -9247764029
-15957 -7391100013
48899 -1847738318
-77271 -194467352
34848 -4039433677
38998 -2190252402
15570 -7593116171
-67763 -6016710719
-60901 -361646526
42200 -7400682476
-72309 -5243708153
-39865 -8602374663
83578 -8160548433
65465 -9226315518
31893 -4986030620
88370 -8292361764
-95804 -651009630
71059 -9265755627
-46962 -5605277443
-26649 -9494699146
4029 -7102532050
-81230 -7503939107
59856 -5426144738
-91320 -7845953032
-52726 -5727922487
93861 -8749947527
-74506 -2448191180
60706 -3727568681
65855 -7023462701
-78351 -5556360550
31035 -2208473081
-30154 -1115011482
97767 -3336960920
59191 -5229454922
41496 -8991632410
83699 -6766937688
22909 -2090438048
-1921 -7951792451
-97051 -7612980116
-55346 -1653326169
-41360 -9765555512
-92011 -6963165360
75870 -7962893171
32738 -6251796282
-72950 -8959272627
-23959 -9566635922
-8631 -7207214446
-11092 -8339952870
-85889 -2190762212
19589 -1128196953
-83640 -7013286697
-3573 -2164652990
-78925 -6779383089
96636 -2923976825
60997 -2875774674
-98431 -3780639810
59714 -1969646661
33672 -8101954756
45972 -1930214006
56769 -3351720773
53749 -2450845707
-93399 -3241768031
-18207 -3947150920
-80863 -956674505
59875 -1518168956
71121 -2125692200
-72123 -3443430991
71902 -8489506506
59936 -9854211126
-48800 -6417088356
86124 -1940890945
-10082 -1112085500
-17225 -5575525154
-77038 -1365281921
-86082 -7696804352
-43818 -5093170126
-24330 -9113795102
71549 -7010178848
81975 -9829381639
89340 -6440739073
73289 -3571996985
74840 -1238825781
68196 -8674891216
-18472 -7132574357
14616 -1242968314
-18037 -1491602993
44852 -7647923396
65689 -8089895664
-9980 -951322617
-65777 -5220549458
-67745 -1983405582
82728 -3906651685
-31675 -3139536032
-50876 -4992705534
-85255 -3832746929
27013 -708551225
-94376 -7053938649
49204 -5265277076
-57183 -8302350386
71278 -7021384308
-83016 -3865094515
67827 -3328909304
19982 -578841774
18658 -2254515462
-72270 -5371884148
-15527 -5108340053
-60941 -5880392219
41568 -1791461540
-16618 -2400811214
85706 -8801204195
-6481 -443785151
-85166 -6629581679
14311 -5342440656
-17187 -9098049787
45916 -5455484634
-39814 -8453276190
-30356 -1015319838
49362 -766292645
-74726 -1787810991
-43171 -1711547723
-17679 -9081424339
82650 -5237227229
-24053 -2357729025
16232 -5466105281
-3489 -9805842694
-64755 -4416645544
-58425 -3118672117
37889 -7655435601
85254 -6620416165
95884 -4433076303
90590 -3920397266
6406 -8001384455
-84366 -6614941396
-81699 -8394440504
-40983 -5803098976
-39714 -8303874272
-50061 -3609624526
77482 -3096143760
-54529 -1003726449
53525 -9356707803
-2033 -5763381200
-24446 -4478136032
42749 -8795983776
-992 -5621754093
-26680 -4584849386
87964 -5764532349
48957 -7956405490
-48134 -1912240037
-88154 -8965817748
-30225 -6739182499
57546 -5104227671
-67017 -1114417912
-78723 -2613149624
-14246 -3445038665
51647 -5803526441
-24728 -4680489146
94778 -3235048847
27478 -3012738960
74290 -6288953081
6727 -7077029036
-43546 -4982173343
-97873 -6959174331
-91506 -7132095995
90195 -7325571124
19107 -7340158904
18430 -1127028726
-9501 -3340050271
-19455 -1596731026
-87299 -7160711487
65372 -9574744680
72028 -8657637305
-22416 -5499951667
98530 -9767137889
-28168 -4255955345
15233 -2070691197
4949 -4868080968
58295 -4312737534
-45122 -4180938245
-101 -6070970649
72235 -4853311098
63914 -2944908060
-40878 -1988781479
-81677 -1833475055
45474 -5136000455
51829 -9197145768
46344 -4019766302
70670 -9923879321
45837 -7358029214
39424 -3539250018
75176 -8644247814
-46618 -1367865206
-95724 -3849674015
47300 -3296013194
62413 -7003905585
81605 -3673062951
-78818 -8331564194
15707 -9285714624
-43210 -2327310957
-24063 -9366205561
-3938 -8631009179
-72712 -1415801805
58441 -3710306469
11065 -1886561697
-20244 -2923419493
-96126 413107981
51653 -41274063
-31390 -3023378922
-52904 -8305925973
-21741 -1419762272
-54677 -2597961032
-89615 -3010892274
-17469 -5676334402
78473 -5734144565
19344 -8211433826
-64280 -2185097516
54759 -680227984
-29118 -8548502315
-84654 -969774382
-51226 -2306196057
28297 -2542116914
49092 -8315257096
94593 -8254369343
51395 -625487999
3075 -8293368824
85736 -2054738469
-85881 -4276199932
-47717 -1299138782
93951 -1056940027
-7808 -5363831501
-63088 -3218084556
-33034 -181504289
-83807 -8063583812
51469 -2762387541
-28739 -7817084055
-62601 -2140301767
-30065 -9099903081
97319 -810782810
-89723 119981185
-81238 -1091239559
-35168 -9562746140
72198 -2341814335
11233 -6097046277
-21066 -8344907050
-68145 -380914136
97141 -5057041535
39166 -4263668456
82134 -7757086514
9289 -1884613335
41729 -5721717701
61780 -9001640432
-82806 -4632327302
-94186 -1973964867
39196 -9190611078
-99349 -6081350771
-13209 -5958502901
19292 -639397095
-9812 -4702129622
-18204 -6112317283
-30309 -3489692518
87694 -9672174945
76726 -4672890033
-60756 -3785688308
88624 -4717571090
87572 -2900539769
-28332 -1089858235
-10919 -1860398532
40212 -4984397021
-31081 -6407854092
-35930 -4405909194
-12535 -6230858396
-65076 -9506609612
-78993 -8861722094
-58926 -2061834365
-28466 -2920170438
-23313 -8724252451
34804 -1193346837
33029 -9968637747
-17175 -2922538177
30878 -6285934598
-85296 -7256969930
-67970 -5593769598
52518 -9308871220
-26820 -3897435323
5903 -217348815
-4529 -7646113938
-23260 -534398273
95887 -656058284
85877 -7148129256
20901 -1281019033
-93732 -832545815
12286 -8222664813
78673 -1046425007
88521 -1642091332
-73467 -9955201657
-79745 -1639434401
-11492 -401744535
-68513 -7811580585
19791 -724381195
17849 -1019293629
29326 -1509480186
-93169 121036606
-29823 -8359230416
-42826 -922107227
45517 -9757403001
31191 -3686866187
18971 -5620659248
-65996 -1544737722
-66806 -8157281397
-54704 -6813276420
-51307 -5386148223
26028 -5534128358
85450 -3529153949
61215 -3326664994
-13346 -208971587
22247 -3264555305
9051 -1527114523
-26373 -2701670666
-14675 -8905806891
35102 -4276295456
-64229 -4930299710
87329 -735226376
-21582 -2957786170
-71 -4162702149
48088 -5376058892
89870 -82444667
-50922 -3556918987
90932 -9994078616
-76699 -4626855443
-32827 -1061798502
-9580 -7739793633
-98371 -7101973269
12431 -5988059859
-33309 -7381229828
-30218 -3183763415
-14150 -6607434071
66350 -4369328588
44471 -5119872966
-58930 -3242707706
46057 -2527974170
-1229 -9037425243
79960 -1898396253
-1947 -852118955
47473 -3011461590
-88556 -5296788495
-63792 -6766171595
-11807 -6992356655
75960 -5078533102
-50166 -6965268505
-23999 -6220132655
94404 -5582314624
-2421 -7326660872
-62942 -8301496577
-54352 -7336987620
-95199 -4150724456
-84410 -8619513911
4009 -8609032644
-90797 -7891117952
1019 -9228338490
-85457 -4274772848
-7858 -1109823339
-15705 -4347881384
30416 -5216376744
-81682 -3051532607
75009 -5339311679
-23023 -7581191685
93497 -3506815884
-57475 -6733271684
-75381 -9783802690
-87667 -2841582917
4718 -2839567667
-12571 -9850089285
80213 -9594414770
-38201 -6723351536
-75321 -3098311
85630 -2970780891
-48621 -8680410047
18911 -2252239689
79666 -2799485750
48856 -5360730561
-63708 -6751080295
38990 -5541503829
94707 -1016940325
-16297 -5614636013
-60635 -3413848499
45616 -9690413367
-7451 -7117962275
-7771 -6173449886
-20293 -9417876599
18081 -8610700855
-64328 -4495297395
79544 -3339218603
60377 -3469426995
-93915 -9784950851
75706 -2750408709
49040 -4544521617
-28111 -418577987
-58465 -8229069366
-20270 -364757802
-52741 -5004889277
-45022 -5756051433
-52100 -7589724752
-95569 -2879938836
-32171 -7835933532
-42533 -6800252555
-11976 -8458977868
70240 -49590314
34752 -1183701964
55628 -3221229618
68038 -5075346800
-59280 -7974967703
-60524 -1807876382
-68576 -1344145313
-35141 -2987243271
-41662 -2879837585
77776 -308475731
-8233 -1119186216
81545 -396588812
-1396 -7357352949
-51201 -8004352658
79750 -6561437361
-84536 -3194205041
-81941 -5177649740
30163 -3299557938
53083 -7810494983
-58024 -1210358838
71200 -5683719059
84629 -2793316745
-94689 -7151687912
78675 -7010989672
-75907 -4692797915
-77269 -5678785623
-15057 -2165609153
-58104 -2254837564
-53320 -3059971677
-51174 -3401174584
-55228 -7908285071
-62608 -7750979340
60568 -8719922625
60934 -6135172329
-38224 -5666644628
39972 -4551889754
-49989 -7490952518
-14542 -3957166620
76452 -2040180061
-69087 -4914908555
-97559 -7685555841
82719 -9816001025
-78061 -3969456038
-47875 -2608317299
-11702 -1166466728
92942 -5130193694
-59268 -4629879244
-18017 -1200885968
-7046 -3125045553
30871 -4238093430
-55294 -6987820041
38335 -3234841337
-71277 -5053348225
21056 -9432779988
-80130 -6517679699
-82166 -3708131676
61193 -7710344777
-17999 -3477353763
87977 -4372691544
-30286 -1651567442
87065 -6006587696
65867 -2744314620
-95369 -8766786792
-57206 -9305955012
-65369 -3446372621
69863 -195681290
23978 -7703116167
-51234 -7738936159
-82236 -1106583749
9004 -6074576327
25851 -5927950003
87624 -7460689162
43877 -4163653976
-13242 -4787770720
-88841 -8336739518
-13915 -2806112882
80066 -4472994776
-73661 -7458931466
-84616 -3877087800
-5780 -168072038
70489 -928577871
-12955 -529970888
47638 -603132785
-81641 -9489609749
68496 -1912983602
-21182 -5100890870
51755 -924612677
75066 -8470564600
78316 -5825286258
37424 -5975979648
-94663 -2508939234
-2499 -407979524
66840 -5181974339
60342 -8996947640
-6584 -5728755156
-85070 -5591921147
40256 -2742684227
-84783 -1212978269
-46560 -1991939312
-24256 -2972090766
54920 -4028019504
51690 -1759498819
96174 -1254825208
178 -1786641798
-85318 -1251741699
1427 -1388538435
-3070 -3317186174
-95422 -2888729282
85273 -4986399012
44631 -1696054130
45884 -7272341696
58481 -6240906372
45449 -2030224935
69198 -1827919213
-63719 -4654569894
-38494 -1618660271
76326 -2446008658
-15066 -1536918455
-9671 -3362878707
-46790 -4552091157
97259 -4526258606
-85671 -7326149891
-56256 -3006932903
68645 -4468887123
34924 -6170435945
55479 -6062304125
43046 -7264567116
-61296 -3978262634
96384 -8755185916
60191 -7188734816
-77998 -3491446586
-60529 -9028468443
35486 -7239853694
93359 -3233315130
52260 -9989312027
-98370 -762749351
-24072 -6989707307
-51621 -4020972026
-52648 -9447392930
-77041 -1656405174
39114 -3862900913
-390 -949816793
-59204 -4201359440
56790 -2639021573
65780 -8186475798
-96642 -6251569772
-70975 -21266972
-50680 -2875454798
-74356 -4621746366
-39918 -9243699121
-95309 -4014061815
74195 -8765935833
17030 -9614890298
8007 -1920531610
-52370 -4509372056
79678 -8405554773
33895 -7862083179
-84425 -5603780523
66064 -4854881913
-18450 -3861155339
28496 -3736907613
-89033 -9370540629
15146 -9123265890
2411 -2736095475
36816 -7473866695
-13707 -8783095030
-43997 -173050622
-42781 -5706815697
-60107 -1533746658
-92198 -6165090435
-89726 -3709977452
-90582 -6607697983
79793 -285034085
15916 -4106938398
58108 -9639574548
-13909 -6365202144
84141 -9237817373
-82501 -3158162600
-74915 -1863518828
-6006 -8804179439
59250 -6004753951
22396 -8567203139
-74746 -1733994852
-92503 -6824275590
-61571 -7142994926
11088 -8098008410
47428 -8914994495
77491 -7939925538
-97240 -5729556914
72388 -167933973
-61997 -3609824487
52049 -5223248459
74000 -5111687391
-62629 -8606110223
-89006 -37224492
78991 -6917843021
68288 -1809246560
92626 -8398432380
-39091 -5583327765
79985 -9729160847
-94286 -5675969207
78359 -5823063915
22021 -6743107791
-54922 -3481250840
97674 -8886823711
-22010 -3082238723
-11424 -4054210796
25925 -3680759564
43618 -5217830888
-37331 -192909485
64474 -1519089224
-10645 -8700496154
-55282 -420937815
63253 -6459277305
11056 -825672894
-79041 -5089680902
83728 -6415588470
39597 -2164010375
12004 -6408900867
-50567 -3592685018
-93743 -2898483600
31816 -7822806974
6585 -4327872337
-18330 -2378613376
61435 -8506631678
-82446 -6021096587
-6854 -9918301415
57070 -1293181391
97160 -4381151531
-45690 -4982816911
-12616 -2197184640
-40737 -862204280
-57480 -8336732381
-35781 -1321123016
-61851 -7561869620
47752 -2826121976
508 -2177457503
-83101 -9828817139
-39092 -8338771733
32009 -6063909281
7397 -7633776831
-15180 -3733664432
-20871 -4271626189
90824 -5716603238
46051 -8969649735
-26135 -7921945001
-32815 -233927568
27544 -1672253564
75855 -6768411976
-7032 -6267679388
57603 -3073259887
-16420 -5058665834
-80886 -2460475448
-12016 -5344725692
-82228 -6136890494
-94609 -8061576563
-91665 -6158273573
-15904 -3691658007
52158 -4519634942
8085 -697398094
29872 -7207129824
70732 -2032826505
91797 -1624048196
-18601 -769261638
-72798 -1087189210
93213 -1822899185
22349 -4304411862
-30561 -8510652778
-41388 -6368584820
18276 -9849681065
-16296 -7396329665
-21835 -6480635189
78265 -1750666373
71851 -5693669345
18000 -8307770653
49664 -3666616119
98925 -4459249583
59695 -5779987182
53738 -5188194098
-8858 -7266337166
-30573 -941221376
-21585 -4643741731
-71240 -7069389137
-94451 -9149963333
-66787 -6402355722
-35129 -3210766293
20346 -4004358134
85809 -3818767870
-72994 -9614810301
-42944 -171578403
64483 -2867694035
-72901 -9719276223
48281 -6340919564
-69706 -825256001
59259 -2955808129
-60278 -7759017411
1813 -2315293098
-67235 -1585888664
1819 -9690413285
24164 -7356830006
61717 -1402187295
-87763 -996055304
64749 -1771665431
81269 -3045365366
-29566 -9802100994
45961 -3607042814
-80008 -6930740994
1188 -3671735098
59279 -1945055403
-42215 -9226989692
75792 -8712337651
-22230 -1718599798
-21751 -5708599568
-35168 -3227073615
-60411 -2405954371
80103 -8974394170
-27742 -7059700835
-19433 -2014260929
53600 -9491328431
-79271 -1280641215
67181 -4615465730
64858 -3049316475
-57286 -4501961217
21236 -6615690086
-52953 -8825012300
-80419 -7580739128
-61061 -6749727830
78701 -525404396
66479 -6367243406
-85402 -7609303772
-11276 -1709921487
47955 -4576484413
53373 -6837134075
-19758 -2618443549
-33464 -965671257
-78854 -9268421823
18701 -9984309468
89115 -1773629918
49846 -1753838262
85455 -3518876797
-34464 -6332922022
76295 -8973810834
-25559 -5091640605
-34064 -9076185987
-37419 -6174251942
13476 -7677265588
-55477 -6815912895
-76274 -6950982191
-14065 -7392041574
9350 -8004906842
27034 -1155631985
-9106 -7975480605
-50074 -5731719521
87119 -5065593107
-85271 -2761492694
26754 -6151134350
77327 -5302721351
-72977 -3482726942
47855 -419678742
-36759 -4096480642
62880 -5910890378
-23986 -8823209510
98032 -3058871571
-31097 -9001237805
11975 -5816463582
13567 -1186861335
-13085 -772137657
-28963 -451605945
96958 -5629650893
-29452 -4085517747
79703 -4939862657
88603 -9198575412
-27759 -9767308289
-17700 -9624590188
-65001 -9714143657
-28571 -6040174349
-85505 -3671290368
-80698 -99597836
-72973 -5833399590
79344 -416738371
-63371 -7399125873
77119 -7762379723
-64077 -2351583088
-24129 -4845350219
30985 -5718528287
-15698 -4908118874
-4607 -390654398
3011 -6370202862
-60837 -2825188538
-76149 -1791412868
83749 -758883221
-55121 -9398681738
7122 -7269358180
-42019 -8214981414
87993 -2681891933
-3147 -648888553
-76717 -224617877
72121 -1836784344
-35268 -9328603514
8430 -8968522051
25963 -1693782477
7514 -2547581399
62949 -9238680590
73801 -9722246127
-30792 -8344850087
97061 -6375514091
-99743 -1679571561
-37804 -317192319
-8559 -5304922009
-33993 -192710161
-34604 -7675972455
2064 -2945677931
-768 -8268856715
81645 -5148053149
52612 -6509289615
-86084 -7862845488
64374 -756721306
62169 -9320654473
38604 -3470444930
35304 -6883684876
-11422 -35257122
21596 -7345607127
71575 -5961414939
29932 -4479448524
1342 -7892407515
-24089 -6520660860
-12351 -8916960704
-45535 -8111331296
-32221 -3300582437
52504 -9646031240
-1744 -2674516427
43372 -1362748265
12390 -2647211581
21502 -9992609615
69278 -3593087525
-73531 -9767421501
-66337 -8840788160
-20770 -6623389457
-54296 -2386281834
5309 -5272252548
16735 -1229503019
40034 -4305539936
-6718 -2768042636
91136 -4250447763
-2079 -5675438812
69648 -4289397335
-65335 -3490240487
-4926 -6587189800
-5740 -4525980992
-2289 -2209268137
-36581 -923219892
31351 -821070218
-84181 -2034603999
-60974 -7763241626
47541 -206518579
-73470 -8131764776
56939 -4384099190
58146 -6017558335
-56012 -7453329077
-31747 -6455450285
-96320 -2757207978
3387 -9568660235
70259 -8541242114
97400 -1846107924
48544 -9577971759
-87045 -343492079
-87818 -6744606461
79752 -5599821040
-49508 -4248449460
70149 -8309750239
15014 -1482891161
35437 -5519715749
-81469 -3712869591
65396 -6927313221
-63426 -6333107189
-75949 -4412885625
6709 -2572002005
83934 -5951572979
-48149 -9333965163
-50435 -4522190091
-30896 -5581677440
93892 -6044287821
-23785 -9970004339
40901 -7265205932
19416 -7520383030
68819 -8918757602
31160 -9436385001
-43459 -1449237953
91126 -8952617253
82555 -6101031933
-26046 -2379866050
-12888 -1929486914
-7613 -8039825961
69633 -1926607175
68087 -4345404926
43686 -1964131400
76574 -714566139
25400 -113952674
-42101 -8033700179
-5296 -3215853377
80922 -7118302699
-52885 -2621637996
-80431 -9315487931
944 -1012977189
-34842 -8255080457
84781 -5810909193
92987 -5483432151
-7038 -6053536631
-43654 -7960597473
58833 -9142748447
34851 -7415492105
62972 -991115960
-21896 -4820702141
51256 -4167666434
-61231 -2363924786
22345 -4417622988
58861 -6406113444
87044 -4399611140
-59139 -7053508804
-1211 -674448999
-28806 -3616431911
-74538 -6004796834
-65776 -2193015509
-94960 -1772872944
28929 -5782944380
62531 -9846364340
19416 -4494573892
-38774 70789863
-71439 -4014270005
-25976 -6697826354
27825 -9787884011
-89451 -9347458517
73382 -490236629
-18894 -2361551419
-84751 -4226689373
-37787 -3037795878
-59495 -1747103279
-49176 -4585568365
-86126 -4066307004
6767 -601157175
16484 -4192660349
92094 -7011053185
79758 -1891645688
76934 -3794380244
-95316 -3445064506
-28762 -1347121448
95625 -6851764621
45196 -2238159389
-77462 -6966718695
-78204 -4392035428
26405 -5176184642
-99140 -1987108842
49502 -5192765849
39108 -5343801482
90225 -682394036
-25809 -9586174024
-74570 -2875462272
73506 -9618793856
83854 -4427046683
1914 -8895103559
-98274 -2713686115
-55574 -9426541766
2294 -7617101133
-45134 -2176733420
28431 -1353285269
41726 -657763011
90763 -8125187918
46865 -8425733967
-69618 -7114491404
22054 -1803054839
-78071 -6526748166
-28695 -7821827471
73910 -3611159042
-83990 -4623780407
-13703 -4207479491
63052 -2457812250
35341 -4696869569
94662 -5514710564
-16408 -730455864
-56215 -2603703156
-4485 -4424236334
29198 -5341622805
-82893 -7149003430
19389 -3719446429
-56069 -2388052521
-5464 -7068293673
-15251 -8911420043
-99896 -6335375403
-43484 -484602906
-59172 31198933
95474 -7975924700
81007 -9539581115
-73743 212278045
57483 -1238165305
92916 -2939537516
-73214 -8518854054
28834 -1159823648
20926 -451031781
-74053 -8320512344
-23906 -7901808809
68361 -5176741312
-94940 -9088811064
86196 -3485449445
-44157 -1736895788
22461 -6015935180
-22964 -4624124163
-86796 -7545668710
-87406 -3773178731
-50678 -821502825
-7274 -3101898953
31881 -3560721851
-27416 -7313567496
83186 -7620614712
-32718 -617526545
-92935 398996278
2334 -3437518015
-93974 -4467441759
-15186 -9572560063
-9870 -4088556578
56179 -2046135074
-84331 -7199077911
5231 -8275585161
13629 -5386843187
83132 -4926282651
87021 -2514516638
80164 -98916239
98509 -6582665555
78349 -4642777002
70201 -5065059696
46494 -6426277433
17459 -1448333415
40835 -5941872942
21527 -6526255506
19580 -1514213322
-36645 -9313555931
-74933 -1545702021
-4563 -3947826385
915 -4063168912
59891 -6062908380
-11231 -7948246511
2010 -3666546443
-45496 -2483939226
70959 -5909283493
-90853 -8928157926
87698 -8435905253
-25247 -6919107300
34665 -5629389002
-83217 -935463860
-9637 -4156061240
-42226 -8869124940
25870 -9381760494
26781 -3025555451
-48440 -7068640373
-73373 -2006874039
34758 -7846849318
56156 -1765266525
-5360 -8611144112
92482 -7673220045
8214 -3097709287
34142 -838109984
-77720 -426385368
-57758 -4245573594
-89074 -3184809705
-99233 -7976712636
4024 -7088835222
76065 -3210350402
-33130 -2413542923
-46044 -7061049298
-90965 -3951218309
-14475 -3904974443
-64942 -3494202698
-53170 -7119476306
83489 -398012745
-31607 -6852307718
-88562 -2728831958
33089 -9554978607
53373 -7203184028
-69712 -8643240857
69530 -5927482826
2731 -9975414140
24659 -3125691291
-40829 -5572117647
-64038 -2445816250
-311 -7810826966
-94243 -8255467769
4846 -9370993473
-53525 -2443144172
96816 -7277518843
84219 -2781575854
61960 -3049720227
20957 -3754564466
-3874 -8830333913
-73596 -515719060
-46449 -4362159727
33275 -3015499146
8926 -1442620580
-82091 -2688648761
-66599 -3346329825
-94756 -9728535503
-56960 -2895665684
50703 -6943397107
-53319 -3902703778
29841 -9739810814
-74321 -8989334117
-5754 -4738104931
93206 -7017716151
-23556 -9658502927
-79697 -8214797042
97944 -3389337943
87184 -5432956314
-94724 -8673596981
-84436 -2920564079
77621 -4595961393
76850 -4663519388
70454 -2128610160
22830 -3601035868
-80411 -6650834585
42812 -3903014876
49667 -5277788715
36476 -3864062936
77421 -3861739612
11573 -8515782822
-25741 -9978133218
50478 -3898192448
28506 -1764297662
-75858 -3245938871
60347 -6501064590
1802 -9093655154
83896 -4735697366
31874 -8886421337
-19004 -6866942748
-70234 -5815133408
-22384 -7214713013
-25214 -9337219917
92922 -3805819039
28348 -4931191680
-30903 -7350869290
95471 -1688578310
-75101 -8928939942
22972 -1562135159
-33531 -1966760194
-66292 -7475140727
-28136 -392015745
60905 -3926919042
55428 -8187200150
64494 -1103379733
1335 -1557978109
-82927 -3945258588
-2989 -9003873914
27008 -3848186660
43890 -1601454658
79234 -3867752282
28971 -5886933476
94146 -4440080185
18760 -4220590626
-75889 -5145353612
-62991 -4507893059
-13820 -2593922127
46980 -3812122777
99066 -8191540540
96089 -9439074122
19665 -7165086452
-39716 -2019709922
-90900 -6749028148
72838 -4109836632
-81269 -3943691879
-67128 -3915666976
58973 -4385639762
61942 -7667680781
10010 -5840652123
-70270 -6454379516
33381 -3714795452
48026 -4234734341
-68452 -6968085675
-45702 -807963337
-10899 -8977515466
94384 -1442908091
-38087 -2299431438
26826 -5642483446
48935 -3490837626
-3894 -8265582533
-52656 -5826121978
-57833 -5655385250
-1462 -2657329910
-70103 -6112699706
42508 -5659114697
16118 -68675732
89546 -6744054728
-8041 -8103199367
-39229 -3045901059
13400 -2990560782
32835 -5277320858
-72571 -2701031462
-70330 -5978807303
12334 -847856349
-78084 -2762710226
44980 -8927692766
-97824 -8570987617
84878 -4136499215
-28930 -4760891594
-9168 -748628605
61309 -498971144
34872 -4166167781
-90236 -5350020692
86912 -2908920431
78326 -2793920415
-79786 -4888183811
1697 -8919578555
-89252 -2720912697
91666 -7777159451
-46137 -2767844440
-14181 -4958930303
14601 -2353939999
85227 -6738538900
-84590 -5585356413
53674 -6482337132
-8171 -8644271487
64549 -3692488652
-77831 -6210149661
52156 -8769855660
-80733 -4872731656
16574 -3742752629
-5287 -1468769795
61411 -1522805594
-32321 -7550635754
-89449 -8590419453
33124 -115362044
84406 -6358175165
97068 -7693960123
-7439 -9494918658
17214 -1512521858
15904 -3018616503
77979 -25117981
-90549 -7087273277
61287 -6155602744
18590 -93485309
-85773 -4585950535
65503 -1904890833
85473 -2742628490
11345 -4004000139
-44026 -650525972
5372 -3995175951
96078 -9382546610
29725 -5494211757
-11831 -1507203117
59645 -8011667868
23131 -1612355570
91616 -4882429533
-26514 -3337035424
-1861 -2026536632
17307 -2213944750
44537 -2802861014
18167 -3755705961
-91031 -9221376524
-20822 -9891219225
29215 -9814198998
-53020 -9442182981
-54059 -5883242064
73105 -2466920078
27452 -3493290429
29121 -2548870261
-97290 -4028384702
-32516 -5367670485
26234 -9435820617
-33880 -7243596177
16474 -9082418051
-46549 -8072384423
4082 -5637091571
19489 -2658125454
65060 -8356310408
-91426 -5335056803
30594 -5543639267
-35062 -7496869865
-66889 -4859435876
-86816 -4233494345
-8365 -492102312
38282 -7062721539
-11955 -259662196
37426 -4125078705
65330 -191430407
-84832 -3751693077
26021 -7313161919
68992 -1088351379
31807 -7488636020
-77462 -4705968192
-44160 -1134687883
16898 -2343753008
49879 -940349459
7063 -4248042972
4305 -7451380514
76393 -1110483692
-31051 -6582335570
1798 -7489167705
-17333 -7854193364
39967 -9139946400
46561 -4871722479
-51926 -4699859378
73976 -3798267608
-78203 -3718014980
59946 -8944420753
-3046 -4974868191
-35027 -9420989123
72626 -5510287778
55382 -3652596111
-69726 -5402763007
19480 -8790105656
-68969 -5943413921
62614 -6448037760
53622 -883437091
-62287 -6749379785
57190 -5305411632
64780 -7356936192
36534 -7168465712
23905 -5510800403
93821 -1476282695
26211 -2881040842
-49459 -9309893756
97480 -3630316821
-29094 -3015692788
40540 -3396499593
-50640 -2876697851
7555 -5062153514
54456 -9273040844
-1128 -1174740491
-96808 -6356352315
-14684 -6208912784
-56656 -515266062
-8343 -5523348434
-37120 -7882937708
-72626 -1848511257
-83171 -3282009933
-30266 -4641052430
47637 -6107286800
-62085 -889681748
43186 -3905028138
-80456 -7843096376
19358 -6597349415
5923 -7152470
73594 -1762471649
-4083 -9979988164
-14694 -5822633365
55931 -5658275855
91671 -2905747084
15989 -4823430672
-91178 -2943357981
-80416 -9817993506
86544 -8330892388
-97851 -6376084903
-86278 -1323235854
59552 -2195079320
64889 -1447305366
-55159 -3978442694
-58974 -6317866864
472 -1910119179
79269 -6515937278
-1474 -2712001193
47793 -5764059235
-15481 -3741720999
4425 -3842563912
-31754 -5928104964
52849 -4507266470
13594 -3639995429
-60676 -1388982462
-58398 -7872488291
-73660 -6463564164
18079 -5092465691
-57486 -8936023973
57885 -1948518664
-94677 -6057084868
42594 -344832029
98661 -473320130
-43591 -1124493443
60478 -451515117
57060 -4032820439
-16785 -9768001556
10740 -4533809854
-59091 -3386291284
-63351 -9130260031
-34660 -4347100626
-30392 -2131569045
71969 -7769319878
59075 -1509890616
11090 -4758036764
73597 -4712468291
-15884 -6855901785
-69517 -4781524803
-64998 -16223551
70795 -7351310229
67902 -7524506881
46192 -5767086324
-48511 -8118968651
65756 -6671710280
-85250 -2420076059
-53236 -625953060
41081 -6004569107
-17219 -1170114507
74040 -8175876341
18097 -7581984326
-92182 -730523945
-8505 -2528606146
-35953 -7175356151
-2496 -4885280597
11151 -7278145841
97082 -4922765586
-95382 -4864110752
1578 -7327383682
93427 -3142733036
-13635 -1261380661
29322 -8107896484
49349 -4006447352
26603 -3325181802
-52514 -1585103408
3865 -2733018411
51873 -1957123993
3756 -7874338487
-11666 -6562844
54574 -8876002061
41819 -8333837933
-63453 -8649466999
-74290 -8512764384
-57775 -8747006829
12310 -1164796443
72189 -1162664176
-488 -7503440244
-39386 -5376277355
-73026 -5867449346
-93882 -4098213632
68406 -7902828748
59448 -3288887917
-38879 -1046178026
-69844 -787940502
-41235 -7105244417
-66957 -8593016572
-65294 -8234166612
34450 -4097460533
-49741 -4030915287
91705 -7162960386
12745 -1509336474
41309 -53801975
20185 -8474289753
-70873 -1443650660
-92049 -8703178700
29738 -6124549877
-33251 -5051523567
30164 -5006480553
-2299 -4569316983
28188 -1467799972
32693 -1061226027
12733 -4272056172
72832 -5052372509
28641 -858509131
80210 -9874339019
10506 -8705997301
-21896 -1917564278
46848 -7696222765
-38785 -7470021738
-47397 -684495437
5375 -5666560076
61296 -8140460095
34126 -5171851098
14791 -8376997572
-56450 -4849194602
-16744 -8644996749
-84181 -2540311985
10520 -7036037198
85680 -8229679307
11061 -3792998950
-95644 -87236262
-27873 -1653872971
-80278 -6112954461
-21806 -8124930162
5480 -6071795894
-87868 -1715811314
96459 -5978946382
-34570 -7829677974
87519 -1446549821
-16417 -9710920283
-64583 -8319719004
4332 -3811864891
44277 -3229199981
11618 -7238720963
17245 -5316239426
93969 -2327668130
-1490 -5282557718
32397 -81455855
97818 -4316868218
20549 -8346700574
-81216 80677204
69472 -6157585211
70784 -4159262348
-13159 -9448750794
-61798 -9030170520
38087 -2746901046
-99953 -4580686710
-88313 -75198425
85593 -2767413532
-67954 -7763637072
-37127 -4509689792
43944 -1028892232
90446 -6948554585
-44892 -5459131598
93263 -5252312205
-75107 -3486369722
-95806 -6738263447
-27041 -5562079583
-24059 -2004706932
95873 -9524946063
-91077 -4919161895
38473 -7959337272
-25837 -6827334258
-72270 -9735531889
-51052 -6144513650
94192 -6048327254
-94475 -7823318964
-67203 -4321912726
-16240 -4058545769
86322 -7767267526
-8719 -1169040030
43819 -5492382644
17733 -4473555448
53074 -1947753453
15823 -393220278
68870 -7360980153
54289 -2029387628
36853 -5746654592
-67004 -9311514750
-13459 -5588429558
-2095 -4386132852
-15727 -6065645478
55029 -5782658498
-65595 -4833115721
-41115 -3285861916
9619 -2240103864
94593 -6831061493
8219 -202809812
20904 -6665533526
76908 -372795737
-55018 -5477647191
70505 -9045973848
55241 -6192581313
-76054 -575310063
-19775 -4445826642
79077 -4167819629
58633 -9648859007
-68764 -1969736241
-59800 -700764773
-15606 -9389947448
73394 -1843876932
18901 -1974163482
89247 -2533737569
-82768 -5082106520
-91636 -3085507394
58754 -1784570619
-65598 -2894326331
-49848 -1836238721
19457 -4179558696
4999 -7357948761
-13192 -5514197435
-26576 -3626050172
7510 -9914639937
85850 -3375023898
-25639 -42490214
-32527 -3870917880
34292 -1289509616
98809 -5162028125
31875 -92604533
72215 -2794299549
92149 -7883096315
-63673 -306684230
369 -1685780258
-66191 -7738235504
93237 -3792752134
-23119 -1871432274
-2225 -2071465097
4220 -3907818308
-2629 -9501593330
31084 -3799971011
-89394 -8694418720
51290 -6527735099
-62806 -4884683589
77306 -1872057084
64911 -8089015124
5142 -5407581925
-28480 -1354137429
70627 -9061657685
-52144 -5086442330
95611 -5689598618
-37885 -6973148426
52896 -8006680112
-50020 -1827915573
97961 -4888752144
-9556 -3528978299
91460 -941232912
58340 -3881455427
-18063 -8991718675
51725 -5588995221
-65089 -3861617105
-88282 -7996416047
-59699 -5392256015
17315 -8671723838
-98529 -5405822701
31585 -1901012927
79384 -1400196255
-82659 -57955279
-17115 -3642366002
88227 -1371545530
-16793 -6150624224
-56457 -326244212
-16233 -2771690054
-87730 -1754426106
1980 -5156379013
-81616 -5336027543
-70867 -8112495063
33264 -8397738653
-93895 -5881200218
-27648 -3002278280
-71003 -6467455016
-4785 -4658824556
71921 -5393199621
-89620 -3483238446
8048 -3706054218
89614 -3042197912
-16973 -257733210
-31704 -6602853848
83759 -8615858676
-48332 -9269156163
-87464 -4887121092
-21559 -5403658118
-61984 -9809948067
36481 -8020612847
-19746 -5037632816
14854 -745447514
-54671 -1970831898
54467 -3346033604
-66381 -2979361604
86569 -2478177417
-54160 -9889172963
12783 -7921353227
44428 -5715562635
-67659 -6712983026
62666 -1262699328
65013 -8798700770
12545 -3413217779
99158 -300876803
16996 -4103200518
69811 -169261014
99535 -7064785953
62950 -4697148384
-16002 -3112383457
-14036 -7847588805
-79433 -717668190
71573 -2268404922
58402 -5467682121
-78267 -418038592
71153 -1560680693
40964 -1936707692
3884 -8343318567
-47824 -200439060
-50880 -1338153176
-18862 -1857487838
-13657 -7953461568
-91497 -1926332467
43643 -8411998280
69758 -4394738703
75291 -1780172629
-85126 -8695897136
70095 -1152790369
8719 -8411480138
41969 -5993082426
-2368 -9448632519
-96890 -7836100482
-79777 -2965751852
-88010 -6056393334
-91604 -5272116386
3789 -1000897855
-9329 -7292882694
-24842 -2854518423
-93039 -3806032057
-53749 -6842028627
-87332 -523590117
-95438 -7733102441
85311 -9743460233
11664 -6937421383
16705 -4337960396
50748 -145534382
38178 -4761882943
-66243 -4472801206
3009 -4794416516
31836 -7109390045
-90961 -5049289781
-39832 -6192740175
-95711 -7640784840
-54436 -5378557922
-21027 -6331414967
-55656 -8546414933
-62556 -1382458784
-53573 -8252880350
46476 -5821546106
-90283 -4383290919
90919 -3886028772
-17292 -5563962515
35985 -8821562018
67798 -313812815
50456 -3081318402
93149 -3578538780
-6680 -3211044657
-28265 -9169883679
-24235 -4186591934
-26257 -4419038750
16015 -4319214113
97635 -4203253103
-4352 -6062091302
-44425 -5324488176
62432 -8969425319
38617 -6810862584
-97132 -641533032
26677 -8837469794
54799 -6980339357
52513 -7469750538
34530 -4534903697
793 -4290355413
-93295 -5854746957
25011 -9489710783
-77784 -3221622589
93350 -9825591626
-66553 -396782300
-18735 -2621507354
51303 -3479011528
-64253 -4407843156
35661 -7133386198
-91340 -2840568483
8652 -8082921460
73681 -4131139910
-24831 -90183680
-91408 -164964104
-27786 -1905018733
-52408 -4432240629
83912 -6133918316
39031 -1167661022
-68638 -9474458349
91088 -2057597025
86496 -9157928018
46904 -2406746405
38270 -5099021759
-25116 -4640048603
-8993 -4547340044
7974 -8998230211
-1546 -3006057275
69939 -4569798269
-35669 -8016325121
46393 -8111232425
-97046 -5505113315
64947 -8444342975
81112 -9229137474
-92204 -8336139111
9008 -6325472460
-87296 -1148002908
-20433 -6129998669
-92024 -3472879935
3168 -891813947
-52519 -1517610336
-56441 -7958408684
-93916 -1250459514
-46997 -273963008
79888 -3628829673
-21076 -2591023494
31819 -995990060
24864 -2700456982
-39587 -6732071067
26166 -9839369140
-63426 -8715571600
3386 -3722586285
73340 -8831184639
81367 -5491555916
-51436 -7166820294
-17571 -299649542
-84201 -8774024066
-87272 -9613987350
-63999 -7562197978
-47511 -5408744260
-87930 -6344810989
-61148 -7786999239
-60560 -115785582
97976 -3505009949
-69793 -6136696865
-64389 -3513770530
-12759 -2523934643
-25535 -404581293
10758 -2465369563
-48582 -6715632607
66989 -7016158025
-65291 -5907513309
-85539 -8204071757
77349 -3689537470
72770 -8385028497
-31657 -5408765282
-14569 -8589526235
-89419 -6451503153
99419 -3140451021
35937 -2920822046
19141 -1086204068
-97408 -367112576
42119 -8006441745
7422 -9392071835
31174 -5123811050
27881 -46281555
99020 -6769513073
-2899 -2560423349
52752 -7120956761
-2715 -8153723746
-16314 -3936427690
-32279 -9105367388
-78866 -3649249938
-77004 -9526267133
-72800 -5878803341
-39761 -5742661202
45701 -5635853930
-62912 -5641531463
90508 -6095936850
-79646 -690600414
30949 -383136641
92197 -6123429716
-59002 -7305126840
89050 -1814193774
-8164 -2155286961
2003 -7211368775
18153 -9254778283
-90901 -8044139096
-28056 -2466106864
-49333 -5804154584
48634 -5370079178
7924 -7725426707
-39052 -134374625
44658 -4126572833
75673 -5408339885
54815 -9122335847
-70717 -2629405632
12541 -9762752100
-6472 -3854489487
-76654 -4138364496
7626 -5171341282
-74626 -6466750458
94510 -9929330114
-91222 -1910313510
31826 -1641904455
-47982 -8813837777
93698 -7618681482
-34771 -4570988628
-97246 -6389293742
38398 -1966916327
-28877 -6767999415
73623 -6387628282
74771 -3267600048
-94039 -3993817104
-1046 -7088004675
-49432 -336781842
53580 -7238560438
-87342 -1989446417
-7366 -5214669645
-21820 -6722529392
-46463 -4286154110
-61678 -2799562529
46957 -7814971014
80061 -2014023479
6695 -2669093493
-58075 -2536189163
2161 -7602496148
34183 -1189351437
-94694 -700374696
2577 -7620779944
66800 -5491360037
75674 -7707872004
61817 -4036852434
36714 -9726162478
37711 -1276673729
-62974 -2261421522
59485 -8151119877
-11804 -150978875
-77216 70999065
-92144 -3871529910
-42674 -5004277509
21498 -9314312768
13840 -9643869291
-365 -2132628791
72036 -7655559659
2817 -610697431
99978 -7210242515
62139 -8611153397
62477 -4339426479
96466 -6457977771
57512 -9712550271
43069 -3944406213
39035 -9993019632
-58098 -223554421
-22436 -6225402824
4859 -9774082992
45360 -7506928046
-46163 -5868898304
-91341 -3671359703
-72203 -5926231995
-76740 -9530983994
7301 -1767647228
92161 -997186589
79163 -5487150938
-55600 -4677414341
39386 -9418658106
-89319 -1323567503
31405 -9801076478
-791 -857881910
12149 -1859777516
-64407 -1900433102
821 -6021893765
-44365 -4175387763
68401 -1855086506
-3707 -8139929445
-20312 -6112505412
37109 -4604956047
90473 -2915972892
-16486 -3843953009
34974 -5425179662
83685 -4494939214
-33336 -5612700949
54586 -786326915
77546 -7898334971
-32945 -4426060862
99348 -5371490468
