-71182 488318643
-73162 5019861718
10274 8238767719
31429 1380212772
-20917 761558023
65053 3946341133
87169 7893812190
26736 3174733636
50922 3430366631
88259 763012047
-10850 6081179142
71058 9915482080
64369 6522737724
98890 2902728061
15015 2738765947
85314 724950388
-87118 6156678811
-36748 9703791234
-280 9708732492
11155 4766208252
90403 5537505007
-53113 7854657790
-60969 8507954462
-32792 1284455005
98480 6919704169
-48568 5131840660
-89654 4126485667
-70301 6924821862
-6301 1374624252
-25244 319320696
5336 8286921913
14333 1730436352
-24516 5847290164
-94631 2625576777
85464 9689806259
-59616 5439122840
64916 759539586
22984 8898714553
-99537 605332538
-37596 5410440163
-41400 5926531153
-77544 2206479451
37361 9860747508
34621 3935267184
-66470 8527023622
36860 6911955787
-35604 3015178355
-97526 7431368226
-90956 8699613366
-69931 8369873881
41411 7891858207
77337 784800026
-46945 8760107487
65916 9284650673
62642 5539191559
-27613 8664162700
20963 9660267003
69435 7197055846
-72949 8606525166
-9661 8582499976
-50514 7101116608
78094 8833945786
3064 4152713755
97419 3788298319
-9995 4251196446
-55033 4670554260
-92928 2143060069
26985 1921783646
-26436 2605824296
20132 357061585
35846 1377112335
6277 9388525684
91405 2200887313
26640 3703231508
-48916 8754154530
-87054 3432831238
-18429 542193407
86589 8303265577
-85420 4731882616
-6859 7275270696
1053 6964197910
-38159 3717016206
90479 1197818428
-61338 9217606724
-13721 7666215142
39863 5547929230
-42411 1103642524
-85765 3337392718
31801 372228664
513 8241262693
93084 9186560758
42785 1207422033
-78354 728980919
93885 5368097036
-4135 2151618529
4180 5344455667
91501 8982615598
40547 3953880606
38035 2664488364
-58364 2827284655
86084 7625300607
30134 5023571221
-24376 3584017468
59524 5413102573
78128 1177963273
16468 4422215095
5434 144863317
-21165 9405932303
-38594 6816299556
-57294 8694729838
-66797 5162629167
-368 8249899144
-84078 9962144621
74537 7422597865
-94065 4228929254
-41184 2449314683
20646 3920454164
-49595 9397107448
-47821 327518847
79830 5300083583
-82129 9212679207
94151 595001482
49371 5678208263
-73457 4847746270
-28530 9858152992
12701 2895337006
-49351 5696665893
93354 7406559640
93989 7325207394
34640 3316718283
-14539 4611311073
-33741 316314298
-30398 3936112309
98984 9909738759
-51596 4288153443
-30923 2431867600
-48214 1446716673
-6316 3044959588
-75134 7224968364
-49196 8317709619
-41826 4614490661
52806 4747651750
-35116 1400686386
14348 6165920397
-82588 7206041160
-44591 3512379729
-17588 9626086960
81126 4966419244
42391 8780911542
-61757 2217189747
69211 1142947047
-4024 5072576632
62975 3245685096
-27937 4350722695
-48800 8147819637
44336 6781426572
-21946 4198361595
-75806 2621586550
57421 8809159056
30434 2136150894
74977 8091608416
-36952 3257379580
-55435 7883760712
-89832 944621362
-95366 2080172479
83139 5393534504
-30995 4060521174
-14630 9744675702
-71398 1084207534
55693 1526741457
13487 3321846099
-65452 9633476847
-54862 3396058518
18276 3907086091
70806 4346206126
-19985 3024567586
-322 7077318552
42557 5107129116
-93922 1947028903
98028 5732616467
-57035 6453609054
50012 879593089
-60638 1014955731
-25763 1683212461
4904 714623770
15246 8650928449
11461 4858442596
-15832 1168006320
92236 4479763774
10340 287164963
-33043 9260683734
-48519 9192500752
47331 1013339882
81828 9192067385
-67136 9371080681
-44 8910355665
-80882 4529857182
48760 4919557068
6946 6563346556
16656 7485259043
69506 9779881705
18872 1260533556
51451 927310479
-47049 4198397911
42719 1365791295
89223 1659478460
76204 3613725639
-1277 8494715560
-30695 9630273612
19128 6379716227
75923 1843239922
73646 3273199765
-31553 8994388150
12370 1087968583
-42257 7715754028
38487 3308015476
-51164 4103148375
-47268 1334817359
41484 4490570927
42014 2456851795
43381 2451822673
-17801 8402043078
-82329 9441054824
-82154 873018493
12378 6170178613
77442 4053937555
-18264 4471743124
-44815 9458453472
-24924 9917206937
-43675 681019438
56894 3219012673
-70220 5539463179
-34392 666898073
35946 7149650242
-1993 9284597259
-36411 958915972
-81977 1068931278
74003 9604361742
-76162 8217733855
-71975 945165937
-24897 645244963
61566 6707011583
-17376 4059381223
60053 8815566337
-32326 497111631
-2295 7830166426
49975 137490831
-97650 4573146412
-36856 5593522969
88402 5295124630
-18368 1852175760
-63505 850747698
69556 5220092167
87509 9639404368
-88818 8281319734
-97170 6507975052
-61376 984389227
-18436 3795120055
36605 1297388164
50865 1180140016
-92321 9757291686
-21700 9257477316
43809 3870855820
52210 9043196896
72848 4461422610
60549 7891025141
81859 961927768
24763 4650678402
32937 2623820069
46295 3063725268
36964 7559059728
83402 2768349234
-77044 9255989650
4550 473319712
79573 9525474202
62029 331606408
48021 2537898545
-4987 2600364985
-6705 6156135008
-14548 5558809744
72188 8846202267
66378 3399815110
68547 6295515920
83136 3312480311
-96382 3753715138
90656 814424773
12401 6233668234
-98067 1295977000
87888 3315207457
-3323 9242565021
-94280 864464716
16357 900707866
-45527 7857137352
35250 4256291426
-82370 3823319112
42939 9609196246
-98223 1739478814
26914 8805132580
79506 2169131708
-95991 2342683973
15436 2538326947
-94782 8605256597
-71397 2187536528
-61197 9870902692
-83732 516976612
-27214 6729741072
-50559 1691759684
47524 5806209993
97086 823226585
7925 7651418398
-4173 277271095
-91916 8826105292
84881 4805351542
-15224 713316010
-29374 6452957395
-85977 9019211672
85541 8184177958
93977 1492192425
42444 4841499316
33760 8694356527
17594 3362995923
26609 9531443986
98616 1019048179
-74779 4863924916
52166 5624558137
7636 9908814123
-61905 4576111096
48423 468159278
-74552 507584578
-50494 2299785531
-89984 5698899718
-7672 4177341048
-86608 7015000705
-66353 1936261296
-34629 3489171695
89333 822821460
-86222 3067707337
94280 2611118527
94027 3212845974
-35214 679294387
69747 4967497159
-45889 354095242
58113 4079395442
44900 4134798687
28584 6256960412
73349 6441373368
-12128 9036561786
79794 2803500160
-59428 3502902616
54055 4395778591
-93415 4041748582
-91352 4431712585
4670 4730783598
-28500 3953830493
-44162 1172419777
-23343 6760271465
-42900 5403184141
71298 2160933082
-91798 4356234589
-26274 6272186191
-28984 6250328943
37501 4881362496
72986 7655422588
-61060 3874980468
-38250 9931076789
-2810 6799847014
56852 9732760051
-49663 1701534660
-19319 8346907833
47685 2221672064
39994 6958898238
6716 5068532875
28912 380368629
-96306 1432798187
35416 6855769996
74331 2506558450
43360 611492724
71077 1451994309
27180 3354456866
-44967 3829631485
-87730 422814117
-28960 7173495544
13385 9073831692
35718 1304713993
-41913 7585575554
18770 6890538883
-48321 1505653142
-45047 3080450185
-7087 496460485
11492 2365510411
-79043 9658997464
-15078 1453156781
41069 5742185604
17424 1433390186
10033 7172344125
35905 6122675358
25508 9559402900
-5163 2200972865
-86421 7552366100
-60321 763321591
24282 1835671691
94295 9776231619
68125 314550013
55991 7510946727
-2509 7331934142
-17081 110391720
21618 7904827042
94857 8882605784
2556 9017820764
-45914 1881630753
90692 4760193876
-49132 9987277428
-72290 8083549866
-74714 8338394674
-15762 5178723382
-58199 1734952153
5535 8193025766
15658 4098001665
-59627 5179204213
28411 4547075632
42219 2880790583
-53472 3896774620
16480 73618591
84405 8173794392
98458 4599280557
-18110 7254196413
-24082 1050568932
-39783 2927427194
-23900 2841727144
63590 1317035073
-24474 960015302
57775 2382194484
74444 8712551448
-65273 6895188094
-65381 3777666526
12771 5905288136
-43125 5883760682
-35232 4586601593
41023 6744014307
45204 1417578943
-23240 7746537784
-88920 4913487016
-98109 2268689854
87585 9326284586
21624 1328617003
-62648 3531665970
-44773 7289500735
99668 2514170685
-4199 3362252086
-8914 9562359685
47010 6496882733
-38640 3380281348
-27406 6516360195
-87991 9645758860
-14646 7114328248
90333 3614117845
3174 3036411034
18543 4100327378
52495 446496987
6796 7814853097
-88717 9599048838
-18319 3779762500
-2499 4441674121
3809 9542229882
50639 3431041770
19227 1467584786
72468 2628127613
-8183 8107207986
71654 4357294680
-44592 774456415
-44595 9916344038
79507 9031259799
-32624 4522824853
-49809 1426990064
8751 3103655099
-12056 3095347996
-73307 5995709185
-78014 2012151856
-95111 8037679794
44314 1168642462
52415 650026464
47144 9460928380
13903 9151701108
-85564 6075153822
-36495 5053325189
-53132 3675740577
11064 7471314169
82999 2362469142
-76812 7543585898
-8186 9291403225
63456 4584414461
91118 5547304543
-67297 624557880
56856 7703102062
74212 705162030
22576 2890229229
-61409 3965648842
62189 5010773521
-96253 7265687224
26088 578450815
-86754 5712939758
70629 8690451134
94839 3919393595
18107 9683778039
20920 9715250587
-4124 4995415047
-82440 9608519243
-96266 3550859605
-46156 1908684688
43725 7718634337
8649 5161474978
66637 4893871321
48369 6355811989
-80882 3732089272
27386 8720716939
60084 4506619136
-54546 1906265990
-60626 6247637583
-8546 9596219076
-61527 7994769802
39794 8701972480
-94559 6196966101
20493 2947846822
70270 1916947678
96366 1380096535
33407 7989589776
58726 9998667331
16531 8730068092
86632 9878582331
70048 9849772788
6902 7954066965
80519 1535696479
-21539 311039748
-32686 4099019059
86227 8355933859
-29245 9902101362
-31915 4305166393
52869 915050134
70716 8127683329
-24897 4324807483
23598 3152678420
85064 1609961182
16194 6987272242
-72770 2948209786
-4916 7574646040
-18205 2508032518
-89274 9013817236
20699 3765318654
-68065 2887613718
-81874 4838048268
86608 5224954278
-85427 2754765388
-94788 8730137509
97975 9800283991
-6881 390130546
-14699 8484823416
79753 2623019742
6298 6317598103
57866 1353414918
-7511 9546149638
-84926 5852796778
11131 6302383771
14093 2486429190
19964 7777255458
-42921 4291116020
-10811 4164524466
53404 8810772688
-63406 5231341348
-49150 8048186421
-83966 9826762065
-64003 8632795716
-38596 3998979238
-34001 6572265714
-93289 8689233510
-40251 5625333037
-47704 9840168772
-92688 823888571
2336 6792386895
62774 2974500150
85401 3500564522
-87576 1582834334
-2945 9794366184
-68269 4500974928
79630 4930520013
10068 5798861438
45978 5598936433
-55494 1365017183
-3758 1828949575
-79574 9948948124
-29014 8331872539
-48739 662351896
21639 5219660302
72647 4632582394
-39116 7411799914
36517 5018705950
40426 3802125544
-92468 1756661520
1650 8318176183
83030 6384629704
-83589 5081585210
81630 8362231658
-57565 6684916288
64399 3636087048
29079 9615526178
57999 9110108012
2613 2713289225
-81493 5887664580
6441 1083951473
20720 5984929473
-16816 3989035753
-83220 2057501366
87971 1491042522
-40534 5742712059
-39919 4989442885
6973 4410194020
-34249 4313263822
24521 2608316200
52509 8460463516
-8266 3653856490
13636 98304456
74377 1708770946
-96406 3087874105
98138 2961414732
5079 9016875668
-95724 7397088173
-40704 5263486042
-44453 703980384
16019 6625637491
45638 3424461037
70774 6121928065
96235 8349664563
95745 4050719498
57446 7634079225
-88734 2408103304
93212 7807447099
68440 9402560008
-37566 8038173722
31436 551300685
17764 322232070
-41206 883957641
-31381 4587601644
71238 8384914000
-80005 7437140986
-25988 4411350385
56887 525561780
-44836 1456898907
76736 3052843651
-13565 1758796072
-49988 4212625614
8170 3663513237
3596 9283899964
-21774 3762244808
-10472 3744541248
13220 1095984874
61572 5072264356
-28916 8371350433
-80554 4382799357
11440 5457619662
-63996 6970586411
73682 328892325
19516 7033324915
60517 5301987376
21239 5491778463
2827 4837284735
-74326 3954037573
-92166 4378810009
-43002 3675518002
86991 7129648616
-62383 7754641401
27105 7270822838
-49047 7864230620
-83614 4489816104
-43161 9023209163
-48259 203083216
-3653 7026901611
26738 8983028050
11165 2451440392
61649 8007909814
-11609 4980965488
-36186 4237106803
44998 3112677400
-79834 4728996427
30632 7573167879
-12141 6094637168
312 8059427936
-42640 4354061892
-82059 3934777480
43771 6724180206
60049 7521401373
-23404 3630103180
89554 9770272251
-83799 2753119717
98621 4850514301
-20634 6834936380
-58911 9771435448
5271 8413396300
73079 8520723679
81877 8959416085
84351 3308859868
-24370 1753097136
85046 8700353370
26202 2271945964
94826 4245301609
20425 3415631868
41699 5612576128
81409 8270455884
21935 2002348228
8962 7209547765
74764 7202023393
81450 4127856809
-36609 729275876
-60530 3819446802
13340 5960771449
33756 9215507885
34902 8517418981
91100 6075992457
-95394 3908080634
10411 4181862583
18549 3246675088
-19646 5491136799
36592 2200808379
-26786 5154338874
8190 2833348672
17357 902221266
45264 7935825001
-32968 478515715
-5846 2100639013
-83368 9245564514
11592 2111573654
-29655 4875954073
99621 1633976621
-36146 4319491722
-63720 2889176681
-85376 1021728685
-45548 538850344
45152 1587661344
71424 2840980927
-15314 7688612037
-67780 1155553726
-1258 4611134784
-73372 5337881362
43480 5549850207
-59144 6688204138
52639 4695447108
-78072 1871781952
-54734 9959136310
-16199 3410740348
44697 8979658276
62824 1269106806
99573 2559246397
32006 9188043277
-2890 9771848938
-96258 2827886056
-14849 5470333792
-55285 1735329214
45496 9057709474
92384 643897786
-15834 5671048165
66767 1523136375
59803 1503114042
-98306 6543495631
-31710 1327031552
-71219 2945511778
23309 1250059326
4419 8811037343
84199 5828256870
-1712 5906684458
-8266 9608202829
-68864 4776034882
15226 5965266820
-93773 9259924564
38066 3840229335
-46654 5594854857
58220 4861416508
-80629 7693916260
-55146 6986251685
-67657 2393493595
-33808 3360023020
29215 8657081908
-68436 805058600
-13685 3984480318
-59563 401885514
-59069 981024475
23597 9136569574
79796 8269141104
-28226 4605305095
83253 2664470822
47609 6441757014
-80801 1574061408
30489 5042625808
60331 939504360
-93175 868964841
-20059 2575943730
-74744 7865107173
96149 9104431998
-54104 1006285278
71744 7394339314
64114 795315735
-64068 6062095391
-57954 3329698132
49816 9859893385
54792 292382200
43754 8546504521
-67658 618013035
64678 6321210453
70146 5072316787
77911 7025585706
12158 9390579117
88059 4922117566
82371 1078109008
21579 8104817504
-35289 3327645547
81716 5182098268
-27082 8504444568
-87006 3801364577
22039 9224977647
-64981 1491811719
16777 5533557589
-76745 3051534688
86562 6425055119
84099 447194131
-10898 857635591
74839 9371790051
-78329 6857432908
-98538 8488485124
-87814 8965838050
-91173 8538639580
-85453 5605808200
34492 1051909864
49800 6482574427
-15734 1933004779
-16440 6321179828
40455 2119789363
56441 8294269102
-53883 4322899465
-9532 5625233965
95179 8006344036
-76493 4393980715
-16071 271344980
15810 8459589697
7716 8845637533
-97934 3823890055
-94630 5721587074
-86336 7828725658
-13957 5416784820
-36012 8939142523
2299 2838541042
-64473 232003276
37611 4069649411
-88299 2001816284
-47086 7725860392
-90568 3371198439
-93903 8923301945
53869 6707261770
-51755 7737159126
59450 2714407779
17249 125505330
-95101 8160708807
-61383 6670365344
27293 9124718952
-653 5248282795
83505 1784969164
-58930 7060901638
13363 1143366495
71251 5684822652
41594 4578943749
-23919 4598482249
-30528 9265498210
-78080 3360401772
-8848 3103732800
11532 3226361560
-10406 5572053262
24156 307885588
46876 7621748202
51524 1318475728
-60472 5238997738
54351 3496235599
69256 9292184662
30574 8521276773
-92324 9602405082
-78101 9449639274
41724 302447764
-64003 8800322341
-65534 4539933192
68491 3538170606
-63615 8896514318
42052 6970958824
-77625 365552719
-5066 5287253754
72730 916123741
50636 4635388971
-40893 6062331995
-92335 2030326218
-65895 5853025601
10459 5610948811
-78157 5119857268
-97988 5479099495
-44232 8496812060
64080 6811346804
-42188 3659099959
-60730 7347794082
-13069 4567641028
-28266 1477668319
-36761 9511221547
-10364 6464562343
-69505 7282362319
53588 7326547438
-62005 2156735058
35899 5332700736
-64542 937275232
87566 3109252821
-68106 7220845525
47506 1681138722
39486 2005102808
663 9961973927
-64864 8534669689
-16619 2713980250
-51979 5681144917
-91644 7269119918
79881 8953106477
-64071 460201757
98103 8928244328
-27476 6479651767
1133 5566292665
94613 4295215962
36413 2459068990
-60241 1800222267
21412 5308411740
92258 4948177603
17082 7287614294
-29161 9628892700
-59316 5568630181
-4106 3846690114
-20590 219376302
42054 6331690792
-8124 6192141443
20354 2772322431
4930 358500691
77749 4187224440
70092 4320509659
89101 9006349440
41314 5289695866
-391 521664720
-17649 2385725195
75045 8180928929
98914 3328546995
25416 1654298599
-61272 6685683890
26580 4143017201
-21925 6691399282
-69464 8915715145
65109 6986793421
-4592 8517722803
-64082 9478984665
60155 3396575367
-35107 2021367048
-47603 2836116060
-52729 9420516444
-15003 4000691060
40055 2011819359
52768 321957165
35361 7867612513
-73444 6214329438
26352 9584407870
79176 9692932063
48626 9364175590
49360 8842770271
-27492 9508141148
3585 8676856774
26222 4451162739
82772 1435224159
95079 5005529536
16214 1176768294
37702 5515083124
-14474 5934072562
-76696 7098083058
-72188 3024426139
-57992 8228059780
10571 228054702
90814 1075740408
69616 4975535203
89651 3066706204
-83359 1882991512
-78058 7168831066
-77881 772215183
51560 2145440788
35008 8178529150
-58120 5020922452
-29488 2948789230
-97110 8105398772
-66468 2544648095
6843 4744145000
-19570 3300704656
-928 6944389866
-56776 4195183812
-2396 1218971607
9404 3483754752
-83080 5939000178
-11198 3184207371
32958 9915127658
-64134 7520209543
6629 3611371177
-64600 2959642593
-76543 3218423985
36064 4928725702
5901 608205476
16281 5077643078
71585 2401558596
79979 3119938468
-77836 8042632819
34265 2443590853
-42170 4820944659
-5689 7659274504
4841 4550984341
-66158 1590473701
-36391 7806625617
4808 717071620
14064 7841228798
75464 3971566482
3916 6604624617
96391 3541814155
11285 2490125706
-71454 2668886744
39809 5743830597
16424 8132550361
-27146 1192202946
66630 5869696193
16791 2773516739
87071 448803316
87495 8205517382
-76148 5175651819
56125 1818975138
7676 3846673720
41205 1003430122
30553 9293541732
-50702 8076307962
84484 9399174777
15556 5560653274
-73835 7093367437
28184 1130181774
-8210 5548126422
78701 9161462064
14725 7880641573
74302 8982492355
-44520 6608109671
-72576 6869265683
15905 8971095606
-86905 2123343019
61106 214654533
9988 8416986957
-93434 5599315854
-31534 8284275717
29408 9482109987
79645 3644848612
-84305 1716267348
58314 6975630854
-3070 7933898862
-83211 2482065724
75775 9074239768
50790 2421586691
79301 5229724549
-43462 3347983027
-20329 2110300231
29009 9180376942
12395 638486038
59274 4691005540
-43084 9835749898
33442 5934387915
-73535 4943761462
94405 2186648928
-70217 7355941383
-47909 8957709910
39725 7809059478
172 9591649045
37626 1310658085
-83616 8136631574
-72855 1544973581
-66386 6928985692
68461 428613945
-69897 410076392
93225 8144191081
-40962 7672464482
-9782 4604459395
-69670 4010825701
-51898 6300357105
-97632 3795516685
49215 2272321942
-97420 2548799124
-45434 9149120104
64386 1668575920
52922 4866342279
-8960 235021258
-15073 814265904
86028 7266138968
-32492 7876608625
68825 8841954292
-85116 8170864075
70434 5878707878
-8520 1401638834
46476 2900210374
-4546 2559922051
16080 1102509094
99832 1868264389
-90107 2050775553
88861 6407028645
-78932 5792905395
-76064 2083507297
-69666 7621089650
7296 2518292464
57908 9689078208
-16135 7415319477
-88086 1863320918
-27320 9298440459
80199 2673176020
58520 3974791977
24910 1584814324
-1820 7754883661
98155 808104388
-99949 8287993788
62724 2423784995
-51635 1539355402
7794 2156176358
-809 7899379824
-57564 9659792014
73424 2725537819
-45558 8955766459
75430 9963684196
16153 4098796750
-96428 5114536965
-84 7573224293
-86368 6969875869
-228 4088276326
9349 7515092994
-21648 3184467136
-67102 1845680187
-54767 3680827002
-33644 1500096252
-26304 2521383076
-8076 898996892
56470 2974445011
-44102 8296115742
-48217 8154860803
-57031 900411925
-68745 1419948688
-30703 9657522349
50656 9405241012
-85086 8306601287
-75834 2261543300
81744 4205293153
-30855 9172179853
-29923 6842850774
-76728 5650761650
61562 3700398670
-16147 4470439008
2144 3506932372
60617 6686461261
97714 4997136765
-51360 6818239706
16887 799037339
19825 1495355853
-23990 6325216273
8818 6813481387
67611 2173428764
-4230 3944114504
26075 3142743064
-39394 2503777492
10506 7761235076
-8588 7164541371
97075 9844732182
8680 4227212538
-73916 9553164078
-89015 2971529764
13035 5333756371
1891 2051487684
-19894 5345983950
-3744 7813457864
26864 4522604257
-90546 8166086179
82329 5763373804
-4472 4915105830
-95548 3702755824
64033 7187486670
30662 9513199836
28024 8621392069
81009 7774397089
-44714 3590917815
79409 3834759625
-92378 9040444800
90367 2322786211
43130 9987975334
-24278 6635608345
81202 6741365866
-93965 4730060746
-72970 4834583892
-28346 6365563077
-58577 1598174995
-60126 7544040236
-31951 3003844314
-57633 9320121880
63634 9613960981
59319 258063950
4962 1717375895
-44589 7099664627
85401 3863991286
1055 7389459598
54522 796248955
-69092 428374200
-28603 6013244574
-53668 2546796946
95942 7912052440
92464 755823012
-9234 1143948142
-91342 9757563180
90183 2553380480
18524 3921759825
9486 8614848622
45514 123995643
55313 2037328893
41344 2650322757
-17196 3275649202
28270 4723450968
33692 9269280961
75092 4116472870
-23742 9758369575
-58887 5515401098
-83599 4266837909
-12910 9202473333
-68862 1852950763
-72984 5151012782
-58816 9760079839
-6160 6972670822
14754 8869313104
-50451 2878453601
38403 1147911715
4967 5315990646
13714 4790884558
-52406 6714444909
95283 3580310483
-45634 5975617834
-88605 5987724919
-31689 9452282036
-91341 3007702156
-60062 4771198075
19730 2620158156
-20935 6638946973
-61415 8578840557
-89563 4527448329
-22509 2363487431
-79885 8664469999
54689 5186760873
3545 2133630069
-76658 8455609569
22028 5031295335
12087 5758334476
20865 9086291381
54828 8254278007
-61031 4891642308
58814 3296189388
-54695 6146177796
73131 8883900679
75436 4565963722
39511 2118057567
-72496 6094807881
18625 5886646014
50386 9876181776
-25599 2725201394
33399 1684174922
57557 9069680709
92993 7681871140
49174 1642783234
77775 1225117366
68155 5924462203
-55358 1571833206
53645 1220465848
86447 3878477190
-6372 5184817807
51091 1093143510
53429 2025125092
-36676 5372002167
88534 6523200673
90216 4088014220
-59315 4687213821
-531 9422883244
78429 1309600916
-99950 8130700836
32219 1427351202
170 2471943952
95990 3503610412
-3270 5298981569
-89363 6292402504
-11212 4468842157
-22654 8472695620
79320 8786118901
-30077 5205578500
27844 887885016
32772 8044439734
-20938 4594342990
-66714 679613794
-84532 8330343687
79450 4959976753
63437 5686995964
-15490 6090059302
-45289 2366320603
-18232 7433689248
79326 8344119287
-82454 6655872963
72357 6646515796
-94229 3821889732
-59385 9620149471
-12904 5818626471
-77276 4690187082
-1147 3807313762
-5694 4413148189
73623 7449894850
77416 8651754066
11817 1239162920
88439 2597185866
-63364 7027654420
86514 2973396908
-96053 7230354451
37471 6295870882
-19906 5324504668
79113 2776384637
-19670 8846890281
-24606 6962068910
-76231 1531676805
-76281 6794226530
97160 1766427408
-1132 669980898
29404 5862675295
-80039 9158299809
-58793 411481716
36756 8841681868
-56744 5268825448
-41759 2659712496
32426 7138887952
89885 2250208548
22584 721833476
39602 1253086050
-160 9417410224
71264 2012666209
-37591 8342225145
-52057 4240309215
-40652 5450021955
-34070 6411247134
-62765 2923280368
-56326 9729699616
-59949 3921555658
94708 5396522373
-1823 127546089
51554 8682695703
-59458 8539292211
75420 6546083752
41836 2627461047
47648 8638825588
-18679 1695357693
13796 7606031377
-4986 8739600719
-65262 5524908200
88567 735557194
65639 5469085999
-7895 5562915276
-96962 8459785990
65259 469953386
18328 4467932475
1995 3323799958
15364 6995525446
-28177 9843198778
78431 461668435
-73109 7176445336
-96314 3758208475
69603 4896282335
-80133 5158994146
78711 2724713818
-82476 8201523064
67829 1192318488
14794 7932812211
14291 5495255931
-76224 795963277
-97970 6509051139
-45599 5481046354
-57309 5720271419
-35387 2613905332
35031 6722688067
44289 8617434686
-28046 7272558999
-11468 6710750925
-85270 2241703878
74027 4617617226
-60605 1614911142
59059 6519107947
82061 7597904533
69660 3338185252
-92651 3071449468
-45449 8571685804
-9034 2071016562
34596 6871961642
-99817 1171189120
-51502 5386549188
82914 5275164113
-51207 3399232273
87407 9865169740
20196 6197775118
79309 3383390554
82051 6177995574
2031 3375455564
17108 7987310220
75440 629596666
-37931 2451747462
32581 6226380705
-68770 4179206748
70461 2064232121
14840 6310037593
25235 6923466403
-91142 5300877885
74131 4120732339
23676 3732210436
-89242 7171880985
-57555 7572642781
9301 9758893668
86932 659092749
-79296 6455035055
-80231 4549041886
-12421 8309038018
-91386 5904337117
23906 4312965361
-3071 4087370778
-18204 2166070276
-37109 1853791758
-92434 6479546377
-4749 4779206435
42206 814509726
-5752 3933998082
-3589 2640419020
-69869 9370909756
-90136 6438984949
11197 9400775641
-96332 5622001668
-87898 7283532261
-26709 237822722
50581 1339486810
-58304 1090824262
80740 472332436
2642 9643667041
43135 5948137254
92817 8191546861
-53598 5831454770
86571 5573243878
-12288 103944224
4244 7191770322
42057 5072225086
-88341 5060753356
37832 5243904006
21446 8944881093
-27106 6655223244
52306 3124033503
-92012 5727225042
-57070 7027790137
68210 4034177782
-79193 8734694446
-93996 9448001141
-4554 8448119228
-53599 7383204352
13953 2586175108
-94652 2318167792
-3931 7312199745
57216 2693882396
-45060 3889922714
75884 634371639
62769 1287440621
93304 8451383989
-47025 3875106191
-13423 3631535650
5020 1365618394
92995 7394449096
-85565 8113827727
-59950 9899002461
90675 5413026244
-13630 652172272
28670 1775295204
-76151 613097538
18284 8405891662
-45081 1888452046
-68987 7978343392
-26934 3167669732
84151 9042550150
58552 5576109381
76376 7616830158
-17720 2432190609
-93809 4586215608
-36809 2634888751
-79375 9389767369
11501 781326568
89626 9807645691
89964 2522445890
-17164 6214097322
-14124 4640325313
20236 2247464395
-59299 7832727769
-67098 1438983016
84343 7762967478
86102 8336525269
22594 494906428
97306 4938157176
-14962 2920947822
11839 3960284592
-35209 967589728
60393 3810114680
80267 8910953536
-30695 6054974313
-47209 8015855806
46577 3156202900
-64046 2485651762
89876 5963688654
-88273 1169463999
-68094 7137314350
15666 1582815784
-32658 5528139175
8028 3359478047
-49529 8760540004
-78595 1085699052
-6734 6898004485
44430 1446491602
2239 3749585775
87174 7308143218
-32321 7799287546
-11332 5552540548
91378 2803588012
6156 3211416997
89273 542833897
-85632 8222981347
-67006 2904291208
-47263 9331797666
-92162 5504747137
-23378 7994707179
37195 2253069831
-52040 9940617966
52827 9840972340
43794 8667538604
-22659 7925127193
-49735 636468378
47208 3466427297
64754 8998078003
93173 7083578818
-35105 9762129282
-67615 9313229053
-379 3585746880
-97649 7132012299
-99347 7166109408
-71422 2595794155
-64504 9462602724
31511 8015463492
-99840 595323028
-99773 9321464674
20432 9278695905
-10808 9673262860
25973 7886944333
97062 1622540614
-34615 9657586833
82709 2036350890
8076 7605147650
-61307 6698463342
6820 6943935276
-1630 5511584448
26819 6050409763
61234 1867560853
-45621 9124320223
-19246 4358401306
61334 3189774735
-12805 6414212536
57758 2852761515
-69721 2127848946
-89313 7418030606
94679 3526628670
48666 6887270485
-76114 8511857577
-61687 7692341218
-65467 2669641942
63190 5142401926
-2306 2837129482
-20164 8423077252
-72464 5561814750
-6973 8063373486
-42616 8775453586
99180 1319736916
7154 2819990287
-19357 1824201960
70071 2488562930
57071 3401577204
-65672 5967839452
-70801 446951227
10675 7754675787
-19186 1518311544
-13259 3197662245
18546 294341395
-21874 3794512314
16971 101343412
-50277 143528042
-92998 3792089421
-40439 6133527613
-11544 2013571397
52364 751493704
-56344 6909596467
85697 1732321009
-44014 4893817738
-2733 3871295336
-95754 519202748
-92694 8801402477
53417 2437218660
-64120 1311141241
-23376 1264310429
43391 4684197778
68163 8991162770
5649 5171417257
15656 8518148931
52350 8782110191
-18449 5971069599
85879 779470354
60571 3325573224
58020 1174328954
90971 5807340711
62514 5147015408
-17904 7756927327
85826 2992239984
-44370 3477620506
49974 951910039
-79955 3695743344
37232 9154007125
-41597 2290158835
1349 5006321494
88369 5792099605
-71382 4205654852
49496 4973407513
22425 6739131209
-18065 9240839559
-5394 9379832308
42042 3317863519
60237 858270974
62112 3666531220
-69432 3229183765
98743 9142193782
24225 8018623792
97839 6329550668
42767 4280601820
-92181 1018617578
-45032 6953614260
46921 2530321389
-32872 8656644258
-15942 9982934810
12386 3705495544
-36522 2229164977
48438 7163896835
38579 7234780246
-35861 7075342707
89687 8123603526
3105 2734725568
6268 2348362153
-26206 922358001
-97942 4744680945
-4403 4026083724
-61940 7731223236
-18166 2570239698
-32207 9187493248
-98583 5652273469
97014 5378689048
74292 9493798309
70996 6429868551
67090 9472948782
-21515 590803222
73044 6306676844
-14474 7151227768
50422 7315956666
76318 4298012448
24336 8903486116
-42303 9452157121
-10510 1980784126
89673 5313127252
-85295 3825307746
59701 3387900625
15519 3455785744
40359 9359150659
72315 1958923598
54015 3008147807
41144 7359740721
-4734 1096765832
26545 5280577078
95119 5021425272
-90676 3957061675
90083 2954009835
-74111 6579422734
99329 4259518386
-39770 7449726171
27784 2264399460
-4929 5205744122
-44543 6372614221
-81692 6368764588
75214 2382428109
20894 9393602236
47270 8654627916
5533 6550195437
-37223 8445502365
80561 2213240634
25938 4399668080
87843 553188118
99298 6204805675
68334 2311697824
76334 7136129119
-44692 3503920690
64796 8913893512
95980 1756419097
25638 3792093947
28725 5853143629
-47322 6060741730
-73072 2327477427
14542 5059240890
-83984 2855115793
46430 6193926442
-26277 9481456112
14414 6272177188
58178 8902626132
-94142 688912627
133 1051709872
32134 6465813918
95974 7567039998
-41523 9780247741
90579 6639527116
93816 5117063065
-99738 9897920764
36784 4267899066
-65084 6717029581
-73891 7704665398
-85590 7995874633
85665 1931156588
-2450 256528732
6608 1554945582
94354 8906829357
60594 5949336418
-97504 4506477801
62104 8447354982
5375 3096889059
-35976 5048176673
98899 6384392319
-31019 9158064157
-66285 8265750731
-80964 2925225086
2990 5882118172
-30502 9794037202
-88875 5746352584
-69123 7797752446
-75403 4973609356
55770 8551958414
92244 9722859664
-88869 4308437044
-51667 2797659342
-62961 3816832858
-25968 5443379884
-4006 9871804498
10513 1798069645
77217 7280212024
-67531 7859992186
70829 761837269
-43919 476835390
12736 6156069052
44159 1170969640
-21805 1963809876
66548 631850718
94695 1396062619
68732 4004830770
-87072 3961212040
55460 9001059549
-22462 5057280085
-8206 5360932576
82620 6935543017
-14867 8711004922
-31166 4138448247
65556 4819982323
35389 8518964208
9434 9187439374
-23393 7327740024
80426 7302945685
35909 2938229085
3472 2295786780
-98154 3743289647
58921 9324127296
94745 5057740189
21344 1391925210
-33366 3284259160
-3504 8939735062
48181 1757938068
35074 6306342601
20646 7081238123
-9779 7769067024
68247 6874896019
29240 8164604523
26642 3151552426
-8266 5026818880
-3741 2499508178
-3504 5755849750
-3180 1039026524
52364 8033755819
95312 5234988285
12980 3835581823
62037 3004613330
86180 604392862
26275 9286194558
-37456 7663282582
26241 1379551864
-37360 2567444218
-80018 7118467506
-23540 5145352168
83959 7466973547
-70752 8863971583
-92902 2613166057
34526 9863970907
38606 9631223701
89991 5307440986
-52402 8244282970
-68815 7835129554
-79786 7109223331
-27160 8206561596
-44171 7360701358
-45638 2673088764
8678 621922513
29790 9546591164
86030 7338606187
97039 9086902755
-13180 8923376013
21734 3203593678
-9999 6495398096
85187 5898402600
-25436 5316453012
25912 2458036750
-21073 5806047816
89762 1171139025
95103 693460375
-16662 5246620742
-47440 8377269739
98971 5677414876
40311 2164018126
46899 8771840383
-41324 6126338695
23392 1337009011
24192 433389124
-18986 252471708
24638 3852674763
93049 5904834849
-22516 5910024291
-50276 4371448062
-16885 4405922071
818 3802106748
58311 8305916267
-2186 6670064565
-33971 9272343817
79446 5149500431
61690 3273020317
46644 357524104
51844 8651897563
26904 6554019190
-29601 9857094656
74141 4342090593
-79336 3454884880
30560 289214581
-34373 4086924736
-50940 5821223281
34484 1256524357
-78959 4120022013
-48907 7393066077
9320 362403742
-45649 2172620391
10538 9282625518
-1445 2346519043
19327 426473350
-5686 5580503062
-21081 1196061352
27501 9948478678
77629 2129239980
-62832 4395864008
30861 4640884130
23539 3707603512
-52904 769579348
93735 1499653246
84178 8850905260
12210 415946084
-58486 2847333051
-44469 4223724598
-74890 1810028136
62509 1452725265
-29486 1294885314
-29906 1789505761
51342 1218010115
34978 3227085717
-4561 9959263387
-21579 4589479769
-22588 1668362325
-67854 4826844787
16620 8903739719
13429 2969459350
-26189 3520838458
49484 5557554862
-97661 3560485258
-41195 2063933817
39348 783424930
69632 2229713655
-68480 9237485784
99898 8919030930
43389 923359634
-73726 3274763631
48652 2201766321
-34847 7256879265
91100 5920588137
69834 1917981937
37210 2875612986
-87240 4709393047
69000 5868265916
-90961 9011241480
73347 5335587115
56172 7915240991
-50161 2102564266
4634 1838722530
-21020 802810291
-43739 4698231438
88100 9011611689
72392 632261580
-76391 5608396573
89932 9777968869
-81164 2618330704
7145 1136317666
89611 4027907866
71052 5179159939
-68520 3119753224
-59569 4592572263
-10449 6750523390
42255 2203281328
41173 2629459180
87910 9080427913
33192 8726640590
53279 619068507
-50781 466354724
70045 7040572332
397 8503726834
-86780 7305739768
74015 528809674
-35787 5049287740
-70695 3447784918
-89214 9006443560
27399 6238261739
-19591 3431815653
-25476 4278745238
50319 4767818363
73081 3484631376
-30110 3827377759
37984 7548821283
-39471 9267377840
-90847 3623467272
-21056 1016679832
62747 3727506280
-8524 7802871961
74803 2452467970
-99770 9245150358
74032 3997956429
27882 2169852370
51520 5454074799
-63631 1181028472
47682 4171446374
79037 1294221069
21177 7344668266
-33906 8947583018
16273 6379802193
-30735 6699014978
2059 850650348
-17107 2837105130
39900 9715688152
63764 4950939292
-90367 7491488982
-45675 1657088008
11757 2032900970
75101 1689928348
18416 4788424885
57919 781493527
81912 1204555885
-24035 8543337289
-75399 1855333768
-74700 5792732254
46016 8029430100
69045 3092705257
51535 1589508222
92932 2221535059
-63302 7771027417
70504 5412828388
-59259 6106954652
4272 6726011551
61869 2718529918
-99064 4645820394
-31696 4665322705
73690 5740343577
-19999 2814253884
36176 9650494228
88830 5517894808
-73480 4752800586
17681 6429777388
-32446 3079383573
74051 9739330399
42016 5766802923
18056 1557226185
-61178 9601433724
43086 9956459620
-52785 7625148656
-73793 825843400
-82402 8773806972
59481 9669195661
18621 2642830076
61104 4653386734
-74716 357382545
65882 8650409881
-97189 3627675730
47799 7036094978
37829 5826638034
87707 9879268771
66417 7713220496
91673 9019867360
-25183 7784291694
78024 1023416878
37851 1537718164
30510 9165394621
37661 3414186372
-29819 5609793496
88680 1146239167
97082 5028876529
73071 1478473510
68405 2365051908
-13244 3743045917
8569 8589331266
-91096 1706302545
-25660 712330104
37184 4072968300
-56510 3290124666
37813 4750271652
31070 1940474538
94822 5774265834
54326 5505181621
14952 6856481935
-87186 8956363969
-74826 3061679981
-77176 6961444308
-98604 656838133
15773 151746928
14176 3332259478
31906 6040048272
-1766 8533732102
1486 8729996608
-59406 4115385550
-63718 7596429025
-73992 2360337862
-92222 1268315637
-44648 9872386315
58412 4098621909
-98595 1698302834
76467 556086854
92313 9514116793
62632 9615704644
-22305 7817487314
-37518 3863630486
-43873 765060460
46876 5535190357
36762 9772947589
-16869 4473317891
26665 229935732
28556 8548305000
61468 2709994947
31250 6523880572
-32430 2248848298
-20316 7576459409
-91009 6986522788
-95039 3788166444
-10978 9299554059
-74425 3342884112
-76332 4825337695
78646 4251657256
-35547 5356821208
13738 7137144937
41715 9550847359
-88823 8146660516
59862 6692602100
73665 8324658416
-84116 1766805177
91530 4680703486
-59926 6362834569
77576 2308563663
44209 528168870
-41788 7540502590
-76261 9050807083
33088 1246285033
-23180 5416447342
98496 7988462960
-95228 6659055271
18007 1363643959
-91445 9747828852
62162 2146669704
-54867 3878014690
-34176 7504876373
30372 1778104441
20362 9245861430
-60691 6541639492
70441 2685606628
-27406 3965523855
12029 5394351412
-73361 4248586306
-38146 6341031087
98855 8597113942
7604 6707951404
-78324 4197960457
76196 6755005110
45519 6011603210
-22443 7090211225
-62642 6598553530
7267 9029761756
61116 8570313481
48980 6857803639
54378 8046035360
-13159 5873455365
33524 8257648326
59574 8198432831
-62763 2497007786
50675 9475676916
-25784 6978545154
34823 6307104682
13301 8367885121
75562 2196083341
-73198 8145748500
-45616 9335020588
-741 9247690798
80856 9855414760
-77644 9951565662
66779 4676862099
90834 1879289018
-81210 6460192217
64188 7986768553
-29380 8925102238
-9892 8617249602
-3268 8325206800
-71312 5794274443
45170 1371958254
-89702 7858093365
-29730 9490090217
64319 5150423160
-72232 3516151672
59354 9434597308
48151 6599838375
46692 1608381034
17725 6213799102
16654 7366621588
-27794 1156414146
-50086 2951070256
23882 8422089504
83854 9342734833
1451 3780101034
-4876 3493386543
-446 3430827250
-47409 9505408580
-7406 6438181395
-32846 3071236393
-27173 1906027626
14428 4058225440
25169 1223118228
75824 8468904195
-83336 8622125778
29901 4116246796
38622 8205809209
-44684 1987773738
15653 5900878533
-71894 2924888776
98289 7209472681
2276 6853823802
-30706 381444588
-83904 8886543815
6942 9111873929
22040 328741672
83564 8631108222
-74916 8057510539
71849 8679693120
-20293 5200627474
17747 7636127079
2992 5277649621
-38499 8690213342
-77130 4355894441
-67759 8822317612
-90864 3171379252
-26845 7105187338
26866 3735383254
3832 7506724794
40558 6685797027
89234 9041222226
-62779 5129805109
-7464 922030360
47770 3012520351
14581 9129085294
-85364 9322758154
-38039 5562621129
-67874 7658306817
-97039 8703734332
-16006 2795867271
13234 1232282749
1947 5716883216
-55773 7851356779
31635 7419766742
67522 3370406299
-85954 4118144388
-40348 6316823581
-20206 1725159615
-89544 822316823
99965 9171707628
39979 5872664458
98184 6425318347
35709 4147608145
47627 5333423466
15753 3943833973
-73483 6046238094
57413 4340671390
5513 285884452
-10314 5551267058
-69134 1351860637
89037 3889530605
28883 4046956968
-17484 5101004420
-41205 4628867503
39787 1468144659
-72764 4489446349
-14404 8226756084
-63801 5324569850
-27978 3560519954
-41041 7517090919
-59894 9946557420
-1571 3961865118
-79995 9686580722
79750 4317706966
39904 8391616434
-54947 6587801658
36866 6566178526
22568 4860715000
-11472 9587582452
49501 1599079530
83595 9172668607
-27160 4080166878
-48375 7054390352
81461 9039172696
-47212 877903942
-79955 5928143076
-25253 220712995
-98945 1639475223
-69476 5375545933
-98556 7104936266
26156 6119667189
9852 4203799040
98559 536911850
32341 3479676225
-12181 9934047490
65942 9173799525
-6830 5242745418
-40136 1772725366
33466 96441630
25551 7318584211
67251 9644329522
-12270 4512834142
-30175 4206465297
-44762 7751510187
63160 3048867213
-46400 7212138148
81054 4040244829
74686 1273185864
83185 6695809516
-41140 2316729951
-68553 8629229540
-43800 4819151147
24256 3249030088
-6816 5935906129
-13402 6242265463
84090 7866647276
-31832 8821965898
-37395 2844302684
-27251 4779063402
22948 3490403833
50709 3382330477
8569 9038009457
-2456 9254682000
-18197 243297582
-47630 5604147279
-7096 8250752523
33898 2919290757
-22961 7967792211
-10886 8089388475
30862 8875197120
35789 3463304050
83120 6408699709
-50423 7608644430
41845 4414851538
-81616 5887284916
23274 1596166801
16242 8467189679
16626 4240516925
60970 5981484076
50525 9214546648
32670 9926375516
-62820 8943583819
80061 1709244464
-98960 8627234586
-66016 9649786806
-38012 1835794695
19940 5785711578
-12428 4475273970
-25475 9450177456
-33483 3674421640
-46148 4463605546
-14485 8298303222
32597 7624270140
8720 2341149982
-86745 8506833176
5286 1502613082
-44334 4124240978
-30585 2478671071
-10226 4831485516
48569 4031931888
24944 1825106497
72152 5153053554
-49946 6774164731
5844 3948521132
-42906 1842810319
32818 3941601748
-73914 9281291860
-33564 6501682138
71683 5773853095
89376 1771561486
-10875 3978502538
-63444 5112334685
83015 9760384474
-58166 324871783
20964 485376848
40641 8413535680
36885 6086963018
-44071 3067966774
61655 1248069384
13002 6571284160
-82893 8554753744
16791 7037281370
-27054 8663968631
10445 6404054512
33616 4209493243
-7084 484761006
63027 6510375419
-2132 2525573058
-59936 327873697
84668 7386568558
62804 1199246949
32252 3808503630
-78775 4724729929
89151 1234311790
-60591 4842376433
-63144 4526153338
-31128 6988656215
67664 5322916090
-39037 1688657167
11651 1146270111
-35153 783128074
95125 1042599768
-2696 6843147196
-64293 573729310
34146 967894043
86954 9617100709
21548 3244016323
-3323 6196059886
-70017 2229695972
-60781 9636336799
69396 7560806947
31392 2043482161
-44779 8224689222
-69399 4790432840
40841 744428310
-57564 721081486
94895 928975191
45236 4773757411
92075 7746649419
-85336 9611719638
5408 8282952198
-71360 2282694816
9903 7628855492
35126 9285478927
-85949 6140957278
-52657 3649152892
-85921 3096961620
31669 5973188893
18145 2432744881
-54380 9029688237
-77290 7050758271
-76204 376850037
70189 8846870896
83666 7338499254
-92265 8597003251
49536 6806110484
35329 5971076833
37359 5887531007
-81302 9220826107
-51752 1449433705
43175 1687848366
-42532 9846157470
-98274 9370670780
45982 3933381576
99708 2196216340
71700 8455515061
36010 8748256617
-96224 1526794842
-40031 8961816478
-53141 7461823012
86723 9023333683
18930 8487028049
-41425 4341583198
61159 1308012295
25059 3227043451
55426 1326962658
79372 2650021060
64702 8087132835
-69607 5872426908
63046 7745071572
75984 9667209646
51584 7608689148
-59087 1520306772
69959 7421884884
20507 6446710750
99157 6053685336
-7294 951756801
17414 8458435758
-92692 622753587
-39963 516013426
26280 855488587
-60076 2253549879
64424 9138996898
-18512 5040805210
-36426 1569554167
-15130 5930583027
92590 5232511374
-67749 680057698
-52766 1390328722
-94556 1078086294
96232 2129841214
39902 1669876791
-37064 9291849940
-52158 6102283211
19681 4249055038
-62055 9859870636
97112 4299707856
-7799 8470030021
-7039 9008604378
87937 5886091210
-81734 824648058
10653 6131580848
-52548 4418193286
-4007 9888822472
-91508 3277620876
4536 6299610140
-74762 4036732450
66191 969550903
98915 9021175266
-30631 9802002256
-25122 483953933
51517 2356101496
-32533 1863260866
66790 7162324651
-9460 2606618634
66111 2267224415
-26634 6460467824
92281 9591187914
28328 5435888835
-96238 9203667204
86656 3639401911
68797 6695772750
-35469 4766909588
15545 6143732737
16434 4282395385
24330 7983501137
-98314 3979519084
87253 7938657520
32326 6305815477
53841 9902324084
-87832 7700524650
81010 8613683248
-10176 1479113999
74610 2105316494
-42046 6313481677
26626 3234747850
-58304 1917853713
10996 2676734617
-60128 8395799980
44974 1597598908
-28103 5613538549
-23335 626121766
-22093 590952016
88878 4257241267
-68102 2412291357
-40293 5338967135
-95812 8205582360
13919 7295206266
-3561 2015038850
-8270 6582071976
-93052 5312872540
-59734 8280227332
-95935 4627558081
41082 2331034019
-65559 9547612528
-83960 690931174
-42167 9779204922
-67280 5770210716
-38066 4981957162
52922 6177998364
-92096 1786952578
-77445 5061004187
-47956 9823150906
-29198 6546635935
12009 4030925477
-56022 8241709750
-83291 8224608210
-86740 6669564328
81680 2164657686
-28526 5324066065
22287 8755561855
5049 3400712077
-44639 8630151106
-66348 1654478081
90130 2541570124
-93030 8521583479
54655 3421483378
-93439 9922850196
55280 9865892301
-58555 3312758614
12470 4943013799
84484 3132256479
-53497 928830478
-90815 6433216914
77516 4411813110
-96163 8371236210
-43471 1188983749
-83670 411501232
27975 5278556587
-1789 5033598243
-95204 6358718208
-51157 7251561228
25783 6571836063
3048 8294196863
1369 9583938052
93953 6791165250
19170 6462982624
-71625 3589599646
96766 7157538874
-34284 3911788628
-12314 8698289791
19226 5661925156
-43489 8317382850
-77220 2780525698
24326 2824597311
64796 6599063209
59376 569506910
62424 4062075431
79499 6925681339
1886 9027106251
-71730 3383603869
-16274 5591225562
57916 773399619
8923 545988640
-73559 8022726544
9558 2373601292
-63016 625816264
-14370 8216389292
-88915 7966069801
-12681 1420724123
-37019 5987638456
-14360 7820936923
52651 3753389250
-96195 9268939789
-46212 1026148370
82076 3484822764
64805 8811604401
26060 2362781128
-42606 4909259969
74698 6611600928
-16985 3564098799
55581 5640018545
-91196 8800120786
13819 2448322143
-28020 9490039061
69696 8630270278
-4261 9549174792
1781 150787305
21230 9388267087
-5926 5222748639
-45524 257810626
-50990 7017274839
70599 2637202016
4806 4551180508
93648 3673220417
33385 2640416164
-27702 7302457037
27805 7822469373
-59444 3793140813
25241 8093465236
-53063 9276351340
15286 5981021346
21686 5766127822
21626 4587303300
79205 8704156453
45061 1477459560
16101 2714326370
-90104 8518161409
-67576 430118610
-14856 4671732926
54948 2837337815
96197 7321459380
-71005 7665277602
-52426 9687052026
46373 3689559198
-87375 1506498028
18936 3496458359
-37958 6471680461
63066 4269201383
-68658 6193336184
12179 8485272262
78004 554087691
-22794 2938250930
-84557 2704092508
40400 1554282004
-79994 1261354509
18678 4317399628
66120 9722867917
-50486 8709118311
-51700 7240885947
82629 8369493269
-36884 9616555188
12591 8406001108
55627 1274196759
-24864 5284618180
30249 8992859305
17913 990768205
-92282 7777888800
11726 1367807442
41967 7277478655
90286 6786540018
72991 9323497468
-68957 4472199282
98096 5664494106
-82137 7816270630
17322 8770738529
-34973 219965136
37005 881174414
38553 2523674353
20067 5879831674
-57498 8398601279
-32603 2932890210
72187 5178761295
89070 8083665508
12106 7158610594
47920 5030979664
58620 2538538789
26359 804111394
-60556 4482132108
50403 3627221812
-60626 5042773497
-86644 6400478214
31881 4031054057
-94038 5315708509
-76466 6306570409
-43816 6086778001
-99203 3090402046
-53248 6082480596
-45402 9571217450
-95671 7482147370
90864 9399946873
30827 3500182764
-16696 1071306357
-74841 8672926246
65071 796603771
45907 1280018740
2792 5450511634
-63271 6473181609
-96066 3987392860
-51067 1926229098
-87355 5559287572
69464 4430018568
1665 4171995634
89939 9515582806
84083 4874700142
89314 3677750020
19141 2235996058
53337 7176289925
67546 9262121997
-15974 13434862
-76038 4047634091
72257 3562792005
25495 1548886204
32265 444970822
-31306 4589477908
21331 5677962910
-33574 385560564
30590 3309326736
-68551 1363608712
14051 8416611550
-33664 1821163431
-59564 3987188067
38031 4812323858
7020 4885251644
-66011 6741047368
97956 3991319116
-17889 3412002050
41064 4831010629
20110 2558486094
-87230 6578020071
-93557 2370580575
-9621 9515740034
-45303 540126530
94325 8024478058
-68018 6595397020
-44804 6980369470
798 5250094993
29234 1977351349
-93045 5937512812
63118 8356218102
-91786 6048859266
74262 6602087945
35619 2317521040
24369 7400986421
-32930 6738463114
65855 4765136787
2866 9570739953
-94729 5945011231
36814 165187492
66267 4558412204
8876 7811934687
-83007 526569980
50067 3979867706
-15241 1157761944
-94155 9416834798
86233 2061443358
20762 9187708365
18166 8958230869
-51098 5162056209
-18356 5793765513
41327 836544480
-23893 1858627894
37739 3133393360
-6993 5529000706
23749 710472594
41071 3717041860
67520 9957320161
22963 2140733062
-61898 2019704409
88261 3759067336
-72572 5967721090
90924 2658158233
-8729 343961538
91566 3712374661
-68590 2339051952
-33234 5642027101
-97641 8445699662
61279 6282640954
-78572 2439375705
-64045 495623866
-13516 388021293
41761 2730498888
-79013 9462692295
-53793 6855230546
98685 4917263021
-55573 1463144086
35878 3456560347
48354 5305570253
-51913 6862100664
-75257 9710899047
-51839 2198785480
-22350 7160209898
-57538 7636316695
-61491 2032597474
3488 9991458390
-12364 6254449833
19066 367888716
-35980 6400896583
-89421 8025533591
13430 9365018619
-93273 6199055806
-7540 818168503
19569 8986765597
60240 7615020857
32666 397077706
-81916 9149031724
89141 1288356984
11304 1533547034
-22294 8247143539
26576 9628982913
21016 5045635485
-4118 7747780279
-23694 4129221523
-37102 619026610
-1567 6920131612
-25690 1978415893
-12973 5752192611
45061 5030548461
-34122 8313346123
-1644 7605769103
95153 8156028505
-56619 4283425820
-73231 2621594626
-89271 5331999589
-47052 2240258578
9841 6532151154
-7287 413640430
-27422 5983452732
-60471 8273168809
93728 5128602912
-37039 5323815516
38713 8359929138
97137 9689370986
-61338 7177838500
-19590 895966736
-2423 6407075664
38426 8479518624
50974 2677752646
-25566 3757062124
24858 2388750947
59149 7464347322
-8874 1343615038
-24217 2587940290
88596 2945402975
-65480 9172377672
-82428 7902079544
96155 3195489312
58804 4858413826
62145 960217817
-57409 1829376675
-31561 816208320
-1874 4268723382
54480 7036105081
66317 6944929524
91276 3033822297
51027 5320736135
-88291 9356829397
-87638 4631781229
45418 3179319670
61953 2686653182
21944 2717514654
-86162 8807867712
89759 2575590708
694 4867447377
-76870 2947145736
55664 5587087921
99677 4213588764
2152 4403260690
69816 8596066601
-40886 6725083591
-16186 4567306726
-35744 5635474627
-87471 410668301
63551 8519114974
91051 5777428594
-58000 6317266722
-44909 1845365080
37310 2835007579
-63341 3986378008
14709 3436998038
47673 6954806033
70954 3436892812
-36301 2158853067
-29790 7315526296
25331 6192641580
-86374 5476392865
57636 4243922663
-40679 4217111116
-31936 8665367160
-98132 3059229928
78743 6281468620
70969 9490470381
-29579 4224550908
-89301 7820627294
36754 9671233690
8264 484584912
-26984 3393502548
295 9930838699
69100 8217349402
11660 3475759092
-60178 4040262111
58544 8921685849
56470 9404382462
92254 5514479043
76742 3835759276
-16354 8686782957
-72564 5217762175
-37252 2859336273
62582 3263893534
-18413 1656365700
27332 3519025809
-66968 5242880991
-61985 4089720408
74494 6751841731
-21861 9718391027
91846 8722720657
11066 3685620951
87692 6823757946
55435 2815666384
-39247 553499452
-20391 8866994266
7417 3554927524
-33703 4011086121
71731 9310879972
-42613 5818937554
50508 7354701040
11221 85391386
-51117 2753954872
-9271 2322966621
32016 8235092929
31189 6474360502
72068 9321891465
53808 6194203955
-42101 8817083452
72336 5511575852
1853 731152618
-70956 5019505988
6720 6741405031
-35835 419719346
86496 5661774950
33161 9380975445
86128 1601526598
-51084 3822776180
-74056 807517972
-76828 9017804034
-26509 8486201964
-96116 5083168276
54334 5138991424
-37207 9921978930
-12502 3479329227
47975 9088010611
-73918 2632661325
-8538 2882970460
6541 7721726112
47501 5272527870
-3527 9488669302
69066 8139532310
95953 2593402188
84358 2647366545
-54336 9717855784
-31426 5584625988
14788 6305292357
71688 6150903103
46787 1611549634
-85358 1767972186
-74829 6740775334
7734 2334436900
15725 4829918517
-32771 6392099518
90203 684762823
92540 8944030311
17916 5333855996
-79762 7129128693
76126 2220156907
81712 2762966566
88394 508160868
46292 252435574
-64714 9564647632
9966 1096717148
-8650 1547376984
-55784 8802089451
-70542 8924455453
-42051 7937097577
-25156 1377475084
-45618 7157948926
96701 7728305121
51948 6428239183
-17422 7437010252
81004 5721148339
48878 351996058
75652 611486356
6941 321333144
9781 5022971896
94104 9620221603
45762 8340816280
6729 5812493785
-79232 4929892000
25045 374242564
32503 2087589255
-54492 4696544392
78362 3594708325
-3866 4285971861
54263 7337550942
-79651 9077685472
-33540 1590215296
-80277 2490915770
-85282 7477352398
-77642 4223226403
13333 1841338582
-82092 7152523303
-80382 9309848995
17544 3980457094
-54336 2583781595
26486 8967119805
-57980 8552998716
-96626 8932619502
77526 9908020229
-28558 2295615195
44490 8317972742
44498 2156121108
-72824 7753819521
14206 2769781479
-63248 9437739711
93472 4172992591
23889 9084123442
45529 6584857528
-22034 3202697055
-69767 9106420080
66329 8689194900
71334 2628212738
30794 3285219213
-51786 534607720
-52584 2768147797
4016 4859949997
50332 643692405
14571 5069110030
34897 668020026
64333 8376846138
38106 2725509410
39250 2648993548
-62710 2942269641
45355 826459527
63899 3283356618
-65364 5927593657
48904 9550137553
-34310 1602441117
-17671 8823110068
-50404 9484895967
94226 998458962
-65236 3146271093
19834 6398173537
31666 5088484122
-51649 4276017892
20302 1874190550
-83404 8600854737
39736 8098441945
42417 2655437254
80104 8678347579
-47511 6350310490
94026 2527774726
-78350 1082082444
86367 5497219735
84764 5482007878
68540 8542617037
28156 5140399212
-87036 412287142
-13624 7755639613
-33264 8149762792
-39044 3695701594
27475 4837755631
52062 9450276655
24502 3255696279
56492 8051133499
95822 7190094181
51266 6304027834
-60405 7021280506
99388 882851835
83559 6721750847
-9342 5622955775
40749 7686680804
26196 464908568
-37726 3119939910
-90709 9063353208
79359 2154671596
70725 9288366352
-20270 6309839578
29562 5665949371
-78306 1124592715
-24239 8051071294
-94314 1744747049
9038 7084942720
30948 8810910265
92338 8835195517
62030 7753049913
9808 2326234567
-20650 7783603344
83599 9881866422
88082 3404641311
78901 933314014
-62283 7814347546
-19101 4379105782
34037 727693624
87228 1785307475
85461 6753966112
-14309 6115465750
-22101 8320958867
-27450 3762726341
-88262 5354511748
97652 3583254474
-6099 7624946333
-66505 3767514763
-49582 5873847150
-12780 5647238999
-40445 7907808927
9472 895399654
-51206 1660391997
-95670 6950113396
66036 8490025016
-22865 3533184654
-13310 6874122894
74417 523880701
-64632 5539327543
82069 1514831134
-27624 2604414553
48941 3838422801
21586 115342102
-81774 2751762277
12734 4092907783
97570 5245408483
94405 1103516016
-1672 5256687967
68386 2846463498
-22392 6021389120
84064 4067860560
-36670 3720974979
-66467 3008108212
24682 346423735
-75656 6691163934
92484 491648944
-66994 5246278209
-86794 7632734791
-66380 8693595898
14512 1988172964
70161 7040692837
51216 3333873157
12936 9270317390
29267 4856755836
-78264 1966181201
39244 6492219679
-89659 7451739889
-58824 4617456443
540 901948307
8020 632659362
77224 4210773693
-58929 4236554704
89347 5878949896
-7194 2819558192
-39065 9998119371
-2194 1417965070
-30619 4009041100
-98824 685087510
-17868 6432213259
83605 2600386696
50466 2713251539
-60713 750442410
34920 664115989
-85358 7419481630
-67513 8399384691
24936 4409518967
74441 961786318
13020 7238250478
-15602 7136137383
12790 1479526236
-12236 2707385887
49023 4170727022
10202 5285412645
72474 8339475220
-91969 6959845386
70253 9663010092
61426 9487686861
-1416 2018636945
-77020 3362656258
49141 5827413517
97481 3345089005
-63717 917512175
62714 7645306015
27719 4279510215
73787 9667572850
78380 4007522257
-27117 7098345107
40044 8201182646
-34005 7501769072
15535 1902240874
-32342 8789904070
-29414 6842072436
-17129 9480014299
21496 6573777063
-48207 5586505622
30394 3651759754
-51444 2802396712
33546 5205834052
-35666 213491242
-3527 9263028642
-86958 3504992975
-23298 683999591
-82934 1871431462
-61670 3121871652
-8470 2276312839
-41328 247151945
14466 1222432075
15396 3219399916
98109 3913943330
3503 9267852462
-67811 8981015718
28681 9264853617
-94918 7796495164
-12846 4337669542
-54822 1024805767
86133 3244084390
11296 9051505878
-73248 9651996610
-22114 3337099044
85139 2405290384
-44555 1669913406
-31814 1255371961
-89473 5165084136
62834 6089135400
-53292 4011297472
67828 2317032055
-52060 3204565222
9933 833571850
-67361 9950320974
24100 4616501806
23358 1551103730
-41661 4927588895
-13484 2669346189
-36460 7695723496
55136 2401198266
-3524 3015036573
28028 9803799280
-35567 3409685640
80641 9592645285
49266 1655111054
-25320 8219071054
-20259 1427695021
-38573 2207691486
19630 9962869212
-54484 7749098055
63171 2237236994
32755 5869448472
52600 6872607717
-89524 1045773780
-31965 1035351811
25874 1520650026
73062 3516579061
-42568 601846245
-39512 8042845540
57842 6504231949
12788 7819609980
77333 5060022228
-4989 1568035856
-3124 6741886549
-33512 8338376220
-20692 996044982
34752 2576544394
-86826 8950864582
64515 9884213476
-8825 9556117186
-62705 6380464519
77426 2422021903
56172 1700059154
-33621 9226391318
70741 3367713586
15487 3227801514
13650 4334657927
71216 7202522796
-37924 671472036
46389 4167659140
28078 5213888577
-36017 6964741300
-40752 3772076942
75243 4228010863
-32519 8277009469
43094 2755832169
29949 542297228
-62606 820769950
-52616 2405925465
-1314 5822409175
-86955 4604464484
18776 3913359354
44553 9347309960
-58761 9773425066
-18954 9562691918
68690 4506748567
72132 6326955121
-14636 6376146883
60570 7234683221
84810 3923367212
44863 719830440
91323 4689729727
81527 7429610070
-68084 1170169455
-18337 1587713538
8540 2484032592
-1756 7639645833
43870 9872857824
57781 8249170680
73912 6480450244
-19337 772148412
-17329 185980786
1594 444038001
-90298 7019182384
27552 7137348761
-88432 5850316642
42258 644587457
58636 2021677864
-35187 1180007060
-30690 863197169
-89280 8609983826
-45424 2183695915
-16649 4063547083
67059 991339855
-62329 7927975018
-18246 2970867848
-53978 6527643534
-89565 9626598904
-13772 1567444168
-34011 3839994553
-39286 8656573465
-59155 2281412616
-61870 1136695407
81709 1407579048
-23516 9040081671
-91335 2995064953
73396 4770906228
-63920 5336829028
13771 8634962503
71843 4491863110
63445 7695049084
62357 5760189144
74418 2809231777
-96471 7659317204
-31180 5455909753
8536 126905976
-30034 6089444796
-79671 1044199156
98239 5794646776
64212 4666262410
19090 1055723572
8873 4718886288
6131 9357708492
-38669 4124178150
81228 3315350308
-77289 597827311
39436 4090902654
67216 1846829925
-32212 2532812700
2097 121440160
58595 9523357078
-51244 2522374588
39991 2064606883
-34965 2714979316
-70245 2118119734
-52797 4943895602
-49010 2977738663
-94564 609002356
-78955 9161736552
-74610 353859707
-10422 3418158467
-95100 9608091236
-23791 361133374
70270 8248047499
41435 9607199554
-46975 5931262548
-19434 8072618500
79217 1138670056
-499 9874421682
48437 2004309766
22816 8352423501
-14125 1161859864
-33690 1506302054
27735 2598008944
-23261 7543564383
-57234 1547296802
-30730 6405416784
425 4019193754
88011 4421989567
19171 1125079170
-64404 3376715084
-56591 2657072098
15986 6632912179
-52141 5647853815
-50926 2317751242
-85724 997907200
14130 1640794624
93474 2995542149
-58880 473455983
41414 7381155628
-23380 224217177
9268 2637513942
-29056 3147633543
94055 7908870928
11646 3092277409
-54064 3853275922
-90706 8936127087
91910 9765337588
10697 582073909
-2056 8967652912
-73535 5102949556
-48340 190096771
-98819 3472576230
-22972 1450929958
-26653 4062751194
-28818 1065573136
-96280 3911061637
-49094 5266538656
-19138 1672068961
-45034 9273482992
-16757 2540202567
-97314 6113717107
-99583 8433027120
-56517 2774595118
-49291 4948081978
82238 2349064633
74408 802566250
45390 8132380931
-19336 2019854238
23680 356419657
42365 4756806969
19049 9858972193
-33163 9754861954
98296 5046029311
61824 7713524227
-71524 2848995621
75566 9992498910
7380 4324472431
-11280 6232146317
19689 5834374214
-57931 2707893520
18523 9257796952
-51142 4610326413
62444 5986224063
47384 2724210276
-48848 1168012039
12162 8296230889
-77176 2940242875
2258 1008351778
-90360 9786278551
-45233 5345382264
28294 6319818229
-41031 8118221444
21704 1120524055
-65506 611568816
-5945 987951328
-15435 7202684074
24696 1954849078
-10530 6467499611
-51164 6493079382
-67504 4872823357
-97406 8148225408
-15544 4936487277
48835 896871538
86994 6596401780
59022 9161253674
-27317 3990452572
-86771 6232844797
-80448 9522339796
13424 3655231009
81803 3951230140
-90049 8635777803
-71558 5148072975
72292 928047969
-17087 4217945617
-48085 3463673836
-56278 2938151289
17439 51910622
-24292 2898638892
-49072 4309902237
89102 3269975701
-83602 7865866618
67483 4957125835
-42490 5995987822
95768 1149715230
30330 6171193769
78946 6898591773
73729 3746472312
5561 8975807658
27139 1284061854
27507 2988001100
21043 6235965240
-54600 5048350663
-50134 8439154441
-66536 2673023535
15738 750362815
-2594 7290558414
-49654 3565211436
48419 1970213874
-48688 6324258999
-8889 931232962
-55108 8219445796
72401 1701380920
25830 4674964208
56001 1637288588
-31219 8530204888
-83767 1223353125
-12462 6749392330
41736 6476536517
68474 3065437467
-3841 5778636967
-88234 2227453012
64572 4126086401
-83568 7788253621
10895 1042177534
-95442 5703836270
-32249 6128055531
35615 460793931
26608 8584962082
47713 4599396202
-73834 900967011
58399 8434641375
67590 1704882733
99959 7136289019
44332 267116326
38011 7652624572
17005 8717164609
73751 2958511824
-86775 2727516176
52469 3088667688
-84143 8583839925
-77154 2865629492
-35986 219811452
28756 6565193313
15596 7673611059
-72126 9611765143
-49068 5085243436
-95760 2873250844
57656 7526321100
89584 916411921
-33815 893182041
-89518 3073970005
-80301 6059276908
58551 1769846951
68663 6727538388
-1492 5656060948
-18609 2163292532
93680 5032584046
59046 1706451565
-43554 9833714114
33612 6317032946
51111 1676280671
48467 7640295886
-814 780524598
524 9787713628
-89781 2813775515
-4811 1203843040
-62374 4580392831
-30270 9359037799
-53974 6103886944
72448 8262157395
-5665 2191653846
99491 4151992215
87665 9781040308
-32749 3890149410
17260 5411107054
86282 4683913945
69200 5765957254
86271 2377225478
-29411 783419517
24232 230406379
-54858 2180409265
83350 4145456013
71077 8886365410
-80526 9743938250
-86189 2036542771
34914 1398519158
-21207 1413544733
-12751 7492327461
-86464 1394071966
-68516 1869789844
-97432 2978863552
-26570 1507356858
51092 2391216834
75890 9022251642
-25142 2601889573
84374 7700382280
58761 8367793364
26206 1598843800
31345 7530291358
-18483 368600096
-64185 6588520883
13040 8848307104
765 2497956698
67204 3255063642
64052 1885924330
53636 7894744201
33696 7099461640
64736 4981038924
61553 6646616257
9635 2774733943
-55374 3058089884
22215 7039848698
-38745 9055269571
21451 5493908976
-39414 7007344124
84230 3765477291
13199 794933931
-23870 2756312958
-2700 5920152641
-63219 3771752542
41000 1972691113
58324 666402417
12362 9492241560
26628 4179768598
-94354 2550205503
65982 4844808380
-95121 5368679476
-18230 713416596
45845 107499568
-97235 1034357404
37319 7039800930
-57976 1555568302
85485 6155578702
-66294 8770640395
15997 521026546
-33841 8798535550
87961 1345095088
-49545 9942943367
15724 9486464019
79735 9156912639
-96336 2925917075
49045 4405166664
5788 8185333635
71848 9241464492
33835 4437683668
-14740 4432068327
47571 9203994308
-9944 858712783
-50932 9626373405
-57664 2931289605
-19426 419903079
-32833 294325464
-39946 4994053257
22136 1379488417
-97724 7252178061
-6931 4743284332
51603 2727346202
19124 4423532877
-18440 4162122868
-6449 3471935926
74969 4600027966
-65210 7392428563
62534 1806573681
43399 1034308810
18261 6762088600
77376 5502479276
60134 4879349265
71806 1360204020
68399 4706286130
67776 8514388664
32651 371066235
62899 261370612
-7635 4765320566
-51726 9891973472
-32873 9793995580
63254 5821396399
20482 8214164106
49313 8348974278
71652 1053169976
-49736 737907574
62891 6698909035
-24948 5304307450
29324 9360361728
64467 6631420546
63324 5366826743
50698 5629859983
58449 6643223161
-88251 4068612889
52080 8174418683
-61408 4310351146
-73334 1836056694
77397 1132787825
-98290 7901129403
-1142 5064592890
87437 1540960714
90935 7400893228
-28740 5243751668
-71497 3487343842
-20106 1611492875
39602 6163263526
-67519 2231492814
4817 6539760984
-84322 8411018482
-61330 3909364461
47802 249559174
80094 2909407957
-11022 5721102310
94089 7614404008
-13746 2612334527
-64350 8148595516
97884 3869359600
44326 7447105296
-4627 7416526600
-25703 7635293314
-69253 7171309096
-91960 1901708449
59299 1267792848
35731 5949143988
87964 6355181175
-72086 6231017170
-80520 2149916177
76306 9456917944
57488 6196311532
68874 7575871609
54592 1909539636
-14260 9048536569
9350 5300024331
78268 8372881455
-20881 9919833018
-75006 6057964988
29226 9555524167
-82429 9043001895
95034 4433839882
-70739 6163663932
94849 2194437838
73026 1696592393
42270 4992185888
-75763 1854009016
35017 2585099260
91005 3146724058
54516 9058063322
29319 7119325943
-15526 2104764019
-19812 6241065187
-17460 3267351347
63062 8303228874
75844 2834400220
27168 9490721252
9176 9572894068
39860 383178552
64514 2128490340
-25401 4288173910
-69570 3966065351
77211 4523487944
-28018 3773047989
-39026 4504348225
-82861 4028961942
-90566 8059608618
-78933 9730417439
-73535 4041283678
-9107 240469425
-89033 8909384955
-43537 6870543138
29309 1334636206
1456 3208185232
-2229 762386248
91071 5171911544
-54513 8157790244
-46260 9346180462
81491 3160711056
38341 469395313
41054 2631013929
-33940 1407072271
-81786 7707892241
-5281 8206978347
-86915 1762605634
-76450 3522632506
-65218 4907164755
81184 8022467223
-17330 5014812334
97487 3024603091
-52631 7151286073
-77309 2582263188
-25961 1987536762
4252 8479181035
-62260 3221129466
-94077 9632686400
27381 1427308084
98206 9238803459
-10631 3634746817
99074 9218631996
3718 8111588128
-58042 842766273
-17484 2654443645
92052 4208405291
-83147 5712462108
40086 2379531470
93258 500928623
-9559 9458377632
78876 5889248332
49160 2628893449
-88830 9519655874
-89707 1705071108
62558 5386094092
-78316 9994374492
-39278 9666290049
58966 1022468584
-56552 7030755858
12056 5453078574
81665 4204593796
582 6644797334
-11276 4910415577
-99366 3659086186
-97010 4094100006
-56425 7881681703
-88840 9338086047
-28446 9942321706
-65000 8875679403
-73925 5002455574
-65729 8478572680
24829 6822379449
90427 3502673890
-99165 1005441922
46179 7892515102
-6469 4434038667
63591 7280008147
81711 567278174
-84361 2512925634
-28599 147608665
-4576 6311710977
-90597 1962321518
50606 8398841698
43574 4189908973
-69150 4310703388
-23339 2005954998
90838 6712326723
-82409 1325086615
97678 6145540048
-2504 6058935097
90960 1664461307
72374 3758358283
46186 9582183705
-23747 225284980
3186 2177519735
-24091 7799446650
36326 8272575196
63822 2811930380
53028 7773946595
33143 5953059088
54940 8069148852
43994 3097885539
-79939 5733162657
18134 4084903446
22140 4267834837
61188 9354869702
-7046 8330698642
97477 5236342965
-50052 9002185223
1974 5494487357
57526 300749581
76118 2995194420
86891 8596155808
50558 4725389110
40939 4865326254
56406 6044760242
71045 7139926282
-36179 3793790466
67802 9117808386
48610 5418746643
-92294 5164848261
78724 9952784656
35853 8821860692
-30806 3773924388
-87434 5687740603
19974 3655334143
84661 7845499081
82213 7773925632
96615 5991854287
34398 3622096690
-18240 8792941454
-58842 269714177
-91000 2320625059
-35768 7294304349
-16589 6500398870
-70899 7308041228
12775 6169935544
80256 8568559784
-62814 1230291538
-59158 8296877076
14732 2160237045
-43306 7742739111
52233 7344444628
-86060 6951733356
55761 2022338950
88299 3096254530
-72211 7270619364
31219 3709383034
77680 4614720132
-97580 5082784389
-95296 7237630141
80608 7308058353
71333 1908659038
30652 3040416394
30760 4398696334
-31708 9935567565
6504 1487024032
-93805 6899517859
-17495 6295960392
96942 3240128120
-10872 7583042942
30147 4605106936
85907 7861722975
-24832 7850380498
-51958 6399775114
38944 2830036374
11909 2587995390
-83394 5190327053
-61331 1392666102
56559 5363902156
-66562 5187874680
-7704 3771635870
-79165 7697711439
62763 6029288567
-55322 5922896542
-71624 7308643576
-89032 1139226610
86724 5340072815
45971 6121606827
-64631 457244724
-66226 6063412822
-54458 9789092689
-53084 7591108053
-31421 3160160995
-87664 677760391
-30259 8360894596
90605 9680517522
-26478 6251172989
-7052 1941735285
-42787 7547469912
71079 3311525587
-9428 3699936321
82792 655371859
-56649 1634508646
83378 6994341123
-88799 841932409
-30366 8530439540
-57171 3394968116
-78464 2847596601
48106 1803368113
-62847 7421283958
-66685 5832774096
61415 7606542631
-39451 1134045226
-36121 6491682886
69641 968804749
-35535 6620850848
-25777 3573707320
-89873 2177452590
10644 3901406020
41596 1944115299
42562 7926390420
-7224 2928985400
56072 8393227210
84871 4307999022
-60664 2265122220
-63597 7068618023
23134 9333620902
-72500 7054809099
-81872 1168886080
-37734 5679142027
76309 5718619009
-891 7643710658
-94981 5131454754
9414 4575120860
2248 2418942657
-19322 2792659978
-95940 6283918312
-69256 7757316684
49599 4150018718
-79047 5049705272
-17953 685465314
29109 3996639433
-90033 4471237876
-67921 731602438
24652 1552827321
-93806 8813360247
-15487 7038547545
16474 2221204174
-89508 5107926260
-41961 882366148
16300 3248892508
92595 8794331239
12937 3004347789
89486 2457003232
-24835 1676511112
-11700 8453475794
51716 7350002259
28634 9738162427
61435 3968280774
15852 7995437954
-91701 1776962398
93773 1626449980
30678 1613212697
87233 6476414733
-71174 4168867582
31736 9261404503
-83679 6769593376
-30014 3804544956
43170 6491114309
74175 2202080207
-28240 3471224176
-52951 2871791314
87363 9349298032
-17464 8174324842
-27732 5487424165
46452 5309855720
-22542 4771956098
-11288 9953282076
61024 7712647978
-27679 9812194365
57624 8913247817
-55355 8334605364
-85538 8402547754
8204 1137279058
-20956 809482884
44506 1574361546
-91398 2620995064
51224 8992411468
88818 6700735523
81461 8605564554
66986 8747617408
71467 7857232170
-57704 1896733224
65285 868308334
63163 1385485530
-62791 7841941789
-42966 9003358160
-62578 7447638789
-60539 8645557029
14370 2401091834
-66538 8395994695
-66030 9416219642
-50856 3335517707
-37889 5004493914
63414 7837249412
99738 5749921088
22344 7013663719
-39730 8841981853
60782 2887684396
28000 9579360412
-849 6407182010
-51566 5794367623
-44692 2354699275
-87117 3542621752
13408 2163433233
-58762 3792336307
43709 600009697
-69625 655054014
96782 3134922360
-16772 9447894022
-67382 3620390703
67410 8873380438
-37983 5635765621
71555 8058792463
60954 1437041281
14925 2901532784
-54653 4839558564
-15751 5116465206
23135 4417917984
76023 661385822
38199 4011192820
3046 844936561
85016 6735205105
-29779 7526222628
-61125 6946444708
57406 7268317009
28169 6592668486
-48230 8992875786
-29316 6097740395
2694 7520789867
14980 6982231426
63881 4293584937
-5532 9595198100
90976 6350051488
-34787 6598852138
-40549 5131614924
-82351 2843005362
71431 3334858231
68496 3204022175
-87833 2243107804
-9589 8029270488
22251 6910808339
-60499 7820461180
46090 4088219299
-34174 138666405
21964 512061619
-25034 9087124588
33977 9203879506
-18595 6834503137
64212 8891368969
-57614 4325484009
27927 915408866
-37193 3633812160
-36180 1399401367
37742 291255436
16854 4451362126
-11899 6669483844
-78402 3482167597
7250 2154355243
-33310 3479120521
20112 2818589545
-4657 6456874495
-6768 9107577284
48796 4553037498
29782 6875082645
-26906 9483316863
56416 2472869083
-81763 9492006790
99406 654026448
-13057 6738733828
25590 455348026
-88484 4038268048
70081 5134349206
-233 3872251575
86679 3916821059
88086 7391267996
89973 9916968050
23844 9578855444
-13112 2294729638
32120 8867150277
-82126 5177950477
-65796 2424550664
-52954 9240019623
98230 5171926467
84516 1502033543
-31508 528349024
-53475 6110374736
-26125 3488997391
78490 7961671869
-43399 3403240848
-25850 9629111062
-91466 810027006
23704 6418432489
80937 5648050570
68230 347588187
-73539 9617537932
36562 2399932531
-77539 8236317462
-76295 2914770688
41573 4550613462
21666 4223483342
34372 7195635319
-78921 4571619206
-88822 4031490837
-8944 4228042018
52419 6963866672
-22784 1959994203
-2936 1085457190
67013 2207383500
-62179 1883946210
-67604 4078189081
-45510 1361242144
-66379 251702008
57701 2441719965
72118 1986709708
79446 1881019391
-24669 7195407560
-87714 1355635660
-41025 4174659544
-87457 5182322970
-2061 8228869507
-97522 3535165542
-70490 7734190426
61532 5582599351
1480 9421471056
74757 9894716645
62439 1701703426
-50642 9640619478
33922 7430621970
56144 6065345916
-41070 3813144394
-22264 4999239255
-5558 9972261504
12725 8066414797
-58486 9609291652
-1984 2464273344
5381 6972664228
-24378 9908641375
-95836 4606026258
-33156 5795735413
-25711 4889708268
88648 862919002
67768 8987235615
-86137 3098543140
70281 308010346
-32824 1169495796
-76048 374699625
-62603 5609151826
93679 6545698303
14279 4297055595
-31419 1760492860
-42709 4217831655
-38617 1088448903
6734 5215499281
83980 3380058564
43310 8020345467
42269 7720275238
71754 8334114122
48124 344953324
56736 1261784407
92260 2202090079
70847 8291486374
-80262 9747909532
-81854 9698206807
-70989 4638413119
83966 3960613579
69835 9310307296
20311 9630176340
-1306 8015321551
-95835 3216380116
-1136 1234218627
56962 2233254840
43996 3441558828
-14631 3606417613
53951 5317042372
-99668 6731066016
-31112 5907997702
96571 8607609747
-40877 189895912
48858 3797471098
65750 2048138898
-42953 8757948991
-17858 9719611636
-20399 64875837
43519 8285063284
-72189 3124810780
65371 2293846735
65975 7675214127
17544 6213881026
43935 1744314071
43986 4161802921
-51540 3625420828
-31128 2976191255
2181 8126854568
68417 3228605920
28580 2653591902
-24746 2004177097
33408 2367755843
-83501 6856185414
-25338 9272924231
3774 5833262399
55964 4824783924
-93918 721603895
-85894 6973358634
-57646 5774806108
46145 3809353446
-43738 8824341649
25294 9087566980
78584 3267969507
72631 8335555539
34807 8488588894
14227 5239877236
-64867 2629247358
-75000 7885041818
3192 507850730
10447 8082454486
-10227 3318478282
-23586 2080994585
-21101 9063805815
57707 1648315351
7305 8355490916
88785 8987840806
75877 6023628856
-8561 4042520106
63051 3971068556
-83434 9188911482
64454 4775086143
93292 4479616119
39454 5663511186
-13020 4639794452
16054 9529866076
16314 7197740402
76859 9831345855
-78650 5841975454
65793 8200191772
-34484 627264810
-429 2780268347
-37675 9838326421
-23599 9068692986
34547 1400337910
-74256 2397047132
-45815 5007563752
-30150 1190960576
17286 2546687648
-1814 153800806
-13166 5022163612
-23996 4806950157
81232 7067293020
-20454 8578222151
-32828 4888914360
-68834 7459876092
58281 3430938026
62248 8748720567
-16636 4071612513
35362 4055511745
51664 4958258649
-33386 3081001512
-81030 5936962843
-32623 4072193229
-62016 8531455465
14964 1910370863
-45063 6756036389
53030 3256187922
-96751 4240800538
-51486 433091834
80702 7688177215
75149 3736282018
83588 9637815223
33890 4679337804
8100 4604914012
41609 5190119917
17496 6634040606
79369 1183377472
-10458 5590453435
-60696 833601556
-8096 3286018729
73666 8901614649
18228 8721397355
-45431 4857455200
-42806 1669350229
605 8651302453
-52745 1471268128
78381 1271102249
-19086 3333459677
89804 9076539265
-54335 6290001514
49406 6812641540
-61029 4711652795
-81524 3477160896
15260 9259635376
70287 5056917415
49293 6923391170
-91920 9582704582
93084 4690064108
72059 5805889146
55678 8298982630
-11528 9751108251
-18126 3353772497
-93024 513433757
-19101 4342856759
50661 4602541744
-21924 3643169771
-82235 3775597642
65578 3977952295
-9976 7636159254
-59524 1051656828
-16596 7492904926
-7339 3634537030
-23433 3416099440
-47434 5739253969
20509 4602243513
-17292 5779828430
-28960 326718711
20471 5847694626
44965 4757454396
-12890 5969476327
92374 7602899143
-44035 9131652573
-20974 3841913607
6063 9982898770
-44665 8070330118
-86006 2975327379
-77354 5258357127
6028 6603465220
59739 9630843719
9586 1070953456
-36655 2461890834
47485 3736394152
-15214 9856140843
-37168 3875960541
-38971 3444105741
73219 3600627331
67179 971047534
37537 8754639265
-68428 7619840011
-38911 8871518997
12214 122119597
59687 9134471851
-54734 2427013257
74713 2311706377
46862 8310203050
-84134 8823903291
16780 1287767508
13004 1043866779
68054 6798343624
-39351 8014966762
67283 2228295718
-60106 4653581065
28106 6932967618
-74176 8439523494
-28845 6568161404
-40424 9814410607
-56674 5098661215
66238 8832838422
-77295 2174750609
81171 9074536187
-57484 6273534579
-24265 6760498788
20430 5219745571
48368 6835940098
-48422 8944918638
-95004 9582912725
-45562 387329100
-77401 1931576343
-95215 4044483601
39505 4805856901
35021 6296279877
4457 6391565790
-55250 757701042
-35334 1673651290
-46648 2034235909
-67180 5353528053
-31652 5945513613
47341 640550809
-89937 6454272512
-15315 6589443493
54324 5842759096
50125 7373917081
-97759 7773044844
-23062 6788122527
-31404 2843356553
-90630 6583943689
17441 3151372036
83245 5029027968
13493 6077841633
36735 5260653878
32657 5813387521
-45804 1441939298
36644 7126121532
-40920 8449647722
-83816 8852585191
-91558 5431574929
39855 588394064
58548 621852770
-13969 1467050104
32464 6380262999
71048 802280500
-17040 4818927446
-5664 7795881715
79785 8278386917
-31765 3100622572
-23887 6045673533
-65151 4530858010
-70100 5576766243
72153 9117681170
-656 2410259596
-56420 3399232936
-19197 4527530435
12274 6064787836
-95211 8805413066
60414 9674716667
31547 6502243840
82577 3022886506
-33031 7013319364
-47363 1497771681
-67814 8933981812
-50151 6289372576
-93601 7249910086
90541 4734641554
19290 2687265037
-9442 984681352
-4002 4824703538
-79506 2170684858
-9552 8181405197
81082 8864578776
-42506 2190271563
38196 7827185740
-87533 8358847734
-5976 8921543873
68916 7401199082
95955 7911059231
46613 4038878985
-44132 6528764773
-32169 5344258808
15316 8978800626
-30550 3582417969
-28927 9529379233
-73640 7697691351
-36529 4940471967
-90519 9895770016
56408 2557811065
89946 1130333179
11965 9639366382
84828 2855088028
-47027 1668464353
55540 8884771048
-9511 3428855818
67175 3313153104
-4254 8689491337
-126 7187950873
44272 2040869670
-73149 1094430848
76798 9792777735
-85414 4352674977
4270 8530566567
5184 8086053215
-90568 8928608001
-44661 5831934179
11963 1687700007
-30815 3676025529
-25856 1639188093
-33915 7623586753
92063 5468415292
-72517 4561890628
45341 6497668020
68509 2525466240
781 2696553700
-1465 2446900414
-54048 7030207420
-90777 6241064902
-70613 399911446
50657 1161637365
-64755 347801269
36754 2965210692
98242 8437001565
-57506 4807794280
-771 7200213905
-69399 560500604
83621 1863012172
94042 2274809784
24658 917672752
62236 3077549758
-58799 2781941029
23522 570114736
-46905 7184633999
10251 2663130200
-55976 8382597222
-93016 5565478020
-31055 4324986628
81745 8154049948
28552 7028449471
2239 353756466
-2720 5315544243
93934 5071074769
-51363 6647187065
-85412 4232229667
86748 4784349007
-27167 5322063045
54464 9355442490
-22811 9315195882
-47060 4741456623
30438 8009624917
-27308 9767146816
54531 9774645610
-30265 4380501859
-84532 8598394375
49800 8916368476
3534 6509649286
26632 9797942829
-66035 7141387489
-148 2404515345
-11321 9342191704
30326 8574343494
40562 2397754489
-93571 6178543806
-42466 6457076236
-31141 4809507492
4001 6023259772
21382 6999743431
81165 9074667836
48764 7257563325
55084 1010804965
-22291 2384832870
-62476 4369265059
-30158 6929174989
-48266 4779044739
-78212 7851716950
46486 3469933870
-2154 5456528062
-4236 4857883604
6979 3978184662
300 9069046303
-7108 6723136845
45717 627120704
-47265 7982048131
46598 617788663
99881 8460466357
65658 5427142433
-10794 2309791408
-3213 8383616711
72889 9559973710
-18102 3683054480
47094 6774877439
66874 8245252257
-60679 7185898330
97762 9940988055
90162 2597874281
-1381 7962091992
83154 9735271922
-96049 1741557502
-94261 5002820902
28540 3606359001
77757 2099438630
-14048 5703759594
43 9324970710
96986 6684139905
87209 3801540076
-71540 8186439123
52107 8271581170
-51004 6107810691
-54912 1490053747
-43393 4477405231
-67784 1355133367
-68491 6961821840
21092 665459989
-68322 9533835280
69846 7322807426
38702 880514860
39524 2775387025
-52071 5922448244
-5074 2607613185
-90597 7900537382
-65177 2863234270
71468 3222686190
-7460 1160397259
48569 2478391060
-56798 7506180789
-63043 9124893505
26164 6762784449
-71459 4319963820
17274 9377675686
-26291 7998084618
76240 795273124
-66580 9185908884
92219 3300794790
82648 7928951442
13466 7066867648
82393 3923056560
42062 4603563111
17551 556468942
-29303 1500995100
17586 2738829223
-2652 7366653188
52726 5612526343
-40986 6468227981
67242 8641395584
82360 6025864423
-62704 6710891686
6962 9735523324
-76868 6545734666
-99609 8777359354
48357 2631596585
-53690 8116100544
96255 1658134207
89253 8765286508
35302 9704616091
-46610 2316921339
28742 7100256816
82499 6610671379
-9049 6233741032
-67411 4003006833
-67411 5813819604
24894 6704858359
-30357 9117174118
-18815 5065595946
60338 5979388108
-13691 9166851790
-26316 6333004660
31081 924359097
13479 9699547574
-29331 205552430
72390 8845476284
33744 4985247940
27220 4494543276
-29816 9565496161
-27366 6217925215
56241 7329703613
-79587 1960310452
-99910 6969841089
88956 494935319
-81676 2692640335
-70675 1073227912
75590 4970229477
20954 6164160013
81647 5378185155
23574 6291357517
22962 3049303475
-12379 9045634321
76635 515479804
-53470 3679960684
92591 8577609714
-62916 7533966884
-41742 3452587747
-12538 6269893209
-91786 3613973592
-57426 4130128850
26126 326050210
91856 6645307057
-66834 2770586746
-18187 643774722
-57430 3829025089
86256 5144383871
15786 6717369094
450 2091627149
-44940 3754127611
92116 9950710261
44855 2819199744
-19780 6314020959
-80464 9629540626
87253 3913003765
-43235 7686994632
-62992 7859019702
23407 6427144156
-54807 7951612990
-46099 254365453
25567 7854499540
-91780 9704928628
-87734 5449070866
72030 3521860526
39445 2940153048
8947 1150206820
38946 3666705263
-75266 6074970502
70346 6369598974
-92710 6148684743
-65181 3825614410
-68881 9394381627
-47811 9497530961
-31021 8693606850
-66962 959753665
64680 5089082057
-76085 9449613747
419 1801016923
-91525 5380516911
37553 7758151065
675 2478291124
-46209 4331954956
-60359 8786295085
47539 7058787570
71073 5938824832
-68626 2993695546
-77245 9686993454
-38604 7523487065
-23261 857438772
-55310 7566389512
20504 1613734753
22286 964949536
51480 2552969336
-6510 7119818644
-25361 9775031742
12136 9498670834
-68939 5278166692
9286 4626812202
-17584 3477883225
-91629 5639511436
43982 5353883475
-50236 5603684838
-5391 5644419886
-16504 8132496270
-47213 2531914411
-94774 965629207
60960 672580471
80079 6166616714
-50636 4731220452
5144 5317658532
-57477 9688254778
80616 9446146720
61682 4119164340
62810 5875673647
-97880 4313342448
53754 3625370513
-44964 3973750198
-93715 7906318848
-7430 5509580923
40519 2699777079
-8434 8804729248
69809 3307769398
3209 5079846517
1977 806526776
-70286 9531423477
96936 6835443947
-11536 9660793693
-84231 9426240172
-30079 7837914862
90979 8910534298
-61549 6729784168
-61344 6984765038
-90174 2328402139
60986 5608901530
-14503 434526081
-19097 210715930
-79523 6363707134
-97204 8847852268
65917 3171534841
-24360 4049809714
12340 2215314337
56190 5673124513
-54618 3317738195
-71006 1652944911
-29076 7961518316
7897 7078873929
-5336 3419535703
6958 6578277988
-50858 608269026
33576 1365075784
54443 2238490188
93019 609059790
-29553 3663694294
18566 3989559267
44552 4605012735
-80937 1420719587
90715 6253477003
26760 860680573
75856 5816505894
64586 5354893068
-41991 9698624582
-56376 2673746278
-32112 9606644008
-17842 9894387838
-29594 8179886215
93494 5803856482
-75754 6800492457
-15459 1111361014
28516 6987192444
2071 2836437210
29779 47074279
-88049 6229870248
96298 4298678845
61559 7902451368
18741 9033105085
11610 7556575043
-15924 5102190005
-62620 756146121
96856 3541470091
-20248 1191325165
30619 4275781782
41878 3359685507
-59836 9268721418
-79664 4549524931
90436 655018995
-43066 3401216430
8507 4035817794
77325 7201444714
98690 6244907367
-27539 658825678
-11492 4404703960
-29943 1383840044
-62730 4763814517
77700 3716018209
8149 1931939202
98594 9457032982
14788 7507640227
9204 8336638447
-64473 9782166874
-47157 2114874910
-59796 1667144285
36087 9148542695
65207 3192662454
54111 9610658374
92734 6064940773
-80229 6117040324
23505 6554079502
-44369 6986986912
77425 4436850901
43372 3685049799
-2942 2506686400
-80526 9180064465
-6974 9459234039
-22312 2890851045
7856 9969549840
-22075 8552118136
-72479 5008818684
-55050 9937216847
-42399 9635340373
92129 1173070686
-31587 583020320
17850 4207105997
33380 5123469598
-30568 2717184000
-61482 2822646535
-17401 1996079880
-21508 8625775344
42151 905766811
97881 3167011262
-4377 3416468680
71766 2419227566
-5418 4334490910
-94462 4728002355
-89532 5004247547
-51631 2382437625
-59046 1038320948
67634 474567709
-49077 2165174327
-20541 4586907970
69586 2815571787
86045 4272333084
6717 5245427990
-93642 1453983773
11373 9372667652
-9687 4250836142
25441 9277615548
71054 8327401447
-76466 9421425616
-95049 6535853735
-55675 1827754534
-28632 5568379598
53007 4717908160
91304 6716336016
-66513 1612122574
51900 5083253077
88741 5898448150
-46352 3935474758
71162 9510031276
83869 4785450378
-77591 8167916461
-7630 7789678372
81125 4352043142
94101 3699789400
-59198 418117026
-86051 5131311040
-81007 9985641073
-71777 6454647072
59926 436559313
-172 7704353962
-80027 5821706692
-30559 2697231420
88817 3077388045
43230 3567174322
-43794 8570650810
-49612 4138579860
-39098 1796967504
-53108 621559464
-58354 9165053830
-27915 1739286961
-17393 5632766556
53030 5666424961
54106 2954187270
69682 6911199825
91366 7357078026
-29502 7705279135
18452 9959441796
16864 4318804525
11955 6355434604
-51415 273524788
36801 2372813956
-33043 4413402036
94882 8934607134
71810 8498615356
47782 3237450084
25429 6358885249
19341 5070864592
75924 6265437830
84368 3067953975
37491 7960207112
91125 5345583589
-24744 7621498472
-91032 1497957962
82586 5215190926
43119 5457037216
-16722 3244436965
50986 6270232201
81251 787013695
-80603 1756688206
-81694 9567111108
46185 4469695076
41527 7703889726
66986 8010281556
-77480 8366678721
45451 1232666043
-84761 524091211
86328 5445380312
-14094 683202688
-55969 5617254804
70242 1740772754
-68965 5854881456
-87598 4758603189
-95674 7109365087
55163 6217113238
-40763 5343156696
-82163 5824641964
-34921 9126487911
-94241 6819968310
72856 5701489122
-4753 4681989676
86614 3277832661
96263 7442343768
-13465 8569316779
-91924 7980851361
36454 269353164
82149 5957709401
-84336 4396853798
91305 9296672728
52304 9714868530
14660 5778176926
73608 2507714507
-23955 4843028576
35040 8534359144
23666 6644715271
72539 6509049844
-5088 9892810574
65071 5284853679
-65111 1499696086
83179 8616290884
96781 2667093589
31926 2759296199
-50891 723975253
-98240 5372516839
4668 5915100427
13948 3663003213
-59545 5851003566
-37910 8756499253
-23479 8703864696
-5880 3047969771
-68331 7950430042
56929 3202315821
-24173 8350231624
49705 4180134396
98504 7732629268
-44962 2816637625
41138 6121889305
69249 2751841345
-67002 4257162763
31105 5283621114
-13099 7397428950
11187 4519418354
-47224 3946875565
93401 1016986986
-776 5924163742
-79036 5551589002
-12896 6883196950
19159 6154514755
