79187 240378615
63264 27007183
73451 207791947
56189 93567780
77714 281224239
95355 168518719
66787 179183419
73754 974217
97848 85265692
59763 55911563
85705 13820718
81782 39954811
85271 18668464
61991 152062110
54864 143087633
83002 2865034
39508 3049500
60624 11317346
62860 120069324
72179 243414006
96068 254995597
70669 26008606
71989 118518666
52527 130365835
90578 226093747
82927 216069514
92026 336392062
76860 81966172
86689 78527892
96821 375492822
53044 3246996
66554 6142906
99587 327880419
84242 246819265
38932 683086
33266 28204960
48254 63921264
81486 270835475
51316 121035252
68828 51579820
66996 4050920
88240 10677801
92166 284657869
84485 326511352
86170 281336521
50349 85613036
86524 143089225
34721 48652129
48783 28877642
96062 27258126
54564 100031800
79231 271523326
63113 131731705
78710 258924157
96660 122209718
48776 82491754
91095 369228707
57288 97122178
84979 97171719
59305 57075649
45878 47869642
92280 319126696
56855 91893399
82238 311903352
59277 22258634
89861 51588856
51051 52151123
90340 357783319
94769 400417702
92118 70824098
88289 16043046
59828 101099205
52654 8241748
82819 334273899
84725 262972948
90786 330611378
80846 59158593
72704 69634378
98954 123563140
99466 313812601
46478 38841225
92278 343617783
88726 56742327
83226 199542413
76191 137272240
80432 5714290
78441 253173602
71112 120339064
76939 154632903
47240 103872112
98778 181326788
41703 40814723
96289 140086357
77506 234750583
82761 97344646
89722 72174270
88223 26057128
91639 201849070
57074 65673871
57068 26353287
96396 111645313
94730 382875658
74448 153818263
43876 24562605
93218 72486795
92178 181733015
81396 173937344
69051 73131659
95798 344918233
72493 98280942
43371 12790147
48875 77587083
33311 47948064
76796 225051079
65976 72732239
98635 125995539
86706 81316777
80725 257722906
88753 216043870
47396 51912838
84440 350941293
72417 77562845
94667 51151356
48629 18303378
71382 208528535
86870 348037252
66282 23313875
89626 301596024
68190 60280646
97450 117705048
95661 415311862
39573 20278597
55476 31996028
76066 274922505
80666 194765223
67651 22990276
77797 294364960
71049 191894798
54752 56880505
60577 2968510
75524 97677390
89615 164907366
85999 238449148
77582 52772476
86407 297275824
58991 56382811
49959 54288626
25381 22956093
86569 32497929
84524 343658325
78628 179829987
42171 17674652
64014 17521877
67763 93587200
81945 199788646
70989 142350961
83864 68674480
76584 38393915
91005 93580129
90422 13107871
35850 29022242
84432 149471389
98769 269579956
78812 115355151
67134 81511483
85392 322656565
94087 138969000
71745 1228156
86983 30975082
23745 23058562
76279 242970952
11619 4657210
72639 139105595
85943 170994348
69401 71399782
68801 174734317
74354 63120852
88704 218636945
58162 15807510
45632 92005369
74401 35073720
84113 318532842
76858 239039452
87945 919964
83324 27105186
91109 220048977
66181 39754830
71763 205673432
93551 127850220
91543 290660247
96829 334949410
98140 118093773
56835 142910956
63474 170908709
61120 170316633
84243 220929860
91093 287234953
90766 328973776
97670 105242956
60026 89405844
68918 187157398
59983 148676350
74527 89697030
91965 284991116
84039 144966451
92097 48388921
98752 64562100
96322 348467911
90372 128424535
98062 293802555
23650 19116306
96973 258206608
59575 173782806
67064 173101218
89691 340362722
47218 14042512
77126 37509600
37162 16848819
80876 240147678
96413 62840545
99790 457570173
98900 322207182
74245 83660008
74726 263118210
93501 177885973
91664 164155932
65322 12869525
77532 102201436
70870 164191428
94672 383483730
80119 121670172
73031 110950390
50461 109836709
91276 175278345
69079 44277148
47191 86937198
73336 231595879
89766 284662208
98334 137613727
88382 221255409
89504 92318517
78476 164908056
87577 272074914
62001 62896466
91300 324473964
97750 466307899
78074 239819752
90064 21400479
67226 31826538
84401 320812897
79056 166144030
59464 55386297
59510 86470141
78151 238368402
63888 102693175
85572 220499765
60178 180649200
75978 8199538
78482 52924495
97255 359669752
89144 161430616
44837 99987784
67470 146319164
33255 27146764
38251 35957878
56765 38512086
96306 20636167
86760 70264366
59122 125048104
85649 167219704
86851 168456780
97278 414321340
82441 27666189
97816 63137916
74293 119818362
65160 31581668
92069 416264617
35308 41810278
85825 172662969
78230 260834374
91454 263840197
69491 139853716
94940 346368021
91267 201331299
99604 200969712
52331 86452602
93050 378715806
68090 187076227
90638 328093533
91864 251582851
85036 245044774
84441 208590184
99673 485561598
85085 290541733
28194 20728964
83803 310267723
71500 219852831
69756 139698233
16529 5287890
98464 316475478
52051 115077774
48085 26037433
59959 38086183
67736 225492882
99966 224648468
95816 406652638
36056 46519113
75186 13964296
82615 250894632
80394 314856203
75176 121319961
89736 138057262
62472 163469636
79401 177985217
86299 16261179
93973 212959117
97294 352333297
77988 238400888
41929 14903797
93119 424778943
74982 699425
78263 30196903
69640 137715333
19562 9309669
58722 131046566
81532 24414576
98594 20894607
49496 65680996
81815 245937319
99989 161227258
66414 134493868
93916 165607242
21504 10736422
78985 25637421
79411 170423875
85408 270207420
77953 113140188
73702 127347796
71082 58453631
80188 305003247
23738 19624903
54169 93497145
64572 102920336
69236 156810906
55579 47799772
80183 89581462
57734 114236796
60360 102892652
65385 65851858
57678 43247035
44006 262732
89963 336791332
99714 52579996
94247 441348970
56774 17125152
86885 339353616
91500 148488734
62691 80135699
86029 21119038
90396 187430062
90195 380302499
83100 22998094
77396 237515137
76524 207817373
86558 131228808
76476 290476025
27981 36992500
80398 196075918
23521 21842173
79988 25463160
71426 147534373
97628 307244170
86362 129771450
94789 415523313
59225 149791882
95884 140530782
51753 51682877
69661 194952577
74582 97043520
77282 210574359
92971 186979038
88069 288798984
96351 286745696
84493 100493638
59666 36342201
44614 30255846
98274 112874458
95794 335930536
79748 142828770
81212 99480246
98169 148557994
97525 321781824
95556 212152660
54824 12358438
96803 401459118
80523 129510655
95331 363982163
77442 19780471
90178 342823405
81607 321565780
84164 58900875
88550 268032916
97395 467797222
74827 215512399
72626 136312264
62939 175770543
95654 227852401
35554 15740844
55864 71862703
91764 381456490
61640 187835158
82149 18190790
59884 43945702
99733 298638892
83513 308263002
88334 241425106
50599 11515822
69200 191020656
28762 2776206
93799 101856210
72636 223151498
91659 95189659
93146 240189799
92505 187306586
86418 315264583
80449 85843221
65556 40368961
88614 104021090
97061 300951204
94166 439404477
91807 146661231
86158 327090492
98545 418142749
88584 172392062
55818 62407678
96995 244775703
81646 57921265
79466 66800568
56759 128901156
77923 136249350
89044 47751583
40967 38896119
54626 23245134
91496 190971442
54924 64484018
69235 89484507
88428 90874825
42265 68046942
98441 92015877
55513 77656897
94121 332714266
21277 11605705
89881 330926742
90538 72351502
76020 182940416
84769 232135417
99748 43482775
98360 31915999
87050 18159256
88010 241770093
53055 32674564
85482 130840304
44096 86971357
86416 156822367
89551 40810519
94794 79652293
92496 337439564
51416 90178059
80900 271176604
97919 364363630
57988 71056950
41636 54007305
84474 128968859
78814 19536304
52874 74282461
87729 229762010
85978 58420200
77044 92530224
99642 232144139
89479 7542622
60906 99962299
69388 92785392
64694 80888761
93520 279828697
95179 452028762
40234 57389023
55861 51050349
74552 68991714
86109 78859913
73470 122740774
96336 218577871
90031 3661546
83206 185767290
91023 254080888
82000 154036728
82997 162608934
93888 70725577
74908 254619837
35919 39991036
56977 90462454
96304 6546072
95622 95666800
97052 234380470
71308 117825592
97818 95402945
93936 157168888
98814 328685423
44032 90886686
89784 300575027
85677 144029116
99470 409500811
69586 154897201
66865 192167017
59946 49328135
92056 183207486
78163 205616040
82106 52755361
85044 38823053
75104 35810251
59176 18998971
85611 220501976
87216 33728624
71027 104724100
58100 14817231
86974 159424189
91006 394744903
99022 412384746
51462 384101
79240 72050524
33850 43629586
78111 50987890
60745 134325676
82104 306764305
80329 80298364
67349 164598976
91955 46698352
93291 414224327
49312 3261466
97098 57268730
58236 42823690
98945 227852661
95316 225949955
93192 165594026
71426 162056866
73266 238538872
93107 252689140
56379 146454542
42544 14485666
15903 11983492
59450 25701286
96844 174695658
84981 340842094
73269 108714736
93853 270650962
57807 55711871
94985 328462081
31160 25287003
64923 114768688
54164 123001026
23595 11121418
80703 37904708
67190 127310152
60525 163765516
44691 33531748
70797 236285626
5350 1379056
79417 127822549
51031 120739767
83630 196620703
87150 258321707
86895 66176219
50862 48712804
83411 110230875
96815 431578572
96734 346803303
93175 424929043
83516 299243740
95260 120676087
88178 338733783
38683 25383238
96269 139556736
68052 102883186
68436 1799585
44941 92408554
27044 6195811
78459 235763723
10931 1084912
92020 284933499
45953 88154478
25778 25757713
93585 119376088
70270 1377342
93780 187939523
48844 107844828
89026 262191571
88157 368532501
90228 179323108
54977 14230986
75713 18770893
99293 53064150
91400 59976301
77711 145109011
76740 235797173
57911 15001686
55677 972961
88514 140190087
72766 131452006
97333 193192425
97220 48081129
86776 282080149
78050 262975807
69032 64886040
93821 252603769
64928 120148485
59336 126113131
67719 185000387
82374 249190820
78486 159564593
57712 24740121
81343 318749563
90628 4571388
99221 33301969
84319 117780106
86358 4865627
59924 17425675
88060 229884427
84459 195541555
81548 87141582
90194 192459699
93365 321795397
96808 300729277
74922 250145459
54516 68220754
60552 128074714
69674 71720416
89274 257004893
96198 451054087
38970 60207547
49192 38322139
40057 8800161
83339 93464812
58781 121790614
89056 612025
90723 97424788
77060 225406608
96259 344300835
76579 125078800
56304 55693802
94072 233779624
56280 69908327
47787 98152559
82815 202523156
83531 157016395
96519 408504791
90297 194998769
61947 36806306
91219 157205628
82089 83707466
98954 116304160
73272 209697349
75151 226546203
52366 79724394
56103 26922607
73117 24693706
90527 373048671
35074 5754075
75041 17512785
94565 327701812
77404 217420531
94736 128031720
99765 119689913
92796 84386954
68424 22910257
79040 236619343
22928 23487000
75574 20465341
97296 20096258
62764 32314981
64815 82114078
12565 989872
60030 114982982
95306 213625014
90209 164941432
69166 29429715
66011 137230282
30274 24829260
95314 227978979
90544 377097115
42484 86417869
42570 84482576
94540 435552064
67629 77120806
66498 21828592
43623 8312600
87777 282507836
64116 176368706
58508 60524347
89498 52975927
94130 44600847
61931 6820060
91128 46484767
40946 10649665
96228 77019937
90205 180960889
49788 65658625
84372 73706636
37436 26259991
81484 2021545
57281 162564117
51994 84392566
92253 406464898
97111 420279159
99972 481446190
70706 188382544
39818 57580347
33441 2622890
64227 169581824
77417 210245844
46670 26299248
26580 29975068
88136 43286575
71201 105257320
60025 81733486
52574 91557925
98717 271178814
50639 62126851
80521 295005681
61395 173133308
53452 79012464
84046 212329635
86908 195546537
98896 134736565
62101 19447177
98257 295872486
71397 159607076
74237 61354596
50973 114076000
92781 129071365
72180 232149917
39431 66313320
75151 106015206
85791 178425778
90137 294371740
75642 1876220
99750 470437498
53619 101557195
97798 44434903
83614 223004791
99379 189078010
96938 325533862
96007 117440430
95453 190150000
76918 194517625
80941 242649090
51236 102426184
55765 85157002
33903 36925175
91235 84326466
82038 235742243
72479 24242764
35387 54174516
79117 158272606
59304 21464951
88654 157524997
47726 99316128
94075 411325023
90761 140623612
21685 5667948
89559 125023306
72427 221798790
91748 265540198
38971 15339084
81042 196851565
46961 50723280
46545 21941326
54793 2603950
92966 47648683
56981 62542020
68244 186589124
29746 10404076
95509 130971166
48463 100977015
50924 91554630
40369 21023950
79538 2964130
94790 373164724
94619 79959171
73218 156989578
98949 483254810
64740 117758149
53071 103929738
53563 88148202
82952 141730885
91097 398223060
73630 16361967
82584 73161310
94939 359674488
69659 131440983
76699 79738579
82720 286748482
84160 32631742
98821 372865530
85586 115925743
98316 106962086
69860 29576973
60256 71865541
98678 218561700
47926 32844976
87967 63635980
93568 416962357
88784 136314700
76058 103099632
88146 380129966
81514 1049638
58229 5257104
87566 8563219
77693 112637193
39737 11610304
79058 926773
35860 25699419
88215 60456956
81749 128165466
87689 80257833
64306 71020872
68146 84594898
85184 300264513
72036 128711260
98479 308135550
92756 152105806
40376 38259247
91036 40972453
78727 246408211
92009 215564625
92611 285803622
89517 49779349
23458 20131003
65077 197914780
92434 369401727
77963 6764688
75633 131107457
80472 253956674
67282 195089805
77453 268617370
60869 7437420
82088 326668365
97490 257291682
88921 304153830
68312 84831999
53792 108281485
81916 12616470
86042 26175574
68062 214060429
58656 171906998
76524 16463561
45624 51105575
86551 225529611
95793 449080150
98181 469079474
92517 259548796
89431 285659904
74445 188831708
55620 105218656
88146 357868415
86916 112896238
76876 45143404
94344 211706902
84516 95702722
63839 77545503
64691 118099215
58393 17740962
85710 14337652
98616 345317891
84701 332834713
78961 273598720
77609 48389701
69770 126399111
78995 73365324
77228 111644268
77860 140360266
86804 133588584
61984 96913429
87274 346356633
68081 5563636
96786 83761084
88528 324222183
52381 110161081
76459 94539391
43452 74540314
91534 13745188
93102 375376735
69968 106362480
68344 159554175
96584 155416813
85894 95409015
66480 195894106
79924 116324682
76239 37448044
72851 113057178
66928 203158177
71716 202863301
77757 295390349
68596 55234455
39062 74384491
75707 202415104
83010 192524324
60313 90014418
87576 282483686
65501 43864192
70884 201900002
94761 268626590
54930 146719267
85661 24978388
80318 10121833
86682 69372286
86698 85008465
77422 141086724
81289 165856080
38508 3245308
55503 137236030
99091 368581354
81643 81528010
82829 126071737
58211 38998818
90347 67897530
95510 389290782
94850 436226191
75916 77115466
68807 136294966
92415 401872882
32921 13501978
31533 10153802
83198 181756702
97824 410547614
77876 28835491
75899 90069003
92819 147629511
87047 152142211
68684 217457224
69616 12300210
76716 157759985
74607 78098170
77311 30336024
73578 115389590
82358 45826303
83414 133038726
70571 180738267
43245 87975964
99256 108386902
85524 48609016
89018 331230907
88608 376016770
79262 243687115
72201 150599197
86685 3476909
63130 39952131
89880 292646527
67050 73230337
91716 7470011
62830 112796836
16897 2755734
91212 76348436
93368 394474018
91897 203503725
71654 6394051
87732 38640026
79652 141888324
49262 78155731
69789 80348473
98822 79839669
95006 119748948
61120 53754528
77292 267628940
92760 251315918
80706 135936181
46711 49604754
19121 15633870
93031 279284112
35740 46763956
92846 28920471
74272 204289591
85577 38873680
64005 127136132
65156 31922994
74345 206918728
77183 293251788
95353 244605802
70230 186586408
72478 123556078
91809 161030258
89149 170618052
64476 73489889
68067 165916879
95451 141207688
37149 3598234
92261 84822552
78543 119639282
81584 28879675
80815 85139476
61387 52818684
63237 53024036
34083 5669260
97564 158489187
46834 20453071
64984 26886591
84181 212626132
85998 272993353
92509 125647194
27164 21043990
47901 80840756
57320 50693286
87447 262019906
95811 453207494
89978 356459925
28594 37278682
70916 69270246
88720 286960827
99941 355207246
89688 153743168
45734 79863360
81410 200591931
95890 21871213
86675 218485524
98573 331326810
98063 110411967
68346 167790133
82936 255249471
66033 87380300
64381 65804778
71156 71959303
66243 116883127
71606 154133253
95634 23681896
68106 119811302
89709 375645797
90162 347352529
95781 31252121
99906 460167115
63173 111875448
93663 360482923
53795 61710931
68289 74389702
72203 63593040
91652 411440235
88080 194615746
93273 253574248
39538 39307687
92173 319754050
95785 32826796
78410 165388306
68484 155212774
86166 278449427
26647 27072240
93760 276798879
93041 122271174
72194 35082111
64497 123972044
91190 254942857
99097 118409154
94644 106402012
63875 24903184
36972 29935136
56443 3455355
99239 343171131
76654 264902562
93290 71482056
77311 67382376
84204 74854502
62553 132910448
44449 9967636
55046 59989878
80344 92723412
88174 207172860
90863 329603302
80072 216177880
68795 227487466
87342 283870016
97795 314858323
89482 280414755
64010 29222959
51119 26297467
97171 101579064
69050 77102187
89066 340730938
50393 71471373
45994 99781633
82571 28028071
47288 88556728
90131 171314316
83745 95585477
99419 240837496
55206 112699067
69331 39983580
98902 303155431
93999 98934799
61801 177927420
96807 337274596
74817 222227164
39836 63598887
87672 165118250
84834 354879134
85583 23265222
83709 281293808
74606 187859365
99978 117447577
84685 80342301
92395 192894906
96306 233578385
94404 284320705
50070 94191878
92516 5005924
89504 386532477
92554 90757722
93359 387120334
92899 63816396
50296 82635646
76744 266877393
80309 60650866
83212 240329191
66181 205288746
99043 480860187
99296 2004285
71963 147388098
31895 36285868
84693 246001673
25378 1450030
52011 30324631
94580 230829711
91605 419239954
93411 425007523
94026 153358208
85306 93831151
98414 1026487
66047 17491000
49322 101658319
46486 36663142
85768 112448235
63175 151556154
98324 92355703
74663 218238448
54540 131987158
63131 55023735
97137 270999865
96188 31530028
55692 29855470
62239 41510518
92262 92849119
43911 45825404
80215 213534618
77016 94390367
74981 242199990
62668 169665243
80969 49627360
82745 84375892
85710 44427926
46550 12956211
56502 73712414
82361 83450913
97323 105533332
47733 13259860
66080 198011136
49168 5638920
21315 11295659
84246 187981774
74154 96215177
52875 24205474
90916 373281363
61858 160319082
72898 172669012
53689 34069653
55897 99668625
34608 4365128
87414 348719485
99781 452277369
81449 253995265
22543 6201168
90738 343418480
67039 68060143
92526 62964110
72893 115082037
81129 232039949
72109 259863825
98965 255049488
59435 63107187
97409 40071664
81936 123047537
68175 97303654
74601 160122410
92229 243582913
84198 221946835
94156 162525420
71735 31945044
88950 350685037
89526 42755377
80554 123681658
98007 321510356
59819 139095646
70708 57840807
70134 35362295
92810 304519333
29175 32613611
30296 14354247
88222 374264169
71748 240568828
63367 55945651
89759 17520583
85256 149252850
56811 50207288
98476 3894607
76361 152675844
53910 35788388
88976 333661303
23185 80856
81939 283229402
56829 24799390
40870 37998166
99971 419098228
75042 195406724
73832 81933486
94914 144752701
86896 264858673
84469 277075053
99596 63179449
92213 165185805
91833 400618165
82524 206294096
52909 3244072
77320 66816933
94554 10172642
69279 97275028
62389 30830172
78262 161043441
55061 128889369
71662 130585675
82447 115883236
90197 132575104
83904 278643955
67101 59815949
66180 102268838
85069 165023998
35943 55226612
95760 155524592
96220 451204342
73905 268148308
68529 152370565
88429 356057026
78135 181386026
70851 199936480
65910 52174507
84488 167692668
84140 293535739
41974 56448718
99499 260798136
97002 4648549
98621 21478936
75593 65400405
99375 233711144
96695 194529147
46094 11934849
80102 57505806
91778 108237492
72489 52783544
62839 162940162
55541 13704109
23151 12981040
97505 396150076
99516 481638493
84892 318503491
89744 127540285
96046 240399387
60384 84762494
82798 298098268
94790 401294716
61791 29483215
80486 7118406
77781 126242986
82461 299269750
94857 382810780
79285 145803504
77082 217374334
66260 129937321
55304 47324775
58129 18794970
85318 261503968
68074 62222913
96543 57510547
93390 91497254
58582 9204640
68287 225697234
66449 121906684
96522 157127746
42166 24744664
44618 82435240
91889 28214470
27750 23169466
85723 40072578
91866 254160232
58378 27860083
79008 167486387
93176 25170729
88081 210729546
94922 155800939
80851 44541378
95996 234261387
68698 114998047
60639 140090915
94698 63580673
99592 118666990
45868 43081093
81990 35305054
85020 44641523
84705 320813368
84465 25396108
99490 368560744
80324 261184326
87625 63896586
61779 166696442
84053 291563860
59173 96483982
96066 451164749
44282 74131846
75993 177730142
89063 114653340
94030 231802506
97184 199491516
83069 238689924
72170 230853003
69095 47736099
96682 301405981
79905 26410676
99915 423813467
55918 94413105
94731 113371390
80416 170636124
66824 69833410
87184 89780515
99288 152094823
49857 111622064
98756 143686663
60236 52907149
95026 230620852
45540 99153559
98640 183981488
96041 222499092
29842 7601989
98987 144540795
8586 3013259
75460 69311329
85288 214280208
57186 51854983
46402 35563671
95187 92646599
92649 251871568
56063 122715138
88528 328187413
82910 192557421
69652 14170771
41303 42316987
83904 336969019
99260 371175627
88235 19486932
93916 106052728
90212 258594201
66394 195403852
55059 31726084
55224 125083714
91867 376847959
99570 100068464
86189 294819933
45583 92372058
97685 439099944
81594 42075592
96181 291955125
77694 37889555
76418 270688318
97248 277694062
90515 321888846
97787 98724835
79210 22909458
90333 59169962
49709 49309950
58241 9999325
38906 6555028
60550 127319823
82041 48430525
94170 389897101
30036 44787596
86576 45444798
99894 287366966
17370 10476407
93299 235591903
59350 37234918
63566 38677648
62854 118060030
74093 140263822
93122 403035199
81795 76615154
79835 269450442
50832 89987719
94746 444025543
48025 91418482
95266 208353807
95200 82244971
75342 216007019
85026 53743762
76645 55388356
83724 318320647
34890 51051574
81935 120485367
89268 71384287
83429 85596477
97004 386290506
98064 4730314
98351 237546807
82919 82657488
88552 97740306
99256 52483351
97869 362804849
77264 237278706
79017 135654340
68570 161633488
55358 2190228
84263 317134243
95547 418171960
58533 157851853
93823 206763027
56503 112629363
81090 206032147
79620 225017816
83064 243621061
95330 378733833
80657 107871349
82241 48443077
41674 64460349
84784 199382412
84909 18001253
96234 374912506
32593 40492218
64801 11254662
72422 43271080
73195 29401443
65334 63049502
99191 420301491
74749 125525872
91566 398971990
83587 157650855
93985 154283586
99796 81825996
82847 267295995
77034 184004828
31569 13466024
98339 308059158
77958 91652608
70900 248860971
78494 118159233
94644 73463815
53104 5400115
48814 6440868
97514 460813060
92304 23360096
86930 307880569
16695 654343
90593 268861897
89057 216205344
44925 59827957
69475 101812314
76047 271297799
92046 281589944
31558 19326657
95606 90531315
82984 148454317
95582 207175636
68714 83108682
74361 192293062
77956 129738339
98255 234653299
77021 173452756
61698 137774135
93127 411930091
80270 66520788
96856 248066403
56582 101228800
61701 158799820
99778 223315905
93896 121015362
89208 192963695
67844 6178069
89760 173723738
56828 161095537
94155 366692567
93871 294463419
67276 143320248
63366 74049067
97606 253571482
74603 163993167
89361 365365060
41600 81726786
66684 75062833
65492 59218116
71365 18464496
61087 46314570
98183 475358752
86362 24697084
41212 52072809
57376 89977867
98644 131242021
33588 34169695
83483 276400390
92046 189060871
97908 205412192
81884 333522139
63914 58335244
99740 252302406
86386 125807215
79889 198263329
96607 340044666
40650 68662757
53909 1491753
98555 16981963
98994 5252152
88761 1622650
77398 112160095
40007 26082151
85550 331644693
98921 96494958
81538 289469083
65377 210062181
88289 74733577
78998 187689933
83386 288942889
92356 78712800
76204 276228975
75425 95023761
71546 6879447
52537 73936690
61083 133260952
34033 47392422
57040 65947158
72996 155901554
88662 269265031
99186 184631617
83876 88235449
79955 250645732
62546 29285980
82411 164985234
78287 271735540
90768 148648055
47900 31013968
90484 408782785
74796 161779691
82451 193428148
42899 30539955
78775 155372628
98652 71736844
64586 123549157
44545 1329729
58600 57616603
30952 37392720
55390 21032889
57559 83086176
96885 214084118
87450 8425487
65156 42797775
86586 220125899
61456 55541019
71706 128471213
82181 95285932
17756 11688196
98611 408746014
93224 41454361
85532 174665944
44786 75341043
56133 13535150
75895 179635074
90906 376614125
94293 150280310
98936 374559183
90700 189153451
36626 38576472
62166 37710988
79611 97747094
93734 69054814
77149 14687974
51761 94648554
86970 260567614
72640 229449024
79267 145252630
73445 79521424
84982 36495006
98107 403392564
66746 197872234
68769 151950062
88366 284112886
72561 164179016
61607 90952546
56152 85909825
68639 231488184
45552 4416265
67709 195122266
99731 430785955
95365 261525457
96933 239540462
63417 168554296
80673 116613008
96172 366163566
53611 77224092
78743 126038623
86160 335566889
85848 157857587
73493 266845572
85372 12208320
87102 365280551
80576 115227654
82853 77940802
88589 77942208
80261 102815440
80319 218189402
88914 112527214
85861 220991509
97330 188969941
74210 37429383
59897 135159246
74780 175001373
72625 101069956
92239 252394978
79280 174408166
95615 182045784
75357 265635130
74256 92393494
91992 143174630
71366 237459849
76899 175916450
95491 452023744
86737 122587120
99056 107856259
91031 291588879
64480 18244032
96734 392761389
50224 20638147
86893 156421917
83632 74124066
98566 194506468
99519 206881840
91950 19631717
24334 24047352
94033 190854838
91350 203777387
57380 58352571
32303 49865200
75780 188522053
88683 48901963
91574 240677953
91657 320840014
75828 20671525
93476 144465810
64563 31127978
79902 267593404
84498 342572317
97140 444957764
83248 193476807
57981 71169736
93874 225722283
99790 412995519
92429 180095821
84990 57980929
99136 309849574
53852 29295594
86097 55346765
64141 31405501
99890 338445667
66730 180452001
79362 34125761
91674 372074963
79336 285376731
93400 47833713
81480 92775778
84950 111154792
83202 253672540
94071 205622147
41441 6820500
98817 167359849
81098 81036630
80469 183402437
71460 155364397
85421 293586952
87107 127840851
79454 182610277
62826 15695183
90028 342494130
68679 116575964
90028 115713285
38962 36387616
97475 171688219
85855 58268508
48212 25507086
61419 76004995
85246 338662828
54040 133387491
80077 227685594
61180 83144752
87119 45799750
19248 6968518
71057 156443890
88989 363995968
47775 97085771
70888 102471997
92640 186851198
96995 56204104
94490 34834987
38350 27015591
93796 60117009
89830 206073022
88066 159013095
84546 326462075
43676 80611332
99389 173619114
59730 94040048
90506 379273281
87064 262717368
77065 273485166
91329 153687169
41244 2063141
62550 125205809
50366 7433959
69876 24684563
72412 144473791
88534 357141912
81737 183662205
42451 87852912
24594 14293561
99799 31146019
77121 286780142
81061 17099130
82364 56537047
91337 290844064
99887 438168436
46013 95318065
81139 216857931
83887 61196911
83410 318849307
91807 279402951
52354 77574685
90596 175554175
88424 46553728
92206 341225461
96605 242392672
89894 18577914
61642 70013224
99560 212043261
98761 83615725
33372 44089384
87972 187671571
48595 65443972
62131 28344376
60111 6429970
89269 284172313
98919 101283622
67604 202771440
60567 40038446
60599 64271016
96083 379543695
82664 228707559
46558 107779347
62948 160253257
63260 19434436
46241 97802230
88212 72734530
85428 47649545
83659 219510958
84148 175586337
60167 57700374
79875 3152932
65465 176653608
96151 292156194
66846 44278573
70328 68066830
64218 8366998
79329 162556154
50763 20967650
96060 294113204
58171 71042563
44688 63318758
28270 5837418
95271 46076678
36017 45513349
36988 29409115
94946 255856794
71389 130909566
16306 8588866
91194 252722650
92045 319335732
49637 22737904
96978 387910882
75431 187580683
49541 90385078
55794 38780231
69524 187849171
94187 195985980
99614 444142798
85862 348612150
95402 447024201
88194 352252405
57476 161785147
81005 102360562
23646 23347340
55106 147778912
91064 396373000
97887 436989286
61087 156073396
95247 177213275
67751 222132892
90714 69711574
72095 148174527
51526 93981397
43709 90853642
90305 27170773
99985 341067312
41336 71740552
47707 104280130
80683 133291632
83510 158079226
57231 77539691
77403 265142272
95260 239450442
72446 8408857
37307 63879459
98439 31735174
61870 167956198
59871 39052522
58259 120564282
55479 49840202
92886 52193363
81656 134686921
73838 159483150
43187 80609155
80886 221900464
37945 67946806
84859 24039880
86732 46253046
93083 402575275
86155 157510098
98474 231129619
73707 75613171
80940 193268212
71179 125174058
79986 157239916
90480 275151112
60031 77537904
67823 98768772
51967 131384175
74925 237747052
81236 318095914
80472 283784735
87336 196329715
81075 224310532
53709 29291278
93007 200127670
83234 235032154
86915 88876983
94269 325787084
48324 96466810
9525 1942918
66267 44275160
99287 222812751
94861 63147289
79589 40898500
72382 66172861
97688 443828053
97116 183038707
96736 331739946
56340 65495014
85376 30214792
96619 277506555
40006 26815509
74591 25522075
99266 54302608
84087 72799120
72887 90798279
87297 84290110
77876 146414415
64660 51028158
88104 63563299
67826 98875720
78400 258200937
90494 236678736
71669 231831901
75796 162707565
97840 336063946
80154 88729358
71244 5526494
91269 194949106
78917 111148906
99734 487593705
78261 261971330
88155 95322172
83435 268253764
76819 217730794
69123 212335312
94241 160324165
53644 127582003
70655 65600091
61502 162395049
53836 129091062
53256 9591212
68763 170682967
87164 334622416
88198 37383348
28263 4525892
85421 238846446
96594 119079662
99677 300754314
97014 318231137
70798 243894922
98553 64241962
50920 116300596
56955 4495766
60869 39560634
84923 52726372
69027 6437515
48962 82976595
32033 26017293
93109 179459512
76105 285522433
97529 435642196
87480 126861944
77038 258440287
89184 307647080
48537 99981256
92520 76094876
99570 258691091
40469 60421330
87927 221070790
62616 33923183
33679 11226634
68040 58195412
85257 318991096
69141 62582852
96217 57741174
73601 23464060
64194 9649474
97818 169312790
64021 177107853
54591 40790288
71136 73658275
75269 239081772
58422 27945424
63410 176637798
37416 67518050
88219 205506018
50610 75529946
91597 250412346
75794 203991834
79670 237190318
57762 69896254
79566 173253253
71638 24100632
76374 219438952
96991 122184250
62679 59054668
89678 182633490
88916 265019220
85160 213256108
88679 337232334
64224 62540269
98274 16924412
79981 37652232
95128 407116638
81157 267985401
88131 56193047
90923 157934730
38416 2308138
44736 82287281
77648 188276908
61309 123984138
78646 132060421
94934 214822447
76005 85576328
63312 579154
85519 65512935
59831 63629496
59984 18861199
63535 68325334
63940 11932014
93223 179426230
41850 64947818
48140 72017203
86246 51505686
52580 46806184
52662 7914754
61268 975202
87898 379722142
63079 112319634
93051 353548679
62630 92178628
79101 93406009
82475 291535072
81209 171308512
41929 17161765
63914 198231589
98976 218610181
58679 44630952
50566 63793971
87580 257748357
70608 211004945
87816 269604040
55789 119315754
96109 109321764
94762 340710885
39130 25384548
61654 106197099
71008 200752938
77510 26446237
92188 250342690
91403 277346692
91346 24995523
87919 280207512
88845 136123373
75545 75147562
54638 67570680
90795 68158004
29783 13314532
57658 157522812
69575 133343892
75270 214155326
98596 324883209
63232 155362404
89665 131083693
99221 139629825
59227 67188426
85300 185711431
51802 94552311
29805 36697468
59399 31507390
87007 13787410
40988 39081358
73595 222401464
96864 286669712
46773 45260978
77347 14503506
42790 57772363
86314 158174500
97894 240080827
75618 171521987
94266 422195614
87462 275880220
21746 22082632
85683 310685342
90963 406056908
70770 9917303
92410 425914186
87116 519714
80876 144523741
55649 85221424
84269 4537296
77313 19287052
92848 365388993
81983 55946950
47510 76842907
43392 30271646
79539 114128042
94176 339095141
80745 60373382
88241 154920765
82171 62736766
78154 18989491
45438 97345673
53836 131873926
53644 84207373
93518 153486928
89284 97683808
58699 144786835
91167 256451731
91514 246946575
84190 53312862
90903 217332868
75471 122066503
69850 92808219
88056 7145338
51413 121206412
55352 95544810
95025 286458488
94164 415964012
69277 73669404
96224 240111319
59111 28427026
76653 281475422
90414 193685254
39032 43383324
92687 209136240
68900 63735586
87459 337337354
43086 91057940
56669 97627593
88746 271571626
77004 158557115
85536 270069901
37355 46384918
66936 181718572
54869 103772764
77673 25483840
92376 314852072
79939 53793630
95294 39870117
42776 83274766
66539 163021275
77215 214035226
95586 91793236
43641 42532633
91906 217529727
40756 54817956
98480 116728122
75974 59237206
58147 90796
63616 134691181
71885 249322393
94745 228052582
43116 30651904
73741 18043021
77123 218534287
75611 143828574
36116 38929554
74679 268793534
92369 346823137
38250 40082594
84389 324559593
70379 211724866
71692 141133456
85624 279337000
84890 238288324
93940 240746853
78939 190483931
64030 192068668
82925 190679242
91696 350078226
90396 77930066
98439 463140950
18948 5181613
97467 464397856
90254 3464173
94267 65517976
88608 137537182
63308 31344357
52168 73662642
72232 51482521
92550 279440173
64690 8864838
86596 35857899
83300 300273637
87008 37602508
77107 21675960
63778 121541040
88093 371521458
81337 322761045
85763 326401962
97685 383895433
91208 245495475
57510 9091276
98668 111397282
71065 243696189
40216 25813909
92529 294725333
97360 428028637
57914 22578655
66418 135883960
45498 54954557
94262 285561444
90629 368928240
84420 296088211
82564 144302241
93601 247789584
87096 16732670
38888 23625733
67624 170930176
97741 287806476
19579 17719243
42208 57303480
85420 231140211
97941 68036165
90610 319598748
55006 39461032
86231 93963450
90822 172964251
94343 159185568
83143 135977572
51941 56757744
99039 350130148
85831 313828704
89969 178921842
94531 52984242
61564 158134833
78361 85343580
54097 49211509
97152 19715656
50536 2357476
69885 12085688
91406 217590823
87653 249986658
92633 169702473
66540 32975836
79694 111020443
58444 12041668
94275 59363872
95574 53854004
98469 475874512
75455 177798478
75037 112424665
94831 415652062
83994 265493077
99170 311420203
96739 276385939
43803 29740798
87406 196318362
54050 117386538
80708 162320548
54146 68324064
67775 218478154
82746 260531830
73183 3439207
91104 330543841
8671 559392
81228 293324452
91954 71064102
95655 72019396
80124 304556860
93820 416088703
80956 270163680
73303 53868292
95064 86195506
68890 12005598
92037 329846645
79881 286526228
98847 366366799
98090 269230372
34386 35331964
71868 228501652
75748 281448750
56821 90320421
68237 10513516
92887 194688399
95622 35117230
94214 326492719
45531 49151588
97509 239329280
95388 128502130
71130 132862334
11984 5490622
70455 134637727
48566 10666867
91028 112751202
87590 373898452
99250 438507984
29377 40183374
64579 185725603
63448 129796102
98196 456194123
93688 367701022
72178 209269407
81058 242445763
81435 28467943
69491 175392528
65977 5572305
91862 371438566
69352 111668514
95141 321491925
86294 139899958
87494 297234129
60407 125430976
67962 11966009
88061 26811280
91029 381129370
44336 58599205
73839 211473827
90173 341371765
41423 39576600
73600 197220753
43307 38021424
46342 32475285
81589 202850650
80205 52820974
99086 469052748
96990 184157893
99606 115848250
74208 111953753
88678 346880887
60093 152775620
87965 158006056
71176 223136718
82215 286554472
61536 31070435
99756 215726755
67289 74438682
70845 1411478
73189 116058037
93854 257551249
60880 147657238
70572 205362361
66608 217560018
80558 254883813
98064 458554736
73065 43585286
81124 252723162
46153 101653792
79019 53220994
76493 82732392
92378 282734748
86459 266408067
87605 197140741
91070 133592152
71000 209440978
54100 29485656
90659 147917976
96623 265141678
74460 257043419
58485 16990768
38108 24053692
84953 72753502
76636 292757635
97256 115271575
43929 68864870
39964 10452325
86869 196523842
73720 238124194
85721 6397366
94726 264239071
68058 14568205
49542 101330705
88687 180084700
60734 155396760
78556 262771788
47112 62887844
89046 310207745
50621 110612185
88447 198553986
81837 256336426
66879 53756282
93590 164118589
51322 981319
79235 232410396
83975 239834551
87483 48498218
55448 105037813
76136 64579203
90176 200701161
85164 206097274
84594 136944013
95718 317654093
67945 154837338
56740 6354139
97104 125760649
80333 150823713
90145 196689096
49579 100839654
54434 48179148
89840 370593088
72232 19947466
56121 20145086
99132 138202510
46612 26120809
90046 48344712
89344 169640283
89459 23693052
93229 99033480
89336 266886652
61185 99721129
70151 214588770
60275 78060591
76537 202166014
86350 263041612
81447 280734136
70022 47114899
52712 106250166
87251 90469578
63824 83724805
83161 252079821
72222 65294081
94854 4405220
58005 100922932
47769 79929041
25616 28338993
81684 231013775
53994 102523199
64611 59137811
68188 41855203
71060 95961291
38797 53242150
66431 103819192
89956 233120268
98288 228366915
77026 76082455
75521 163705758
66792 87403135
69204 175095626
98795 478192378
69009 147108196
84187 266211690
61997 40959430
76522 215127184
67470 51044929
19597 7351704
58010 33742771
65768 44403657
51520 56109993
74474 117666900
62137 117105414
30906 34178678
72178 210923187
99179 200715294
97516 321723811
88630 303330477
87252 169905341
38320 37224189
26184 2249978
77954 24648208
89320 245218522
61229 117555465
79526 194003017
34576 5128114
73440 84049652
70355 95612898
75655 264992508
87601 343035405
58850 36009732
71094 103575098
55108 1385250
81789 220736750
86896 104490648
62599 103118872
74074 125795124
94281 43366513
76177 126761596
64032 111877256
42132 87711289
92199 329651350
89398 287429877
83899 281440944
98442 135923240
99100 204604134
91984 125464429
78608 85037895
50549 24244977
78503 304623900
48439 4550940
74399 202391238
80543 205565898
34003 22213708
98391 8498638
85548 283390823
88576 109834693
91140 95363438
93052 48940224
59250 138146866
85190 57505234
77055 69900871
85564 120478281
85946 178514380
89515 146684254
57793 26835553
54072 5351801
83091 286015868
66270 148594802
90422 277710
84074 141416050
61427 71215396
92884 123616444
88607 80668876
96332 115768846
88840 10260184
86743 158642772
36769 12359905
53826 8202589
57329 48262782
99167 21210355
51089 72979756
94510 276112944
83228 298751545
45494 66157644
79412 251249719
85424 1498461
38502 53945851
95668 136631920
71126 147546733
68620 192629467
91149 242387354
71341 211304394
54727 24517944
98336 120006279
78397 57083364
57499 72438820
96389 142675270
78734 171028864
77366 241000825
49529 91746357
96686 84553600
93755 56236242
98897 422409069
72134 233806744
86931 182506819
96106 80994625
78314 191846796
81116 299231320
93494 186336846
47560 26977593
92498 54423922
92716 82482423
47943 104758240
92156 260067477
80534 82470150
65612 81836986
94829 287097436
80769 134071606
99029 183955437
98365 191079409
87749 215556814
90464 310936203
80657 267236425
62561 124467672
64847 184157034
63621 24155282
57719 134771887
92115 377184788
83346 87526841
70464 102789175
85570 47950068
89107 342111906
98450 273881178
96074 238182996
73651 9802936
65909 75531225
73700 202319292
73264 89334351
99608 247148277
92248 186065010
54465 110692688
66599 182984503
90296 131911321
87981 274233508
78747 28985440
24834 13125178
96964 235476015
93974 375247642
64626 155588156
93586 300749089
90969 298747060
96097 409997524
91987 121363384
71686 15656058
66620 164818062
38045 42605238
69674 196636069
60878 944583
67648 98380840
75826 20955030
71881 229821492
98396 247200075
69105 111615772
57468 54817957
94581 384915653
93014 70271521
85704 215885719
99176 243837561
54947 137891836
47348 16968117
32674 30610456
95727 75041840
71619 176202044
81189 292596082
95773 137920020
93024 203045710
92758 327010675
75789 35626288
64365 99165104
96054 447645004
66174 185005928
98012 424515814
83240 140001558
96954 328052639
85184 174308206
32883 46407820
94701 413821837
58280 169006183
79972 152963226
92263 104422918
81575 297472638
72283 40103062
82754 95775808
68339 78993396
33380 23653689
94133 379478253
92027 147840015
53633 26586685
82114 250982010
98639 229681387
75564 214886597
68964 22277954
96390 24691712
70243 25779850
53394 92922304
71436 177923909
92644 165638937
87160 119295951
26972 4433254
91060 306751908
81196 124536918
99746 23749735
22620 20463806
95620 209783589
87800 212915763
97306 83968992
99795 418818892
41076 1399139
41216 51710334
97672 228216720
47044 95983270
65133 67736957
54314 23007462
52079 135052432
96637 399024114
81292 223142814
76510 208228653
93577 302416066
83480 134845738
96173 366905773
74558 77485722
90721 332402056
80084 155032033
87922 114020094
77282 159529561
70956 75876190
98739 394738831
73946 267736168
30389 4680646
99587 490915866
97608 8560045
71191 173480467
90183 25495730
59984 162073135
48798 27840437
74338 151874878
67645 172697776
75086 276130273
88624 253674165
77864 11674254
36705 49481549
77584 107517238
54366 100424719
95038 65534538
99066 365840231
78565 140615553
57941 93902949
84552 171298604
58836 116784823
55457 42362025
88096 326287468
22541 1962684
80734 61479063
94933 312998170
68853 7882798
99104 414468982
97880 238919092
73872 182760545
39401 8222805
99661 455358928
92249 402267538
92036 368634817
85566 141276398
81689 158927802
73300 248998231
81016 157910160
58833 65146325
90568 335819058
37758 54693440
65247 67283356
61357 5294310
90640 236541
95740 305897034
61419 134665420
94158 105683782
67328 62318400
98960 172061103
97326 316534312
85021 81306430
74870 104361273
94952 137540671
88279 295829890
81591 269975311
59425 170448729
42191 22001322
94553 312454545
76644 126363400
67138 169709118
83274 304499354
80772 134784490
77444 128554876
22071 3123772
89539 130667239
73618 261266410
29908 21201777
59741 72509334
37719 54849691
58303 93711570
77441 285871006
95743 260553370
65935 59792184
85805 17070022
78084 13994752
25919 26185051
74936 155661739
90242 326458861
73982 144390241
97642 305695855
58645 60923268
81736 29584887
68409 113711161
90023 220198107
98996 378725458
72380 138799522
69835 55422463
69946 135505045
75057 182435134
52400 81089326
77146 39312402
90569 269387968
99539 462224994
93006 199713559
70457 5866020
80691 25645943
30651 27803324
94850 343525152
84544 262821666
85470 309925408
99066 305761159
27216 17217940
55825 76678566
92156 395708194
69121 68459754
93759 292296731
96811 332981124
91339 264464454
95208 338857187
74506 124675512
79255 262936962
64955 206603983
79460 233208732
80959 310321660
25612 30718525
84322 105197901
64476 89588783
93416 131067925
42978 47658655
57294 73396307
37387 56732811
63536 128476345
39926 64841283
65461 67998484
55758 117236252
73349 46847341
74813 49821153
89852 114739206
93079 2724792
51678 44880278
98270 217071798
93016 218347989
63242 184572889
83911 200195170
94547 267469944
53784 9046424
61936 135492250
74220 4903768
26694 13721780
42494 50532559
86797 182871976
61781 115466149
79221 215174350
76356 162360865
76224 168993253
62600 192498429
90721 230102362
84008 133808772
99334 483342999
91812 325080296
92177 64567816
95374 47327232
83852 279146089
58519 14806111
84490 300228399
56521 142072477
85796 344392800
34835 58511374
87536 363683020
90006 229123345
84640 158057601
38802 46405616
81024 75707077
70570 35184196
77966 68033085
40448 49181403
79261 239094336
43660 52237093
86363 75424998
60390 82123547
95072 419917956
96902 390243064
92960 295260252
46030 7486972
53354 96346866
68548 114003465
99741 231159208
89260 22563177
84686 153510588
79350 269862976
77321 193071424
89089 320189500
86634 246483931
69048 57968363
69464 153940605
82861 112011120
94738 429296283
94310 245915089
62626 82932361
86474 72541623
96418 7118263
76182 226960039
25006 29767980
60771 116594324
94944 317707880
75320 186618978
92729 47145013
55980 66961543
58356 48011642
96506 419129395
65732 163581991
43658 42036955
61489 29832082
98730 399298078
74546 95190814
93720 174546904
96385 325539409
90876 397696703
68987 100122555
77650 243152607
82312 81580071
67630 195831612
85544 261845011
82425 158102117
69101 228990238
73268 92468050
76874 21180999
75587 108783100
78323 25491907
96307 366131394
52110 111305866
96041 276776530
67567 110655510
88883 314653780
95757 264065234
55044 69306838
62281 116374258
98071 267240028
76562 102572485
47139 107504032
32093 15866917
57684 118427125
97311 281222102
89544 232053371
80901 298947512
89406 138711529
79183 206657628
89155 188887734
99268 164375737
97516 14910957
99636 354577513
36747 5619140
77726 223924978
81356 32135302
92411 42317347
44929 46885918
86938 198995673
39099 27306794
69491 46825902
53574 2648905
87310 111208359
54034 94904949
79364 304528636
55721 58691385
68035 108723298
90108 101261887
34665 1560041
85635 356168
90625 305186352
48291 87267236
98562 248597756
49844 12539692
34321 22448725
81565 15266226
77499 204271766
22620 13967821
96596 192946683
54826 84512038
77922 261113831
97487 460820464
63221 60515596
76100 230511201
94109 269074734
45964 20354520
97762 392932225
90533 154467633
77880 224988106
90273 229554313
91794 89837318
70500 120032257
46785 32096
94074 173778313
54664 67716516
87602 351725496
92765 248590632
18428 8083813
99586 403054609
93910 426923076
19880 511648
49482 13776230
72507 184776620
73790 243711309
74654 239165134
98438 49194282
91956 232165561
97494 238661273
92194 35089711
90629 382834380
89599 31936303
73691 58341804
98117 138045
41418 38319158
85252 213794059
72147 249994256
91609 237413949
87834 359255462
71032 123564070
94448 54620002
74155 227837199
82386 107144110
92900 141797802
82911 305845910
85359 131452442
58689 89564644
86827 277940670
99082 312867955
83859 252774154
17646 3542293
90078 257752180
96934 85267897
61069 102062464
79251 204206938
78447 176666879
83536 225309363
70871 222998620
87054 257990143
78735 203553352
94336 209244649
92058 31255448
30134 28212028
84378 346959298
91110 329096617
84554 118613839
92066 352266904
75217 15375370
97486 455809596
66914 145484965
76141 232842384
92726 323928868
97737 80929000
78647 98841954
99472 64354999
79676 242595265
57842 5984499
94999 37955143
81261 232409105
90013 317726400
87791 235824262
82764 303410483
85788 325927592
84398 337002393
70085 21646222
60121 53078338
38281 27207709
94405 110144656
75098 16026000
84861 137548504
67024 68890669
88364 288544606
83234 328310127
53793 42592900
19496 6328246
68130 75266203
85174 177307770
83250 92453719
77513 105841918
47842 4995900
87805 336774066
59451 81340651
92824 263793840
69136 82476553
98826 384014453
89982 260405626
48275 65917336
97671 146432672
41939 78942904
99010 396875731
58454 123493851
62421 171396232
48790 86105547
77375 189962934
92152 53567496
80821 33874266
90338 301835712
82364 189337936
93918 203280067
79405 17358676
89380 192504898
71357 216250884
89588 68535010
28556 5891148
81589 247735857
97007 43801140
53797 99411144
92137 226274370
58239 120901478
71152 188022291
45272 71407371
21842 12401751
92381 302006086
91074 97595108
84430 211806081
86489 213122116
35354 56472486
77851 298109380
67571 26123088
50325 82941493
47398 102086745
82426 125000122
95260 232872334
70548 45289558
72526 161438193
80462 234012709
97108 264953082
94001 286111192
85389 340559461
83078 283963287
77060 210664039
69547 157878670
82070 152350716
32404 48262023
62339 156015619
74451 61692688
87316 65383134
96112 54385794
66844 5075166
62212 21330580
84575 54663954
80901 311392976
82062 52037309
85546 162690366
88876 45025026
62443 141138300
91890 409556956
79608 24169525
49314 116112662
97679 310162636
63990 61876957
70403 189383958
64194 13462265
61870 136912467
77324 294700315
69604 103171570
82130 261207358
57699 131986283
76651 2095074
85306 255054862
65482 135850566
82956 130680044
84224 308449032
99586 237974383
94976 181991773
56094 49994048
95026 117789142
99775 477128322
42219 16362223
87301 171545944
98306 18901752
92248 75791053
97078 238771162
53646 4929356
49081 14681404
99018 125153860
19794 10960279
37256 41914722
56669 59857110
84936 259213238
98656 277719765
80757 29648440
60446 117741402
99829 321502012
76764 286066454
66304 189996177
95120 328652559
73038 38474027
46690 86927913
98812 465368404
91034 44786721
99376 275264922
89111 66735679
86029 278788818
79509 123976358
72952 79844926
84326 173589061
94617 278380336
88915 155566552
84450 143781893
75323 88341238
54197 128918625
53255 7597366
43533 70630460
80856 274383434
90804 61690349
93066 367372562
64522 187012926
94656 75127118
85459 16556686
91238 319725715
77530 151919487
91464 29659576
62306 148123731
96814 300900
83341 180744058
88621 383474134
29382 1727296
95955 397838164
49796 101804262
43180 56585997
77348 130407213
99197 113740644
85536 11850886
92532 256718174
69136 89636727
84505 274877349
69975 70475674
76660 75948361
76570 204410029
24062 7709286
90506 193346343
97109 168588022
63529 168967036
61332 184346641
61994 18145665
28940 7671349
59396 122774121
42449 84036342
94429 140574558
97609 180330034
90756 296502997
59101 8794029
62970 187074917
71646 162709366
97150 409263198
83004 222279214
90169 197760301
85067 32800464
45276 56276951
86264 339881412
87344 149855388
76659 185404550
80792 222150165
86584 185248161
35122 32254060
94420 63146964
94208 428430468
75011 207519427
93189 347471273
88960 93711678
58294 69927183
89279 350421400
90152 129660669
60063 117258695
74240 154941994
85145 3325608
86030 196839766
68600 120652443
76659 68097934
25685 11533492
83575 270018732
82686 292625111
74353 142901320
40292 9458605
95350 301455751
63285 122743193
89982 103268675
37931 36218779
95423 399051960
79883 162459888
65893 167213770
89091 74733203
81280 166618869
73060 51539668
67110 95784644
99877 101646981
90534 307234937
59695 142967196
95584 81867325
32189 24254440
93296 394699110
62270 104202999
88605 186249926
78373 84776437
63985 157376688
40933 21076677
63268 179828847
90504 382473944
81660 185649457
95134 19628446
63995 155879844
98941 439716621
98099 150680094
92364 148027631
50996 2225982
92070 373907432
81915 129874528
51303 15024172
61525 143109162
88856 122259387
85057 324428920
50793 122285410
83531 53257084
61854 131417623
86646 355452640
66120 199164848
98790 253925983
32130 28945637
73251 67227590
42150 12134447
77594 295288242
64930 137246211
90455 27711282
42421 62634822
89879 2080522
57505 114754492
23314 15173259
91129 292741768
86985 323803658
39000 23978699
40867 74874459
99479 464372598
73496 204827064
65347 169136239
74713 84014353
99515 433680306
71163 94590380
57388 135018537
72176 41864461
96874 185302312
97662 142910516
51629 112786300
59803 147604402
98271 207408268
97659 386195311
92699 375309478
91750 214382178
67319 54221608
99321 420512492
88127 244951791
75766 75304822
86497 289034514
92428 320944002
91454 126904077
99618 284807843
90919 352826499
41610 44616044
81004 177325336
91878 220752185
84791 324491704
81186 276669859
99832 13753621
83946 155227331
64236 14421817
94664 416213922
92426 239988430
98478 452270200
71610 97472732
89635 223790523
95453 19868440
79049 77582097
48541 41373049
99371 226646859
68897 226735581
69986 84454108
90540 46364701
63623 92253847
92606 115804059
47939 33259819
57359 41657319
77138 132589335
83683 232851042
99652 321542239
94469 78823441
81528 250366195
54079 73018938
86808 22925078
98904 244722335
70025 167740117
90441 268728925
79051 179779174
88829 269427228
44902 12590809
66666 156434849
96049 170119597
92380 118479571
94496 274456006
52167 68465596
99836 128099367
95335 198976756
97740 423907429
76395 130165747
94904 134645169
97654 126606508
88203 15659012
63659 106852590
83462 259317330
87684 145818352
66535 4858867
82768 258024345
87873 37904870
66788 86136997
54011 4810155
54286 9019564
95676 108152816
58584 145661962
88186 374229340
81289 110039284
53180 51140062
65987 107546035
98871 482039672
71967 231276064
40243 63236442
59549 15652824
64400 200990347
49356 81616798
85482 166801256
76591 24598066
94902 85757866
98946 278867266
90186 170893328
86166 171059735
64997 47048401
45401 93046489
52767 95134100
66760 67325683
96374 34148862
91042 61075875
34045 52557073
83117 293207905
64478 64054353
82505 271959532
49330 68411752
59655 75296267
67034 201587892
99249 113075432
88199 358579524
62386 123751116
79852 219155691
95291 109517170
89556 89113301
14956 1116475
23104 18687874
90551 269010211
59417 81689425
70939 229920064
66682 146156265
72405 140161286
84114 287689423
48951 110720414
78967 52191586
80523 128956387
97964 224208289
93755 162786483
90084 347157272
90659 240193084
82500 2262604
59768 137641803
69594 182302376
70060 16648702
77152 267834385
35664 41763452
69847 97562400
90336 89906314
53852 116795760
93357 9507964
74634 169125974
48364 13700841
92814 311991718
89950 279469116
61171 147212143
86858 181259998
48106 27500041
73138 66077782
61596 183694349
92286 28859803
95579 412829074
83637 25775825
94227 100707224
37694 3769003
50299 76340754
96854 363085188
82006 212166072
44633 15455310
63746 194840856
73895 120581323
64875 165125494
87149 75230521
95996 246136972
58090 41071966
83200 218775628
93165 25744829
89468 213432895
89639 259294800
64483 81063138
73865 115470964
51126 121932910
84716 49089460
81334 210022452
91427 117826984
56812 121662165
92675 101024863
79495 61737247
93304 337293777
54781 2700961
90041 343619701
99908 416737618
67429 158263222
88815 92905978
96424 190275487
97861 134844400
82845 93254549
97472 429693129
86176 148045684
99995 426203722
19052 15875056
68205 27375782
94033 242752810
57399 68832655
99416 460707880
73968 263063542
94886 24432526
72751 147290878
60943 41490283
95253 305434970
39178 17636895
89444 56877531
89516 177051814
95999 127530330
53181 14070869
99924 448228751
93609 304597241
84481 180025294
93122 320734839
64190 126045654
97020 326149324
81926 284664928
56186 5783565
81793 139350933
75841 163047285
73513 54090997
82455 218848546
95538 9582205
89920 22775028
76361 128993878
68446 142475913
66475 19251754
90856 111848238
72826 260759131
71786 64055748
94274 301881411
99338 371756890
83863 116827270
92988 379098250
71991 37200910
85654 218887711
94765 236037537
56098 54918462
94493 320203342
79114 208836279
26248 7269258
99403 197665515
48485 16377246
89654 368354449
77174 240735882
72358 247834558
85976 139845112
99566 356726635
68046 199256968
78292 982320
46512 88629326
91607 154980184
81796 78572350
96566 78001630
88969 332995965
84025 340686537
88132 361701619
82297 228670324
96336 126511432
86420 66708756
82904 175018927
26735 14924406
96646 1244077
90676 18378238
95131 348852211
51994 33122989
81436 37664917
87147 16136815
84221 305873353
65292 207829631
86853 268763777
92399 122825788
96053 400878460
82437 308242774
68255 6069792
94394 104036229
90834 398915804
81484 283088968
66211 156946003
73720 57926131
83797 267016921
74077 252243360
69438 3573355
60220 157620984
41764 41773860
67473 127517018
59183 148305228
75832 252759031
67691 94534431
88616 338049271
97899 230226698
74628 180183817
86408 227802328
23680 7169479
23069 5059998
96431 271469992
92420 165540979
95429 342639808
77010 107802404
63047 170780874
97954 457712800
72758 175010052
95246 115383856
94349 30286824
87299 344874736
76091 82474206
81459 90760138
83402 160487746
96267 115188815
62630 91346811
76895 255002728
40183 21518787
82836 42612346
82402 186292975
58767 93933334
92373 315146897
91679 230374156
84599 128499219
36243 38050528
94776 278312239
68746 221874712
85899 10816571
99140 443891029
94190 17384571
93375 302325808
87316 237993085
82792 274233804
85471 190051414
65778 84579505
87778 249699717
91397 403208341
84240 223611004
81381 235974766
84885 77343193
65484 80413829
25885 33448116
34713 28019992
90124 226604761
90286 145643059
85032 215143649
72272 67324506
88348 326399560
93979 188292652
72844 65540023
92278 88977022
61467 667070
73676 79829112
44912 67177945
68474 9305289
43079 25270827
93075 681754
68640 192109148
50415 29949379
57954 150398902
49331 102936210
98533 247027693
29444 8649438
44744 11607379
62393 95446017
89760 354875899
62475 151137083
93780 196975387
89419 289691203
52633 88280133
66543 168157240
63173 55563622
90998 184605543
57577 68257116
94849 271694340
98120 446395932
93000 115974689
37656 63688274
63164 174196665
41138 44954433
62152 10454109
97373 213644985
50670 34298458
41104 4536493
92589 321432346
73544 37208808
49765 46092628
74941 144895414
95489 449371266
83616 252330719
76581 3363098
77396 37860001
52489 26158605
71096 40794514
79248 84904130
76079 85754374
70211 195430167
21604 8385003
80366 312077503
89209 114275784
39734 6398410
74811 200922655
18236 14636010
48406 38582850
58201 5496354
87706 185424733
83179 189278779
76822 188430615
54984 82220168
80937 264269116
72891 70377940
39660 26608334
43200 71202649
97465 419611366
73237 94423981
88644 179621578
94706 245060328
76531 95702886
27914 14490975
87291 368209030
89550 31844393
81590 19079157
63274 30266047
71110 187160388
67858 183857965
39617 31001730
91340 200735118
93315 347644894
81109 154522845
55891 123205966
96841 347183692
41517 38549120
86905 18857392
84209 37600060
72611 4145844
64072 39343074
69515 116177403
95813 138209512
96783 255320452
84730 20504157
96487 148118355
28167 36055846
87001 314947105
85274 108628321
63326 78520065
80314 6024874
85340 219073963
51576 118792517
68534 91921744
92366 324685366
34120 18006157
95336 453855547
95354 363452451
30565 32932753
95821 174267613
43410 50712781
61024 130324536
30999 29137643
94839 158297750
91755 127604518
35768 21171313
94469 435360930
58737 137393930
54879 92054464
88026 371761406
77154 288705307
86622 292763686
95864 184886139
95118 399084662
70113 31825900
99196 235164237
75646 197982858
88000 367836439
95847 120431615
59912 166994710
77762 59436411
65512 21727030
85989 269942266
98629 395995933
66897 10710506
92960 170716434
81761 71888970
81507 164424736
71404 189379537
91095 226486694
71000 9029107
88976 267145276
13451 7195287
58808 76506702
83411 274715394
92540 115482304
92009 413257348
74682 256119154
73844 12003873
76509 231615613
74348 113914168
90230 381557224
67096 65948935
57930 40501247
94236 255109150
85822 202056814
94437 328887400
90116 70422523
82825 101079453
60956 163547271
89314 248667051
47441 78106414
45400 85872712
70980 170194721
65394 55520588
81695 95900128
57196 95853294
97806 16378670
94219 273684988
71848 54965547
58976 4177758
50662 50833360
93360 162633857
55826 94670811
97251 441004876
93868 183583785
88566 311110957
67951 116069830
78547 55788720
84129 84782938
58115 134212438
56940 63944956
95578 266321358
72632 191356024
91842 147331039
87007 284985951
60370 36317067
85976 241078926
51061 75215716
81700 322203432
96701 445381641
83748 276586630
81539 267022939
90056 226006665
96055 217832032
80920 115259593
91737 204244394
99335 297102151
88287 264128054
52581 102455486
60154 149028769
56238 23579600
59100 118198451
67071 107671270
65336 79534533
85939 293248375
72685 120719214
80836 297907761
98672 408587781
73438 158916805
96807 305920811
35124 5993683
53811 108018511
85338 356464448
72439 144272967
50533 79252630
81158 88299633
99004 106348584
98778 222126607
62767 116999055
94958 113854168
99028 344432212
92544 303101870
61836 188102162
35731 57072379
44921 65351322
93744 23509901
83536 37744770
76924 169034358
35270 3392209
79116 127206097
58813 106031097
71736 55599806
84591 92345476
97757 116611534
83917 348087834
76692 56315599
65919 37471514
93321 278088944
96896 367321714
94635 147594823
89021 234269893
93429 404830756
93186 250480381
94340 110690014
82866 277444687
88189 300976290
78439 170021800
54481 93647797
73678 171358440
91324 207176122
94296 226447858
32141 11003301
79737 261750214
87788 67720980
75526 150129802
97283 274931635
65189 4572592
63015 146345552
96316 340061517
68038 221227998
89473 265219870
86358 261284648
52817 21226756
80601 57639605
61787 165878446
83329 11017944
78342 303275165
94907 66373854
85454 247178211
68242 82064164
47006 96892248
85311 357232480
78147 302055370
92909 244099300
71862 211215479
96308 453300030
99485 103602373
73358 249729433
67161 51017902
73692 120960131
56307 103275475
72332 169861344
46871 58662007
94321 270382078
64933 131114502
78897 138559889
89274 58539359
92062 382482054
93754 267124456
75805 199788856
71539 250430139
88164 237250480
96856 89043714
71194 19340517
95252 241011199
70635 175195787
72364 215189728
98276 87843084
89322 292567754
91314 298321501
74230 141122404
98644 352244259
82360 27285154
71512 40904430
64154 9567937
97388 331476525
47572 90250080
62908 61805988
51780 89542619
78788 108213078
67055 57445626
86666 113887113
81502 154209300
94027 21259635
72076 208019776
54448 97089765
24264 21113701
83298 315325190
78512 234530814
57872 108996016
81425 303476884
76628 220702212
22079 18016182
69126 229718591
83167 279088659
83125 230502504
61064 148312869
70192 197897131
55010 55184541
57087 115375906
73158 58927783
84635 248567874
80241 979417
13538 6055522
63932 107658600
80831 206313187
87065 183729777
48023 45192448
88313 283649328
63046 118583014
25082 2295036
80423 226371303
96356 286290693
94283 145154652
68944 102688356
93506 284838078
47989 62239284
72124 185794642
40864 14996058
81955 58254499
89449 103267180
90228 254432578
37044 17619676
92378 248242140
69282 154342846
41382 41234011
29776 20842011
83881 150334945
78341 11550052
85579 254026792
91185 324643544
70349 240440520
81788 133038483
45375 15994042
84198 147017002
78300 148790086
47295 21403484
50211 74074796
94834 15572503
87986 20597821
47762 20952145
82622 194223025
74106 227446814
87566 139861036
89242 317402530
94669 147554377
78350 142234471
87904 345639501
80344 267642421
71486 162541087
73822 131646960
99417 2063836
77688 193010092
50333 76697812
43744 49056597
99632 25734844
98534 325786266
94874 185855253
97775 390097324
44072 41874645
79923 209673707
55327 51270276
95454 185749409
86130 278640653
77619 196672495
68294 144043432
35880 56493769
44551 81221743
29461 1393156
99859 269074300
60229 50147706
70951 150207672
51374 10187676
47604 43947463
46011 56381663
82934 122545693
76026 19364204
98423 11498212
89034 1547281
99141 330657634
98009 373810558
91131 284745088
98562 33529079
99910 102539721
54343 9596428
70500 172738246
75943 50034138
64671 69707263
91567 326127475
61012 99672915
88316 99367065
78926 258644953
17519 3279468
82884 230642492
94883 137604100
99514 388846044
66541 101630254
91804 81462163
87271 91074736
96796 218725080
93986 364931116
41471 25071420
98946 438239939
70354 185471113
74838 153961912
96642 122983651
96846 435669035
71386 187458777
53259 138407531
82164 243893494
68809 79858632
43829 49760068
70933 191598205
37504 23130765
79420 269263588
48581 75224446
49180 56143582
49094 74700729
79978 87074452
66928 69205197
91398 276317492
77204 179625322
26404 31625349
85034 165151552
83245 45164397
60616 50698863
93624 234359017
65929 177387828
48290 31371897
79559 46415590
99639 369962527
77744 80166166
67090 5503777
41182 31729704
69930 79751083
72910 234139156
29869 38932710
76596 191539112
64176 182680727
64875 19988948
37010 2248551
68095 70994487
95899 175571763
79915 76502638
83766 308947265
81260 14925127
97705 293393844
64561 21532081
83139 104681947
79634 97904043
75146 53881867
94806 53192582
82219 186597316
91680 114497642
98573 29644558
62516 83927541
86489 152041657
99729 228418088
84079 8238243
84109 182070624
48049 96248268
74509 2389681
71124 128497780
88460 271249791
42666 63272311
77980 74817709
97018 179578207
89072 54718671
69430 56097904
76763 187045855
56311 151115220
84855 9968228
99721 456749001
81254 262820734
85254 193701070
82629 269897128
93098 310360707
77370 90886747
60556 120436849
90986 44998623
94057 161512126
47830 5431069
69778 79636167
92954 290826034
37405 17441569
47542 72594994
75045 89847344
61746 100833136
77682 201865486
59021 7564620
56814 144709877
49190 5251713
89208 10368617
91388 203874190
99117 161644381
42741 24345161
87568 71656735
75906 217126552
43575 36813656
87954 6034949
72731 56417640
92849 199749517
99599 22297012
92935 97342168
86470 317193634
70146 85552223
55994 144762019
62992 118997419
52237 70439254
89208 193714987
67893 12815012
97131 86242027
80333 3682702
89146 349682529
74270 186473592
94376 243158971
81436 224517820
91625 293478241
97546 355572141
80327 36456886
50246 55104475
53615 107252767
63170 21096214
58402 45365374
96075 102128152
91049 323140002
96789 287837498
85750 345374623
63004 141354229
84801 637361
73174 99923856
78726 261269459
46366 41567079
92380 103901793
96212 454188096
81303 17227550
91254 216860165
79267 256942966
93550 426054609
63664 41042005
72177 4793326
50502 8148160
72978 144213422
97756 315870754
67967 52595695
81196 203750632
88536 218818673
96718 446007900
57741 34800893
91188 109197563
74579 274652119
92996 317461312
98048 97376817
96619 206970966
98288 72515152
98079 158458646
99566 457487350
93556 293933677
74449 174281493
93516 82588234
79514 58206016
62300 138745689
54480 77392397
54884 55961323
90594 135836896
62364 5857369
93260 98501889
92469 167770804
75174 105683290
99769 55077148
97487 135799519
73370 174445566
96469 418296397
63962 172171111
70354 66745264
87376 176613219
99175 304179994
55567 33489459
80357 12144520
65539 205321567
35133 7456790
91711 79811488
96219 210081694
68480 110766124
55759 22513071
40911 70705748
70547 155577351
75037 15743716
85814 190784169
69136 13372629
99653 209117997
44510 11275972
96821 25253376
92701 424564509
59305 40022124
79004 105039286
68464 135551538
82509 306118870
25032 3940906
86046 31862870
93227 373062424
82179 77546503
96350 98888581
75188 3569845
84877 279550506
94028 331867333
83225 17756029
37099 19213096
77703 219815708
89232 18511916
71312 80041410
64808 55060678
96209 375171580
59670 155404706
73446 149211586
97581 242284882
90566 50687400
92136 75281396
97069 24852930
80360 186829663
98599 71754156
84516 121863389
88721 164018361
66368 113317932
93431 154235038
64667 97257054
24467 17550951
95547 271840796
91396 182438617
90265 44297181
71818 167870367
79288 29574535
61947 167745964
89180 373203532
93141 369207505
93062 125922891
85769 77406216
45726 18090494
54765 10926304
99718 400145287
56885 140852358
8164 582904
69468 131336198
78738 65123473
26466 9788264
95894 254661802
56056 13890634
38826 12689960
69814 113618035
96915 346962034
60650 6055851
70206 142256912
79943 727182
86450 199721779
98489 129412513
79276 206784906
50860 29783902
48806 53460879
93803 146125615
98451 400169510
83315 195112522
84864 41128885
21303 19402328
85217 64159936
88414 119393166
89073 230147872
87303 265685230
94411 189715635
96811 184446484
28294 11048053
49209 19418528
84603 162657527
71139 14443810
62794 83529591
90833 359219148
78750 51330952
73986 46211956
90398 234543670
92795 152472196
61735 76415803
88314 99797722
58169 77142333
64497 149296744
62174 141656538
82204 24278320
93276 259750534
78636 81295924
79750 250479516
95821 344598684
66373 55410757
67935 126576746
70049 158009709
88251 58452160
83555 4052851
93700 53195463
88106 344523178
87445 114083688
90059 181435527
55466 126320763
89127 387449515
57313 93498658
73669 146634630
84557 47716050
95768 216485500
64834 63224565
67355 179836558
92533 39561633
99339 19106936
75109 106802152
91563 105421598
81486 257349620
66839 2572042
77346 198696610
96661 415564684
94351 305036470
66018 200701328
65560 61117897
60395 33587514
89276 152864226
68562 84504605
92172 192865900
71123 146557867
95776 88739731
89305 227744422
77804 143062645
81756 325708012
32803 13876318
81586 102053967
50059 87572896
34720 17978577
95957 145353205
73938 128114213
82006 318322246
83568 253222057
61114 160329546
90106 211279770
86806 305273743
52410 23120662
87198 304597370
55241 65981817
94604 117682974
77123 60563752
53831 72094939
80510 305405034
76764 39429439
89039 145492890
90970 11731011
66456 170371103
74690 196712644
99842 308618019
85119 172083832
79656 112076929
81954 6687385
67362 183163355
88214 8229955
75315 199843847
41484 6467050
71634 87351058
54040 79904169
24892 2573886
53044 116725960
94505 231139732
79239 186235780
83635 212756574
87921 252046936
98520 25417691
63893 88665828
97661 60375052
27574 8097210
70662 93937670
52484 116857516
89049 323845918
57074 33030484
83748 311457955
50959 57622579
95529 201530690
83065 272381202
39569 31053136
65429 6299968
98475 206545208
66204 97772255
78601 223206369
34502 35723380
69321 31363784
86594 186168421
82934 251282266
56806 33205357
94411 83132214
90878 231890602
69900 241208372
68200 229929376
89532 269768309
77224 105305260
96338 232769308
69245 221863744
81212 114592390
66699 158075251
79596 66239611
66981 172065790
81411 232379048
94989 184657466
68162 200247639
39005 53495866
81335 174603886
82454 110287432
92884 293177710
77481 286442689
63647 24740635
84481 48909093
99731 107848735
48300 6783004
59291 113277591
87811 218682480
67457 73541601
50266 113054164
82021 295146100
33239 31335843
52902 40974400
79656 244820543
33709 13541077
58867 65626834
91469 306063453
90295 56239723
67922 122742019
70956 246472153
65187 96486719
42981 31662305
46684 5832856
82469 275265597
36796 17904088
81814 145276378
50420 44026089
66143 31615150
87449 55109565
65621 113902986
99717 241978876
64579 46229395
63824 34544874
94820 319930398
87766 216148735
70475 243728499
82274 298198968
94694 54561912
86166 80853941
62944 138933774
90303 130554167
77606 182854588
87932 156390055
58917 144365881
34793 52727020
73981 21411274
80384 131167353
92371 159187879
90918 51777470
88513 74516688
64698 152985088
97564 357760291
97191 260067667
43858 82372282
96816 65352119
37268 58112148
99291 204809374
56413 132170965
86499 59668534
82886 58945024
40035 58924267
73484 234542758
63195 184714696
97766 387475855
95206 39980146
32176 16038189
77364 258674063
58500 71143274
82561 192301732
97969 108266142
44204 11842404
98954 409354678
98574 9728311
99233 239397822
99395 336197808
77740 157113582
78353 144342040
47248 72671818
50862 48095479
98576 460425760
83710 329836854
57699 113934067
70202 237969885
35991 63959734
88757 184641825
64126 178199217
79644 180130435
94887 230185511
99436 376884823
97398 274831723
90238 134216623
47208 24584537
94095 192131699
89089 108385488
54751 110465031
59169 165573680
96397 458358516
97304 172918905
78321 221517820
78910 1345246
78306 278931619
36644 15986797
88036 281751940
73824 85189061
99005 228966748
93870 393477251
86766 278516893
91447 68854051
94839 283293896
92480 86091097
75472 272347794
57966 27804271
70951 45991503
84798 255690427
93773 343731550
50576 66190140
88446 69663205
64241 179184385
50834 81767902
98524 308771514
41644 53529144
60439 178708519
88532 375215715
93936 249064537
79819 95679306
74748 266880463
84058 353159538
63341 148541368
62464 74566791
51514 128010204
90783 111199622
79056 144602449
88924 115619766
77311 26316835
95658 260981842
80726 166368457
99112 101000515
18479 5692711
60967 1227544
74199 193856602
91553 62503413
86222 308394081
93367 28092399
95482 249419455
74048 219013210
74934 143049265
66100 81344568
68988 105001015
95470 193065643
97375 101783838
86753 363300490
89266 205381207
80015 156079014
60724 31215162
50159 36993051
63831 115502659
75316 207505858
59794 150966211
40674 1914002
87421 346068742
90456 70084115
74844 54969022
79408 223510645
80884 64585539
89817 265200950
87726 236858063
98290 37632433
78631 246662442
64319 147841518
86042 131788809
94373 294352002
78303 241735540
96529 461374656
44234 70656822
55172 58730271
95944 323734447
98736 110097544
96767 243388960
89212 85634721
53537 93190840
76626 284522020
98842 155916486
82207 30492936
89145 326314081
93661 154459857
78806 107957734
87475 45949344
87809 95162677
88872 68703164
95055 294476999
95790 320566211
82036 184339977
82296 50751118
96856 172604998
95208 248995828
52058 97041955
98373 197785393
74124 153527011
86533 62286172
74390 222079663
63856 19037251
76686 263650345
52889 53087196
73265 190467477
90054 182905561
70396 124695378
79718 119897175
64321 165861754
94538 342142470
97650 126176
83693 199439070
56119 129611679
63610 81455481
99489 116514950
69620 27269911
63919 174797115
55382 38186925
62660 52270614
90571 48009039
69146 50080131
9084 265696
95328 17097598
86595 116550122
81520 237780736
96450 155954458
94884 15350326
43608 32052842
70250 67952503
46023 83345483
88548 319272652
92923 262582647
87841 161386941
32601 45920902
80438 70551655
75850 196129164
66631 169701519
70735 85302363
36484 17545894
74158 145423918
26293 12357265
72409 57350305
92431 412503751
78396 157959836
72029 28464628
90312 296919409
83646 143778019
70979 21002491
78322 56795464
99251 259260186
51746 107875573
39434 13717590
57446 148635934
53119 89482771
98595 184562759
58259 132024448
75703 76441812
93894 323498470
57781 11953258
93014 4855518
85265 43103506
98948 368063337
32264 47074653
60339 59774102
79987 85981950
93374 253988500
55954 155074032
95780 153843991
92672 363716056
49795 113667591
80516 136135084
59476 88848594
87465 83868352
96994 24914233
99915 242387848
81930 158873954
51265 75994056
66854 46055074
77728 226901518
98389 144599842
84350 45316483
65814 44051990
99205 187131106
39521 60656902
85150 40439617
82289 28305781
65022 15439804
91572 16458239
65875 116789674
88173 14466973
77964 166592302
76784 45409965
58923 139343047
94914 115124231
81011 95894556
87638 180154948
86248 37505082
94005 135496522
87892 246406716
51444 101703215
84314 209196841
88003 167868220
96585 172101929
76129 100427724
15568 6173368
94673 164191888
35573 32585560
53542 87735975
25640 13708309
92262 270953474
91963 325767120
90561 363389621
71592 157280090
34117 46964269
16316 7613800
68702 217049091
68273 140030602
76646 48211419
64827 178603304
53192 114254446
98132 224916969
77494 50143441
48379 7430250
75534 55988722
69801 160368070
14093 8255185
46884 41162105
97020 25943608
94140 267374594
68550 107585378
79581 170113462
80755 239359723
78006 151748551
91584 398243002
83572 83547139
92939 349056574
86476 55470702
82711 154303228
73053 237217433
90879 19370086
38844 42757507
86624 80473236
41444 82384897
89498 363391777
96411 426673886
95445 87098524
97591 313884811
94919 268691328
92243 164152063
87021 332018249
92809 42227413
41376 40248302
93201 164623556
30236 22435189
71402 52575459
95413 343341537
87018 346925240
68252 1580761
94893 168501185
76996 148203304
51187 21628374
92265 17569204
93948 326306923
59205 37416376
46546 47291227
91496 330699621
74986 266730006
72986 55842339
70286 63309198
89098 123672978
75401 269736976
74601 262187714
99814 186218733
87890 257388351
70559 197419390
80556 185671729
99340 178577191
99575 433131051
96595 393713148
50760 18699758
82531 138017398
98826 68651899
78588 159621793
99750 9047018
91513 203612953
69672 171977749
94588 411601705
58799 109116019
98298 452214233
95631 180107108
99311 57473242
33579 15573518
77186 250934019
80174 289106847
95766 389441378
79006 288529348
94061 344765812
92924 260253573
97216 439277710
98051 444195196
68789 82613878
85537 99423765
64828 113077068
66681 130248181
86728 133913235
71254 41521063
83121 47008268
83020 1494403
87721 124725772
98255 155599708
49930 62314516
79938 102178825
72232 13730406
81502 139131816
64643 116339667
43247 86479035
63560 89220651
69300 43799422
96056 199779741
84595 91039102
95660 282269082
88746 65241511
75471 48961636
64565 46403076
56490 62220793
19882 19390500
41947 86436994
29350 35724489
80574 54821155
84029 306614568
77702 189031215
69701 218566276
53537 107415450
77604 222559745
28533 10894033
68988 48142820
43459 20942707
98166 240915617
77728 133695777
52717 10388241
69025 156396853
89180 263501761
84286 287097052
99716 205101903
92677 106193026
79048 283944885
90921 7006345
95487 114947546
90488 6364693
39096 65294660
88077 98923310
91817 256770556
84576 329454578
77259 258666118
58187 118542280
87159 268812803
59766 2038795
90348 11446850
77219 243129636
88328 228663522
94276 368999320
35096 6972190
89396 64266228
78006 134927017
89110 188236158
51908 65212308
31903 20180022
85076 167475904
84027 97269766
58333 29724832
49215 86815159
81515 199094172
69390 157708822
61533 148439360
85818 333718697
98844 89697250
71951 241797339
85346 351313209
40212 50227820
88873 36845152
53759 84210274
54780 69830002
83430 99398039
88860 361502489
69709 73327020
72792 53379641
21434 7292559
60088 1509352
43499 79580998
83261 6156561
80109 257705662
98651 236163558
55869 95411278
93006 181373102
83626 43933830
95315 128833932
93570 356397778
81674 79936258
96378 49436692
78796 12254328
41299 13846524
63139 149000790
87810 170864812
51707 65032399
71747 12092934
88304 326537292
84518 227094507
80139 14765303
95531 190161426
77599 245584720
54563 79766695
89040 260027014
83867 279393291
26730 22183214
79270 171161902
17040 841639
95364 380534311
99734 142397965
54280 58592656
41850 5544611
87274 253154761
96538 66979020
72692 75357991
95562 216698099
76659 209498875
91074 414495295
61736 154961739
62946 90684610
89730 312740807
69754 203024623
96365 176468994
32156 34332438
52126 105854038
44230 65186232
86780 297887274
63181 518950
77641 221511834
70795 247571428
94989 292879784
48609 103774930
77779 226894264
39009 76022060
38349 17804809
96658 456495310
48164 60546447
36311 3704884
62980 90354079
72697 51387094
64376 86867848
72361 69748392
42372 10240790
74546 217066252
76612 223959349
26394 14586983
42106 6131691
88724 228355287
89666 157526868
97295 304389474
94015 132762847
79306 160795111
62396 115343998
54271 14713534
62190 32014328
69724 77427669
66322 2091630
96819 234145204
84193 317852392
54043 13669263
83924 160151841
87220 19799206
55689 149692046
24411 1317338
77629 27345361
54602 91446684
39384 54323134
81776 44738343
79096 132303081
90955 38240604
61139 105614343
70660 59470233
