-96081 -243821185
-44507 -470222672
-73400 -1809416803
51093 -9735908824
78499 -7099932721
-52796 -1642508391
69246 -1339996711
47964 -2420874042
-25022 -6968752479
-29910 -4737249044
79987 -3040541059
-24834 -9031209845
-23771 -7219653109
-53002 116423024
4888 -5432166796
-7800 -2348240040
-48375 -401252778
-63542 -9557056465
-59167 -2868271530
24941 -2553346096
58454 -857172947
76081 -2489094378
-45758 -133472054
94386 -9702732077
-61139 -8890886973
70962 -7675981697
78915 -4571704577
17398 -7159464896
-80002 -5855694121
-3771 -4676588641
20634 -1419490082
-75028 -5542176539
95131 -2313708013
-32214 -2304949853
-29248 -5010137233
41908 -1679211720
-99532 -4631795972
56473 -9283222434
67682 -1440033560
-63661 -7252733655
66340 -8532759173
84492 -1827054101
-88617 -4368127263
-39557 -1637629444
9708 -9382213670
27140 -4520390914
3152 -6206674911
-2365 -7309113499
50302 -4003311190
6561 -7437846878
50044 -4499064286
-32650 -5189977814
36527 -7625844582
92700 -3295605106
90552 -6749439161
5427 -8187560965
-82369 116858380
22922 -5791547440
54234 -791827613
-64276 -9750122114
77501 -7414151746
-40837 -527716518
18472 -6510858969
-38128 -2985193497
74762 -9837969598
-79554 -8443881450
24678 -2035778230
11276 -4010032154
-89284 -4985432241
-20682 -91995007
-23241 -8302307600
93857 -2193411138
-13084 -7706497
-3836 -9526862937
62013 -5093097190
67440 -3710245991
-96999 -8103483344
-61608 -7887601427
-81324 -7955751840
22953 -8703054250
-18210 -5879674704
-36171 -9857929028
72360 -4558018542
-1623 -4669905274
23680 -6801047232
40400 -7584675722
79370 -3688531925
-37099 -6231666977
-8754 -4276994104
-78087 -8286337546
-79931 -5209181262
43166 -2812094622
39107 -1920151685
79015 -6486516530
97288 -637896626
-69923 85530248
-82385 -3701970115
-63720 -2001457595
24728 -1919535512
-25673 -230689768
36532 -1139126492
4832 -423682379
15953 -4438459449
91365 -1942920368
-23097 -2698125954
-39115 -8228176877
-44616 -4912061197
58753 -8100963322
-68806 -9714609376
-80916 -2623982169
-9720 -7035572580
-40286 17398952
-34731 -95477137
-62741 -8328124118
45142 -7067329845
9604 -8837126677
41809 -4167047696
75417 -369807882
-40232 -3642135108
-99547 -5817283293
26466 -7297563716
11248 -7430546847
-64268 -1952902888
4634 -3010336941
85362 -969029898
-16884 -8144056659
80391 -8308619785
29971 -2106243830
-76414 -1133399850
-61537 -2798305055
-21006 -5915830736
-95807 -6167841141
43353 -4365848224
93755 -1060464313
-9485 -9513639903
-91537 -1323482519
29344 -2395456851
-95776 -5337771380
-30956 -8212322322
-57264 -4837020539
-83064 -4856635165
-36120 -2407200449
51139 -2704031203
82803 -491018875
89144 -5580334210
-46868 -5450275439
47936 -3205265650
-11398 -1546936424
-72183 -6339868549
-48974 -6990216978
72958 -3761696146
-97732 -5015310442
73900 -5723970881
-91739 -7635233204
-87916 -6892558119
-25095 -6076399712
16551 -2159390702
99554 -2558207810
60247 -9874213589
18297 -5034548784
-8502 -8573664244
90180 -1396111828
51824 -936628704
-42440 -1696259928
66507 -6417363371
86521 -4751435173
7374 -5043728891
-99104 -2636019863
33863 -2328986161
-69545 -9130507347
40505 -7457987622
-15273 -7670319930
74570 -8853105775
-90318 -5970469181
-5193 -5996990122
49666 -13733644
23228 -7484733841
30958 -5944307143
-82918 -5810382852
-93200 110309147
79723 -6866277666
5988 -3772112456
40299 -255026894
50534 -8988352501
-40442 -7000389682
-96002 -9174276071
-43979 -6981772904
-60308 -6971066897
-60856 -2309678451
29138 -9653325583
6083 -988930975
33974 -6007727153
-56949 -618944589
742 -9037059526
-10405 -2274708600
-44256 -2290959027
12091 -5319548474
63750 -1043806491
-31584 -680042919
-54798 -9848839610
36886 -6214670643
-86787 -7245797610
44366 -8838746016
47652 -69618230
-72237 -7469158093
17827 -4732068192
86068 -3480528902
35717 -2026658768
30541 -9644251168
86918 -9599200859
-25086 -8519697355
-68489 -6812399116
99583 -6934194112
-14748 -4523942893
33221 -2456753
-57573 -8947113000
96426 -5826267911
25916 -6028117594
-80073 -814853180
-65744 -1332128837
60106 -5665442803
-48524 -3844953093
-7310 -9564368002
23935 -6646657034
-27420 -3381796358
32404 -1296412231
26216 -2372177340
-30154 13282565
92742 -2245683641
-82024 -5379434153
35729 -5233932301
96589 -147574534
86633 -4287366320
-55123 -4931393680
47540 -4909949279
707 -4663382709
4254 -1192609991
-86477 -1551494643
-69252 -2459158834
-13389 -4109739942
32935 -4467471842
-92922 -5760508066
58799 -1977701707
-45114 -8830063913
-91201 -3682902996
47048 -700542282
-73322 -2564637085
-11962 -2749008664
38843 -2491644540
-2830 -6037024092
-54654 -9402227746
-59853 214863310
24586 -2528030604
4323 -3492976441
-72666 -2107555175
94799 -3942567213
-26278 -9820913480
44733 -1100434677
86114 -4427360093
-13007 -6011646049
29624 -1670565718
-8534 -1329602715
80719 -7050662223
-71080 -6568840275
-49588 -1166950776
70457 -9878528136
67800 -4995049989
-10646 -7132107199
35699 -7741621680
-14654 -3035908361
-99863 -5708034961
41828 -3439228032
13902 -3647984108
-37776 -5923081656
-74019 -1279333649
90901 -4921406989
32008 -5007954344
2091 -447062789
-57978 -41851951
87124 -4176525385
25607 -6743664590
56988 -8313819011
76834 -3495187821
-14758 -2370054411
25058 -8230986412
-52968 -9628938387
-50359 -3638816482
31451 -9074431525
-85915 -1789843249
-48509 -6594724175
86465 -4143828321
-66396 -3701888366
80765 -2480167849
-86781 -2794963237
-51237 -4670103506
55564 -5404419945
-74144 -9005918223
-21928 -9695116775
48304 -7545638458
-68619 -8527069580
-36507 -267534464
-21030 -8454431100
-14513 -1376498406
70000 -3024268219
-91714 -7503436313
14951 -7458443173
-8450 -2495788637
-70526 -8071613086
-26094 -2732195112
-68747 -9158907560
65596 -3929210417
73273 -3919606301
59675 -809104601
-25364 -3152725410
-8171 -484447946
-64581 -6419991174
-4559 -906233277
54526 -3070863760
96729 -6685244594
37554 -4319667011
53642 -9925489867
14995 -4786792677
24919 -5517167851
-98367 265326920
-16129 -9878838558
-31298 -684891103
61134 -317589049
-70326 -9983834122
-74866 -7956120872
39574 -4797515305
69578 -8063846875
89400 -848026706
-47257 -5293564204
41073 -2887807624
-63471 -6717560326
11970 -9842446949
26675 -9790263395
62348 -4080917785
49177 -997611836
-55125 -5750612153
-4222 -5290737293
-87766 -5189210770
-63944 -2915153225
-28348 -9587103454
-648 -4016873294
24458 -6821799562
-40909 -7134614910
52506 -13302590
-74217 -8875572143
34082 -6659707479
-16229 -5269529872
-63750 -8999705297
-29918 -2349713487
-43908 -6728757671
53253 -622228580
31673 -5887620561
-24459 -5094270214
-54989 -9706213375
-8818 -1178364759
52813 -1601398314
56865 -4927816044
-2786 -6560140262
22538 -8064876556
73910 -2952243785
-75708 -5702931979
39243 -4541404566
32198 -2213525322
46694 -4033453596
-62948 -5371524683
65643 -5024248449
-91706 -1044498605
-10274 -7397138786
34549 -2952708370
43322 -5833679336
-60816 -1509612320
18319 -3640405731
76594 -2207322795
-62082 -3087988935
-64935 -9213173840
-20998 -7165456176
60588 -2039173715
-74980 -7578755375
19008 -1661921778
-35342 -8319261691
53657 -788434410
-93084 -1284226044
-37151 -1486111060
-19087 -9533667554
45290 -8995102703
-35302 -9481409796
67322 -7318995372
77723 -5005668145
-44290 -5978874742
-44269 -3146338662
-31723 -2490675126
97770 -4024558089
52505 -2474446589
83208 -4347093247
-61129 -5545642934
-6954 -5646003644
82028 -168867912
20751 -8968222764
43370 -978357783
59902 -6711806697
-34544 -668756346
-74743 -5753082921
86672 -7672339531
-78501 -7600224335
71858 -6371033428
90534 -233843553
27855 -101861716
-10422 -5576217759
43307 -6827079271
89703 -2253792584
87427 -3274293404
77277 -6820202265
-1504 -5650031851
-68698 -7192332440
80595 -7402422390
-99110 -7223113279
60590 -2521106825
22981 -6152202705
81856 -8305358753
-45748 -1531954313
-43936 -526936849
-22464 -2915299899
-13341 -9661402366
68454 -8537035940
65704 -1171778390
26353 -6381491108
-15575 -4668587090
65630 -3780913410
5704 -770258010
-5166 -8450209606
-58932 -9760880526
59107 -577424289
-95044 -5246695137
61702 -8968852191
50211 -6698266666
54525 -2548802208
88858 -8904200067
64646 -920213669
-12802 -612917663
-81984 -2410326337
5484 -6118789196
-82557 -4524014753
14792 -5014965932
2288 -2381048619
46326 -6370132772
54843 -5836009473
41484 -1973859604
-61247 -1995859466
-23750 -3441272033
-25900 -7257733546
18764 -6129666065
30556 -6962257540
98211 -4642116871
17270 -1988926467
-35682 -4156529634
-30536 -3903668079
83035 -305649070
-25108 -4069119217
-99500 -2354686599
-58969 -3385620645
1276 -7240740845
16360 -5867891664
-86341 -603828999
-2413 -2804039491
84936 -50765968
25526 -9774340262
-3784 -7668322347
-56432 -7082606914
54085 -1969803924
-22562 -187006984
-58700 -1798626183
22305 -5550927090
-92001 -4301987309
-39121 -9815946346
9480 -9562575722
28927 -3358113338
71096 -4257481794
91734 -5923866577
8048 -3817825454
84160 -6721524326
52539 -5377235124
60610 -1728767318
-11833 -7424746627
-91343 -9208609693
22432 -3401159027
-53471 -9277173436
-51446 -4989734862
9730 -6416855011
68207 -2062926975
6339 -2804295823
82975 -1475553460
-55211 -4902436986
10208 -2268962312
74626 -4098348062
63203 -1157511326
8013 -8869611876
772 -7808608487
87100 -9750748655
-37959 -3044251226
-56656 -2695682856
-86834 -7949122637
30006 -2966985533
-31606 -6049479545
76015 -6093563559
-94489 -4353826029
-15259 -8375078149
-39930 -3784239466
-46441 -7528070811
84035 -2740843929
54998 -4959315215
-32024 -7578531243
-82878 -8161322586
92108 -1105551159
28218 -1677900506
-40845 -199680088
-40140 -2369358783
62554 -1312312588
26464 -9681904116
-56300 -5221524951
-58010 -6488106270
88257 -8983187866
83968 -6083738481
-92175 -167973617
91388 -3199172888
-16665 -2605523270
63023 -3823352474
21130 -8521554663
16384 -4625964765
56286 -1457976584
-27912 -2318669326
17449 -4189109350
-29848 -5752792153
-34623 -8261398321
30327 -2996171773
-36899 -4706776934
-94640 -4079534930
53795 -4650382696
-11633 -4308580198
-28493 -3746160549
33104 -2562589920
84632 -574653021
76186 -5655135636
-15876 -648079753
-73735 -2828044185
-90402 -9873188833
26703 -4734850060
-59479 -6605930000
-67769 -5482559993
-76993 -699279647
33219 -6145001953
63924 -9964088029
-78348 -9872952460
-43883 -2958539298
-13554 -8733966750
28939 -802843227
45693 -3511300633
35716 -6679003879
-52733 -8811280789
34699 -4226516763
84007 -9896381085
55588 -2913553382
-71253 -6383130998
82592 -4006498000
60443 -6417446521
75320 -983529255
-67550 -8388658609
36495 -7302240191
28201 -8399552806
29384 -1943267341
76763 -5820900865
29112 -3774776522
-76669 -7553863008
40672 -6994637963
23466 -1098551592
64158 -4291858558
-21299 -9217394784
-34772 -8548642039
-54747 -6236467774
29428 -511379993
89968 -8734434300
52782 -7279013337
64738 -1370014164
-73756 -2818347392
-94842 -3177980655
43042 -5953205493
-65723 -9072891453
-250 -4862847383
19463 -9231955131
-56250 -1420200017
-54569 -1050050238
-96121 -3180973150
-56977 -5712362296
29334 -3475829594
-56669 -1405219685
98893 -3550608002
2502 -9570447379
42627 -5777542921
75454 -9431045859
-49290 -6430289517
91010 -2851030527
15055 -8007355540
2216 -1526801702
-96800 -6451873174
-70883 -7264853085
-17952 -5080224794
-96717 -6713578869
78020 -6883625591
99754 -4249491101
8535 -4825537885
-67674 -5507144511
17763 -4629462707
64438 -4018298733
47219 -59372387
62765 -4105730501
50842 -7829073038
-96417 -1024701122
28471 -8834495259
-768 -2127784906
64728 -2896977145
94957 -3879767046
-51496 -8159478821
-76887 -7087106110
3700 -3417810184
26044 -4526903960
-9893 -5957188041
48179 -2248817447
-34445 -5375793297
-82224 -6000667776
89485 -1061949874
60443 -7197112306
85579 -741702786
-28451 -8885217712
-38097 -3200358189
-83394 -6123817111
85963 -6002199958
-70860 -4512822618
47795 -4487441333
-18790 -7407565032
-32848 -806152613
-43750 -9438645481
24143 -5552710604
32488 -2418519491
-87293 -5057108128
-59763 -7789518278
26812 -6542640924
44545 -6507039002
-36809 -9538066480
-77676 -120605168
-66946 -9555840244
-25657 -7297780327
23451 -2006481605
55955 -1662001975
-38225 -2976257069
92238 -5647939558
-99636 -2628496359
32267 -7027108401
-71873 -4102889164
86500 -8134954890
-74184 -8157182255
71487 -9033558696
95456 -3259830433
-82032 -7972135823
89247 -9520139173
78715 -3372328088
79294 -3854470747
-75419 -3733245068
84365 -5291587177
-8771 -6091917930
92903 -5933742000
8875 -5943206056
-6249 -1088645136
163 -8654886232
38319 -4646935762
77908 -8116851578
-37814 -9325254228
-11134 -9317190638
-9842 -966646535
49080 -8503684046
29708 -2255094885
-7007 -9818215056
-88858 -6678234393
-49398 -7773825258
28438 -8191182158
74258 -6638924393
78535 -9550865371
93726 -1399581971
3064 -7290314435
-65168 -8244910911
26915 -6808333377
-32916 -7048441231
-41764 -4900454048
-36485 -3105409971
2768 -4403891652
-49158 -1512328074
2285 -914386030
73322 -9687358738
-43402 -3544069273
-86395 -8776267824
-47203 -7909517780
94016 -8395213793
-87082 -5442997617
25202 -7715076146
26719 -8035029397
-26042 -8191790602
69086 -5558526691
-45361 -429049185
31925 -6184460985
4182 -3940021802
17902 -5417319105
-47589 -8524163344
-37640 -7980306975
99728 -9750257450
29288 -1459025762
-55656 -6523699407
15355 -6620379672
19901 -9430142572
-238 -2522083299
13445 -1449687186
50895 -2067976480
56052 -7336037758
-36924 -2375745703
-12387 -6237968280
54214 -7188660060
80711 -844732344
46097 -5220695461
-16113 -636255001
29974 -3485699887
34434 -6760106642
-44781 -1272421528
18458 -8425800553
-93671 -4745807108
21329 -3051225774
-18754 -1040944172
69311 -4810322281
-48326 -3405476450
-55902 -7033422108
-89581 -8171219926
9295 -233228104
71704 -4867132496
-12502 -5107676101
11955 -1845875738
-69226 -5752153396
-35295 -5714197202
4994 -9901980860
-14835 -5291861297
73070 -8002217115
34613 -649269226
-59880 -607141560
979 -3099057782
87913 -5741805804
58117 -2254175768
-43463 -4515177637
-60818 -2292358554
66847 -8865453681
12229 -8517599320
32649 -6950154358
-3625 -1213583897
98492 -3386160543
8508 -3628303089
-45896 -1031451796
69267 -9280687500
-74780 -4060203580
78183 -3189373018
36772 -1959837941
7510 -6490931690
81668 -2349662408
-66106 -7328178336
50383 -9734733718
9083 -7218938686
-36832 -2567484463
12625 -7286444393
-56563 -2532653070
-73375 -7277978704
-60093 -4734324869
34316 -8524610220
98868 -1531201343
-81329 -1137259997
-83585 -7520537262
81868 -914162266
-67424 -448146198
-83361 -3733361252
-43742 -1660291615
63071 -8050897436
28071 -129792346
-66540 -8431057702
727 -2532865329
-49490 -437091501
798 -9474258951
-22861 -6923040909
-37259 -420366228
29022 -6004176949
44625 -4662080004
-69965 -3920062218
35235 -8929333472
-8887 -1377988678
-20663 -2950950504
-79751 -9237304152
12278 -2343515145
45622 -5825595488
71264 -7198661928
86837 -7212268790
80114 -3407136270
-77003 -6296170430
42351 -132928134
42121 -891598992
25453 -8320136661
-53310 -1779826888
5636 -637155910
74146 -2678355576
-59529 -4828758011
25687 -853752471
-78983 -978997597
-6175 -3914446969
-53402 -6259189084
-39569 -3322400835
50156 -1267339082
86439 -6152085451
60165 -506228849
16224 -8420566631
-45220 -4888309171
32683 -3289394157
-48385 -373890847
46678 -7665372318
29696 -4255316550
47616 -5121430084
-37099 -8098953808
5694 -2338343294
12996 -2905717501
74858 -9009770695
80799 -8994664415
-99358 -4930977580
-68431 -8176009801
31276 -6786000835
-81141 -7029727818
72488 -9543162710
-40677 -7227519314
56244 -2397543776
-89585 -7540102824
23824 -7567736230
27642 -7749191039
80096 -6681667478
-96562 -2107985475
42568 -8879228353
-66839 -708495082
-43166 -9580868766
13894 -7137377452
19648 -3404612961
-58060 -9797570494
64868 -9831349631
-82138 -2771493617
-84364 -4099800992
-6035 -6970619790
-31156 -3810226243
-61792 -8940686086
-3911 -267453792
53899 -4935847495
57515 -2176256289
85132 -6509048723
-76806 -7539353950
50501 -3140324829
23447 -8099685389
20000 -9348215476
-58524 -1240045052
45683 -6611460794
-58538 -3546453079
-2228 -6344164131
29501 -8758076150
-80476 -9654230436
-70119 -6333857309
-99404 -9655168034
-80090 -1451275267
40323 -2099785426
-3918 -9445286853
8146 -6981460986
86545 -2143775382
13306 -6393079817
36687 -2986774936
92711 -3966986655
-31987 -3212564116
52537 -163770221
84338 -8594995019
-22488 -3751106442
-18772 -1528561805
76618 -5730201619
51374 -7840946424
68556 -6975176754
67471 -1656278777
-30391 -4038243432
69951 -6159610892
93560 -5583272620
-51298 -6518525725
43236 -3648185643
-90401 -8807530841
11870 -2930259592
14090 -3540574301
-37629 -8605580506
-22357 -5153699400
-51095 -2496415617
-292 -8799512098
-36933 -9666537505
-17946 -616176991
65249 -8188158537
-5473 -1303150316
79737 -362452372
-8527 -7944154380
-61422 129441132
-95638 -6320753728
82851 -959151687
-60720 -5512209300
10038 -3791801820
-11577 -1499811072
54533 -5796055932
-55018 -2119692979
91599 -6914286527
50288 -2490298879
54144 -6988947802
53769 -3932493338
43190 -6505084508
5187 -934584332
7710 -8238366227
-65094 -8471848152
-74916 -2110782723
-23719 -7214052206
37619 -3082750833
73636 -6903827736
36467 -6777337962
-83011 -9201804010
60851 -3775404704
59452 -8772592704
-19109 -6895034588
28405 -4647537896
19755 -9122681223
6445 -3495225534
-345 -4113406349
58433 -8908686097
74861 -743222076
-72648 -7027380242
43961 -3214616240
25224 -4200019188
-52299 -8292146304
-10788 -4901779224
46127 -3488585915
-51120 -3638876572
-74371 -8337101470
24604 -8026282294
23469 -2844684004
72534 -5470899517
70590 -9842515843
-89717 -2894251845
-45377 -5977229432
66851 -1226018320
15091 -4650087900
14756 -2908438274
-80631 -5963012609
63806 -8577534124
14407 -1209785347
62695 -5211726171
50753 -2725709797
28073 -4567766316
54356 -8408458264
-5473 -2810958436
76282 -7210471581
-86514 -6449381789
-22352 -1235654867
-71826 -9842858762
8091 -4197749101
76466 -7352069434
-2829 -4456143175
-30488 -9747752372
65696 -9346185754
-92008 -3259174822
21715 -2620545248
91485 -3195921030
54091 -6272683276
7845 -2811178136
-18901 -5224584290
-5266 -5349837298
28020 -5018109005
60984 -752345478
45293 -2677455553
-86511 -8825534192
53642 -9063111664
-44123 -9805595066
34557 -4983091425
46532 -7649557332
-25297 -4315570605
-91786 -8077381523
47276 -3941722744
19541 -9296079621
-98748 149506173
-22478 -441869377
34019 -8196202441
-85934 441414070
45987 -3557649716
87560 -442810303
-19528 -8515229287
1542 -9253151451
-73971 -7289691192
20228 -4076705412
21398 -5217723221
-22862 -218505928
-76589 -6504035215
-73135 -542268348
53623 -9827380769
-6586 -1788670594
8291 -4838947633
-59701 -4320542151
-39938 -5564953145
78613 -2355401657
-99607 -499943138
-40634 -2333625480
-47384 -8399154412
86412 -3399812907
42204 -3467698054
-20011 -1061578096
25479 -3209612237
-99392 -7789220433
69148 -4247376874
-4789 -9599665840
90110 -1953844796
81060 -7654499183
54748 -5966917385
2134 -2169381422
-17488 -8123158401
57182 -628660469
-14310 -6962697710
4522 -9371661930
55162 -8363785911
43018 -1300572672
92552 -606225502
-33774 -9878936289
-34133 -9824573705
-39018 -1336654579
30759 -6556238266
87069 -3345215196
-91106 -7922115436
89434 -2865175482
-71154 -3908546600
56242 -4455668319
-5257 -6598221145
-68519 -2524448318
73502 -2705391833
-1280 -5934176346
90234 -2308048973
-44645 -3139283001
-63868 -4255863624
15798 -6138256071
-81496 -3677337387
55488 -7172327937
21656 -8743321534
-35498 -3782289503
16827 -4049482329
-7301 -5322951002
17969 -8572980534
47717 -4990647853
71270 -7980045166
-70928 -8087517590
-18190 -8965496344
-55135 -2979128177
-3129 -4893138807
-10808 -9440648108
-70600 -3353513859
8158 -6657621155
-35899 -4639060529
42954 -2662808394
-13020 -331049624
1059 -855900634
-20662 -5673418284
-57615 -4586204097
79022 -2801543796
82951 -8940310630
-9365 -5554170908
-26532 -3842638386
96111 -7064124984
-1523 -8672623089
-43565 -699266355
-47286 -666013803
-82860 -3588944283
95494 -4815904706
31725 -3370416393
86953 -6849980757
-57198 -214320308
62636 -2573620366
23529 -604681709
43942 -4004880589
-49039 -9066059562
67515 -5754071791
-61145 -657561996
3198 -6882101748
-66615 -5677757250
88974 -2947151609
-12013 -660198465
-81281 -2237631331
39028 -8240451446
-7705 -4313356308
-88593 -2803309717
-40813 -7287668477
-80952 -2444594241
-73126 -6704624716
-62425 -1363415053
-94189 -607474573
-25082 -7134433504
-13807 -2914605317
-58704 -7170452261
98636 -8168237997
-65901 -8674767278
-34018 -730946540
48864 -8850253093
62059 -5804326276
-60886 -3311768147
-19813 -2635350285
-11941 -377334587
-109 -4636916953
-66125 -4719030673
-96296 -5790518291
-35282 -1714893530
-93207 -921585012
84042 -4140693085
3655 -6447771076
-77481 -717639023
-88381 -7007198819
-76991 -7463864468
-90537 -2456875553
57658 -5511917415
-34220 -9334791976
17359 -7486915855
-37321 -6959231571
32783 -6373259239
27859 -6070622824
73084 -4389653427
51078 -4298194892
6907 -1088458321
-78723 -8325671740
85968 -2212623559
93512 -254087149
-64910 -6733079652
92007 -3128609488
-80264 -4567374622
-76741 -5554674133
-11012 -9603553067
-45920 -522449742
24861 -7179633328
75697 -8702943721
6449 -6740652624
-50145 -2764307409
72627 -6047508691
77705 -5519885990
16848 -3311246519
56894 -3551576332
26092 -4843404494
51335 -9417110988
-88268 -3854519573
83630 -7946200531
-24694 -1111467232
-55357 -7384442084
-16997 -3231841516
-81441 -144439782
-16792 -6469107015
51623 -998503633
-94508 -6493508993
95398 -2658649125
14657 -5612654141
-4498 -9665404737
94581 -2776010394
29005 -3581834572
30145 -7524432986
-6424 -5686047111
14348 -2084607171
-43859 -1904919284
14793 -6931169746
-3882 -7376447931
-72485 -1416256751
-69102 -8348205155
-67643 -2540790741
-42693 -5988970092
-97595 -6528067854
-19973 -5698147561
-57170 -2712164534
-74257 -7173125722
61078 -8457888241
30660 -8123772410
-17308 -4043990105
19230 -3800116945
31279 -9201717854
-32112 -413433508
6039 -998669455
-59734 -370977179
-14586 -6345508019
18911 -2322783335
-34402 -2957548530
51680 -3171874834
23974 -5076168446
-19461 -1943799663
17331 -6959302329
-96735 -7803181102
63141 -7075008845
-98685 -7922362005
-33983 -1583946724
62504 -2439084537
67083 -8493471546
28118 -5158676503
20638 -8121766293
3508 -3174193346
51288 -5476858610
-63895 -1753915902
3443 -3034899155
19843 -2470243327
39355 -5619455356
-96615 -2149954078
-80197 -5622297048
17509 -2145514874
81731 -9456288414
-96946 -9003096009
30489 -6121579592
40030 -3769933205
70911 -6203020208
48532 -7143368607
98893 -2822558362
-93042 -8422737982
-66835 -940792397
99777 -3629151578
20439 -4317435246
-48297 -9730223052
-72046 -3795743156
27336 -9819322855
-37656 -5527487067
-27563 -167718048
28301 -6459378284
84199 -6416668169
-81477 -4496714376
-89841 -4977666928
29392 -1293717916
-74989 -1706143697
86656 -5144904075
25969 -1264285678
54903 -777867783
21124 -4850289545
-56579 -1108290364
-10171 -3870146856
-19124 -1423849984
78561 -4712738236
-22426 -3116742647
-40776 -8700359359
-65050 -520888960
87686 -8438475901
-59242 -4538899463
51371 -2854153025
49266 -136079159
-17310 -3559734588
-64774 -2528330404
9770 -7840046272
-62375 -7232525718
-35592 -8120247122
26542 -1555626714
-50594 -4813795135
-89245 -1309888073
-26239 -163128192
90589 -532901049
32754 -2605184704
-36673 -2103891122
-27972 -3219961143
-18662 -8296652233
62950 -7594384442
3112 -8072243423
91920 -407425339
27357 -6238179792
-84793 -6580152124
1732 -9228473517
-99488 -9507304418
57019 -176403011
-10990 -4331380548
83941 -6645225769
-42508 -6494962590
17197 -7985128925
-4993 -3079264892
-20477 -3849503530
-83207 170161090
55960 -8195985519
-60038 -9138570928
-10590 -2809015554
-38552 -480710010
-97457 -9230834350
-86541 -478771169
-16819 -8429158784
-63251 -8518140438
-58256 -2246397818
-26790 -6323040550
-14616 -2808773496
-67126 -3347752028
28903 -2476556208
53956 -5332394403
82615 -5219024963
29839 -4288100025
-35031 -7146353534
72081 -7604374698
-61565 -4347432941
-69478 -9060266274
-10015 -1074938844
-33599 -8807946057
-44668 -1320152515
85458 -1641897371
26732 -3813706908
921 -4620659540
74361 -1067795677
-63736 -1581732955
70152 -6669192674
45916 -9662324545
16191 -8764665388
507 -1698764578
-15909 -9123362299
95777 -1858512961
-99811 513503943
75958 -4245361661
-99322 -42617152
-11806 -8920430333
36605 -3462141321
63948 -9853553800
72257 -4749815825
17201 -1370589030
-86019 -9134385029
45492 -8354221155
-96321 -9171650502
78558 -6277750500
-7291 -2333293058
2231 -1489565056
-84020 -1006686620
-48243 -1687048088
-95528 214271936
8743 -25610364
-76632 -6106732062
84708 -9167652975
-78270 -9599789227
9356 -1310351494
18914 -1857532781
-50865 -4565042029
-95564 -545275142
-6625 -7902315865
-23580 -7007337048
8083 -8856036817
95147 -4093924387
9228 -3018894647
57720 -9165244008
-68833 -6899577493
-91307 -9725340842
-72303 -3783254837
-87928 -165265748
-3496 -9188101218
28234 -974490644
-11895 -9203247680
-97687 -8299682853
-13775 -6724173821
-73203 -508633465
-79383 -2606154230
55599 -5192248520
59563 -1277957739
-69117 -7813046126
-79981 -7383875232
75114 -1348679767
64272 -2319187713
5792 -1447889503
-99193 -2781558137
58462 -1545751803
-14091 -5477746070
31755 -1813746447
42011 -1603587918
2558 -8601302397
10792 -3159051148
-16484 -2853694409
4398 -133224794
90150 -3141122013
-61652 -4784900902
15586 -7810039018
-62600 -2237216860
78464 -1267370375
15482 -9758847669
-87399 -9399283749
-17163 -2642209553
21855 -9520183572
89179 -1984867215
-31470 -5256989845
-99815 -7463194136
-60729 -2975428452
-19849 -9712715410
31083 -2279965466
9746 -8428314712
43078 -5923266801
-40316 -1676159283
-50560 -2519273099
1858 -6604473348
-14690 -3079148385
85034 -9298067401
-16685 -3311873844
71935 -4021587853
-86652 -4745603485
28763 -8813289195
-50202 -5908589038
-89601 -3181209652
73386 -7068971084
25445 -614058546
89928 -3423687438
10610 -4988673715
68725 -4777773366
-89336 -2048093507
-45805 -1763324990
-42815 -9125125757
-20586 -6869886306
-19261 -6189316280
-26351 -3331109668
55443 -7448248537
3416 -3124732623
-57236 -7680123723
65221 -1755423320
3209 -4216047853
-88772 -8936079440
2377 -8690843613
87955 -304232322
30750 -8117244505
-7219 -7870944120
-66452 -9663713713
8774 -2984146338
-97937 -2347592376
96169 -7725642582
39335 -2997927941
62910 -2476705980
-26944 -1940390127
95919 -1133448241
60775 -5972957344
14355 -5669017249
-93982 -1711722087
-76040 -6559033669
52010 -4683259540
11991 -3955043426
56870 -8845892209
-43245 -9589620549
-14411 -2306955668
23220 -4351309655
-16071 -2648309692
-53525 -7480674463
-29986 -7953866049
-51297 -2787719225
-95344 -2192904968
-9913 -3736687032
-59282 -7351924995
-64975 -1309354357
-77557 -494757981
9942 -110438915
11287 -6519738897
84560 -7018786928
-59611 -991875344
-2340 -4904182412
80106 -8562813645
-87046 -6191355822
68420 -2559439446
30672 -5608176091
33770 -910980557
82877 -143726365
-65746 -2448476343
36888 -7732330554
24078 -9575984203
-57134 -980758293
-80144 -8898480237
66902 -5026226966
-90782 -7926517385
-1756 -9788351887
-90225 432444841
-17082 -6726112978
92993 -5911560736
-28098 -7805831244
50220 -3114279129
-85545 -9394429766
-31035 -3858940957
16966 -9462763655
-23302 -3322839267
62155 -3718883791
87595 -2570237715
77653 -7804487014
-35146 -8196237377
40263 -3300911379
-98548 -7021260537
-2466 -4345901052
-1001 -5913674448
97406 -1835053122
-31454 -2591659481
9003 -1028293690
94210 -2360143121
-11171 -413437734
59396 -9100581320
48579 -1834693665
73595 -4767714627
-7912 -6792836200
9085 -7467552001
27638 -8399674294
-68232 -4826121310
-74793 -9477710066
54625 -2492056328
73426 -8170291357
-54805 -7583045909
57259 -9145312544
46564 -9515142430
-20993 -5007830558
71226 -2230351821
-49046 -2812188404
-96656 -8869182579
34599 -1887982166
-94183 -3436036889
-7040 -1622699015
-23953 -369103678
23837 -3213078442
-60934 -3982072199
73063 -2026045820
-14892 -9945557703
23188 -9650168068
26777 -6505815376
85748 -2371070635
-88343 -8600858965
-49937 -7794991355
-40987 -9385802277
-25689 -1668473400
-60129 -3253159594
-10138 -7757556224
16820 -6976992323
83443 -1651502848
72403 -3563809611
82168 -9165759994
-98013 -8827384137
-87936 -8871498625
-95506 -1785388285
-12481 -8471652173
-30452 -1303748833
-75668 -8852910441
88789 -4310500057
-16844 -7171767360
-12262 -4827039105
-18875 -898482937
15894 -4325324918
-63199 -8404921029
-25977 -7637668153
-68877 -4328590097
-15502 -6207264528
-69737 -5486919302
-85725 -6467002880
-9279 -948261688
-41346 -4950129037
-35217 -1034832929
91246 -3124596439
68827 -6157280806
5019 -6347141293
77296 -5868043908
46199 -9845949101
-499 -2674335150
21496 -7356818233
32240 -6907750315
76686 -4374694325
-26180 -217468432
55430 -5883842239
6105 -3516944970
-80996 -6183425187
-72208 -6424061124
43807 -6941997524
84443 -7508434521
33396 -4564241519
-69219 -7089851802
-19805 -252575555
58535 -9762553536
95451 -2784043394
-83499 -7898875556
79232 -4270688036
42182 -9175336787
-77280 -7338622587
-8790 -7361748947
-41006 -9808456367
-38441 -2587625022
-91863 -6499879353
-92474 -3572134526
78110 -7977847449
-288 -2139912903
59175 -5290479225
45742 -4587167754
-91670 -6696219330
-95660 -8031675123
-46296 -5146189519
-22210 -4681230312
42017 -4245109692
-75513 -7328166362
40423 -3998976118
32585 -5303371932
61041 -6385531454
-82341 -637328584
68243 -8746078797
3912 -7919073505
-28097 -2146440196
-63276 -562502681
-63449 -8255746979
93462 -5925318497
29670 -1558486048
-15016 -7396197325
-52526 -3373983405
-22382 -9150118350
78691 -8137368447
-83706 -7070248560
64076 -7142372447
59201 -6740582881
19557 -5007548080
10624 -9281795989
36065 -7991477872
-38162 -8894955937
-99663 -8902462378
-66131 -8170192968
39826 -7535772017
25378 -1132765216
26953 -8725214394
-96723 -8703483154
24046 -7065650351
6246 -6780691594
81294 -8105685806
-12193 -4110698461
-74181 209705556
6079 -6251350759
56573 -2622799070
7211 -7732051972
90610 -1078658070
-55956 -7347444344
-93321 -1970868785
-83843 -1946711093
39722 -9793662466
-61436 -9199155777
79258 -7653677274
-5512 -2235028155
-92769 -4889235430
74548 -4315152898
96942 -3885854112
61671 -7887597743
44932 -1012219
80679 -2846412067
45860 -759670623
-99898 -5903010253
-12418 -2660220392
56077 -6750250397
-41338 -3468517174
-27329 -9117931860
86800 -8992984957
45957 -1345045920
69717 -3536036746
9587 -54493430
-52976 -9042146279
20340 -3229502407
-96410 -4979120770
-51404 -468024738
49834 -3094905561
-10283 -3029255161
-49020 -5977681936
57096 -7110718847
-88798 -7287847147
-55571 -9633290729
-41444 -5513718601
-3279 -3048363841
-30020 -9461221155
7400 -406834031
1549 -6305575714
-19349 -5873082296
64027 -4332327307
98423 -3085317748
-75254 -1273342931
-85277 -977668826
-93638 -5375564161
72860 -8883183613
-11648 -3748790239
-46766 -6773141188
-31570 -1186774049
-63269 -9528977325
1610 -7783476405
-25247 -5215999944
70648 -927627723
50158 -5272441796
71974 -5929967037
24048 -6684689516
-64472 -7851160778
-17669 -6780242982
-6599 -300046993
32928 -6726167536
58676 -5454832767
82409 -9427003186
55873 -6458285621
-52934 -2938331039
-83988 -9914163346
94346 -7510288487
68264 -7905193717
43588 -2454630948
-43155 -4614995140
-42503 -9853340236
-44883 -1708530689
-12976 -9672565781
-81846 -3926938516
15712 -2588328000
51922 -2794824685
10178 -7407580912
-58425 -2313882589
67646 -5125905544
-50078 -5943217953
-16898 -2834936426
53780 -4292388056
-60185 -5791566418
78082 -7077325043
-19266 -5238577720
-13933 -2399747177
-41222 -9199836084
-27678 -986076856
74480 -5763936517
3175 -3086715771
-23934 -6546695578
68366 -5727089757
-92892 -5229172624
-32777 -2715040581
49533 -4281918586
751 -8051578626
-91334 -4823647803
82066 -4301027351
-37083 -984174469
69204 -2527653228
-89965 -6355298772
-4652 -9756348687
-93169 -5230684480
7331 -2422009387
43571 -3932112287
-60562 -365596385
-50129 -1757979899
82490 -3466433534
46184 -5680180965
-7145 -1764850477
89976 -658401538
-72693 -516476141
-29094 -4888876078
-20479 -7660454020
77548 -7509466195
-53024 -2426924416
-69791 -3424873980
85254 -520457039
65004 -6333025357
-7394 -3596959582
66244 -3221874863
-32595 -7495170936
-26735 -9396966510
-70404 -3522852817
34703 -3380707658
-55830 -3152248279
-83698 -2099702498
-83065 -9396054127
-47812 -6525210263
25071 -960900540
-45832 -9516662090
38003 -9595164805
-71427 -5324235702
20125 -243185589
-61695 -7431849602
98580 -950955973
39759 -3288422391
47349 -8137030808
53358 -3173624279
97223 -2158984056
79943 -3824697145
91864 -7607531910
-8270 -7595545019
-41044 -6752945326
-85901 -5285657018
-29390 -8354287762
97667 -3411850923
-19787 -371270558
98453 -5858087514
48777 -3142821064
-46261 -7154924764
-17651 -1615062953
48456 -8015591100
-76803 -798552428
-17021 -9214182676
8816 -3728703153
20056 -6699497243
-76661 -1709438825
65333 -8409272881
-36583 -7775368748
17595 -3846857398
-21123 -3385216436
-52381 -4402045994
8817 -5116170266
-54194 -6838546353
-99066 -3556935659
-96095 -6900668805
-57094 -8736602963
-29578 -8281397010
-7381 -7442388569
-82062 -7347418437
67650 -233451777
89788 -7765869288
-44488 -6935260488
88504 -3768517612
-26596 -6379647183
83422 -8205652615
-15341 -5208027377
-21062 -2542371865
-31759 -7727600445
53802 -5847125550
-45334 -6073461131
-10037 -489225018
-56378 -4535711428
-83771 -880287918
83608 -8514227689
-34210 -7365689090
62962 -5588275721
17230 -7074108414
47113 -3431562602
-73227 -3253568098
4312 -3865580865
-29350 -824707086
-43827 -7519525637
-61472 -2994280018
-46343 -5811970757
-57125 -6469814243
-17754 -2433163854
35394 -2801913980
-24725 -9796191172
70763 -9528236604
-83766 -6438612578
-6724 -7837223842
74691 -6381519871
-26228 -7238501362
-67448 -450764946
59755 -8278757390
-77827 -6003977088
-47953 -4028953661
-48140 -2547048036
-85026 -3518240177
74910 -156922646
-34555 -6725828682
-24037 -4620441572
77354 -4995273449
-64742 -8956308143
95884 -3602801892
-21694 -4679859067
82903 -7119146022
3727 -3362694549
-79953 -3122611412
-82417 -2270658559
-25940 -3230686981
4747 -7785514257
-35261 -9103536935
-83981 212133826
-9339 -2440289878
42057 -9315904545
-27449 -7592856718
-55455 -2953296162
15723 -3372159142
-27998 -3269155357
-50712 -1606216186
-69705 -127630817
-38390 -625053245
-75875 -9897926008
26955 -5602976385
-75529 -7971155105
-85274 -3277650099
-37588 -3969510883
-84699 -8691405045
-73428 -8350377929
63182 -9953408757
-9200 -6771731997
91472 -9511484141
-73061 -8880071741
92635 -7101536548
26204 -1642483727
-84626 -8340759390
-19730 -3824088254
26011 -3161426842
83378 -8631901789
-69539 -1799256466
-55999 -5521424244
44813 -3078179513
-37271 -3944381938
-85790 -2268676495
-49724 -7349768427
-80148 -2481614033
-65694 -5721657781
-889 -5169367232
58363 -533069062
45666 -4444636790
-40180 -1674205254
79972 -1654893254
17010 -2541161813
43054 -8289225250
-96636 -1977597409
34306 -7583627115
-81484 -9382876733
27403 -5379173193
-52320 -306711046
-94330 -3360971080
11496 -9526955091
-43203 -1687056466
-87709 -58922246
93012 -5534779723
38771 -2418241838
20827 -1776606902
-80207 -5729525544
67695 -5342523659
55765 -7118358054
-19577 -5146199900
9302 -6141793461
-48909 -1357765761
70418 -8664327721
-83945 -3360087663
-76769 -8116109617
-16949 -5272807348
79186 -2352955009
55904 -5922134683
-15033 -7003931147
-22124 -2366044118
-17129 -8019769667
-53502 -1273519526
-220 -6273585194
-29865 -1026257985
76298 -5061856335
-12422 -7984839813
-98245 -5228146486
163 -1029233960
76636 -4651790953
50922 -1350373878
-38252 -7135385995
35555 -8225637917
92344 -6491126331
-98676 -8837769748
-16921 -1949876877
80919 -8026825900
94025 -6355183150
-57748 -3503270331
70088 -8061248578
-28080 -1881607679
-48929 -7314485879
9904 -6217288396
74167 -1872099227
-78884 -5603743761
48318 -427658170
-20262 -6359449586
-49043 -6569752897
-42288 -4732559508
58160 -8400510728
-82708 -1039212166
43557 -5211875648
76720 -6529553404
89108 -9943876056
82601 -8538641454
42130 -1701857068
39763 -4818739334
3326 -9499780188
-98880 -420339925
272 -9896379483
-66278 -9861460594
3571 -3930775691
-4042 -3955692648
78429 -1655769161
-85385 -2853022808
-42732 -3561719372
-98793 -729117123
-48530 -5900427841
17259 -9501186687
53748 -9462564886
-66875 -1088646981
39456 -810464449
28364 -4316526459
-90385 -3167867723
38332 -6963169017
57675 -998717134
63239 -575103623
47786 -8799181738
80140 -2429828739
84094 -3288781664
49044 -7757062226
-64823 -7350349656
-71761 -268454700
-87780 -8774205572
33832 -5729603032
27503 -6483252104
-75850 -3119717781
-703 -8667412430
-2343 -4050725420
82244 -5480187081
-11187 -4026055437
89213 -4114228586
38965 -531242349
82558 -3341249481
-10494 -563008081
-53294 -3454918348
-99576 128085975
-49822 -8844923545
-63648 -9961033115
-97370 -3660475393
-53356 -8610426036
17695 -4294348862
-69271 -3837148889
72693 -6123381833
31392 -8425997259
-34420 -9676485153
