70690 32979985
99676 2326367624
82770 1270334125
90242 578276201
58954 685283289
66233 689936286
77101 1315769274
84102 459938121
81405 597513350
90176 1218514884
99853 546082906
79838 72015561
97873 556280666
71560 474093180
97388 921150856
62968 31462276
75136 607186364
86824 312823324
44664 57847664
96705 144063450
96029 1351932914
41165 69286070
62761 779262654
96310 2242219265
57318 428939241
81593 1139402306
54560 77261040
71057 300061646
93205 1256886430
93665 858654710
99706 1466973729
89606 402516129
65946 414363649
76265 399922830
76933 313411746
98188 54411696
63480 457787340
39162 314563341
38326 360295049
99100 509310920
66264 509083404
67909 618497954
74154 329825449
96828 1339410936
89581 912625374
73150 946303225
83186 658352989
23250 124064005
91762 414489861
69594 1115252089
83202 803199801
85932 1369157716
88640 68622500
85686 1022960469
61568 251497296
87254 808234769
39437 197781326
93462 557058061
89777 24112466
75438 1410570681
97869 759877434
83850 1704267265
72522 1169143441
98577 35593066
30844 221970524
75522 375027601
51564 16535544
60110 116576285
95376 2224513324
85922 1772307941
56462 59795901
97308 497546216
87906 63147849
77501 514069294
79536 331768704
92266 933438909
30610 228641005
68904 601037064
99694 21162449
67641 58197494
38142 300973801
56804 589981184
73230 43592785
44701 323220874
95098 594869341
33668 233877736
91674 1358020469
79654 531901449
99029 996648534
96736 816246224
40657 242437746
80301 1183654894
67274 519250689
75401 880976014
90038 416634141
99630 2248426025
45674 36973669
62325 800014370
41721 28425514
90161 1585823734
82950 835042345
91280 200778940
79222 1203458781
95661 1923937034
96636 1104286944
85202 879562241
54769 114579194
94750 591218505
56149 686724134
71974 766491609
77454 1193578449
78884 217737384
86620 751125240
44813 255711066
87562 1839465201
64949 146814314
93493 463353226
36860 23425480
81637 369883446
83729 669475734
77533 25044966
99396 1118027544
92948 1330648916
76492 948195316
76117 226167106
78001 499436454
95742 583997781
72284 965067964
69725 570283490
82377 655067826
99241 1735981334
98853 200220126
84793 547240446
89241 748032254
86998 71853101
39181 334357414
96152 1192003136
45362 120606361
82754 1577111989
69028 648513576
82210 1424636625
82440 279699960
97797 219323386
65673 266877066
56960 146761540
81096 611416644
85185 893822450
84286 1025758649
59148 814499736
81185 582395790
36937 171527106
92240 212699240
84458 532480921
11881 29203574
45609 381987214
89349 1133309174
83794 1119482669
93933 1060435966
78184 291676624
93808 901207776
89280 1462447600
99690 1145544745
80730 1296354245
99552 1809149216
77248 647142896
98034 1389004809
68409 814454654
65882 1023976561
98942 1128619961
85961 710610114
91432 62067176
97592 75349056
53089 278521614
95058 501465781
65660 611856340
91529 774867574
82950 858239145
97660 429752420
75733 1387642526
70640 57614320
86053 1581406706
63308 350957856
52082 192357761
69026 726072909
74008 1302489276
61446 825485829
91476 187952664
85888 491707916
80648 1190725656
51176 129824004
48449 219074494
50761 465089474
62284 330353084
39172 327054156
40164 175162084
94276 482114564
55057 16028306
79309 1024424674
99198 749148781
61674 677029809
73869 798599454
78720 307452460
37829 29144994
70228 317041336
79684 1072365984
76622 890171441
86026 567596529
86397 972114986
39429 227789594
75273 945721946
93422 765501061
71150 849782325
91700 1418250680
99846 692298529
73080 606472200
97654 1090125749
59446 189976909
72969 1128351434
98576 1498923484
91006 1517093749
97636 1422279904
74664 738221264
62684 15435684
75588 513923696
93170 1124341125
45825 201986130
68653 548533066
68749 527917294
81464 396456504
89368 353143556
77622 351140861
84914 1677124689
98505 2060681830
30933 126355626
99380 1265692940
56153 224154706
87918 737035101
91997 1065856646
93205 866284690
92652 388674376
86901 829037334
47494 389919789
92088 1637584036
84784 935920364
75538 621141261
72788 1164430336
65441 169917994
74568 362243676
55173 178154446
63161 354006854
86716 61200424
48518 62765381
61737 307736826
45918 375109601
68392 1002985476
69469 571329774
75749 1406290334
66710 957845525
79858 753140501
95526 2082115149
68570 346398145
36290 77349425
82586 953078809
58934 161770849
53561 269929174
62745 316046310
92614 1253928009
59208 608277596
95933 1186050086
54377 286232506
87569 512096674
75806 807179009
99112 726800316
73092 164949956
69626 648041509
93121 1124194554
73010 721947765
88684 623434164
29474 137381729
89980 1470831140
39544 349812924
58236 114231264
86158 1339956521
92889 186333394
53801 568338734
96130 1270540885
47673 176315826
65409 518274514
80324 637754504
84868 1552646796
95282 395771701
94512 1073764256
97584 749494064
84969 42566474
58437 847007006
88248 680308856
87485 1221041990
67138 937851381
90549 1036803414
98314 1934400549
65142 166701141
75108 1075131896
93904 74805384
92541 986902334
67837 535085506
77282 626287781
91557 949658326
27857 22239846
96276 1465061744
94909 1287389114
89566 477773729
51750 202917185
83374 634261209
92752 1677406916
76704 1460846164
95468 532487556
60092 604156536
20538 34924941
39718 102197221
80044 1286292264
79450 617601625
60480 74209780
78117 1357814266
97088 1263291716
98956 364075984
93118 867754481
60634 767610709
71549 165857634
39985 253793510
59310 81413605
98237 282227506
41450 213225405
76929 1374011954
92000 768693340
92484 1925614924
42438 171657841
68024 787019044
63740 840474140
72766 1145493589
98806 1703193569
52742 281383361
70853 1027907126
76818 446840161
32832 256269136
54384 2394344
96714 2210330689
91876 733448724
80620 1575527580
74881 1152259354
86294 1018106909
59894 198431869
97141 2243301794
87188 1666750076
91725 51062450
95921 204048934
74957 719140206
88906 104684169
71458 764979001
98542 40506381
28158 146832701
52093 139018986
71472 873806536
34013 184853926
55126 10144969
93150 824991965
92113 148565686
88969 385185314
98402 1134000681
76030 1407483545
32938 198455681
48374 34629469
88790 480770025
58630 428209265
82810 1665765825
86040 1064954680
81953 727325326
90116 378874964
93428 691774576
32072 196261756
93984 866772344
96676 762587064
79266 1189941209
30904 206667544
40736 111283424
89746 815318669
51848 668339916
81326 876089989
85958 778267461
96206 1831074429
38785 225485570
90610 212220705
81868 1473528576
98025 2209462050
48304 159393044
69098 212495681
69972 1116934396
65106 742253129
51888 50773556
64396 327512684
49346 90555249
95494 1029132289
73070 317699625
61425 118131850
66352 1051627156
80990 1288446165
76589 814765194
40636 348284124
76128 675246956
80234 1468752529
76676 1275586804
36789 202237774
43306 96642409
58810 169501625
64997 222817906
96708 1310449736
86210 1330191825
89468 1416575896
90496 684318744
90577 848701526
68638 764079841
86225 204385570
72017 1199867426
60066 57856609
87300 1196844140
86616 954204624
49638 77084841
63665 564862390
97709 1655694654
87256 632853684
82152 172149076
57376 756216084
70369 33339754
73052 1256157316
64749 5087114
95304 245607164
69997 1050164286
75142 662305601
55205 522573630
63316 928357464
90305 1104324870
79724 1056915624
67181 332552794
75261 727784974
65630 1058843605
68878 768315681
74596 558554864
73945 955380030
99360 1719958020
84981 1480922654
50068 178730096
62601 389393994
80052 677684576
92665 1711015410
98070 2381438465
51853 595168626
83378 55642461
93249 1285435714
74557 574821486
81460 83295980
96012 616656576
84828 453879116
91310 1851449185
55308 620091836
86544 715122804
81854 1097586749
90570 809261965
72998 65660881
57074 688407809
98742 600041221
81474 1508394709
55892 192609196
80993 955637526
90293 1116756086
48986 555680149
79488 544131156
54361 153381234
67150 298482425
98737 1955601746
67209 608771334
87853 1248596446
93805 2146901530
84520 251936040
88885 1189663810
99733 2013017486
83821 1234433254
88086 871850049
67682 1100821461
94557 897116386
94170 926019505
62064 683618684
76952 509024436
68036 686230244
71313 405720886
90454 1711830849
79774 1270448149
66792 366656436
78682 400976201
99033 1892146046
76306 673194349
92328 221559976
74094 712202209
82852 186087916
96129 1053529774
93729 736968394
81290 654892665
60140 542427860
83010 937079865
49325 544546170
96908 1791425336
58885 834311910
41908 283919156
71768 602668956
45093 291742266
48640 427294000
96105 539674350
81945 1430630110
95432 429982056
92977 1867169126
55572 482493416
50138 383361561
61460 157367400
98538 395560481
75117 569783346
94588 237890756
97753 1793413526
75601 1242527854
83548 1662110596
63585 992893730
96090 1321640265
64817 85324926
70150 194502425
90508 247398116
96209 435732094
97469 1250707574
97737 1568794266
49285 542112870
91001 633033154
73653 6524306
95613 439312486
93314 1950462649
45577 239648306
57122 371682601
95520 1199896440
54897 706131026
95438 742177021
87221 708863094
49804 183272244
90400 1554739600
86765 1339828910
95305 1287360030
87804 173039584
69932 395373096
66465 487379790
77285 1343746370
67560 415577620
90457 1581901346
16405 53665090
89680 1966115940
69010 123368025
66640 967478140
88004 1004915104
66396 190330384
91557 79693746
84609 1064871094
38390 341287985
90928 317627156
30566 14400389
51526 31543389
84957 467876486
65742 214242221
75842 385550521
67509 287534834
74744 492902224
97556 1051142464
33206 99473189
92390 376792825
88230 529566765
91654 1927729429
86862 1511117201
97438 1238725361
92760 1880688780
68082 494219241
95293 239670346
85085 950770350
91420 46893860
84802 1014387781
77188 1018652036
95989 388803414
69382 402056701
84288 1741411816
85074 1060276649
87790 1316477685
73906 864372109
51258 85998301
89716 710090044
86589 153668234
25568 103524836
97718 548100881
78120 1094030020
57473 337965186
90384 950917104
81134 306832749
75114 1400034769
53610 111656285
56105 202793990
74100 61194320
93936 1544993904
32492 181629596
84173 1016752326
55768 421651116
94456 1264568824
90673 1414974486
78038 191805641
82149 907728974
94732 443202996
60121 873823734
94306 659289409
89122 1633554421
61497 412802126
61714 764065149
99805 1587697590
84580 501758820
65949 152899554
66166 984661369
72422 28421281
98445 1270327510
70749 715870414
94178 1995693821
99169 1670631394
98876 839561604
83526 1055067749
55589 307523054
42902 144534421
92252 1291444376
94374 1508492069
94516 611677864
73761 1282783934
83818 175128221
86906 320131989
96426 2115086509
73586 998501809
86005 1138443770
74656 1377907644
67148 163128256
95401 1227347954
94778 1472338381
69124 416238364
97402 180180341
79606 1551171729
69505 36758650
31154 58196929
90402 1312604181
64218 383686901
97890 2013183785
88360 1814918180
34069 131619774
84800 1686100580
99348 2255281996
36626 131865849
93826 1260113649
73910 274893185
78196 312931664
97566 1139626169
82750 717138885
93177 116348206
99360 2442304240
60750 469282765
96406 289257409
95572 1541805096
60957 194652886
81840 717924080
98204 1254841144
76088 1043051436
87168 1789258156
54468 521936116
83320 663823920
95096 231956444
99854 1691895189
80760 758011980
98006 607877509
54900 487218580
84908 973061996
86184 1188310284
44169 197651434
52008 511535556
83750 1349953445
67644 74076504
80257 1343304866
99726 225239309
72918 1024052581
82921 1230436114
68260 783968980
72266 61164649
85896 1294562524
70589 306077434
98772 1569860996
97357 763889906
55690 313882265
42277 182339206
60421 791534054
72392 420307336
83293 881650126
94441 1930742454
97489 769158254
96364 1922884984
39821 153951454
68920 54173960
66768 1019187756
69273 931525746
99737 442951726
30876 223963264
90908 608924436
48330 33030965
97757 1676599926
84068 911430676
92546 214645869
92778 382102941
97464 1806096644
84382 1761704961
69041 1069628614
87402 76543601
87878 553248421
85849 943944974
49160 183441180
64344 5492644
64537 169190646
61110 79693905
35272 221286276
61480 137063220
46041 145909774
50581 5302194
99146 1700706629
81386 1147194309
86472 1727592736
81730 1025769185
93068 1591534876
87105 942113230
98993 2010383446
99126 2090146749
87330 571673325
84766 125941549
51088 608335736
84142 810001541
74033 695645726
99636 315148184
88354 1326706249
88528 799671036
97636 2173836104
59542 756007981
75913 176056426
67489 1114482534
89401 849446734
96412 1995530296
98426 609514569
71265 885798250
63185 186464330
87904 1148106584
99545 92517490
69013 1099318866
95828 80858276
97029 2066853114
95386 1468673169
63573 93535806
23780 88705200
88165 1619531250
86106 465288729
86845 174130910
71352 567327216
61569 96253354
99981 698133574
91584 456190104
90426 1871226009
65505 676847730
67540 930463140
95482 1742699861
85221 521331854
94305 1012654890
78546 433662209
71670 1265528545
79954 582408789
86345 1091713350
72585 596949830
84818 1527798141
72826 66084289
77572 268932656
99421 2456365094
67158 935002661
85484 882750804
60913 704846946
92341 462329574
68696 1068614184
89388 1365060936
74396 907974484
64169 220172594
72470 787304145
81004 1469628264
88589 1411347114
86557 352035086
60502 865607081
15936 9303644
49910 95113785
99665 512057290
82728 288389496
79981 1262333674
50822 94427841
93841 871501974
69944 172466644
45012 273966676
92412 88143096
95684 1591083364
94145 362958270
75622 566146481
65410 356053185
96860 533617640
67316 1005838104
90549 1533414194
75177 650053726
94749 1863089474
51684 269213364
45514 502324809
79812 1461969176
72246 1051501589
57672 662195436
91984 1375260824
58945 132700830
81868 835277036
65445 260924970
65056 968971824
60420 659960520
91585 1845025370
94114 77538509
73184 29795104
66198 579245181
30869 49680934
59664 18369284
45901 484907294
89472 860123116
87481 1517850754
84626 929434489
83574 900234729
99932 954874216
85392 931612996
67549 65479274
78613 1217529666
85058 698089941
48026 30299709
43693 51536046
92413 251975186
92470 717751625
91724 1787741404
94338 118820141
62138 472662921
96816 443861124
49321 236533854
98000 1417620840
68028 334827736
65982 155520381
41846 143440729
93349 1352535654
97269 867908654
67088 663004356
94086 1384820869
88445 865743690
64736 359812844
50345 25340330
93041 1258047374
87128 1064170996
68153 297253566
95917 2032746606
95553 1067739246
90504 633705264
87392 1796839156
94214 1076725549
24049 124897774
90505 213438910
93338 1286416201
91662 594551561
73848 27393496
91008 1173712936
80405 599604450
99233 873587606
61782 58022181
63529 180111894
83564 1558699604
94188 116712956
68761 303037274
95796 1415859064
42564 279088444
43470 459307705
75346 219805849
56918 289254521
96696 1481416524
74685 837405610
35184 71143844
97736 842875864
74737 147496806
74938 495493561
84370 1419869525
97486 1985387629
80806 712681009
91482 2052526321
91330 1794759725
99716 39776124
83904 1050093944
93669 228709874
80782 50984661
97197 423903286
86590 1754413765
99269 2161759814
94673 1812559026
83348 234999856
44310 155946685
66337 1015964326
87830 372808705
44341 98138574
85609 761411594
63342 97498601
90680 983947660
88722 487947021
75430 338294745
67065 79406250
93770 1341642465
88332 1106538496
97729 2265622354
95798 2141470101
95510 1604518045
87373 570534246
56356 458989764
25034 80476649
73564 757389244
94286 889615249
62416 281958764
47761 199220954
52992 209993896
63580 656059440
87336 1341613524
71797 505411666
73853 302314386
87285 185275970
85504 928182064
58089 760304354
70878 154891421
70902 1121373501
72798 53082381
53844 691477044
85944 1642711924
60304 26864444
93713 1512073906
70000 833258800
97974 88931349
97253 46738126
98384 1080299304
54106 313898329
97700 2125251800
58268 392944556
92716 444215024
70514 790569169
93717 1358637886
65272 206625736
96444 1303839344
82525 700583370
98100 35930400
98661 481918074
98253 395158686
86546 1817022409
90058 1848876161
69857 1152904066
97029 25697274
84038 344405861
6144 7902424
94332 94287236
66076 943022104
91309 1890539654
86793 1668993786
57117 648276746
75956 1361949484
90310 1054496405
84165 747944970
84660 941070280
84100 1152949840
48412 411036176
79742 694136141
73197 373655166
85649 733165154
19609 85776394
94464 407041444
87222 233403981
66494 271658809
90926 1127583329
86801 608390914
93986 1005591129
53660 265586440
60424 98915584
92049 223064854
94245 1396793190
72260 584376960
49736 306597444
66841 48277934
97678 2234468501
21656 96171184
76189 1056271714
34264 259384544
58654 831385569
72549 1164424714
53162 186044681
82176 713465464
99105 1688529870
87970 1898120505
51853 477645346
89384 43009444
85069 88674194
99689 1596138934
84385 1363397350
61900 380259360
77548 250690656
64889 657038454
67956 269010844
74472 521932736
85157 702608606
94592 1160943336
99288 1966217916
76617 236709646
91430 1828065125
39917 173579426
99772 1772526876
89284 481695944
88480 1932071260
85217 1122011646
97154 2226779249
42273 98284906
81928 1356201276
63648 5989516
97978 186153321
87832 529541756
42873 365834546
99845 1635677390
69480 275999020
81517 1575217126
80045 1432595370
85321 223082894
94781 363608394
46604 40040224
89530 1401251845
62306 181040589
89496 188452024
99770 459674865
98638 1449509081
27509 10659394
48736 544845344
99965 966304250
89160 1565413760
83841 439173814
33453 193733546
86917 731688926
62113 842479766
62434 376946449
87645 1873985430
30425 178456910
39486 166659969
39797 349826686
82224 21700204
94132 937677336
46634 108813669
53032 113662756
48126 35284429
92717 840072606
74182 716914601
84974 961901289
32714 98482789
47637 103248606
89820 1829616180
46990 70016885
96624 1172962864
66606 1039158869
31808 100974076
69912 28405976
76982 571804021
88205 511640630
95473 1849342486
92588 18128456
62480 849200100
28004 128261544
79096 1462580824
27646 189710809
97057 220587766
40121 144018814
68845 453476030
67194 428026249
66865 875266330
64145 433793150
87429 220724474
89045 506433750
41596 353434284
76204 582216124
54709 363819714
84784 424405684
79429 550812614
95734 53921929
93392 1558649896
65482 238997801
87888 1385936456
62041 174724074
42122 188213321
88384 833301244
49486 312595989
63121 760502354
46154 20621049
97689 733312974
70176 55280904
57001 544712334
99549 686975934
64873 357729226
63733 677231406
91693 1320251086
54173 25423506
85314 104383469
61286 703210469
72861 711484994
97628 301143896
66460 433732600
95940 257248180
81249 511672194
84828 471510616
45401 315604154
65529 36196574
23820 121182220
87978 366847041
65084 731006044
64597 176381666
69118 467052661
49536 394528864
93224 1274690004
51929 361657134
82697 485447526
84478 289029861
60542 610445461
90532 1583665876
85246 1495041769
61014 542015169
74141 684021094
41161 368188314
81064 1109674564
95966 1627411529
40334 162594289
14550 11836185
76142 517007661
46825 311729570
84064 1707436564
86849 239461614
83328 1710453996
75652 1390505876
95565 1453509770
59542 737707321
74669 573566654
54513 711438986
79760 18574360
32466 71209249
73262 578538461
96774 1294238889
87152 443237616
79942 769958121
97661 312936034
60353 743172926
82270 500236925
88205 758897510
86128 1736355136
52770 114772005
93308 411383276
69986 832291389
80356 1023386284
98805 2302933150
82056 206271184
76238 113553801
95122 516348801
76130 950243545
73482 1147958241
46757 213901806
74264 1201076224
87729 774752514
91505 591797210
75697 465396166
94681 253273454
71641 126614974
87285 890378330
90053 1611316186
48201 454296794
74685 443871930
90561 342909834
50185 582725390
88701 365315494
89584 1722777844
60513 3089066
84554 1431280949
92874 1770754449
73377 1027051486
69765 1125769730
74220 110610520
96866 1553204549
79189 765111714
98704 925819684
91054 589344749
76461 1114179534
97965 540418330
94121 567210874
82265 72750870
89650 1250955305
99460 800750480
63342 444579821
87958 502832141
84414 270731109
97418 1251977841
99092 318193576
70740 841066720
94972 2060477376
56052 740826516
47860 540355080
72434 334206209
88908 968727796
54982 124282081
78946 1525047269
99021 1776952334
95238 1404807581
74924 56917564
91226 1765211969
89229 1496339214
82892 1186934596
86421 1675703514
54277 541300106
74369 746879234
43145 429693730
63217 2843506
54996 393319104
45129 161818854
76329 706271834
89021 554115834
89777 774946346
92772 397131736
65708 483846156
94742 985915701
86248 959252316
74552 691656076
91441 830107454
88401 456462474
35418 138125621
62194 719057189
47238 51370701
72737 1180347286
32497 192853186
97150 570287865
47752 178641636
58161 389518574
75136 879764
43962 352941321
86233 324142726
79457 1567525166
67545 1096507050
73893 170195846
68734 1055121489
74402 1191259081
39744 349568284
85966 444632609
79633 850872406
59610 409579365
44802 466028881
87953 1427391026
95033 50672006
88876 99316724
63509 558411914
83573 1501998746
97464 776329604
59716 56213984
78285 810504710
61569 554153834
75228 622818596
38560 356934800
93217 1314049466
88010 1464030785
77286 1388090489
50708 262994556
61010 417174985
47870 556469665
96976 634718344
84664 958320444
36812 155355116
78370 986132525
98281 567918554
89757 1800833926
82374 735159069
85798 624938861
79009 1224847394
95306 1938900149
32432 123799656
70830 1041704405
95609 583766714
25193 107816286
77556 614424524
49777 404493586
94005 262940670
97220 901867820
96817 80270246
42793 358334466
95488 121844216
48462 427031141
62096 11505464
37393 73299006
53662 242400161
28512 116774256
92770 1885982185
99309 410442654
88542 1635748461
95758 1770102801
90617 672768326
99297 1266844926
99350 1264251685
47828 406383516
75464 672778644
63930 656871445
48780 280182780
84270 44922145
93268 476699916
91692 281725896
90665 1276395890
44624 55496104
94584 1644203464
98737 1400934006
97462 984873821
39733 235862686
98589 1434809874
95532 255052356
59104 274618164
91934 1783929669
85774 1750673129
57496 734712404
89950 899555825
96857 2133873686
94185 1805400030
97868 2301832196
74382 795089741
93768 544474296
43533 436764086
93290 1421254645
90726 127851649
87758 673741361
93136 1249335384
70468 1089385416
95000 1598079800
85860 1070162440
83313 1148085666
96728 126099516
97348 1698220876
80765 608732990
54437 445446066
57498 354449761
87240 1547157320
94925 1476842870
80682 1136285621
99632 757229476
33350 30179005
72140 1036975520
79456 1428664124
52612 31484296
92670 1808614765
72248 550893056
76698 115972681
93193 283453886
77625 437974970
82985 429408650
17504 18456704
58881 652468674
78214 201172529
90322 65043981
91418 100807641
92006 985037169
91725 1724930610
76886 1130200169
50342 621487341
88233 1355354766
94750 790797185
70138 863033441
73261 552611134
74184 875471324
98170 2226299265
90117 1739477886
99228 372782896
54194 190909389
49185 268536090
33062 198654561
97253 1125209686
63108 462340556
84418 1728085281
63178 210819661
82510 1476929245
71474 387428709
82437 1666960626
84890 371452345
53102 617913961
80956 9066644
69210 1048086245
87617 1133859886
79925 1338171170
80960 276124520
75121 451151274
97366 1589158729
80570 297366045
72910 1044787565
72202 362807001
69497 1158136786
62196 761014384
34833 156570926
17421 19109794
99818 209189101
83824 211712384
74522 1229430081
63710 320598285
91222 688830101
58873 330585666
62902 276012381
70978 1020321581
86006 409871749
22744 65638824
55697 113685206
79229 747381234
60636 188349504
86678 263082421
30777 31252966
36980 163459460
91174 320775649
90998 1582912021
83942 1376593081
87296 152205784
70152 115350756
92082 156949221
82366 844641529
69094 215968989
95809 921067334
90333 1053669186
81772 1327180736
46142 13646081
90658 1301457421
85453 1024282226
94420 2054191400
89321 803159234
83053 1324314346
34176 285756844
39916 112445524
96718 564058141
46446 466704309
74865 1159993170
69145 848282190
96621 1055759694
92876 1580108984
84046 199881609
73426 259240029
91438 1151496281
84964 1763555524
40657 322169686
49744 570118984
79264 1165053404
84500 336475960
62597 360128586
82348 547167496
99584 1152062324
43932 316670816
71944 944442264
56752 678545776
56470 503774845
48828 54584476
77840 81328240
79212 454333576
76908 1191886716
48653 262844726
99826 566286809
88640 347697900
15117 43325206
54197 99637526
56185 709460330
89794 820900369
82345 1560500350
94654 53880169
69517 444132746
89870 1292380885
48572 434721296
74692 798828596
72592 1111524376
87514 1217713069
62504 321737784
96032 1564588356
94480 2056367960
93730 625410985
53849 531882354
87658 1524414401
86916 560858304
70866 1194086689
72917 180850646
90000 1215477960
93558 367761201
89070 705497085
63326 695331269
85692 1362054056
59952 785282576
85981 208958614
95177 2184048126
95082 1815005821
62198 236372021
77230 51923405
82690 1172483885
70846 484172489
54146 495458249
67498 1059007041
88874 342490349
80193 686580006
86860 1096759400
82365 543676770
77710 392611945
98076 205573304
86318 1861501381
97172 1970732036
59772 484944276
95002 970471241
83973 533091566
51142 151778021
80026 410320509
57589 587531734
96366 576281149
88770 584018465
97714 2347586449
87002 457420681
72220 1015193160
94813 1687558786
82465 1633115110
97728 990242936
69757 300072846
97854 619966249
79348 660691176
76496 1391986804
48822 71044381
49673 554352686
63858 111664701
94508 258312576
53212 590405716
84630 208122805
71496 259101984
78002 462139501
75308 1415565616
90770 270939465
58420 650367780
73424 106378044
76733 275015626
91778 639763941
39558 66554241
87750 905557745
62225 880417370
95378 1982548421
84493 622987546
82262 857629441
58028 394269736
51450 214368725
81536 1109340904
79633 615683626
58872 839148036
38278 258469661
76486 957361309
54681 184094294
54429 250655994
98156 307915624
61365 577458750
80064 657612324
93285 1730286790
56981 87737954
57514 650486189
84901 464365954
99554 1556063269
83273 667275246
73108 921672896
95074 2149575329
48285 54185490
73913 980906346
99286 1413355709
24018 107046961
53388 407451416
85517 510243326
43408 41487816
47957 574358806
95125 1275741570
50070 388141385
45266 131499509
79769 878167834
83194 1137505289
83140 1103277840
81941 1424664234
65185 441471630
47384 492493884
61037 53216746
85114 367921249
86677 260004726
99022 798260801
74772 1195633156
81245 983004290
90521 570139014
72298 1172568081
52620 670485200
86734 1242322089
66137 876726866
74228 111634696
82001 857786414
92882 681287721
64697 909479066
81700 967725740
74602 1102078681
72230 1036555225
99396 36604004
84265 358407490
93008 1438316196
90609 1057677154
88044 1033574044
88109 797756874
64752 699866136
88529 739154134
74641 1110880314
88985 579128250
71218 733929521
75165 643875050
93294 1723145549
93680 433858520
83525 1439307650
85820 809862120
83122 1235538641
66229 20275974
12176 8682364
88933 1762851066
78728 68818356
90162 172119421
91485 1239350150
98029 936722654
52321 478098114
67985 1131043670
70948 1039420396
92396 1110897784
87818 1203533541
53601 575722074
74692 67308496
34274 108628709
86750 817705725
33130 249879505
66212 811519236
19384 9660204
79476 154238324
82654 1330146929
88568 229172296
89562 1183668841
72720 927005600
48196 83497624
41985 77618810
69850 423196885
80504 1471096504
99170 1997141705
72544 1052681424
33632 243694556
82338 1388965501
71178 1001764361
49140 285670520
92945 1183903990
74012 19164636
82749 1541681654
98490 1639198065
97104 472046464
96420 47443880
84942 1188265101
81273 541458626
91866 1946099409
62090 316185805
82876 1072300264
86208 1240988456
98405 795488970
33620 108551920
92310 1052020345
80261 1294799094
87300 1661740400
80996 1221322924
84005 1156771270
97569 228693934
95085 697981970
64613 629392406
82597 1620937366
92670 1122607245
54566 241322529
47925 321790330
97709 1547488334
94440 2022344100
79822 821060381
30297 181532966
69070 1057900505
61345 268420390
64961 568643634
71228 107458156
37457 254968686
78277 628518326
95600 437525520
57702 607088401
90005 1258010670
98461 1892562354
65141 285766554
93104 43901824
94012 670509936
90589 249432894
57026 657115649
94930 2018519305
79310 494630185
81266 944215589
44689 342550354
96429 316403874
41890 353696685
87397 1721626666
37650 251314965
99621 155185114
45826 260110889
66054 593319949
91456 1904532984
59996 666627664
73885 723972370
69242 1048842561
91334 1449373569
95326 1613561809
60566 144985309
71781 472184114
53605 3658330
83132 1353306176
92881 1488434734
92040 302746060
89002 709985661
96062 1702509441
53460 702531520
67472 390262296
70298 646437521
67025 191107910
76804 1296015344
28934 9198369
75540 341045000
84080 243957400
86586 38155089
70065 57866070
49390 133778525
73625 1171823170
94922 429840861
78754 511833489
60225 38880990
88633 1481245466
66530 646263505
91505 365156390
83478 448680541
77496 1494197324
33302 128817381
79860 856651800
97217 1929553986
54897 647871326
62373 889771106
64570 803986145
72640 793651180
66129 911127194
93318 1922702721
86049 1626905354
36570 36544745
77149 568662974
80928 215095336
95853 575869866
32384 95488164
91482 1105304981
58881 33407354
92944 714560644
82938 1107504521
80481 685305294
97030 1108459685
85064 51670484
67210 1091879225
93908 1392852996
42668 140897116
83645 207253430
74609 323438594
99717 2442332206
49310 184242445
95605 627681890
76576 1350815884
90628 1734830496
64190 313766265
90121 1647322414
96740 85715080
71941 831915354
89657 1328358346
68562 278616341
26345 165907250
97400 889471820
95005 555216210
94301 1084024614
86532 807497716
77742 142577261
78141 53733054
70196 54081104
95698 1013900161
98525 1093505150
89312 1989848556
96069 262726734
79821 709029534
83678 1002005861
44562 181403721
90914 25361989
63516 607746504
98420 42682620
38358 363333981
83828 505783856
92965 238137390
49873 378009526
84568 1287999136
27940 1283460
92822 1054613641
15840 48196360
66457 17716726
63252 195397476
96968 1725101776
72864 842501444
61989 363759134
70269 337797554
86484 1730394484
99714 1085657829
91924 1791767324
60646 304761529
83305 273886570
92034 909644049
74273 380046806
91106 1602549749
78172 1172890196
80728 1403925056
61713 740200906
67725 1016533890
61346 520777389
97332 1062327396
99682 1807271381
51180 187580680
85542 1613908441
78172 1246520436
92230 1462132385
53840 278888040
67074 774888249
66389 288120634
87860 1466645160
73930 564759005
67738 350373221
97860 914355700
90949 2060753194
96977 2065239606
42816 142437944
87580 1372994560
76734 183228029
98930 2144611585
55832 206496276
96234 1417049829
94294 1290804749
84821 523006694
65994 19470829
59385 407953770
63840 912318280
96794 1443867369
80502 1126759921
63989 5518354
78746 900545209
95233 1344419006
51017 423048706
86792 1387326676
80254 138327329
67508 1108714016
93580 1639511600
69708 793201676
93478 676948001
42976 122447204
59788 98620876
89829 1009378714
54484 5034144
59644 29282624
78620 620808900
64685 818718210
88552 1672178196
84789 1101332954
31174 19596169
83138 734567741
77744 846034404
89505 532476510
83286 784870309
79962 203435901
86012 233620736
94205 978776510
49453 549303706
88504 1695972384
25822 86857181
37881 78862034
88542 1618698581
65329 934476034
48449 348344734
87713 1887846006
57925 64549050
31942 45079921
98717 169277386
56158 496178741
82973 830859786
71336 363274424
71292 722634636
96316 78600264
91414 458222449
49758 259336101
96609 871080874
99054 1336447389
67080 26544700
68206 336351129
82181 383591954
98302 915218761
34856 97962224
99964 1059732064
98965 1181526650
55180 361622040
93761 459727974
90452 1511252236
69534 1165623989
90134 1037314049
98600 2157822240
99492 86839176
38064 250090924
56124 253593304
90825 1092255690
62640 749074200
79669 1013905834
84656 1607607964
99040 896597900
61776 435502884
88430 546887105
60768 784346696
94652 1554152816
73100 1291713500
82988 1662854996
68206 750230529
87164 75103944
59092 381547296
91156 1523440604
89584 1911832044
95877 351386286
27830 72683205
84733 719584586
86496 1635425384
94888 2040514736
76800 1179101480
69785 74899690
85772 1198548516
74898 129357481
86086 1232459629
55401 169388494
89042 230836921
92409 928811754
94074 567755289
98602 1032835801
92105 1367512870
45420 225168160
87145 922341050
63413 960957986
80452 1371329976
59461 679671554
77517 586468226
77913 176458426
84133 979992226
36090 218407285
51517 459894086
94470 1264677185
86013 471533786
73189 339293794
56025 768931810
43101 396366754
64737 389651306
85830 28116205
80468 1390283736
94556 1558991144
90334 856098429
90822 895903241
79013 1056528506
99600 2085147620
93884 1252279384
98240 1283141700
97700 1562891160
87806 314359349
95238 986240801
61977 731909586
83118 1083854301
54897 658986986
90860 1399324880
92104 349070224
52957 184862226
85464 271642144
97412 949529036
94373 1181495906
50025 528218690
31984 107667284
97156 486652484
89180 1780577620
88776 845171484
84510 52480845
96717 2171954026
