25833 1237984561
-22253 8236414183
17653 1961526760
9429 6242915759
-86209 1359604795
-10321 1753843265
43795 6448965009
-43303 435363536
-75865 4254716289
22979 6200813215
-63873 583768673
95743 6632773173
93345 5564497777
18705 8405724479
42257 222250516
31979 7931335674
-77077 1686157561
76439 9660615807
-83301 9562453014
-81337 2512557226
-24189 103988117
51995 3362489513
-67999 7189615809
-27403 3023039823
-40043 3615513008
-89043 3194411483
-50007 6434648340
-89351 9254440435
19451 4083089298
-53885 7936174477
81357 1765920601
-74249 4351899994
12305 9000469491
85243 4452056973
-38837 7968083918
33051 3565164622
-77547 5401136111
-99803 7649898355
21939 1699300702
6615 5400519762
-70171 4948358457
88655 6757971502
42123 1818637958
94239 1525103975
-7909 2350899895
-61067 8933981951
42941 5795661649
-43799 1551208564
-24457 3615512291
-20035 6936622953
76759 8859991602
13849 7424845264
-937 7271304875
96175 2173317638
72431 4970013919
-86301 8150627577
-24705 5211066859
-14403 919838823
-49013 2252022533
-12637 4532253475
97761 3631073999
-15575 1612323813
-66645 9546308857
31269 7387636183
55951 9220375114
75497 8033731377
14831 4140981990
62031 800996537
30671 4010189118
-71215 2673881997
315 1258029602
80609 7185500319
-16935 1259962059
13971 9810346102
-92613 2853524393
59207 4270502710
32419 5743839405
-83689 9930874695
-42729 4172150822
-637 3385842345
-5275 9896739463
86757 6098939128
59433 8203359951
-44383 8569829335
34089 7945393337
-90835 4067665817
51971 530858134
-5635 952130711
-49413 7312889255
90333 4754315716
2211 1790323867
-40355 7726186671
-31735 9087396191
15789 4351287527
36725 4005205333
-38915 5885050963
-44225 2027813299
34219 6970582219
-42099 8952304412
97943 6350867130
-69441 6311351334
79531 7062922594
82821 5056042088
70253 8664194311
-739 9900363097
-10713 9347953695
94149 3030061783
-3213 6935860727
77287 5534576970
-88149 6373411897
63679 5619764769
34981 4853666787
8831 238277209
22641 1793849435
72967 5637039517
17669 1646019675
-75423 9745911023
-91515 7880381528
32141 3117578509
-3947 5190625180
67745 6824803297
-29885 5703876989
50773 5978467545
-22555 8839373383
-61607 3566867063
20029 5556015564
-19863 6656649205
-28265 1095446119
-12139 4354110420
-26175 3976547633
-15071 6037679263
6455 7911645697
-96173 9855100558
75455 796115126
-10957 6661272243
41413 7128962756
94095 7565605231
-15415 467246924
13759 3989522765
38993 1266177027
-85557 815585653
90381 984430907
-94045 8945628681
59221 4927734243
20761 4582455285
13949 8139285520
-98881 6099058074
-63967 7495876255
43751 7010097189
67527 1237713857
12395 4650619249
22519 8152713714
-19899 4789140748
39421 5403026635
-50577 2807177098
45771 7791561905
-6997 248497441
-32565 6191636827
77247 7850135222
26955 6922584539
-65035 4321248968
-73959 365691177
-32305 9245986983
83663 2079746146
-15725 9536235414
86723 8932789506
4543 1470406422
-22381 4164888297
-38527 4783770543
-74435 1761216037
-26573 1092757310
-35427 4158546697
-47739 1213554005
20117 3558152917
40877 283924435
-53947 8218309093
-8257 9253219298
-96681 4456225825
39815 731352289
-61237 3267501295
-38835 262857803
-7805 6560330909
-66519 1872833545
-93219 1638099180
69525 8630889067
-27757 5181943071
-38769 9867941054
36415 8751834197
-46077 3103673135
-5273 234205107
88871 2405817627
421 4951491649
96127 8733159943
11797 4766161720
-15195 8311583896
99861 7208793412
-34911 6516504580
58841 3491045880
52703 3718660863
-43015 3511812973
-27253 2372658005
-37285 9420186498
343 2004440601
54323 743497657
-11239 1566410637
70161 4182085588
27867 3464630198
-39025 1590478711
48063 4419877755
56047 4428177285
-31405 1365389478
-11331 8121017253
-60171 5278587809
-4255 8809198869
-25373 7944549475
-57729 9916853777
-66117 3558384217
40171 3997463658
37423 6147896641
11007 7774476951
34929 9817571567
-56153 3846008122
-56097 1827377881
18835 3045408926
35715 4686215438
-34137 7705762627
979 7291583965
-96827 2786020627
-28469 8052623645
-36899 6534247945
-3719 5726909155
27099 3988404579
70125 4531327044
-55291 1609014897
-75841 8362003142
-53011 1883827108
-17139 5642097003
88391 7688138198
91 9766748003
76983 7484869411
92745 5369606439
3825 2112364447
94945 3572196479
-69065 1257708994
-64047 1470383623
-7193 3684130473
-51149 7915639502
-90517 1599641998
16661 868192860
-32371 9885119635
19017 9034333955
-43599 2233690497
-40285 8344204098
-3127 261477023
57121 7287106452
60097 7738519913
-28163 4532629721
-7509 9083022858
-85451 8939090793
94703 9218482606
-10993 9906023821
-22289 7302798870
97057 687825188
-54767 9683009017
63021 2791240384
-51143 5253643180
-93257 2154866598
-63501 6763985018
-2683 745749672
-34519 3646000243
-75147 5889961341
-70069 3895840039
-93967 7837111983
62915 6551152157
97791 4673164978
54819 6034472950
3471 8575936105
81703 8094636643
-819 272218888
-80161 5540440463
-55811 7293341445
70529 7502833415
-80957 3001019241
79269 1786373428
17581 9589934188
-83801 2855050090
-91523 3610203635
26165 8823859268
711 2783773083
38259 2880335549
77587 6226999377
-44029 7824453643
79399 1979030677
92235 8226049367
-25579 5761690729
-85255 1252853697
31477 4028147891
-56605 2189765866
-83157 972760735
-25159 1728031772
-4617 5042524225
12421 9273289612
74213 7626895965
32541 2097792843
-39415 8451176181
43095 8297224082
-63547 7659118617
23985 823081499
41399 840556174
-12469 9402742210
-88097 4559162386
39561 5914694432
-15301 1390980445
-3093 8672190311
42009 8989294919
73779 1814032113
-73761 5810391598
-1919 8628549879
-53067 1328380901
58717 2095682403
88847 9100880927
-96605 4141130827
54693 8883615948
64087 5533059242
-28629 2073390495
-7579 9788411407
55295 8212501231
-27073 8583147418
-18395 8458040764
-59283 3047785496
-5223 2847691903
95633 3016103056
28667 8626407565
-76235 3252137692
56249 744241168
86147 7248982781
-96909 4244828797
-46005 6957722977
36443 5722511023
42809 3976938740
-85997 4158733263
-93215 8501461951
69827 5190785315
-61099 6470694620
-70529 7739545629
-93075 5478824701
98113 9226750276
7037 2724042565
31199 5019367285
-75855 8747709116
-10257 6891553227
61507 5129109957
43435 5608950561
-48143 5699666477
-10145 1273114071
96853 5709346600
-65061 2972986669
-4169 3618320667
39297 9767675788
52491 3373454615
33113 4190497163
72959 9682335955
-1803 6581031065
-95781 4561922927
-40079 4238767748
-18749 9099997657
-26395 8179668533
-56479 9202803755
15089 8910185035
-61817 9563821458
42071 861968619
91101 8141073379
18419 4388553017
58937 5150327201
-5249 8388219758
-72751 2745827473
40657 3492299748
52963 9397754065
-9253 3936221362
20141 9924418497
70095 7933013899
-83559 8290308724
67643 1770730850
-99221 5956176922
-5543 2055149160
8655 2913917062
80429 6731648723
82429 5489316385
96175 4145282974
-75831 8153022920
60755 8365777622
-56371 8414017020
-61427 3044642643
-67501 9359055325
-29827 8608256923
-70839 3104969647
78231 3312324990
39999 8476771297
-26059 4809057817
-14949 2026958285
-82145 6688716021
82889 3437361688
-46255 4959949983
-93157 8221963231
-59087 1273902467
87657 6813918995
87715 6309563943
75009 1663223947
26081 5725917959
-47561 2522686922
-60749 2666719718
-86935 4647524809
84787 3448509706
26983 2127589765
-1711 5917416724
23275 9620121353
-37289 1939348883
62757 7616343677
18551 1800079399
-61417 4483229613
52151 933494258
79201 3318472339
76313 8238016456
-81631 2400747905
-57043 8676379953
62315 5439641418
-54775 5134066352
-95811 4630571569
-29613 4908629977
58337 1728398723
92925 5528070357
80255 795537669
34209 8530315828
-75813 8966399713
83779 2024742178
-3157 467427141
21691 1424744015
5685 1940217064
46573 542264455
73379 1138770489
93731 6655079758
52395 6955823461
25679 4626689245
-70903 9306180441
46997 2818088193
17651 5269121909
88429 9116888919
63175 5377964357
40183 8196932533
85015 6451187691
59417 1057135453
99107 1750791570
-62867 5038242291
-85063 8184606768
-87003 9200472368
-66809 5060975618
44779 234795635
32149 3081109035
75225 3825411301
-51003 1973662811
-57783 9167414627
-35811 2349520455
21425 3261591839
-30269 5567623178
-56297 7788945043
-60705 6526458782
73603 1483993223
-25831 6177657300
80119 4895827403
-77763 389158135
983 1960837341
68573 722060768
-30813 5441619575
-35437 4233336841
-26013 7576122293
-84313 3469017426
-98209 5086003397
42649 5678101829
-5679 2876641969
-41537 5160592762
89123 5641851201
-13795 2996592203
-20001 6274364822
-4749 6000414562
-20115 938745676
-5901 3117049135
77441 2841477845
-1881 2126549390
42009 4964256973
38765 6146636199
67971 3180667770
54379 7300119465
-60397 2702165810
-96437 7036719818
-99223 3835601407
40281 3587128712
82521 1954533943
31651 4709145618
57123 6644777502
-91141 4089389509
-47307 8497234001
93197 6472918352
-18825 9115412719
54915 5081997493
3363 5987311787
-51945 6381069914
90769 855305072
11 3595669090
36243 1508833778
-4421 1780659614
-8359 274324405
-48613 4842927381
90691 1670491435
-16277 4832449186
-49161 7396429174
-1499 5898946313
93857 5828987905
59327 6353239495
48345 6348103703
73475 7201688069
-75833 3252972757
10525 7161915683
-65281 5738517219
-34633 2898772713
9283 6648100471
87003 1624378281
-43751 7866205320
-60437 8368149155
11027 3573270722
50585 6376752383
34067 8371575426
-39455 826710633
1629 9818532665
6389 2875425665
64173 8612199435
41681 9139831839
-33975 9465496277
91847 1243681975
83861 7683710667
73045 9214760959
93425 3218160013
-62999 2752621657
59013 787889892
63479 7188424429
30787 9017220197
-3071 4349030704
-6583 8717488001
30279 727379410
73145 6095988617
-56937 9588299545
57633 9629175012
-51099 668838557
70821 5483414969
-84823 9361243685
62019 6146695254
-46247 2336741572
68699 2429016909
-12173 8164647686
54849 5261404364
-2519 6433236273
-71301 9915180019
-38143 6898341800
-47325 1049242303
-50873 9629194637
-2419 4100193552
94463 6519406865
33541 9463288424
-98653 1596235475
-38395 8558827208
68895 1950185461
72843 3826197443
42485 7170961384
44921 7138266840
-65329 314712219
-12349 1023715253
9491 2535226667
-25089 5316919227
64207 2696221093
-9497 115527443
97197 8498592485
-39017 3814165827
72031 6200136877
34673 5368788275
-56043 2178135572
10625 2326439281
38417 1474911941
17647 2251834611
63953 3087971035
-90129 2322525555
-69715 4451278427
-40257 584156261
58789 6803653593
-31915 5528262012
-12809 7213816413
91977 9150115608
-53409 3928807653
22487 5357479665
-13441 2656517874
-28659 3937427339
-18467 6645035251
-58565 3746441261
74711 1612491773
9389 3114548759
88711 1982695263
20375 1867573083
25631 6349052437
8407 1903971191
-58047 5412628463
-39167 4760208475
-43917 2563511977
-76017 8409137317
39809 3446309175
-59023 793332657
17631 8082080599
92399 2832147433
-87211 4458547008
62767 7466963918
-86239 1743374967
-91821 768251978
28581 4250247368
-1345 8797582638
-23903 5602004728
-38643 8196236515
35305 9672129081
-19143 6006731971
-40653 6808133530
-50299 1952874647
-76817 7526676938
63273 6160255337
-56713 4094755490
36149 4887725019
-9301 3834716570
-76993 2623446311
-89307 5937911807
16467 2425594541
-56549 7281038682
23759 4896313939
-16467 9598011948
89971 1490235169
32065 8190912879
79237 3196054655
-39431 2054920839
-55831 2832232555
70753 1613312485
-29605 3031107982
-28093 4802960567
-48865 3926246069
-30917 6640495241
62735 5525354757
-72605 3851707798
90627 3963921698
-17309 3175419935
-8537 7483183938
26547 1692198126
79881 1564545673
62115 8338238701
-88561 2526230067
-82293 3901351007
-15429 1239351022
-92243 3693226475
99499 8150929534
18373 4725701101
39479 9532701099
-60961 6391279173
92195 1555878923
-75927 2493847892
-79443 9839542677
-63867 7766115732
34075 9144389986
-69827 1510089595
82797 2882784051
46215 1092506939
-75509 6404404497
-57045 3921364453
73409 7173000412
64427 4523154902
63003 1485130386
-69639 431358307
24471 1156553850
-10971 1075689223
-12265 8181605818
5341 3283799400
-70213 837389046
-14819 6920452352
36377 2004872171
-91139 1952730475
-25093 4157230515
-9321 922308669
-51805 4169712883
95739 4138203469
97409 7639610777
20729 7203326443
-55677 4809235345
-48511 2552561204
58605 7470612907
-79237 2098597578
90953 5163841397
-68961 6534487523
78643 8094795863
28975 5569813033
-27205 6270481309
-87719 3378172367
-16611 6990091207
-47035 7846295112
8741 486169727
88221 5887746660
-80459 3719509168
-81959 6767368055
-63383 5389205392
-90523 2909666225
-92617 4979882053
39233 4443349081
28703 3168264987
-51935 3794372077
-98893 5736921605
45313 2742004221
41955 4393000513
24405 7295031352
58889 7664451660
-27067 2688631931
-99785 7358984687
32735 8486164109
-89715 5936674101
-44559 3812807843
-42697 5767009398
-87081 8315431027
-11487 3732345148
-14373 7433563691
-1617 165295018
-15519 496732857
48611 922974487
-50101 8968871822
-43041 5655659445
72541 3029364419
-18545 5285525697
65759 3704718485
-67155 830379848
70971 8015370065
19747 751129658
11985 6306312037
86559 3181966742
26131 9526843462
-32561 4422875905
32651 2155570889
45393 9387982701
-81533 2745162645
-27329 7912355915
-36865 8703159013
-4787 9742347616
-99657 1047695403
-74019 5438394512
-6289 8493190489
-15091 5153695249
-40843 3403264100
99255 7092312647
-61059 1285203980
28791 8453642218
87737 677322560
-6885 6621761287
-84285 5244305974
-39289 9123708497
64699 6161049307
22409 3822877972
-42695 1090214828
-3555 7688903912
-92719 2317880537
46265 3734493329
99369 7677755920
41505 1024007507
-19471 335754900
-3117 376500661
5663 8393346906
-71129 5218037439
30705 8963406321
-90609 5177736542
83901 1552141817
80883 9062073038
10405 7833799377
-23639 3002176119
89763 4300609481
-30943 7668862891
20185 3593689657
-15037 1814133625
-75667 6489692280
13271 4687677009
-52705 2689516418
46135 5496657033
4411 1544703462
46987 698270191
85019 3471894819
28835 7484132447
47153 8507164256
97513 5498368085
-21759 287888799
-4463 168509820
-73369 8247400395
36141 1184246729
-35083 7381426857
-60323 4182977891
-5703 4160494621
-93873 1490654951
94475 1177066159
97943 2798743901
-26433 5312757810
-62067 8150152208
96605 6699814669
-66285 1555586906
-2515 6127638507
-22555 6043747959
-7191 4983001257
65349 3469852887
-44427 3653122553
48685 2186273351
98139 2849446342
-86167 5381654213
-47865 7226876493
86269 3789648643
-33187 6451349955
86945 8055412996
-30013 6669593090
7779 8252850499
86229 9407098292
55507 8399494021
60985 3361561869
-10507 2199510285
38159 5317533747
-20455 7565662469
-16195 1581350032
-64537 2451274403
60537 4597486765
46417 2977553816
47017 8785174395
93063 8073946065
-39211 1625939873
-87955 9559380557
7849 1237412887
14489 2417002115
11407 4935606563
-14329 5420772475
14685 1964990261
-64263 4395922415
52271 4701357293
-3463 2709037112
65637 8865180295
-65093 1027984510
-55699 9696461779
-37949 9552929278
-87105 1079942438
-70377 783239277
-25961 271185202
-98843 4100568528
95581 5898755988
13153 2981143777
58097 2745845155
-51997 8038720743
-1187 4636140507
-65517 6608734238
-74581 8702266859
-71897 8313552415
92701 3021825525
82427 7581045147
-28089 8720088074
-40895 6432126253
-73693 5510156913
23141 6866754823
-5259 9115221539
-16251 6548553580
69145 3340457821
57709 2900137247
-93945 9079260138
-66467 8021278280
16937 3331488423
42933 619153543
30503 5519523691
8291 4542677177
-25197 1771101887
1477 3542849088
-94777 4474877406
-23439 5607396440
84571 2602019425
30417 5441829760
11631 310844853
85061 8929848099
57645 7332726301
10197 6450363971
-48553 5415233125
-7557 4625841817
-6449 9468577735
-72957 6849884425
-60851 5841895089
-11303 4199659987
-52551 331223824
62957 9294542597
-66845 8912536439
-84831 9936299097
11149 6225199672
-44543 865700020
-75075 6423990291
-44203 6191488940
26759 9792939634
29429 1706850839
12069 4741728985
-42979 6267834444
-82479 5142498968
39507 9260109773
-11837 9972224903
-39613 2397974491
-84201 2013387957
84701 8686270945
74449 5638266163
26683 4119236346
83045 2644162239
-90571 7927912223
10561 9410512413
96521 1725653855
-96779 1872151592
9139 4741837863
46073 248430905
46063 3646411295
12255 4192158787
-61907 6832717933
12941 4957361069
-96711 6431929859
-61639 1960659380
-47401 845357870
-8599 6976958237
23321 3605658027
-55787 9418524981
64477 8235542465
18603 5627068675
-31723 2267994173
18047 5884756851
-44873 1884232390
-81621 5870599422
39927 1507327541
63769 1290764893
29821 4203668987
54351 7222750733
58047 5755113081
-67065 6311741177
-61649 7966674418
76459 576345022
33299 3240262493
86983 8857262127
-21403 9225839532
49895 9498310474
7345 1212666756
-50425 7030033613
-23761 459025454
30079 946842133
-89359 6865859133
-7035 2520225116
-88555 1490300469
-62747 1833892513
1817 6955595167
45007 7219514563
38581 7250137943
26731 7474371253
-90461 1294125595
59783 1079542375
-87151 5559239325
-70909 2365706614
-91951 4508960133
72169 1000445169
-68027 6244803993
-37351 5007401188
-68363 798057881
10235 6819873361
-49445 8447805959
-86781 8230817095
38315 7756042879
-44731 7407298075
-20801 3552087119
-56583 967102876
78487 1914091455
-18397 2407349537
-29729 9442185193
-10781 3517115722
77025 7230277983
-53887 8075384641
-58971 2606067383
42425 1179660517
75829 2455258833
-38541 912308483
-6733 4284608783
16817 98990673
-76313 3455180106
-10059 2257466224
-88195 9107296459
-82973 5145150438
49873 1929737688
-15113 3056156707
98289 9386197949
-82735 3805391493
63677 3882456943
-96567 5266010041
-60103 7613662665
-52935 5020738381
-80509 5424204709
76211 6643685763
-70727 4087830513
-97723 3059928576
61801 2935428509
-95581 5800549949
-60851 1436558384
-79129 3930745293
-35451 1906549367
-17681 3483931630
79089 6964620677
49781 2695476283
7137 3357724357
99933 8503909713
-65685 7043736049
63275 3122123861
-34779 369751664
-46455 8298399821
12179 3099219283
-53017 9280986871
83825 1069877847
41379 2605806627
-66561 1582344365
-88761 3559953282
85115 6058284491
16121 6889770444
39221 1959808753
93667 3980438457
-59999 1224506563
78291 8397681017
-41621 2712425339
-81375 2048429197
59683 7248625947
39579 3017728850
-99677 3136886605
-5083 359894875
-47813 3583200463
-46887 871857603
10415 7376919419
-721 4234242770
-75801 1801044045
-15449 349697370
29945 8106922359
-16741 7464433714
37677 1740070112
-51209 322998394
-25147 3513596117
3565 8115696973
-42099 7788820184
-17481 5127286150
63925 3841168717
54815 2942904087
-74877 8521688006
-88225 8143442753
-133 2059637401
-28793 2531768401
-70175 7029716891
17533 9906509633
-46753 275061963
-55159 5899233919
29411 286593674
2593 4410861540
-85737 4191354922
-1549 8722318923
39733 1539755032
33649 1828543833
-3313 1831026797
67845 8482718672
-64805 7766485246
-20001 1254896627
-97435 4654972961
21489 1528808244
-80629 4261984935
-99879 3323407384
57075 1080180783
-39715 3063915731
-42827 9188183253
-98543 6433819617
42165 7100618852
-99765 1598503078
-29523 1262162976
-96845 4924626817
46559 503974254
49807 7783904782
-89435 6354095407
56381 2045697019
-39783 5910613008
-66141 7857775549
68689 5835958343
-31881 1704202623
-69011 5687270104
-92159 4866505087
20627 206297715
73579 4843376170
-76575 3961177972
-15229 3191385683
2089 8516698308
-68395 5458687852
-59451 1147576413
-14375 914551996
-73029 410958973
-37805 6808248818
-21215 794745061
5213 1509056480
-49667 3085602423
-39269 1712655093
64799 2788984075
-87851 3551912452
-73861 1791273809
1741 9541454637
-73791 9774605467
4359 8756044898
11445 6172605287
73091 1180853735
3739 4738402854
-48855 6284278753
-31651 1091164495
-21159 3477946129
-47179 6214447749
-93835 8198513251
4631 2057190257
96127 3323302147
-53683 7819728185
25181 9582531825
-92057 8957832762
-61597 2533741427
87815 9624351377
-3135 328353043
-60597 724931182
57053 3214248017
17093 9282094033
29243 7989003681
-4163 6842162517
51695 3659586371
9217 2231335321
2883 8590637142
35775 3906827831
29481 3796437073
57963 5029720802
-44467 9946625503
84277 3205950492
71529 3199576132
-11909 8697982567
66209 5210558248
-70809 6439506613
-33445 701052399
-7137 5327213853
-84409 6454420913
-13825 1338898321
-71887 4966280392
84877 4693582393
-80257 1616649923
-42439 2487713423
64515 753290953
-12651 6400782323
2235 6790818842
1317 3607614936
-69773 5204876473
30935 6091999589
47839 4089221929
-95673 1939240987
99565 1025224176
92901 2817875637
-58877 863423521
-2637 8102620321
97345 2152629387
70585 6372393457
17219 2439640135
-28005 1455083109
-93161 5250790059
-38027 5856475945
54487 8414463022
27981 6266374832
40373 8026614807
33875 3556009371
-34901 9646159395
57081 3911426309
-97977 6237089910
15105 4233435213
11719 6383521859
68795 4983407942
-587 5267185492
35959 5998941337
-38313 2559925635
23039 990326538
83179 6798204253
-4341 7230386455
64135 1611521883
32187 4396483431
-13885 7956136899
60507 5527661898
20247 7532047098
-57905 8571928854
76329 1277028239
-30633 2938987430
50519 4993402907
-42857 6885439522
95437 4216375796
-35669 7787982278
51431 9023965163
11057 8681747868
-53915 9385842924
-97671 7104376327
-79923 9335698853
-57919 8783271873
12501 9261484743
80547 5502932901
37495 8714213539
9629 8503007144
70693 6647272615
72055 663155198
43379 6169646690
-85545 2287330367
87885 3841450304
-71043 1214916708
-83135 2896451733
90683 7807181682
-72249 6472090343
125 1376976929
17123 4569331961
73535 493559338
44719 4902643083
79299 8667576815
6409 3525608785
56213 5425639621
-60025 827628061
77817 4849545971
70987 8620915782
35471 9245323998
21249 3238779148
38523 9269878107
27447 404648365
-26873 7685759586
-56875 1380409117
83101 3556667869
623 4282492650
1531 3820684134
82795 7588664167
30911 2704606075
44507 7290486811
-6791 7337614547
-93329 9337095458
27647 2170380211
-5589 9143694463
99941 3592101197
38373 2805470152
-59877 3779838430
21021 2060527339
-45267 9622628560
-77825 3045573133
-55975 8922777484
-52973 7296320173
89749 3632913565
66203 6759700817
52267 9405107431
71145 6041948168
80709 1906227592
353 9580198605
85245 8102610659
70645 3728411929
-50903 8628144281
87017 1466091032
-2089 2053063535
32083 697344698
42395 1803714523
6005 4861665764
97335 6308398394
-70837 5807131670
-60883 2661215935
-2225 5249696982
12837 1791160828
42195 6234847833
-84843 1747651676
-62701 6470267533
79549 1709462900
43207 6776154002
65001 1771639140
73897 8821387741
47749 5693535868
13307 4728124431
-6967 1328645980
-23911 7068974595
-14797 7865023937
-5645 7139026731
88505 9073871191
-29763 5607940731
53755 700918791
-32547 5416691381
-3395 3950798653
-42025 713516527
44357 3244895915
-90913 4249206651
75551 4217963383
62203 9748969482
-25321 6487274307
58293 4271952741
51117 1369532605
53865 4441733112
54201 5735249497
16169 7333006729
67385 7383868683
35341 2679749404
76743 4747429922
-69523 9546363895
28045 7158313237
78779 1001566250
73783 601416807
62989 6623926809
17959 8011201014
-86485 9816789343
22895 4305542319
18263 4291705773
-72541 8722034530
47845 4108638216
-16467 2771154741
22721 3635141544
-45217 3909469278
22903 6216949431
-97975 5301436133
70625 6621483199
-58433 1374342978
81537 7127785435
82781 6314392095
38691 9052550297
42803 5607873281
-74293 5782169025
43913 6853382467
-86441 1917346327
-64661 2057270622
27959 294271247
-75801 1060506359
-64153 6748902301
-75607 4154803040
88433 5915805751
58779 5505939007
-67397 4721420691
-35325 4608847126
63987 2146035923
-25469 3088349415
76883 546237751
91323 3424520495
-72623 3920060173
-70491 3920722517
-43571 5285233015
62161 2216818489
-19433 3907409771
-33399 9936533368
56497 6563789991
76589 6559313343
40751 8068200922
5181 3675923240
54861 6614278412
3797 2053140980
-30981 2520044194
89341 5720834187
-30203 8340503251
33689 7745385477
-45899 1322300824
2873 6883582260
-42975 5672381867
-37707 3879546483
22739 2588706725
22821 5919365600
-82185 2335025966
-76481 5856781674
-12081 6698455505
-44469 1284335345
-53983 3152528760
64151 8430227035
-92143 4666760351
37879 2941736117
-8061 9592382514
78229 759273235
-66491 6214061933
-55997 7225357723
45453 256453227
-8023 8111801571
74309 4958943149
20585 6885417537
-29731 9072351257
-81721 7719569565
99953 8104125803
57077 4764747001
-16505 7950851689
-92287 2523774340
13697 3574289223
94687 1611442271
-61297 6139525055
-39425 5226873994
-64927 8138756112
-56347 718108313
-55761 5871107030
10581 8997972795
40315 6298471333
61325 8115825037
58363 6680023021
-53267 5027152403
-30733 2712442757
-73193 8817046307
35509 3522827829
43379 9889857162
-23729 2049559075
32499 9543306934
-19031 7181010757
50835 6387712706
-80971 9801783123
59765 5411976983
73355 4577422063
64137 6542273317
42643 4884026461
15687 4535872653
71945 5067954421
26507 9747749583
-1549 3267889758
-47211 5250653755
-14401 4205690270
-64277 1276768662
-43829 2158286430
57715 2468493261
93243 9409346327
-61445 3213245683
10171 9022334998
95981 6822395553
-11261 5002446753
-9515 6654267419
-56923 4289939732
-75639 5071493065
67277 1902246051
63423 6667957351
-48619 790522728
66635 968882831
28795 7983696783
-48301 2519056839
-86151 4509468428
-13443 7497207661
-45013 5543430151
-40593 9809532602
-2051 984022009
39459 2779608573
-58431 4976673919
51035 6759045717
45615 2003729634
-16513 9953926478
49641 7664661819
41209 4363261728
-62387 6422191455
-57261 8262963565
23279 3244581097
-42465 4767848747
-18287 9201441055
-36097 5433496225
27763 6274842861
-38951 1349773548
3145 2400988571
1931 8431033974
42197 3997126076
-28325 5657843522
30105 4401348639
68199 6436319117
-26929 9707047885
-75793 8417226273
67967 2877175843
-69171 1416335639
95469 7694375644
-26127 5756673903
9193 8567275805
80039 659533054
82159 4875653014
11945 5758482947
74133 2445107108
69203 5668899530
58219 3742237770
-30339 8150461383
-52631 2976957932
57501 6829615823
-45205 3883868037
-39737 6684242321
11871 6069202197
9489 3877506785
-93181 6511737595
72617 4172523056
35351 9538892910
49353 9016779617
51745 7784220543
92815 7430108178
-95181 6099264290
82993 1964943503
-1829 3015423903
68155 9417850789
-92533 636733467
8689 7980117123
37887 5477206497
-8253 4849056002
-74005 519835353
-59299 8259435195
56453 5737742561
-79401 859322027
-18155 2920444148
-9769 1432551833
-37697 2572318226
10475 6547026041
99919 5490992195
-89541 8922812947
-56479 3868829593
8443 3666992182
-47525 8021644177
4325 7452258019
38093 8938555555
-93103 9392003315
90335 8212443746
-27645 4064524203
-89351 8975220543
46183 7771939957
71199 8724138338
-86305 7426601762
-21743 9673450313
29675 9896481587
-4327 4562539900
-45369 7436333939
3669 257045137
-25869 6243669167
-67371 2413970357
71075 2224451321
5827 4749233763
-34671 6177181168
-53239 8362520823
-74901 6041466362
-48143 7502378487
11705 6657993347
-74179 9701399180
-71389 5596836030
25987 5862688357
8079 2703980797
88923 7141013590
-74685 617868647
-2567 3273302200
-75455 6977514621
23311 5687529405
91861 7078155913
7665 5557736524
-50165 1704919499
-37131 6637897813
-29765 9027573891
-8261 4523740422
21155 6958654989
-56037 9862598386
12017 8369203397
-8929 2320757477
-14159 9316221385
47709 873330908
-26217 3389936973
-58809 2811692083
-53341 9112046839
-67225 2877571447
65877 8793994445
60355 8232865233
67513 603335692
66865 2624343092
99985 1642294416
-98721 4993561234
41267 1784568153
-48771 2662255795
-29289 3893773775
91395 6567384149
-97629 2466061073
62169 4081989863
31119 8771789729
44833 395157472
64491 9290694955
46799 9633749217
93131 8329560338
-36163 2913946301
24035 2597803846
-84171 725291779
-97463 5070759345
70529 889821220
-89727 3561660637
47781 8904597167
-5927 5536606012
16553 1860483776
-44503 2683801692
8783 8475797678
-28869 9104162542
-8107 2643030701
-4075 644501068
54797 1697071608
28149 5534098232
82939 8717904603
18239 1232467490
-40061 824085973
-99833 3094584961
-69157 5983189262
75435 2701919482
55471 4384614905
11781 5597519855
93173 4161147943
-37463 1897761252
4215 3353658209
56865 7776581099
-46401 4921569562
-75941 926044798
95301 4497028847
-91193 8550821817
-29215 934988729
-25411 2704424492
-7233 2722170825
-10453 8562297333
-46383 7943184796
-14247 5983546085
70501 9449661325
-38965 8104668309
62631 4007165277
-31627 6724627521
66681 8736044525
-23371 815855908
2025 9406188653
-74089 6837237014
-93951 3788566985
8363 809741815
5747 9584230503
75863 5689743070
-16127 151915640
-63143 1785778343
85237 2051459911
-79767 6188415725
-48717 1372911658
-98487 9797576911
21805 7935370528
-8121 3215753389
-93111 8972220249
80021 7182590359
23353 9897587203
-99589 3576200973
-70221 947089333
-46777 2560183010
-40095 7796848521
11033 9854989453
-10513 6205441847
25087 7666087025
32377 9567112656
68869 9969592855
90131 1127996402
18309 1256434495
91833 3170682337
47875 9678996202
16235 7497286251
-43899 4148069369
45425 7970581008
-41949 5480489958
-34919 1365199828
-41387 9849513555
48957 5336955460
76591 8976019543
30123 5640770317
93945 3293762429
-35401 5659383847
95533 8897959507
57591 5320625307
21847 8733885577
-73033 5212793106
-7531 2595269155
51641 2759129497
-60153 5228587015
-1849 2926817563
64471 1643676669
96681 5724184028
-88407 7846089207
-29861 7269356690
39897 9299696271
41713 1615106243
-12317 9368354711
-43821 6857463662
22467 9752436441
-56937 6147450457
-6443 7704103651
-30799 5249754600
-97877 3608746741
2861 7035980569
58287 8760770950
-3969 2560309494
-93937 1976067157
-10975 8674355528
-27473 5953445650
32129 3116209552
57305 6714631937
95547 4083929743
32593 2401617993
-79723 5800995197
96839 1449641893
-17951 2957662269
99973 9809647507
-41947 5141735055
5807 319608701
-60595 8509215813
-3259 8235682937
10423 8540404961
21257 1499201257
6893 9486428037
-21997 8833628782
71011 5382408085
-26155 707731256
22595 4437180554
-38493 5570474741
-40705 4278980497
-64207 3716415196
-50221 696942217
-87997 6838820195
-17481 5359842353
19647 789413783
-87715 1442847869
-64815 500040479
-61175 9994190196
2609 6388497188
-72143 1829155476
64917 6106174493
-59243 1195059043
-12693 2607947795
-11011 6401125765
72257 2843197735
85941 1565765069
-60619 3584391963
-92589 5631228158
-57277 7665904245
-56701 5972023547
27841 5642697212
-52771 2107112399
60765 5476832793
82435 9423847413
47997 8078962173
26511 7793514035
-5677 5675634467
27331 7481134689
-85401 7497226614
80389 800891240
-17407 5389191997
-29205 782457306
16263 4225693355
-34779 3445699877
-21995 1759150803
-71749 4011348845
15593 128663341
-31123 8865845395
24235 1202805646
-62813 9154390361
-91491 1009971949
-44209 399940722
-19559 3857953185
-76853 9780811018
-79789 946392405
-34269 4674558162
-75379 4725972835
1861 8363315408
-85853 563766321
-68457 4629046885
72667 2458685507
44783 5097604775
-16847 6618318245
-27235 5311827309
30987 4350734021
86699 6016283299
3547 2892800923
95545 9186737632
-81933 588781598
73915 8971510837
-19083 1387279321
-75281 6244940547
-20567 9086113365
3063 9348163445
72777 1112217551
89757 2416211021
51197 3160887628
-85669 2848383683
22585 3556090844
-72377 8488214641
-35087 4295241633
3921 941503843
-57987 2711250321
-15301 6333930587
91933 1349555225
-60641 6566147699
-85613 2495262255
-29713 2708861690
-75199 5057131532
60879 8130433174
62321 4988762973
38143 6051151191
-18059 7706552717
-53279 3407668279
9951 8011631345
-12119 3618727429
-70981 3589699567
-54975 8982457372
-29349 3983189657
98643 9862979545
61229 5977805472
43111 5486863375
56717 7710663311
2147 9378184002
37141 8318359563
83487 2038800105
18505 2364536679
62985 8496602636
-67513 2553770717
93589 5150461497
-1003 188957725
11123 790468321
81595 8732441294
94469 7262915009
44555 9162005423
-12431 4170846879
71369 1452041880
35379 4835825599
4153 3985532675
-55733 6659530482
-80867 7780642328
-42025 6687723567
80067 942580318
-98989 9089255445
65765 5107261003
72465 6069388209
50907 1247771538
-77579 889017992
-96685 6116004463
-57983 3125958045
-51439 3547599360
-30949 9091167433
-12509 2236427533
74035 7441703514
-907 8534416248
45149 9649232112
97777 5934000605
95983 1054952371
-18973 416087405
70837 9702902887
-18485 9103507071
-50593 698697905
-43325 2170682811
-20509 2762041259
78567 4959129743
53293 1255688356
42571 1814678089
94329 5231982844
-58205 441383466
-46151 8668394692
-85075 7393537756
79369 6044680244
-55849 720535234
7353 695314175
91217 9955547361
-79787 4386726480
-69243 3588087517
-88749 5473147305
24769 1431941764
65229 2946561335
-54201 6041801623
29819 6650349365
63535 1318118833
-1319 8955329615
-72473 7075546027
96781 3284464503
-61263 4100985085
26585 9620070469
48067 7024305931
8383 5467478683
-98943 6171893495
-95465 8436388709
-25735 7934681708
65999 368805659
-54311 6843019769
-67065 6542783191
-97949 6204110877
38733 5476816447
-60457 4808123971
69725 928441028
9033 5460496433
13743 9321686647
84053 1889683756
-46233 8838526161
-89229 9574020393
-5369 4160479574
21027 7999471791
54199 7572065238
-36501 226444690
-22553 3938262350
-26675 2601033789
-67261 4359251103
24923 5826269887
-9945 4889374402
90965 5149082339
27143 5010874315
-7213 5432512742
24571 7866302299
-2961 4997572518
98725 4718038799
82283 6056718561
62911 8961104019
5135 7573012307
2739 3683368042
23005 400330296
10257 5805817825
17803 8491733185
-80739 3949449189
92375 8868122678
-30299 6894564448
66041 3569236744
76653 4165746652
94437 897580807
8829 8989765944
-36295 4425642641
-13495 4034902732
-44393 894367695
98799 5514489163
-64845 1733025151
27505 7064258309
-9003 7291683355
-20645 5939074687
-67429 2158436007
-77811 8841393327
-28465 610044094
-1693 2911719625
-91713 7965263081
-82347 3492449512
-23171 319710645
187 7337789863
-52547 3496257565
-81689 4700736930
22829 9197982812
-92493 3150527622
25475 6745962669
24041 1002539405
-1919 4290110075
60225 8143110672
75969 1075636329
-38409 2447107522
82391 8516590945
-6135 5412599953
37723 2237114547
-51269 6067387025
51155 5855582377
-22431 9322051483
-15829 6833826687
-33905 3764918873
-86085 6578229578
-96861 6240448649
-43177 8723944666
-30183 1785747055
83671 894033822
57539 9090503214
58653 6075133295
65449 9887076888
-9359 941846764
19253 1727486463
-53479 9775744940
32077 1842011205
78311 9730742018
-51579 6908503839
44707 3725905981
9059 5718735395
2941 5836863105
-8517 5077452130
71741 6003052012
-92557 5525381623
99413 5709611451
1727 4350796530
78537 3945799421
6687 4956544207
7577 1609230885
-46633 8699862283
5379 8463092617
26163 9683654041
35599 8799685179
61829 8055793480
46445 4219862272
53059 7797984529
22843 3766106066
9169 7809846123
-2687 7900786233
1943 7240608662
-95545 7737492011
-20537 842621727
-98695 9795919549
-1979 9385888807
-92405 9520322158
82429 982753189
5027 3699387125
89565 8888900341
12365 1430781907
-28591 550674503
-65999 7143330784
-51553 2639357995
23701 9430762572
66787 6821173057
55647 4347456985
-97541 6715413513
17179 1860549473
-69105 4974654563
-62841 9524360573
70745 6171663291
75965 6751098659
-75869 2131177289
-87091 8663009304
31041 2483002664
78721 7854877519
2617 8858734601
24637 1805124116
-83955 4364558323
54579 6221007175
-91217 8080699945
14103 9278769333
66065 3994372959
-58893 6365773118
-67091 4099340304
71067 6339801586
-29465 1874378091
75325 4297785067
6463 9903837083
-41705 5955549407
23657 9874481933
-65543 8238340477
-73567 5471299312
90489 3774938245
7235 1219964038
70129 1188509552
32157 7346412955
80219 1040368107
71953 1476126336
-47689 9402690709
35781 5848605900
93115 3222376151
79933 2030333040
62239 856427983
5255 5905243498
-37487 7940104308
76843 1546942838
19585 3429026304
63563 1335285862
96263 6348349173
66407 9065801191
-18085 8673218914
-71421 7322673169
26687 1595512838
-28949 7647266315
57113 371446943
27609 3005015739
-75523 6434578096
10455 4750912121
71719 5151346345
-70723 2940855680
-27217 6281418606
25217 9861857620
-24835 6675694157
75155 961017137
44779 2367237467
-13461 8562214758
-74509 1129858514
87889 4824528924
17385 5899219228
90763 3815653366
27855 3476892637
4093 7628553231
36911 3534574635
9659 2516831179
22881 5952377493
-45651 4209150593
30635 3881346498
95069 8014599168
75459 6012160790
-91351 5437935232
37671 1955243858
-68477 3897829847
-77093 7495882321
-92171 7861975744
-67963 3808663235
17279 1725515783
71059 8036783463
70361 3163781087
6161 3776082148
76463 4771520923
7439 3652815433
10439 1087190935
92975 6572941129
93907 9612021766
-90853 2437781786
-25325 4243734397
-49921 4444365583
537 4654316345
-53661 5144280922
31319 8989350863
74429 3242746080
-9087 5129708093
-15305 1372068466
58305 2026900397
51861 8931809027
-27673 6719322011
-78513 4835272621
-52601 2739607254
-48695 4797205047
70825 8494323776
96081 7476193797
-16719 2001660469
-70087 5714656033
18519 9270082010
-95635 1108368281
-4959 3838116723
-66145 3271453253
29253 260959437
-97327 7756449485
73647 1906216050
68293 1381375292
-19555 950593361
70293 868429188
86051 4512058923
7233 8560104440
91525 6324494137
88355 6232494137
-13217 713338887
-84631 4292920989
-19057 5017915582
-64069 3198664542
75883 2825399355
81919 4425118405
35707 4087665983
45329 3347284057
-62097 5022312622
-97641 5160271679
-93451 5302344413
-99623 2934361015
-11637 3026066545
70373 7515702212
-31131 777425083
-24625 2257632961
-4759 1279117469
70215 8957182443
-55203 6862745408
86799 497482195
-55901 8760128027
-21817 5020366282
-89977 2841384947
-74111 3685613064
37445 8558794467
619 2540311030
-5207 1990768637
59239 8512855714
-27805 7052582919
-69787 4662674236
-5187 6227860633
-13993 704754031
-64135 9277642276
-68633 7446457455
1783 6064630110
60019 7101597053
-19821 9288952055
-17977 6153763306
53437 6588389313
77595 4747011554
-20073 9120922778
-24941 7415526438
-69535 6392751991
-42805 5131012074
-45971 611609299
-9385 6962654089
4871 5182592338
96231 2185155075
83735 4029292314
-12275 132734908
-6823 7190482825
94735 5459952027
-29189 3705746857
23899 1722070935
13651 2114135618
16765 8640319241
-41891 2759226717
32187 8812197117
-7687 3921209728
45949 9979535089
-20595 1874170193
9795 2696922641
-59043 9051404165
62055 3359293233
-70007 8227481472
36255 6498373033
66619 8606836615
-85685 3659719842
-67939 4220994939
55301 3759627119
61051 3190348338
-26523 1854984848
14099 187842313
9021 8534403693
-11169 626181693
-63175 2995130167
32477 7795203335
-88631 9506792107
76971 632790418
62767 7188608777
4447 6094197005
4397 4414665673
6317 3293951856
-36647 7442656551
-79409 7142194773
-77665 6104741606
-26491 4262964905
3461 7054133283
2999 6324630535
7991 1438637358
-79745 4864868497
37497 5371409753
32039 2010504067
57707 7972119811
-23011 1532391067
68361 9725978632
56385 6232334357
6527 16688487
20279 9262097530
19607 8900556706
-49065 8125500053
39139 4796069053
-46833 4540926430
-53033 5599216262
8493 5867464537
-94315 6839430253
84811 8059714445
-10369 5904004417
-31561 9559570715
-16715 3559258029
-25931 9140451080
25353 1366105385
-51867 9350883557
-10651 8473038435
-17077 2847379877
-30089 3586648990
-73333 5855239222
39537 3961252183
-9723 6702087997
97987 7379389783
99653 7539392016
-82265 8379727609
28441 7129623385
78779 1099351013
13877 308298373
52829 6112193065
7005 8208528329
-98501 8581181842
-21239 7422325480
-75451 2760031817
-32413 6435425510
94879 1117685950
72593 1890437656
80613 6408482491
-55247 4310193472
35205 1163029937
-51059 313053100
99519 8378161097
31953 89106065
25179 9126533287
-41701 8428506602
6215 8213237831
23643 1567768866
61719 4759909294
-7467 1561546493
-87279 8571538783
-78211 8033355059
-37279 4111496888
-15977 810116525
-63145 7101047889
-4913 156288238
19359 3770660953
52363 5915094475
42877 9301728487
50051 3961083175
33515 5251731363
49923 8102599271
-44795 8458068387
69163 6981949291
-46035 5194354348
7541 8394754567
-78765 2290281321
-62617 9713174063
-60323 6774335180
-30741 5076817894
-86229 9719164259
49911 4519133957
43687 5122695173
74551 1678179453
-36351 5894600509
2607 6202262663
-20255 1323179076
-62899 1640095603
20721 2765729059
2979 6092098709
-48003 3074577211
27873 175407545
27295 9998501233
48217 352629795
1353 7953211567
-95283 2371113511
27805 1537939303
-82117 9097961935
-71173 9515808546
84075 8767942282
-67073 4409402273
-37075 4270688664
77001 6990044153
-28011 7824097679
-53365 3028768613
12355 4477963738
-15983 1984986021
-909 1508802783
7305 4541499137
11527 9877069706
-38911 3238405599
51639 5369954717
99449 6641582647
-34329 473873879
55549 8914902472
26493 8493885868
-60535 4119691777
-28087 1267150261
28483 2857338726
75147 7713959373
-75791 2127891928
92189 7321050923
25711 7243150775
41115 7149157313
59987 761338583
92909 1788513409
16957 2433096996
-40237 5441083486
10237 503902811
-38175 3104930659
-42041 2721265330
-65611 2379472429
45897 7922031153
-711 3886592595
-95455 1002484827
70783 2459048847
17591 8738821770
-84937 6524550791
59367 4911280067
95419 9763975750
-10923 2714735837
16339 5895666730
-68761 4063451465
41897 8910773960
23175 974172082
41881 8563535575
47967 2784111266
60023 3439703627
46571 8986700477
89017 4378578955
25609 3123073587
90173 9456376272
55729 8170862045
-33207 8290559997
68011 3395733885
-6111 2134320477
18765 8574353152
-40931 9475447813
-60809 2223789642
-68869 4403337487
-6649 137481787
48347 7767423091
-93161 2507185894
22877 867514261
46833 9964807783
-45273 9501425138
29789 2454458060
-35249 660076174
-71209 4269935819
-27667 6532671232
-66129 9790008053
34837 5026261125
72669 1347055473
2987 6617194635
671 5979639813
10035 2637646858
24413 2269014417
67141 5686740025
49057 8394116523
31799 922004823
-23027 1407454257
-51193 3044746373
98849 3657025453
-89921 6757990519
-17993 3906842043
-18703 791809113
56399 9371292885
-66691 3749792852
-30469 3061802063
53947 5308698247
-42847 8273970091
-84971 8759897385
-83637 1535557150
93227 1174628341
58161 3641063323
-39729 7806242975
-4979 2573802043
79533 2128314516
-55249 1717231750
-54337 4501336178
-65645 5560840826
-78535 2401672083
84965 7227034791
-34027 5606891668
-39149 6359642857
-63879 9706970879
-21575 4715833709
-24447 9262697076
-8363 2758383423
-3171 7222463857
-51303 1535327120
-41193 1553749093
-49639 6640809707
-5115 5395946391
-76933 5335318413
38567 3802817258
46887 2465267467
-86729 1375464905
-16249 3553175903
-53049 871413918
24909 5829068704
90071 9617584609
42867 5592143361
-7573 714115258
70021 9510253223
73567 7143277991
74803 3439221181
-72527 7749377187
-59399 2230048908
32535 1702583066
-33139 823431368
-78745 4950586249
32359 1403815042
-96405 4308668874
-21949 5300216185
959 7130312973
9163 5002145025
35105 4478946964
-65005 8539576034
99017 1454739992
2699 3943269485
-43999 7100957759
-28045 7442375821
-50889 8187467678
69559 6444815573
94403 9345466485
17295 7313285798
7891 3303996475
-84867 7121777905
82925 6969400132
-16259 9901313979
68969 7791913205
51991 1512287374
-64013 1179793723
-73013 3229733902
-62927 3604041048
94069 7043449040
81991 9598616349
2899 4007689730
21631 1398001815
68011 7806195398
52921 2427413475
5949 2387900605
50527 1916956853
-66625 2274944519
28439 4877867425
-76729 4476562323
-51583 3483803385
-96237 5585834587
88417 3026477796
25241 6036555692
60043 8032316155
-87503 9659753691
4285 5034229556
21079 2480610294
-12677 3562800478
97775 975050138
52279 9311142033
90511 2013791550
84329 4606135977
17219 3613031929
-23251 4537142545
-33511 2563698967
10373 4653242756
42739 3752274897
19563 3327451665
75999 9129290833
11411 592389547
-99929 1376984773
41917 9359007433
4445 5742434928
-96555 5527988212
14867 6691524353
-95153 976665171
-10445 3300113922
-193 5755940967
59489 1571479973
18683 222305183
-65929 4084580735
60245 7540649163
71109 1697858704
-29919 9037204917
59251 8962849354
-41933 8762038087
70467 2437171163
-71001 2551861870
10567 7655020115
17683 1413274527
99117 7901847160
99821 8336603103
-73565 1287937809
29719 2165556487
89577 7945934981
89833 8759691501
25955 3717199891
-50279 1335889993
71711 1634816349
9103 9606129162
-67491 5266325145
-88817 6788085235
-16443 1382580556
93967 1877603263
-31559 3568470909
-58601 2241094605
83907 9891577426
-24735 9042877108
-87899 7548419267
-5885 4033919129
-66083 7311835845
70661 8406444357
-87091 6698432815
33675 999198118
-66411 8624042628
-73939 5481591044
857 6718768388
-12809 5941115242
57781 2375387708
59563 3217510101
-23569 4446814445
-4013 5329635791
-98055 5897152239
-15057 9147000810
22727 5593938786
-54467 6382095607
57805 820123603
-17585 903541822
-55269 6808617759
-44233 7934981330
-88417 4239890475
61537 3172898117
95905 1342262349
41117 7657736755
-43443 290442773
-67545 9430118949
-57473 4553773083
-63197 8964597137
26859 7203661527
77631 8928124917
73379 7405361339
22951 8126489687
-95953 9415844801
-75251 1073963805
97855 6318648734
-78285 8879492573
11433 1028782945
93887 1740355582
-42279 7368637144
-4393 6379689422
29539 3978573063
-73505 1210126683
63773 6576437497
-76527 4142379617
-26265 6287924959
-17499 5450625232
82999 9098208030
-62185 7659603381
-29109 6177855049
-14735 7971665656
-80443 6119073737
-77857 5415013122
43619 8433256159
32213 7654406520
-80163 6284918427
-42275 9938917471
40945 8638007361
-25237 3741186662
83565 3540255787
-35311 3396887908
23665 7608201504
-77485 5831950018
-98853 3010546610
-247 9280825751
88829 2380526435
-67773 4626197542
25267 2832552777
58235 2805898918
90869 6837361059
61203 1572146455
8017 2087368171
-87451 2684761155
82569 4388275520
-1773 4895496146
65395 4286122342
74565 4218613924
7673 4046338620
-57995 7123549756
-48617 5264623935
-6467 3941821857
49911 257860890
-97445 4895727222
85765 2697925684
-76661 4801431698
46983 7311873986
185 4842396431
-52989 7977369493
11139 9332910402
72283 9982353606
20007 720154205
85381 7698036260
71629 5401420255
-42019 8185469313
95809 2712369575
-33743 8495187737
82097 6626211425
72255 6087501079
-23027 852782516
-91297 7319567617
8209 7819159764
-64975 6409344192
97111 9635006254
-41367 4376271433
59763 9928308502
-95841 7105379467
-40855 1464692249
-13599 2523271228
53415 1698784741
-60727 1023733743
27499 7214937303
-76153 7106114307
-96131 614575924
95977 1538271896
68735 7525914314
20747 7923912751
-91065 9198457677
-94985 5533641239
58547 7301216265
-89097 7598874446
-74803 2444722741
35645 9874830904
96209 1104517953
78237 2468437216
-6743 3345142865
-28265 9634128614
-66895 2960411016
98141 3255290807
54541 9343831463
-21341 7513313203
-5441 4497127850
-59873 4133917738
-36847 3611292681
-16147 5702300901
-98719 7327030232
-30815 3670050681
29857 3241870723
-92815 9218534889
-3785 9664542561
81325 9410664973
-91965 8031945159
-52987 759465923
-13937 2434860485
-87743 9862501273
-50201 3363304325
30389 5478196679
35219 9398658873
-45273 7150948461
-59509 3195720905
-23743 2551509707
99329 7524120507
-55613 9258967386
-17401 4724386387
-57863 6396896325
51989 4174143247
-89769 6257690469
-98047 4350494837
56705 1477230253
2959 6951995177
1975 3215165643
-43809 3654571933
12793 9287282475
-16949 8635636329
69319 8849538957
99289 3781934473
5397 7140167905
66863 1241363787
16907 3581440542
32723 5552659226
75437 7399773781
-72899 4043771303
-9085 5289052418
65739 2051399145
37357 1558771121
-44481 9747979898
66965 4008757667
-62151 3326742812
17947 3345002513
39317 4539079167
-80139 8461249303
58983 3871284187
-34539 8210537300
79497 5830073593
6333 3739970627
30771 413069017
88461 2444170403
38129 5134407520
67949 5920849323
-87493 9300843595
99391 6022345965
-4631 8654789720
-14121 2547392215
54649 7616617248
-14517 1719883435
42071 1113051527
39831 5614345598
90235 4717840381
6551 3873981659
-23843 9729569665
92605 2072960547
-93699 9862708700
11681 7374571628
23237 5126871068
43179 5118607805
-38147 3972903687
3591 982350682
32335 9071543383
54793 9384645583
-86207 2209687087
-26083 6805803217
8915 1477315699
64971 8910174785
-90667 2815886035
-36231 4602752157
-68499 6042104139
13149 5761766949
-49669 7363395549
57125 4135014336
75649 6232186475
-70151 6807147783
63079 4957889355
-8779 7554266585
-27547 3549791075
-63055 3039527831
51685 7660137917
-80039 5070946565
99995 9441198558
41997 5568276728
-12609 8999186243
62229 3795161668
-66977 4667352278
-61061 2995389335
-63621 2507963070
-48631 9306237523
-75445 2013411129
-80001 9815307549
-1449 9761334378
38791 1029330258
93871 8860219650
-16361 3668421234
-4831 3271283619
-45247 7517733752
73521 7982354544
52103 8338283303
-50627 6659195527
-62095 8317714917
-30347 2361127593
95753 4065781005
13671 2262239902
40085 6805151452
-73195 7188897461
-52883 4940751493
-25645 9866095763
66529 2957242053
94691 2402453747
-31913 3959222730
7327 3744811025
79157 6646855701
-52877 1093001433
24597 5832462955
71729 6701525837
44897 9401215293
14953 6538684693
-45473 2031531358
43643 6682606782
-31355 9101038388
38585 297794303
44769 2128469723
40021 8587079305
-68109 7623233954
-69433 8716598046
21349 5314572835
77417 3249576676
-17155 5602524853
53567 5599036015
-58009 8680223310
84703 7498039977
46227 7747527825
91771 7584032029
-20417 572609961
68135 8193632338
-86403 2000073325
-94733 3420199017
43253 3837259612
-18127 4977442737
10623 7979273211
90245 3758507287
-17861 9357543533
71243 411926455
61887 4355277221
89723 3367604586
-86461 6619090830
-2173 5996950118
-54475 3655230119
-50713 3056011981
7705 7698022728
-62045 1456183407
89783 766331942
9721 5932687137
-1869 7332710117
35113 3408225892
-78877 1114657131
-64723 7139629788
-74205 7380356281
6813 4385624893
17735 2311617886
-18745 4383713651
57629 7734763535
-77783 4354758740
72799 5020139605
-71079 6519028935
30725 771746487
73549 2498457644
-20589 6769938267
-23961 4289845018
-27553 4735780937
89345 2405336944
64357 8546599741
82007 3850667030
65301 9157428695
-8873 5027361031
15747 1557711738
51525 6324968072
36693 9779894531
-97439 3633488844
-82681 7974626602
-44769 413902979
-87105 9023565302
27979 330297475
-57261 6224964865
-85509 2140737005
-62823 1965048937
-39753 6951660526
-71225 9672581863
-94013 8575219178
-78299 8510991003
-60299 1671290132
53133 9505712592
-53697 717684165
11939 6646974339
-53317 6889660453
68241 860412648
-10737 9786288943
-60367 3562967032
81323 1113029283
27597 5912633773
-39981 6277409033
-85531 1339941495
63927 8954906623
36561 2299703823
-72147 5086935648
-68965 6571395726
38121 2817297897
-2687 396511065
-22819 8314012023
-32359 7308608217
-92935 2133200184
44173 6933975575
-60293 3521745478
44103 1490565297
-84953 8000108215
86393 1782422757
-19695 1488816537
-99791 2075811827
-90339 4942879789
8315 6036055189
65555 5822505529
12577 1925323683
93961 4023533103
-55777 9663700037
161 4340008544
-38761 4707625674
10761 8828332604
54077 2658093620
-9889 5128529538
-87961 1227380950
94737 2667922672
9937 6427766476
-11755 3714186453
-93255 1921711303
92421 4998818192
3971 1850552190
18607 1339980595
31937 7731519125
81551 5716448333
93103 2064050713
-76581 1325114005
44225 7168151068
34893 2194325608
-16433 8709428701
93591 1589897183
-43975 8876104859
-33265 7485486539
96871 3959809153
30455 9513289426
77621 582239284
-50681 3688827022
-67891 9335182619
42929 7123857548
90179 5996108935
6669 2441078825
-23131 3016431584
48819 5895597469
-19255 3131958433
78921 4301767192
99915 3664239974
23729 9748987979
-11657 7452681201
58175 9040589714
-17519 869926517
-18903 5924514993
19853 6530530897
90135 4559295277
1251 8330385507
42505 3246228996
87847 1031346490
-76737 6921783061
-85585 1869995813
31635 3415695269
13751 197814422
93915 8814394973
-2989 163258689
36155 6407047059
-49557 5086741913
-75753 1192532133
52113 8120247740
60887 4438128177
73285 1502106852
39233 3564824068
-5951 4387305704
88039 2097435723
-62051 5787177067
35571 7529210947
27887 2393331003
60063 7591893157
66757 9585981565
30291 4236731394
29355 4714663263
-19 6769224784
-16295 3100086872
-44259 2273399535
53269 6547879177
-9077 6483264673
-25551 1761061232
41251 9149445417
59233 3012500227
57413 6651298220
-28359 908465029
49999 4853442338
-89697 7048085927
44053 1343847551
-35017 7956406810
-38939 2728343097
46385 4997963221
99485 6955849501
45143 894321937
-73575 7214073951
-90831 4974631884
-41439 6480518672
78515 3121693374
24235 5385793273
-193 7367750166
14487 3035095317
48035 5484163342
-87451 2885597535
85299 5559611653
68007 3843944267
39197 9618458735
-16557 6105045465
-13235 8798100291
9029 2968386747
27449 8755943293
-92135 7738965069
-88603 4844036455
21455 433931642
-48721 6253722703
35179 6421688590
-50275 5366082768
10035 7198570141
48557 4527084157
32427 7757285495
-65823 9687496403
-42321 5612017253
69943 2874723333
20747 9712538051
44343 3834468141
-98565 3486040873
39395 9003254819
-46219 5953467029
21413 2592707095
46631 1681439723
-40395 5766526061
47383 4852026527
14787 4834103953
-90825 7440813381
25767 8892257575
-53223 9349449352
-30261 8712600310
-97857 6023187275
83851 1732249919
-38417 8886113362
-10193 9804424135
32025 2733677011
52855 7369965113
-77213 4573551891
79359 5679472690
-72127 3331293651
-89317 8008269901
-2999 8296397489
-77229 5057201705
44481 9175937088
-53613 6144565017
-80419 4857928979
65351 5763189009
89171 524783102
66333 8415313441
14193 2671322851
-16939 9445299219
31889 4877630113
7745 7587077008
-19251 2611209603
-28909 370613799
-34357 8738255827
-77565 3663974831
-24751 8566926719
-45433 1489609073
-42451 7570792719
-86497 3979878445
88675 931867654
79173 2777603201
-96109 4363518063
24395 9063244061
6233 5316186047
-61675 3895715037
93695 1266174983
-75005 8624839609
-51767 9278252773
98477 2680427321
91145 6907374837
-85279 1412454279
-93093 2603956698
18147 5473737678
-77505 7480418137
-13283 4552067515
73691 4685478035
-30181 636386862
-96365 6293046442
38895 272293799
-45289 4718089407
-34805 2106681526
-62169 7101131645
-41083 5991876965
-26103 1608629401
63379 355254390
-6563 3709481752
92105 8819090996
88833 7794966283
-59125 3168011581
83921 4038569455
-77257 9874360058
-51577 2910664830
91329 2347675888
16067 9967254750
42791 8977099339
2191 3965586990
95167 992000750
1765 8429680347
60975 1497516883
-33811 6450215868
68697 6073681556
-26991 2630136869
-42235 3218740007
89201 9375097969
-25785 2588366257
-12289 4429990438
-91975 5124878509
52515 5721613243
-76541 4670885809
86665 7675923123
32939 2758781110
81585 1890857816
-22377 9233490778
-9667 7556471912
-21831 3328263553
95057 8078974595
-59791 7405091275
-87199 537648424
-29207 1200579553
21305 4597123667
58901 7315774300
7765 2243451573
-60513 9266926521
97143 805477510
-98383 879535692
-37775 6763768189
-38655 8427657064
-77813 1160095813
-77389 3434989657
-78287 9940484455
11891 9921295103
-48075 8322434933
-25535 668738368
-50873 8862368013
74651 558816890
197 8458482003
45383 1874410635
27433 1227560441
-24097 1885675750
-72301 3019627873
16399 5897424342
41571 2983361797
68267 303372606
83565 6459679021
7073 3702946223
-81225 5229100609
63943 7699416262
43803 4026777343
-10883 5597041223
26467 8271318357
-74889 7781041074
52955 3203478641
-22489 1904118449
94557 5230026781
49311 3203577914
4405 9604427071
85903 2449418461
52431 4175898210
9507 8382609927
-41681 3867730535
591 7891741954
-40733 8443404635
-13667 3351703877
20319 9525318109
96983 3789144057
-27743 5365455532
14633 6468908031
-49911 3161582568
-72233 1465922267
12353 2825734827
71767 2964673383
-70311 3969886435
76523 3372869865
53031 5746345462
-37219 7688680625
-37347 2781110185
14269 1542074137
48473 3456685115
-93119 3187398600
-97565 1607643323
94763 1036417363
52221 2202010559
-22647 9171597671
73785 7379077324
-52965 9795101601
721 9512343667
-77095 5480249441
75697 2230649640
-32483 6298258836
-7387 9070375353
-76625 2806750781
56805 4374906644
95941 5147609100
-9465 4176233258
-47121 4365264355
-37827 2760179277
-34365 5627431401
38575 8143139578
-35205 5188231521
-52695 3205739224
-6649 7516611473
-345 6363890389
61015 1338080291
-70229 9783475598
54235 6941580709
-15299 257517717
-93247 4169810316
24025 7835695872
20129 2072108355
68679 1107737569
-68631 3820546997
-41 2276371925
58133 5811983852
-30085 759668641
-83683 6059835527
-98101 8501003709
78561 6499810948
-60925 9319916822
-45041 1279341214
56279 8788361759
-58575 3676555733
16655 2327179147
41747 9732577781
-19019 8915408233
-71717 867188027
53265 6387486923
6399 6477386567
-20825 9763457046
55753 6001236867
-53537 2257022321
-45879 5998352705
-72501 3854234027
69119 6908884449
32569 3605989227
-17383 4302450371
-91381 2366108297
47485 7439145624
10645 4486904843
-63575 7424434119
-5581 2847114798
-49371 1184622993
-85859 7767998367
-74609 8588690553
52647 8774614863
-42259 4169300668
-54737 4106861357
-52153 7807353547
26629 132417765
-70699 677530737
55497 3184373027
16569 82264912
89105 5564663836
-97851 2365686347
-83007 8243972881
-76375 5764994364
-51153 8581684966
-71769 8023483897
-54173 7703444387
29597 7128781973
-79511 4789476377
51903 9193874930
39507 6965039842
96465 4753826768
90131 4856169394
-60583 4924973576
-33731 5060236584
-2893 7043859481
-28293 4360080285
-57341 7414364954
-46869 5882327470
55953 1310790235
5255 2772464987
-43063 4344326031
-6983 3108004513
30193 7638145625
8411 4030015967
1811 5134140753
-18719 5641057045
-67793 5828799225
-34369 7630248455
-80321 9185620975
48567 7425424138
91887 1733736845
9365 4523950421
-42419 4332096695
97777 2724205863
-56305 5231671271
247 5870463311
43923 5313303066
-65547 9741556272
-91045 2917335682
-76235 7105106331
2723 1047796007
-23439 4542410977
95985 4382596829
-64539 5123891500
71009 1325296748
-50731 1011432547
-85399 2392751297
-53809 8412148858
-24747 462683721
-12339 7541038355
-10795 2789224401
86617 2188235820
-27119 5614584435
-8557 2281801126
71029 6970649833
66035 5636807579
-56217 6052128586
-18987 2999029887
-8691 6372691580
28965 4753641753
-21655 3038808959
78521 6639426627
93763 2396408770
-64631 4138648589
97901 7814054575
-25377 7041014883
73211 9641254519
-90033 6564639537
-32305 5616508477
87235 4844104394
83369 4466913933
9041 8759822997
-80839 4230462287
-50029 776241930
-67715 8411704912
43081 1329470840
23379 7554845330
33865 2159244564
-70771 4554177815
6193 8922565533
58163 7348277597
53195 4414514171
-2441 8974282827
61693 4586730823
19499 1504135457
-49663 5666567065
-52005 3976257349
82681 2494200349
69139 6608835377
-44749 9122275025
71261 4884308685
-93513 873634866
-93863 2663375065
-747 9189357751
99603 2829325942
90265 9482621041
49249 5148574123
-53211 2223612915
-51985 9161173409
-85311 4024940064
-2933 4577659883
34769 9230124829
22425 2237604007
66185 1508576059
-11765 1521104286
-7211 840011479
-74619 8457043188
17483 7073363883
-34985 7706634093
87475 5664586094
10247 957018798
95889 658562959
-53831 7873479985
57893 2707187283
88003 1502639401
3449 3141759668
75485 4385625751
-22087 1787664853
55233 7922789672
-68227 7958681847
-32213 4993583978
-93903 904512937
-33347 1579889032
33107 4896348821
-3361 3950583109
-96967 4119873632
-1979 7374312653
91025 9283332823
-93345 9537783011
52029 1658417249
80143 9929708293
65979 2167787399
60331 5620768663
-43359 5090052743
10733 3440891396
86771 946266463
74417 7802506511
45225 2186514272
83981 3410665672
-4755 7289917093
-11161 1602854318
-17509 2264332318
68129 5794087913
59813 1590585591
-8563 7947915363
-19623 2302319515
48527 3716201186
-19719 3012540092
-57063 1000783613
36117 7692070841
51395 9051036938
-39913 4915847661
7463 7200356687
-49359 8545097869
11543 4972497335
-91775 4255968736
1619 5479144263
46127 9650835317
-65093 3493953850
-56253 6750862537
-90613 6308798383
36011 4645821503
-43115 1873056153
52747 6538930327
-85919 739526953
2355 4564768218
-52971 8078196000
23013 7238684571
41559 452482555
-24785 3794041002
-88625 9696252314
-60771 3206487535
45341 6016970744
-95197 5109809306
-6681 9457736319
36943 8246202963
35525 9598607269
-22321 9147292127
-20067 9846558612
89591 578504354
48499 8260706902
14953 3813375600
58141 968809288
24827 9485761175
35437 4560819132
-51289 2043532307
79985 5917184116
-16933 7193271033
70081 9397577857
-36713 7139297607
68341 582455567
-50995 2428714619
81571 5991643558
-59505 9435592058
85283 5779346122
-88489 9804882243
18173 6298877247
64407 7781831301
15907 1239845386
40267 7406471418
-21475 4648971696
18855 7206277746
-56621 7827809105
19227 7847368543
93165 6056978909
12987 560637418
68225 9612427521
-21763 8178380403
58855 5571349266
7149 6238038020
53861 9454106143
63989 2992421604
-22029 4833673138
19385 2357143329
-56253 8413608485
36257 1941200323
97025 4670669244
-29801 4704612897
7333 2502974995
-62969 1161908525
92989 8122360465
12439 1338400953
-48327 7889895945
93799 7673528950
-31515 5264823212
5563 6370135806
66271 2789532417
-76297 6001202693
39733 1889040260
-65609 2205564902
42365 2696560081
68517 2233960835
-18659 3231171573
-26069 1784391403
-2527 5072462076
1543 5864694222
75833 2706040821
5689 7449231868
78423 7612579387
-55385 8639395638
32739 3203543830
30429 8502351505
31109 1000632259
60703 3456986446
-47121 9041993577
85667 3172666258
-79381 1089214015
14505 5762931232
9139 3280427215
67695 1154244646
-80811 5525497383
-57185 9665736846
56901 3429435913
96395 2829200749
-15441 1833343783
-62211 1331045713
13485 8170083044
-6099 9550920515
39095 9423085259
15055 6469049874
-68613 3211347267
67403 8404150011
85143 5737594243
-84999 4597824493
-90787 5732296336
40595 3429089941
-91531 4715085085
79923 4662578711
-95571 3929973035
88817 2745874631
35369 1655737004
-44695 5448839744
-17547 8487978320
6397 3780889896
-34719 3747241364
-99859 3006195653
29435 4026835443
73283 5308971231
18281 3874731363
62435 8903685463
42379 5674486338
-28623 9918501397
32495 9178352646
-2801 5425212175
-69949 3201485163
-10193 8377558882
-89445 8608124382
41917 8118891040
22195 2218509491
18651 6953482573
3085 3430462952
-60555 3125986832
82337 4809502251
-33715 6284546959
59075 293424858
-11857 7208400575
33725 5254422277
-60073 8272748635
-2387 5550490891
-13461 3613241057
2471 9615656518
62483 2541049543
-99431 1927302268
34713 8581904963
93423 8961344391
-3013 5004359513
93111 3817976239
45941 5238620949
87763 2823308373
39993 2443005717
-68177 4113111845
-35817 6170250882
-67649 5943746675
90149 2613018104
63659 1221148023
-83675 908160123
45795 5161890798
-33371 1434866775
-55047 3568071328
24815 8433835291
-65547 6936036928
28401 8993233960
-68823 7164909393
-50877 432937361
-66699 985621859
59291 1419011173
31063 3597662562
-10777 7258582201
-13033 2220023981
-6999 5867136183
-9033 5788417541
34427 3590490237
23705 9442587777
-37331 4499006120
-39729 2369130779
-71469 4369869255
64883 7163332217
313 4612672533
94637 2853909075
20057 373706025
-2711 9034482580
-56235 4670837424
-53355 7449482517
93093 2166089720
-90337 1766721222
98929 982287505
-57661 9159029050
-31737 2848957786
-34055 5459562303
-57249 9253014157
-73677 5627740595
97319 4003377363
-61013 6922753835
71053 1674766865
-81391 2846937593
-32771 2008450669
62201 7350169632
13431 3464835710
-37939 7545032768
6943 3573337193
76793 1000884125
84947 9909762826
13125 4547756941
65427 3063103783
-7993 8116786181
22347 9662177966
25557 692345063
97525 4088049259
55899 8842105159
13749 6836641163
-81965 6799097478
65197 9830752452
-14111 7481678955
-15565 9424749302
26345 1227280231
47797 2877730440
-37581 9034590942
16177 8913243621
-46233 7589277213
-37475 6045044189
-23269 1511004539
-63677 6243845918
78127 7470891993
-26761 598811542
53543 5797351513
-78729 7518579407
22417 269447431
-49517 6983107151
52445 4504358096
-47995 462104088
20651 9042566973
-17619 9509360620
-69985 4838247469
-64555 2016138883
-36811 3747238345
-29663 5263004060
58819 1689863375
-81977 3330107493
681 6292928708
-55621 8895381779
-57597 1372619835
-54891 9967653613
-35985 3553398637
74693 6640766908
71043 4628140058
-50131 2188886404
34759 7481844669
-30643 1634700461
57739 8922674578
57153 3148128747
45263 765672861
61145 3326122233
-35527 2795010233
59739 1645612142
56075 8532491498
36243 7689939213
-79501 5346633450
6981 6508995108
-63833 8831012087
91259 8504794787
-40423 5489396876
-43045 7691016991
-18141 3792783162
-6569 722363579
64311 2076778537
92775 3132979513
32683 9917844002
-31159 2277877284
21397 1292662981
-36751 7627448085
-80387 3072365677
-84523 6366851373
-77779 6577210495
-23425 4050087709
-4649 4300362382
57581 5921341359
-4821 5052567369
-91579 7577228488
40191 234969333
-80783 9480450040
35159 6223777617
10349 5291435843
53839 1188514457
30765 8960687237
5845 4561156572
-10617 4686531877
66343 7727042533
-72397 8897871601
49751 4631671605
70289 7541256055
-10867 6919843561
-98089 4655892727
-1787 7996945221
39717 207035093
-79859 783220235
-32517 848932667
-55155 8495947348
9447 948414667
-47617 9681985041
22671 2305487458
27217 2943217248
41731 7446935318
6121 9620579847
59861 5344347379
73731 560701189
-90409 1562221822
43489 5090282385
-8657 1087706590
-89603 1398692007
69743 5473309673
14133 7600897036
-75007 8273768391
-82949 1618867503
19059 2506227585
-86065 4104499647
89201 3969248768
61155 6523417339
-94263 6419084047
5789 3557268844
97493 4904873756
-50113 4579671766
9291 2821923695
-73295 589989077
1889 8922913093
82673 2040193367
-74979 4406569187
-38001 5770093330
79439 1203167982
-12273 566487050
51901 6142809800
96863 4844362157
4485 5750507296
40249 6244781460
-38957 1488733598
-35093 1276022777
17047 6796644902
-52043 6859103916
-59685 3413680357
5927 7712532290
92143 1305588346
-63289 5529515918
-29751 1247016115
25937 7568669297
-82743 3128713736
-51491 214630085
-50503 290525856
88105 2242424688
76527 2912426283
-20691 8206536525
47667 275638835
-55937 9496250785
-41547 8296447841
-65795 3153778969
74129 1847828615
99957 9559425613
-13647 7950813635
47309 628985473
28477 8639429931
-73705 2736544498
-6133 4987293262
-27511 2384506200
-96091 9214340335
-68489 8969749579
17497 6198689697
-1183 7986145760
-92277 7956221507
43941 4900322183
-46957 7011127495
-26715 6789044116
55111 6194312910
59519 475726007
-76725 9662511271
-23327 6678591285
31573 5730514961
-27439 2491344255
13185 5875434652
80463 8284236178
-38809 8080350442
-96053 1796965746
-56201 2719085065
27257 3055081480
26833 5241616833
-56419 6538607783
16825 4231260449
-69477 8106114037
67965 3261251821
-74041 6806587703
52105 2628448857
-11583 7940604812
57393 5406466708
15313 5572748060
17443 8070256947
-95641 2644624899
20495 9526892011
-96677 1084439146
99491 9706035042
68615 4777602931
-41873 3748548698
-17951 9693480472
44327 4912026335
45981 524120959
-17795 2606993897
-89919 1243580295
-56785 9913973829
-20483 8393442241
9215 1841689922
79599 6711429562
-27919 4718130757
55513 9463299556
54091 1462598215
99701 9308608929
73239 4690147978
40263 6467924530
-52887 6643223960
76747 4299693106
79941 6111044365
33573 3364167365
75457 1698818785
-37501 9659175617
52381 1550581968
-85655 9022421403
85885 1100673421
23109 6351151603
-56607 5681090921
-86779 7042302285
78505 6837315259
-33957 9361726730
-25271 1479127183
-8999 3103026387
-60241 4211274249
2049 8295074583
62123 9204482287
-36781 4369137002
-73215 8014142452
73273 3145104117
41091 9753177029
-90845 1732289994
96689 8412202219
-66669 3991694713
-84033 8083993918
6703 5090500821
-59461 2832601587
-17245 901090261
42927 5925619518
-33999 6600167387
1569 1288096339
-63379 7406672008
28535 3527200369
5463 9833698450
93991 6927586794
80951 7235011795
-1849 3113353077
50979 4541315374
37123 1756110813
20855 5113568351
-78937 7555683257
56607 5792813111
-5337 2532069023
74257 8930579577
56725 2436241497
-48541 7792323197
-99407 6604827331
70089 7056312225
51781 2810039609
-69733 7608351402
-27385 3625205586
-34959 7859712337
-59395 1485959196
68585 9779167197
84807 8134064495
-64503 298182265
93853 1027226236
47075 7537862533
-52423 1751872125
-51127 5033376927
-20105 8861182083
5469 739536108
-57117 5489365807
52413 6299165556
79873 486544007
-40413 5941193957
-13783 6519308747
58453 8504812707
-95443 6522634908
62765 746863077
57573 398547341
16559 1182452653
-86537 8874029146
51391 9607515123
61391 6481627235
11357 8442876473
-23937 6072886318
-29963 3245779377
-15317 5274995553
-82609 8723717374
-3273 6783155433
25493 549685371
-99435 7528269653
-73169 1686902929
43439 2208174705
-33701 7785555193
-93107 4761095211
-47673 1244184145
83177 1393963368
-94051 8028253912
-72451 9727759015
-86515 1371932688
-72555 1235104684
-3395 3671570557
-60927 7472968837
-43865 2262455077
38901 5396345557
-83063 1226392947
-37505 2954642753
7041 2057821860
20603 5482725078
-40209 7799841418
-4771 6066752623
-16993 8402165822
-87403 6281394135
-5195 7627111803
99271 8781763434
-52501 8456220114
68191 5115887223
67587 4737863330
-43029 7579434530
72999 9026754454
-48657 422541703
53379 2726108014
-19803 8436376177
8857 3218177001
-44763 1134908111
-17393 5219939695
-5053 3607205457
27015 4132557002
-7965 2682273361
88165 9446986197
-4669 1295439678
-12949 6776798318
-62983 813538423
91923 5438682618
-82841 4222831069
-29039 3200063239
-33611 8485695580
35941 6145215813
17329 354446020
23901 7397548269
90617 7570147732
74861 8843574512
-26813 9728049823
24759 606078197
-4531 6102894573
98313 3744241160
-38425 2387130697
-82669 5796607777
-22781 8477422089
49497 1947482412
24643 704772787
-88463 9092826663
-20049 9645494914
-83831 9404343645
41333 3911528463
-35741 8844274230
843 1435195166
-4139 1216585189
86317 9388422455
43223 7478809330
31101 3120652697
28437 2998908401
83597 576610531
-91873 7515662041
63395 2609607117
-10381 2088970630
-25121 2931378274
49685 7980415299
-93461 7266111402
20631 5400480882
-21935 8263903213
-41775 5920539811
-20521 7181672283
14263 6266741673
-89645 577245214
54529 3338500428
-54975 1030995643
55715 3166671421
79263 2788884007
-69183 9994766637
22113 1940024315
87229 6207048372
-59667 1605129732
67753 7720410013
14701 645196079
-53567 9676606337
23761 1184017527
60225 8884001733
16179 2215645993
42383 7720338465
-68379 8188053425
18253 9474506175
-71861 8295627790
-1219 2515715633
41589 2659324585
79315 1127133626
-57681 6070001303
-74229 3050220837
69305 1914073048
-70495 3411066387
-74741 3996727875
-75215 6954038953
39539 7053983205
33659 1142761678
-3289 2152286335
-4037 5257048175
-63723 9008203205
-40357 158866333
-7107 9409314193
-84347 7886613423
28137 7386502052
73319 4335314743
-32531 8780417333
-25207 5679981757
-14663 4160410275
36679 487601067
-30637 7840521643
-71107 1414889565
85359 4238687709
12497 9761392396
66939 8501766819
-30933 9317464791
-4925 2628876627
-36345 2065735719
62425 3171152789
92975 9245067107
-14447 6249026760
-31339 338264333
65007 6169212318
48919 8532836634
-68933 7776703606
53231 5116495929
34697 5617946780
-36181 5694366677
-52195 7235440024
-67797 795919010
-31807 9442942233
-39495 3134392787
-8593 4805357077
67213 7077707983
-10543 9721455912
75737 941782811
-11207 3864626985
26101 1247849559
18479 2650450670
51387 1385166798
-93421 825554734
79685 700035853
-76251 2869061712
-46673 3693739443
93305 3904565407
87431 4435971814
74345 4907906352
46079 7908417934
36301 6248594955
-88663 1824700912
24017 6398894487
84601 6191307424
18743 7651621306
-59031 5882809447
69837 400094792
23097 8643328265
64371 797228058
-29951 8636482372
-53645 4289436394
87995 3526802989
-60211 597037172
10461 4851125703
-37419 5589885289
84251 3938720709
76407 3020487327
70479 8372025863
16645 7055325943
91243 9679124705
98679 3489441599
59821 662304964
-11149 3049726347
24013 8371616511
77627 5036179837
919 7886037303
-23031 7013281157
61153 8354047105
-41415 676414417
5737 6887989227
-82037 1744896387
46091 5045225649
-17677 6514580058
28637 3076878611
-10381 6466301082
-68367 8435059408
54477 7185849497
40409 5041021673
49547 3022494547
71607 6559400842
89933 4389066168
-41005 9407759699
85883 7853879301
-72245 1661357167
50357 2873735603
64755 6371583522
-66043 6911982787
-69527 317300257
-11347 8178563261
97717 931528596
48403 5867617130
-9609 3117649097
-19113 8887117583
-76015 3230506928
66959 2574505117
-30913 9028006246
2279 7259218915
73513 3902187788
-5971 79994327
88337 1539065395
96695 9610732587
5221 5049739263
-64473 8689913963
6781 2880094147
74385 9921471496
-665 4438674777
-42257 6055349978
16053 2877936021
-13901 9350364847
23511 8071194330
69771 4499080110
83285 5340149541
-48397 6547522417
-40069 4948027459
-19893 7995301942
48485 6715970768
98719 4758803822
54223 232151013
5325 9750066496
67379 6316401153
-33239 5850835048
-22401 1151446685
-27279 3339978187
92337 7541413853
-791 9355062923
-57133 2837646113
58121 3768662975
24165 9989645519
-65451 2306376617
-21483 8262054848
86815 504437943
-33935 1843231576
85031 9010761662
-85523 6516508992
-22097 9688853991
-72955 1336683001
11495 5343091687
20995 3544434734
-12085 1932566321
-45839 4772105124
9679 5988131589
-35021 8384714402
-33197 2254273123
-73663 1671406293
67 5415552830
-21487 4075445797
-27111 2969789148
30717 5199266753
44081 7872903148
88449 5269058469
34089 7306055300
65657 3913555511
11783 6936049511
-12061 9920451667
23473 3359920976
52791 5604637330
-2185 1793370586
-40757 7876718597
-90253 3005462742
-63923 5367279100
56139 344129189
59659 9954212033
39075 2149083501
-23911 6134268559
77575 8762111569
-96799 6604199347
-29305 541693929
15109 8785742809
48869 351245728
20345 4995875411
54871 6180262513
-61839 6227473643
40463 731698373
86767 4832396390
-68407 7425313873
11001 8648415908
14823 5163852926
-25319 4477311972
-90005 2099136046
-81653 5488588502
72845 1011026943
3113 5738454696
30235 9906042949
88305 8469418321
-35645 3628639519
41933 3520610208
31573 1763744461
-69115 4417606192
83741 7282711723
75843 2433415073
-90805 1300267146
79493 9833665057
50829 2490669269
-20055 2919742736
-38517 1637318966
-82339 2895146097
93317 5806562845
2593 4246400775
78761 6183532797
-9159 577322452
94845 9161399647
26845 588879248
39389 1342681367
54453 6671798503
25199 8942405334
-35737 930064361
16907 8511656103
-31271 6266140383
8123 3762785295
-79179 921413177
71329 8915049049
-749 3626024379
-33501 552834034
-72547 8161383015
44963 8589523777
21585 8391817564
87777 3072222265
-98539 4158088448
61163 6423207202
49845 735981507
23249 5768696188
20845 6958363373
89633 849416796
-48437 6526597933
-49139 7077676064
37855 5715026099
-5327 7390805156
-63277 5933619510
-69811 3595400805
-41941 6154785917
41425 3377639952
-15339 4070575159
34093 195829845
-40009 1240114215
-66355 7673481083
37247 6471709575
-47923 4173822101
-10461 2580852175
56537 9007968645
71681 1972698627
-23751 8315650880
-56807 9499983605
57031 837095073
89493 2692073200
21251 6782229635
25539 7567401183
-51953 3887352862
14395 5907823087
-8177 8901559587
-76361 5785829314
6127 6795515603
81947 2414841310
-65345 389536902
3967 1749869138
-89135 2092150119
-6199 8122797968
-13367 6828196681
27647 1830151995
47371 6432824639
-72193 6310177305
90675 6667807954
-30167 1650173361
6447 3821672198
85505 6350937917
-40657 9555480705
57779 7764994819
-61381 540788350
10203 9200123642
49659 9063187413
-79845 5735510263
17685 5611759968
15235 9664818039
-89797 9557075753
7219 2093983673
-45981 6290327773
79693 5260707597
-57225 3098006817
59095 303180882
28867 9133718601
61915 2169917229
-38371 8443741369
-11033 873172065
-36579 6115923097
5243 7720675878
-8315 1526556416
-28229 1213775207
33863 9387410338
-13631 7251272143
-95747 3997736801
-32599 5670195479
8195 5614180617
-52039 7576687415
27291 4144226358
34387 3127704546
96755 4625675409
-23941 2815883954
-9073 7186612430
71763 2282179162
51683 8397585227
82717 8359449188
95485 3012625308
-84733 7067743291
10145 2938846469
-65693 6601807530
8197 4393079245
56445 8504744423
-39381 8453536903
49115 1769303901
-28201 5163997654
71863 6452526045
3895 6609803614
-31155 6267188179
16115 4222062734
-12675 9372157016
77713 4903183315
-94455 1087325357
13145 9815949936
-12885 4689760258
57027 7141008765
73499 4934742255
36541 3300525685
97309 9448117863
21505 8201103993
82445 7837729969
-30293 7226459015
613 4687570967
53813 7004483076
-31565 5409256937
17793 539622992
-76457 4360279451
-17093 8362585453
-36761 5721516609
93759 4631839409
-12055 5802059548
68423 7182123826
-95713 3258666167
97927 3267235693
50897 1447548776
-25483 6653783941
50399 4768134633
39543 1610499095
-3749 5710087158
-87127 5133485377
49629 1565027937
-36757 4433523450
58955 1197507313
60613 5257390181
-94365 2271535294
57279 9154034813
-35397 1073204555
68057 2653652756
35421 1675639955
-99863 2469452580
85807 2877717013
34329 9580434463
66249 3865657265
56007 4992565731
-73985 7646692386
-45077 5457932445
97099 6924679225
-41777 1450848441
-17005 9590236082
-2643 7348003941
4497 4009651453
47649 9136390675
6129 6186825393
-4473 1383461942
-32613 946436737
67121 6396479565
2319 459483362
51683 4655855413
-14257 9872575863
-6325 3684193961
86187 6868188467
15255 1705620649
44521 4065611872
36471 2978830535
-19103 4061245641
-83653 9000784043
-22553 7117372393
-1391 9793881505
-559 4364454044
-22127 1936515908
15341 8020050269
13589 3650777835
4791 2469751334
48595 5322266549
-3765 2794847387
51121 3433887148
79575 2540247533
19199 6628046773
-66575 4553074771
58875 3043746662
3399 4964275694
63313 2883812716
-58129 5563547034
-53871 1525326548
85517 6018421652
-33941 3671435567
-43505 5336546001
-15559 7207796365
71911 6554560973
99371 3052139919
-29175 7166502892
-69079 626814345
56995 4037466166
53017 5854183061
-85915 5100696072
81911 1866294122
-61875 5983135787
-29483 7922342760
-41439 9723680135
76191 2805201189
-95333 1143771222
93117 7790228092
-57455 2019959652
-48107 5196273521
-97501 3551267962
89403 8982440477
81745 9311513657
-37517 3401722782
-74039 6688577445
39579 5781542749
-8915 5571331251
-29325 197154573
23833 5772600028
74575 2117848266
-67451 4115795079
-42115 9500349552
17833 76588496
41373 132414256
2097 8689904823
89697 4615541481
42967 7739570535
-29833 3774128961
33065 529099537
-11407 320438915
-73953 7474578650
77819 9765955635
48135 1254409759
73259 5734442677
18883 1603283106
90281 3276249144
-67441 934690838
86067 4359561315
-30187 7151655196
-66299 4997845287
-98705 642328251
37793 7558084707
20407 5173195917
83003 6349713225
-20365 9582452121
47297 9376757696
-19385 9857276234
20979 7312192530
-18325 6402169814
-67 3652591471
-78071 6144156757
38611 9265178109
54341 3024513157
3101 2283999440
-98867 3419718273
-87809 8254018105
-71563 1864267820
-93361 1631496773
81433 1942943176
40309 7295568837
5145 4001708229
-53779 257949127
66541 7754200208
-97033 863767587
4321 7151787439
-66907 8836884777
-41607 1097904377
76133 3958253221
-18503 9239026240
19141 5213413695
98999 1887102783
58589 2386049907
-46567 8657739887
-71281 4330410642
-64603 8732560287
88089 603863704
-59921 7721814219
16983 6408627010
37307 9533727185
68117 6977932345
46301 5647737868
-41921 595804854
86017 8706443501
84115 7627205434
72489 4545889275
-10295 363673939
41455 3093745437
14175 3018837763
-74989 3899554403
57067 824513398
-83019 1341222719
41741 9440431613
-87455 1406591217
-56291 6206048999
14313 7781441261
-51209 2209344043
17717 6981613363
4561 6748493225
64343 2514639655
92357 2778279647
5953 2816050131
98041 5970187692
45515 2594547301
14345 3217669269
43741 3943271368
49079 7837491005
-83251 2408312659
-57519 4257714480
-57007 3207032851
-14609 3143142250
25755 8319121938
31707 409434542
-55687 4570154108
10037 1556270767
-72323 1231168741
39529 9982724233
-42283 6515596083
50267 2762228378
63763 7804295533
-1519 2081381667
-88383 5158853957
-26809 4700232158
-78523 2895539713
-97285 1715594843
-27265 7927209159
98115 5393414157
43839 9638032447
-75173 6443301297
84011 1508283105
76879 907143282
-23059 4655091592
10133 1565734873
-15797 4412314283
35167 448260625
-86895 1886005228
-20051 288612909
-75833 5418687426
-56459 6833823025
-4789 3295273817
34727 219646222
-53723 4268958847
-17441 4786637695
-68643 1428657605
56627 3454240286
90999 2847273895
83953 594431553
62529 8188029923
76325 2547962492
96441 8215805900
26041 2233814264
-39861 1511482207
-39323 3131363856
86263 6776309230
-85629 8592299627
-61553 3498231127
-26707 161615135
39995 3666141987
-64165 8883594737
-9735 6236411564
12555 9093804069
-87667 2435059048
32167 8700850423
74685 2202948404
76229 6058847027
72007 4190229721
-92071 6761866273
-87147 4956904425
-41015 9376782763
-40503 5642106920
-65503 6868158837
-5693 2927904591
3567 2670051737
-4835 1476250999
-78883 3172471875
51617 4468648287
39575 7949969563
51521 3136712844
-3163 5830013043
-58051 323801328
-40571 9197412117
67071 1605198167
37705 6543140461
87077 1745702352
-6623 736066188
-51965 2436105574
-79735 3403369329
85307 5343720425
-26709 7366847779
15451 3053272297
15829 241970515
-74363 7922203587
96157 4163535005
-74589 3660343410
-45561 7972935385
-54757 5653707115
80797 4967772140
-75429 3917279999
52565 5236186164
-57997 2926702541
42825 8422355177
-6003 3277739336
-55479 5378286047
30463 4047868963
72669 8834067464
35525 7274386313
76207 4234738351
-46165 4025247898
-66125 9152975286
-83669 3541588777
-51467 7005689693
-3973 5649028773
-44541 9243102293
54579 2565608323
-23187 9906710467
18419 3078150153
55419 317307853
50609 735418063
-28145 7631115526
70429 2480528008
-68777 8690484445
-91017 5622912215
-87171 4355991929
94453 4952863852
-53969 5738839937
76579 8420545707
-19363 5785993375
-74035 971836727
58535 5108082991
-43875 8768728213
-90739 897469449
-65385 9849795261
77265 8654266784
-11573 6046479463
23865 328275328
-72991 8307099824
92507 4073153513
-18373 853003798
64659 6924495937
10583 3025568622
-92845 5868335737
21749 8991296747
-20419 1143329585
32715 5159111354
-8503 2679475247
91481 1542857144
42471 7644786945
91547 3309499587
-76847 1208668823
43595 8253425874
-18313 3302511055
36657 5571904251
67061 2751481777
56179 9890217795
39375 3542213866
-47155 7173458939
-18307 5338370231
-11581 4835633747
40627 1326428578
27759 3120855105
-57055 5240010447
56993 826619512
-63277 3618550750
11051 8790495425
-25777 1851456322
12469 4967431375
-5601 4886473402
-16269 2839220923
-41245 143611134
90313 5031496225
65127 9075318898
15453 3983527037
43505 9570973708
34447 2517653835
42119 8427272437
-37043 6313271741
48699 3310504275
39111 8191856202
13743 2385746551
-57687 8561621513
16373 8180665915
33367 2466568351
46707 7981606737
-99907 1316034108
-90795 7158338424
-83299 7149496572
-42937 2497630807
-34829 1483525562
-38887 5549580223
21373 9080486131
48077 4835392995
6197 3050025403
-25385 7480406271
-98559 9631067660
85887 1659819937
25657 9439822636
34259 6725756929
1313 7073784815
90241 5806946223
1751 6832979434
6231 6507919049
-18071 2307466320
21163 8788491721
-27361 5695545573
-19601 1563464605
-99551 9888915188
-62369 9430730547
-23823 611270925
19219 1450037217
-24579 1033483379
-86035 7977145307
30829 9153126895
87965 3591302792
-53605 1818343739
77397 4045723460
-18515 315208176
-60527 847813937
-13051 9675880004
-84467 1193725243
31459 5119106307
74461 6995579743
-47227 9525081528
41343 3774983501
40595 5866478506
90545 7585542669
-1649 550849615
-86721 7901739315
60155 4920323063
86341 9627880777
67691 1926965023
38239 5946030577
51275 8926116707
77555 5614538278
48599 8573371534
-82993 636650846
99675 8009984239
-50709 6327237790
45453 7163902827
-18601 7024745243
62845 9391483072
48263 7846097182
76739 560796049
-61857 5057165437
65991 5029072455
-18003 5838980127
-44865 2475244747
-28317 9198775262
1265 2016590543
34929 2492811025
6017 7706413913
75403 7049040623
-48617 5063451082
93215 5966737354
-98965 5446448506
29199 7693957399
-84471 7361916319
-96001 5557468018
-71325 7364374593
-59479 6101182053
58583 8306107095
-32445 5513302417
-19443 1998975541
-46099 8284770920
-30031 5885400883
-70261 2532360610
-19359 3225401749
-47457 7554735705
-5777 2509090387
-46411 2955440897
12021 9142224772
90769 6674333277
-90895 6235461443
-67707 3593116281
44263 5347412413
17909 835979543
27951 6649569134
-64105 2813603131
41013 3753978765
69239 2989048749
-31681 1189563483
50893 5276658065
-32323 458623448
34509 9021737852
54819 7557099287
19337 6399788405
23853 2329560181
73719 7951859229
-95553 7987517627
71379 5572999559
24167 345897781
50011 2733587565
-69871 3259030797
11939 6553636742
61827 8122390578
-75901 5501187283
37539 1996293562
23833 3710182963
239 7129307029
-57811 997235300
39023 5817397310
1003 1942956686
50831 3711353887
29115 8474723338
12903 5265090311
33597 2658526383
-8123 1793824281
14185 8621471411
91291 7514212807
3027 724639922
57819 9933670378
87787 6671757587
-43831 9562169147
7523 1020207323
-85849 4310354789
62113 9502735156
-38555 9345732081
58253 4236610317
-22429 2707846838
10573 7393964783
15223 2707247211
-20633 6803208250
17211 9863376002
-15633 8372093682
-80893 6140485666
-47147 8265360125
-59829 2821953394
82305 6851265483
51013 4451089968
-83443 4438038405
76981 7525664675
-73839 3276607663
88657 9219844845
-29479 6611717259
-71553 6310812302
63601 4415344435
-9079 3892160904
20899 2933136023
45489 2634168853
-22761 7090774897
38749 5469478873
90253 1454550413
-4597 8526855790
-4335 8779469749
66187 344557826
34425 443198801
-16063 8338585380
78979 2038655889
69677 6822405480
64909 6291545157
57909 5931747315
-71261 3000516855
-2575 4163035351
94141 7174036493
28663 1401292782
45053 8798094837
3587 585811015
34567 2095985346
-6253 507648407
-70179 6240853829
8461 5046429945
76665 899376677
38933 5824069971
54843 2665663261
99771 6795618553
46249 1776060649
39729 4256720689
-8675 4580459191
-57803 9861451715
-80097 4417085335
60969 6617544632
26655 6417746146
61889 896267404
-30389 3445061958
-52979 2576527265
-33191 1592446645
-50995 9543070649
-35161 7755332689
-37541 5757567234
-55693 1911395983
65413 6204046968
-41841 1651332439
3603 931488505
77819 1354405670
7443 3444197723
-39099 6540224440
3041 3403529
54981 2899622503
94411 6147900295
98411 2550216802
-77683 5767539337
-33299 2740582707
11005 3601845428
95437 3697524765
-82373 9112480018
46869 336989899
-68721 3840583009
83387 6326861965
93393 1015369701
-65975 709815207
-9391 3565608797
43067 1314712286
10787 4060721521
63421 6799283615
-18399 2779715317
90257 8133482727
7609 3004638092
12899 5660948734
51421 4325228448
-30609 6879024115
25051 864512749
-37749 7343689574
74505 6363916801
16663 8935895313
-99127 4353668936
-15661 4206107174
16783 7072285955
55521 6947219099
-1993 5474085706
-31405 8189428654
-75887 1201391631
28035 6668009922
58317 5360387328
-49127 4490792247
14577 2234167980
80079 2347482375
-64533 9962917355
-93827 4238179843
-68155 528562988
99235 6670371083
737 9756738257
97065 7399283116
8203 1096924593
-43409 429689199
-99527 9856311768
46549 5604507287
-85271 2496363077
80705 3346322261
73481 8330923520
-95917 5078389685
-60799 4224379628
-27857 4798851255
-13875 2615728651
68511 8361975987
16983 9029123935
11243 8097948390
-92127 7154846716
80741 5582127429
32737 3972577555
38515 6120943819
-40703 4590317827
24509 7808881929
-20273 949149163
18153 1223590372
-75861 4330090159
89523 6670170285
20321 6323921304
-12079 9858758024
22437 9323110903
87531 9797898669
60633 3575858323
-11815 7579417519
58795 5651060442
-73575 4251049016
47597 2151576211
11621 5942583699
55503 1266513167
-90745 4066894433
-76635 9585843232
