43345 113753215
63937 250606899
78421 243345251
99293 566767979
97445 245054155
99133 166897739
82353 392739619
50253 101915339
72001 254231911
47041 119886451
91601 120861091
98309 544291791
59509 13069131
92633 280529739
60889 129671871
38529 81831351
97633 119373679
64065 246371095
99817 77348939
92961 497294831
48629 78677751
70857 226238019
62789 191028411
45865 124232415
85841 329971711
96729 62153691
41621 81998371
76025 103687735
78429 154125331
83769 198415611
97041 176598291
56165 61483675
75389 248032011
86529 88603651
97205 541733375
98077 520058379
78573 284333879
88981 354268191
88149 292029091
99073 205451059
43145 29500235
98501 503428491
59221 176749231
64349 164277431
97081 549934251
79945 290631655
52301 152768631
80913 386766119
46581 28775531
60217 172045939
86285 413485595
38529 62396171
83677 430618599
55329 116666851
67477 38348419
88925 350759995
78837 35016199
39541 11659551
78973 355833819
75029 278642151
76985 311841595
76281 236147951
96481 463240391
97897 160993179
43005 61192675
77593 136120399
28777 30005959
81145 311801855
53793 52934239
98461 368984151
77909 293823631
92065 506364775
92657 533443639
93097 31589639
99477 388963819
95185 242074275
71393 213564479
65993 107831259
83709 5599931
98305 168073375
94693 38750579
92065 417011475
87909 66903911
80361 362141711
96029 74842031
99785 353698115
79085 216500795
91253 236058599
82265 97360355
80621 26392551
91741 200015351
80417 203161119
99553 155913659
91493 65291859
90893 103094599
93353 90309959
83701 10540191
62525 50026495
85377 117437799
63609 199253791
80441 53721591
92925 183138015
68805 284920555
79945 434535
92801 364996771
76001 172501771
85209 268422871
89013 127398199
79105 122059395
80761 246016091
77513 255340099
74957 227904039
89181 458187071
43361 52352551
90761 404573191
43657 14107419
48309 80479871
84641 19241551
53125 173871795
89693 332997459
66697 277315659
62589 179226871
20693 9684159
73365 3803355
95265 539352535
77473 330993339
99965 512700935
61237 120027259
85109 35367891
61389 135106471
81313 310833459
92357 391258579
97617 199296179
89289 446638511
90105 158468375
37653 75304639
81173 246214679
63341 26002091
99653 525407739
49253 95596619
79397 184991559
80253 49919299
91857 403312939
99797 615893339
48197 105122759
90205 390588795
52713 95293099
93953 205176659
45857 99956239
59981 82710571
98985 271744735
69405 136632155
54653 146617159
25313 39647919
43713 5203019
85573 46106319
84061 373322251
93569 237289911
57329 100356291
69081 94897591
71657 213957139
80205 396196115
75961 53657851
97141 203086351
83925 244906195
89873 370474779
66977 74022919
84193 165662079
87805 292584855
96145 110027215
66113 58415959
99513 304227059
82405 113626615
75849 155923031
68485 25184935
96861 427008911
74945 65946675
64369 34714151
98309 152751511
72993 56787399
91493 252717839
90477 490988719
47549 28439911
83973 258347739
82605 33052915
97345 478703635
80945 87204795
86165 172358175
63625 10300655
75353 17331939
81253 309542359
64925 20178715
70173 64623019
94489 36942711
97573 524809479
50397 93194839
91429 438332791
48421 72094571
61569 117997651
80941 175178591
83125 179145575
92393 285473899
93677 220545499
86897 182452279
79333 127353079
89977 169754959
80701 363486331
52909 45518711
37425 51835835
98965 398903175
74821 233777031
88269 112335271
85429 455644931
63621 6110771
48545 119570555
55897 132083399
93169 97928511
71717 24774639
60773 194439479
66353 14023439
64729 102095771
89777 729779
71905 240105715
79285 60864495
96085 292410975
68265 131451175
80781 379116751
97073 113791339
93821 492168731
80349 127635091
93337 262798339
88849 129463991
85465 351810995
75845 228382135
70721 227252251
88405 420957475
99601 561785971
27937 40264639
38053 23160519
98581 446527291
88045 99434295
64733 189845139
64861 166758391
96621 462091731
78821 372277871
75773 288947759
93897 241233079
75629 292336671
92537 269964419
81705 98906135
93089 535990411
58921 88549411
78741 122698371
96225 368153315
47585 35973555
96745 75158455
92833 281644339
74585 247141815
85553 205833919
75493 225086279
96101 47213831
96593 297794579
89369 180113911
83757 429985099
65813 226889219
89669 111100351
99989 437497131
76213 159519779
98245 3024715
89653 326528719
41341 249811
68053 257014299
93485 430142015
71857 238271939
80597 307491879
87377 394509319
74417 276513219
74357 201050699
90449 368511891
98341 202708491
60005 148310695
52729 121792591
88413 456286779
55961 186734411
67841 278962251
76613 118788459
88233 82822479
83245 128158615
49221 11394811
88133 246754999
55729 148647531
90685 226358775
49513 23033319
97973 95695239
94113 313520059
81529 194380031
68881 174083931
98337 421101539
76161 90906851
20837 20050139
48861 73241911
87025 377611815
43209 3921731
82037 283081159
50489 4405231
65025 137762095
41821 100753211
61913 111453779
47877 48981179
91053 372424539
90221 152965131
97529 42812131
86285 59028375
88901 234282871
65509 161820931
35421 72959631
77265 189541535
77565 361183775
94005 472188855
66305 160626035
64837 229625499
26177 34659799
48665 24673615
92541 244164751
93397 379924099
86073 137752379
98473 271166379
99469 155674211
93641 280192091
95225 326929295
48221 76684911
93805 152877195
60521 195041711
82133 402650239
92725 436975755
90041 198750671
93761 385895631
81453 163398539
64129 4738371
87817 367539
76913 27120359
85145 271695375
62833 200711979
65121 50550671
55969 119658891
86789 349515151
72953 174941639
66681 83419271
73197 197225899
30605 3984235
94945 216661575
65201 99675791
65421 263810051
75145 21294315
69109 54376791
80961 232343851
74425 239392855
65249 30638391
47337 15057459
61769 172869291
65841 30492191
78121 380567731
52861 98825491
52293 89985059
68841 238073791
42489 33447871
92145 214991935
95213 362059259
92369 178699051
91121 194022751
88417 460193319
37617 53450279
97365 216121575
92765 103209635
92489 266841771
86001 313028731
61669 188783571
95181 513998531
64541 113044611
55781 192583951
70609 223804271
82997 167354999
66937 158034439
85625 64663815
87569 257150211
65101 227324891
86129 120911731
92533 430282879
97265 115540575
68013 267834919
85601 151246731
67125 239490255
95349 521803911
89981 399853051
81785 40101275
90021 370068671
55137 115026599
99229 325220251
67829 48756591
49165 108159775
95517 295455419
87721 470318551
70465 61939095
87393 314405199
86433 78975619
73549 328240191
39849 87205091
94005 526949135
69269 117035171
97545 510341275
69617 284976959
94681 459200271
95489 219062371
45997 67308739
69381 9302871
79741 367852451
99957 311752039
67601 200024031
70389 266897571
70645 234715035
81517 206904979
89157 205308039
76133 33413539
35613 30915719
52713 7173079
78221 56412051
93017 540167459
88817 88039619
53137 126084139
84677 31497299
85453 422137239
54833 90005219
57593 151929699
95777 512665059
70489 190318831
75249 165888431
74361 109279091
60425 61489095
81709 310870091
85653 8586299
96589 269147971
85365 411844255
67761 175928531
85537 137590339
94577 328402819
67449 53230131
66901 81696111
96741 62395711
65105 28708555
96149 222079231
95993 17857359
41525 79708335
89545 156260915
54489 68485531
72325 52509835
70653 277044659
72753 51792739
51165 135506675
60109 2752371
35677 8335719
61661 167682531
67313 178774379
99653 126051159
69057 240733619
91009 434766331
48273 111492079
78929 37615231
95037 129138319
53105 154438315
76521 143483431
48869 61260351
62673 145352159
98213 69224859
71569 188527551
52653 82772959
73661 321436751
77049 89779031
94865 265323175
99853 410984419
60701 45004691
95501 280519971
98009 441439611
96185 220081775
65141 230158491
77721 352317831
58853 150737199
84493 159721179
94157 339458099
58845 34691755
67657 261522439
98325 151705635
83305 112892855
71429 211516051
99209 105380491
71037 141109239
77725 366324135
93521 392725111
69741 56510771
67289 274417231
34945 28275235
96705 473353455
46217 18660839
68161 49068551
95369 132056851
65617 233413079
32877 25819379
71901 242423931
75205 138826555
91325 228897395
81085 333556775
89445 386552695
84141 404932711
45909 6905731
61053 141294139
86393 101919779
66869 123206271
68861 101384731
85769 108081171
67105 224480995
74689 209455131
62605 112363975
44461 45932751
58201 119257671
97117 120628159
55101 149452531
84589 184661371
95593 31519739
93557 543945139
31393 17575339
46745 43364115
87305 209997775
80505 297300035
79953 339162799
81985 247635415
43025 96457955
90477 421176319
59765 157944735
92353 185506639
43097 5003239
12245 794235
57125 12618355
91129 190243231
66389 268309731
55969 166798051
94141 357714151
79637 186327819
75569 173997571
60121 180832251
78377 3310899
87997 123480479
91197 358495099
65189 244791231
42093 98085439
70453 225377839
69913 74308779
84573 409420479
86501 347684391
96437 436285899
97901 103499731
95101 428934371
91573 487354459
97473 585435459
81153 226317119
92505 66660635
90365 271224295
28681 45925771
81581 40150051
97697 129249999
87417 221153219
98097 544659199
80113 185819479
69785 273909675
96469 529455751
67989 91514351
92405 268283735
90921 311244071
25885 22151115
91181 207660731
74577 132575599
68541 178700111
70409 130854891
93889 389766651
90489 280578811
51337 123898919
88797 239406759
68353 169031539
88781 492499651
80601 221300691
36125 77440055
36017 71514919
33297 17501159
70649 139851031
99257 381660039
70829 210207131
12653 8906259
85993 336070179
79801 388650071
51717 70424579
94125 234642515
84277 104221699
25321 17282571
78433 63644139
90057 207962299
60857 15744379
35793 51170439
81505 21405095
72765 304898915
95841 335591111
94621 106167831
59661 188788211
74925 115561375
94969 452768511
89413 322838199
96789 443929251
47261 44909931
75805 151146235
97269 99753851
82437 150910999
79685 295490815
44317 57119419
89589 107647031
58897 47419739
14469 6975851
50389 155529231
94357 514258379
17245 426135
99077 241098859
22897 16407139
79945 334401175
56465 143614495
82265 134783655
55721 67243911
96481 45605371
72921 244273251
70241 85430971
92785 6613775
99337 26955259
86117 155458319
39877 16169419
65037 134867299
93953 79004819
37657 33125499
72101 82737611
90885 486906335
89393 287053599
56489 171995171
61177 40001799
81293 326946099
96449 295435011
91529 293820571
81005 382006615
81309 151050631
89305 241791035
56109 17763311
95517 352433159
96409 514463011
87385 435367215
83461 291834811
80717 353199739
75129 121836931
88809 299081031
85777 12383359
55709 7165691
95573 121792879
34829 59815451
45781 69333971
94013 234554519
74453 194150099
84257 245653979
75725 164546135
59941 191687311
89289 274366631
72201 305299771
84641 194783571
83921 2947611
45553 111539359
65485 15523475
60917 143673539
52449 151850291
65093 154130279
52149 65106291
87545 275585795
51297 52937459
92453 524616519
82001 41534791
77789 170965531
23585 8710155
46053 25870659
61877 128782899
55385 41757975
86713 341591419
78285 95759515
93785 61117835
50017 104293419
72085 313410635
97373 358781659
76309 345625691
88101 132377671
76101 19133071
87365 346340995
94433 295706799
88221 464542871
92477 420186679
95097 241847999
61261 13921831
65213 250193559
53737 166744099
96977 31836879
62961 69564831
82989 393283331
45277 2362399
77929 309743671
90453 358396399
88201 233198211
91949 67620631
82509 294699431
94373 285533439
94177 346201019
44325 113531555
56085 58456215
90609 177929331
84169 419023371
83273 281187539
85621 164860471
78841 258467271
80153 385386139
45625 73253175
86861 276380191
87237 445796899
86445 207902555
31885 4682895
81541 70739911
94101 469161491
23457 319779
84045 178898835
98617 272637019
80973 107430679
72749 322816411
88573 237620959
91849 508515991
99869 448184911
95545 119677375
78657 246464279
90725 368419215
86129 109265251
62609 124180371
72797 102595699
42617 85030539
96453 233113819
74637 338726039
67157 216912239
91537 45233139
94321 382539751
59405 36724855
30473 22046939
81257 79932079
60933 188265739
66393 20982999
44213 100247359
68561 96342531
57937 94342959
80889 62933031
57341 12326011
64765 81390795
86565 256077175
56645 35169655
85217 283208979
96825 436131515
53761 116089991
94541 413723571
60569 23969471
97409 292408711
85741 287647351
73809 67613991
79989 243395271
78193 57790399
82369 60535911
93005 301969595
87137 118212459
84897 209153499
70465 50863715
82785 176886635
85373 422777759
53325 152356035
65941 869771
91289 142193111
86157 86144639
92689 259718731
96641 77433771
94433 373387479
47157 15472519
71237 307906659
68785 323115
61737 86030619
83929 283238291
91533 300204279
37525 24524595
89637 238160839
85445 214035375
70249 102609051
82149 379776931
75457 265849099
34069 50424291
95457 565560299
97877 307677299
72533 98914539
52941 43498191
62285 55126415
72913 165195619
61681 192038431
76165 253140015
78589 189867551
70465 130249495
73177 302161459
47973 13341059
86045 22479455
81669 392354851
78741 233609551
89805 21893435
89633 463828779
81773 304457639
69209 178644591
93497 375462199
59109 217774491
77221 236454411
70377 126330559
99041 379108711
96385 14763975
78901 3933911
98829 199241031
60421 184591851
84293 8120679
81665 404397495
80605 192512275
82609 248540071
57505 115568315
68469 207931351
69109 150052871
97701 344001731
84361 11181391
38977 62734459
74473 168114919
32945 831195
25805 2824655
91357 124084599
8705 4313155
70245 140724075
98133 310904879
81629 123490391
16725 10766255
92417 125832339
97789 166449211
97277 554659579
78361 220772431
69865 223880035
86221 50421811
95709 515944871
52901 62915871
75121 224943931
72145 7738195
73677 333867679
74665 286704975
94105 236438875
59373 68663579
84153 347997319
41409 77776571
47421 96393351
96781 410858091
90417 250830619
68189 34881071
98517 421862619
84605 129754575
87957 240754379
94561 406092431
48189 114000731
38281 12687951
86465 175161775
88273 396106619
25957 30884379
58249 182018311
54873 25146479
55573 77052219
72793 237863539
93445 358446715
70845 49546615
82225 85028535
76761 77605491
44921 74532151
62749 128916711
44485 71227575
64673 84099319
74457 34609279
49201 123249571
98093 184900739
69181 295533991
83069 102875971
77121 264254471
73261 153848331
87297 158842759
99781 449372191
95989 60763671
99209 494602511
15989 12941231
53373 268439
30969 55399191
75825 339137515
94869 340508251
71517 26783819
93249 453837891
37797 30459839
96965 416803295
99437 340811419
77141 190260191
73265 317162575
98345 398043255
76093 341358059
97245 239677475
94617 308862339
94637 174844719
70465 119797235
60061 6731291
71701 50742631
97317 177843759
90905 296763775
50657 39381799
85041 134162771
88973 41659219
51057 7487599
64185 88361595
98801 72897791
97497 54975939
88193 15234459
64473 101295059
81333 152567999
77125 160940655
53941 50688871
97409 577469211
66517 140740439
90553 445962239
92249 2368251
91361 390271631
98781 275311651
81201 106715371
21057 535479
99277 400310879
27381 24975251
98109 79326491
41193 13522079
28181 13028891
50821 154673151
65533 226910339
77365 334794975
94681 427193391
76921 110310451
77685 267337475
67449 21829811
44337 107953059
70385 136048595
92865 287386355
88125 235850155
77565 182306115
90041 12964391
92585 206379275
63733 158988439
41237 52309819
64117 188138619
93865 406370455
69525 144287555
43657 10190219
89113 232758619
37549 53948451
92085 217613735
46769 110642791
91901 366530491
82257 59554799
95749 133996691
62729 109798691
71269 307100711
95101 308932311
94965 230176755
79773 180162659
47601 53107211
70021 46564871
89393 472929479
96857 97730419
89129 294449591
84037 396643339
98609 53958211
69165 72998995
71805 273075235
80725 196426155
80317 103888519
90825 414278515
64805 186055235
77513 118651419
91621 2553031
65889 114970231
72645 48105395
84501 206486311
71973 247637839
59765 176455035
67169 7423851
95997 125258539
61273 207844039
97629 495589471
86453 166378699
88017 138519879
79637 322836699
44821 60239851
72501 251873311
64793 76783559
86685 425100575
37393 64494299
82353 318475159
91741 132088591
93081 433610951
81729 362627951
84105 171413435
34721 61686931
77445 304110395
80381 238834791
76409 361165091
80701 216844011
41601 14049211
91977 352886479
53109 88908931
85697 257350279
86637 356501719
87977 433399779
90021 253397171
81161 245575491
95913 88579099
55245 144546695
83905 360947135
61289 218985871
88013 423492879
52445 162742555
98049 31385351
96629 275916691
99089 85269351
96185 397881935
96341 95957391
77809 145900171
84957 356961199
98013 281671679
81397 113235799
93253 262143439
58997 61286939
93113 219400559
72501 236415131
53821 142204131
91145 418174395
94901 557374811
36561 11788811
62061 80387651
89425 143210015
98413 533642159
69917 262490879
49421 91312611
79829 138492171
99269 118683711
99965 296124135
79837 368749819
98353 540352159
75069 298786691
44489 48732011
65305 39745695
74801 115158671
99005 501781415
70381 81287351
67661 168273151
52973 82184139
84573 386146039
66849 261585751
77513 145002059
67913 278074579
72329 240925171
83465 76047515
99041 245157951
73133 204429019
85069 425221171
71473 117977579
15781 10551631
83881 171921351
76309 174203011
19657 21401079
63669 181823071
48453 133571599
84829 269591831
80649 147070391
57401 132382691
96353 490312419
51237 66372459
90689 56676871
87237 328930139
91125 488915135
89761 352244991
73165 223455675
80773 338813379
90257 315530039
71741 295813351
50721 153815171
88913 350888059
87473 237392179
16137 4311499
84705 369521255
58405 10641775
67009 234224071
79745 156031355
54525 17608815
66041 1019151
99805 365684915
71881 21733751
41213 90988279
63977 212541859
78941 40242271
98177 449247759
69137 13183059
83737 57075399
83101 31958791
81097 246783839
95901 153789531
63553 100325619
64717 70904379
68877 983019
76457 127725079
81561 97852291
70813 258665219
41005 78088535
57841 199439991
51589 11268311
47121 71653571
99757 46398779
96869 435624791
98213 80723199
26693 14350079
90705 340466355
70033 281017919
99417 74456819
85781 404526571
95729 376184191
96897 211213499
89417 16179239
99289 408474751
45425 58638375
86605 424812235
92233 121134339
67617 225794139
79041 223687611
99893 230651999
88501 387306531
53885 121042955
86545 176258375
68409 243800491
87649 143427451
94721 412743351
53065 154013135
90133 276660319
99113 366946419
78561 219252511
91337 354124199
93533 292525279
99097 153341739
95205 300258895
45013 35738559
88861 381806331
92065 518190415
72421 198882831
64873 95262379
58169 27585151
51097 77242939
97089 509462531
68393 44895499
92601 421713811
53969 158251411
63717 139169079
69181 132234951
86409 173620031
71837 11194059
60481 48989091
68061 142080851
52057 64217879
52385 161149175
95121 370809971
95433 390635219
93785 31837255
38213 65806719
84581 338759151
46361 32274891
89689 473821971
77085 13208295
98381 530064131
99633 301657779
60857 99862719
7917 3719579
89505 304701495
76505 180826495
77329 107283171
69773 33544039
61769 217008011
52721 112604011
95369 67695371
81665 280665175
97609 554518331
76105 206189275
74169 295959191
78617 185880419
91397 9587579
70681 226947831
96961 11300211
73889 279447811
97449 416243231
72289 322347211
98341 128085471
99977 513525399
85645 165292195
60057 7904119
90745 74783535
66981 6167231
86565 63007435
95505 240958295
55325 56501155
77273 293049119
57637 128864199
88581 378089991
97177 127334059
59473 128786819
61641 109596891
65365 67405195
71357 183074499
98917 586908939
83561 326360431
37177 36860259
84949 53845391
76017 298228719
98969 502801311
94869 302313491
81905 331355495
90841 489943191
87417 352708039
51805 161428015
75117 127935319
84537 226612999
49825 22677715
88065 252305035
35957 70258819
97925 526834615
53021 131275531
49353 56221939
91629 348009931
96033 472105679
43289 91324431
99865 414039195
82081 419633931
98121 564452471
73421 236899451
87733 476041679
75913 63654419
59417 137081039
55329 147965171
84461 408291211
64457 132587399
71765 183197655
98033 86625099
92129 473866351
91657 83759839
50009 116608711
71197 288114339
83625 3173195
82525 51596475
39613 88774459
50937 58309159
79801 258393411
95817 164187939
73837 265942219
69957 214267199
79797 370148859
80793 206564759
61917 5212759
92473 458902279
87841 240309591
79977 244039379
81353 205653219
61049 71895451
80021 237501051
87129 209113531
89361 314109231
60821 47581711
80329 104791551
92101 260530571
96301 173250311
97641 399685991
60517 117334839
87705 133573035
88821 296148751
45393 4341559
59153 143417919
73609 44677131
51385 152266155
53717 24049279
68605 147357815
97293 521969299
98881 154126971
78269 157971511
81281 101831051
88041 15988511
93361 141807291
93377 497695999
99457 298435939
77857 312575739
63425 81826695
72121 168765931
96533 84707599
90401 363862191
81597 340363179
71213 312380199
82605 37792535
74085 183094515
73721 179269511
95605 333491835
29689 14091411
79425 262498955
23537 31919499
91581 323797991
59225 10737575
85829 400815431
65897 211996599
78073 171652079
91225 422614995
94621 132568571
73341 9630111
97041 461515951
98365 94109695
96797 368247939
73229 67549151
56685 179686535
28109 3465931
71729 28203431
79421 160337671
97529 147862451
89621 339226011
98181 122596991
86849 228722711
82569 289460271
14409 12527591
99349 549740651
89249 70186091
96765 466470875
79213 11473919
84821 334183631
92405 283492055
83593 237398399
97549 376300231
90113 370940899
98745 418845715
87289 370589511
74113 152923959
84469 271993751
64361 216009251
36809 726431
62229 179530831
80221 97686751
86605 466307275
93533 271558439
92133 290606639
88453 8245039
80129 235238431
63453 77147039
61889 27479011
95529 513736891
62609 15516531
62129 76307731
90405 117837935
48965 83980315
48249 112990691
61941 11074571
88405 129266375
95089 255404031
57357 77585239
97937 391869119
35541 51098811
74173 255024039
93461 425984411
84125 99789595
62045 107304755
83245 398021895
66429 258647531
96137 200665299
62633 162100619
91085 314059255
89621 356894711
53481 75818951
66205 68478795
91461 160086451
84625 44500115
97761 429333631
86657 268512719
89213 140372479
81349 118925011
20525 25526355
77665 11674855
76977 156600779
78557 4249579
84577 393079419
83361 12577451
98081 219280331
76449 315961351
62949 41357791
70477 219635059
65745 216686675
78969 183176971
95345 222629835
97125 192685735
47769 99081251
90965 170651855
94521 407997331
73849 170269551
67177 138476519
94265 536304895
60441 150880111
63413 64719519
41837 11920959
80813 37665759
97189 364213071
72597 53179259
73729 135283751
86281 346554331
99469 548486091
88533 160011879
21621 9906011
96877 35613459
59709 147022031
67465 168077935
83701 412182331
65145 104202715
31421 8269511
82773 166128779
43737 116171559
74869 200232591
55985 724755
89853 364542919
97281 421081331
96589 570288151
82829 227499131
86597 358510559
78849 189260491
35337 63992619
59389 91492931
71129 42768191
36589 39696471
78109 276343871
63725 168847655
36189 61070471
53229 35518991
65829 454631
82745 263161155
86197 421582459
65125 49149295
66725 190076555
99225 16632655
79049 190584111
91837 467138159
88673 32623039
94461 116065611
82429 266536191
65821 49505611
85081 100647931
61557 7562099
97629 524406691
95921 67890671
35497 5052959
84729 244665691
81277 373653479
27333 7669419
71405 87901295
95925 378700235
76381 207925371
79577 32845399
68261 239357991
78353 11716399
83185 92510335
98217 63722539
92673 38946319
72477 100158799
98973 407253759
98013 365839859
92593 378080159
84193 92087239
99853 379649959
90165 193676135
67013 118899219
99537 159385699
86089 42878711
95989 255624871
91241 497704491
64741 87351871
83361 50022091
48493 37409859
83917 13242519
66461 227625391
85697 20843739
39745 1732975
91085 432239935
84729 416597151
36597 1257879
85089 323375851
47829 82326991
61045 228213655
56485 35885475
94161 160481531
68645 99581035
77517 22014559
72105 260325735
71169 154628291
53129 29481251
62725 99653935
74869 73515911
64481 16574131
70757 239310399
41565 16816835
73745 73588915
51929 136448791
61305 50979535
85813 203587979
94009 501881031
84981 364821271
88093 53394359
84257 139356819
56245 115564275
96969 206546171
62005 8927695
62029 28216731
97385 405121555
76985 206731215
83289 171776451
86853 204817539
82833 6241339
89185 247623195
83065 148174555
27233 20535899
65905 64661715
92009 10955891
88485 474143335
51037 106784919
96541 88883311
89685 210339215
73705 57445095
94937 189052119
86933 66510239
87525 254922375
85533 161754439
79685 67051955
86537 40269839
88661 232813991
96801 13367111
88473 291542419
69733 100221219
96785 76247495
81977 330215999
41905 51868155
82969 366026991
78817 293669139
49285 125196135
85677 223317559
54477 16706279
86113 373784979
97449 125055711
82693 239780539
54601 172098631
87001 340907031
97993 183718359
98829 91890751
40869 38310851
64533 176099179
78745 259361775
83625 172015335
87129 418140251
68973 46401679
80357 230983819
97513 435955879
82565 272408675
85621 386536931
97425 104833075
86437 229164659
84601 445961491
53101 129914731
97725 69805375
99257 208260519
73653 315077299
89277 376745399
64785 82899635
88309 351850831
98513 567813979
89805 260746835
84957 409534639
41621 102095811
33169 54187311
65433 238283319
95981 102293291
65237 18035119
39293 59093079
77965 144558595
97081 176124771
81233 325713319
96237 357878399
28737 16721639
93753 132041319
39245 91648475
63737 87636619
99605 494680155
80277 138437359
99045 581447775
64365 151522975
91001 64887391
60353 102664119
92565 440305555
97421 296862471
55205 15529335
96613 373586199
95921 464920671
63821 238204651
93849 285939351
99561 177410611
94069 329247891
81401 217394911
48617 145168559
9349 4144511
92013 173436319
90085 49627935
80521 398711011
94029 493959651
86033 254261699
57617 179400779
46769 131671111
99457 132491299
60273 151487779
60633 76160479
75981 322835851
50157 35488679
96345 368608695
68133 139303939
62901 225650211
44769 102457551
77485 40311495
87189 245227051
91777 340791679
89477 437095879
70241 196773211
81001 205173091
83785 416508815
89789 249960411
75777 164360079
76005 159703455
93325 304897755
90817 391128979
40377 91538359
71001 139693531
60429 17820471
59389 125780131
57325 168759515
89189 292685051
85417 428612959
99261 154403151
95157 3631839
87505 248378915
65737 76757799
84721 122437551
35137 30718899
71817 13538619
81709 31734411
67225 213754215
68997 266270839
79053 387461959
92077 48053799
83085 165345815
43209 58505891
27181 19264131
96237 363849459
79517 144715639
64269 23916291
9989 1716271
53329 19088291
79885 76406075
96501 144932531
84329 349522331
89525 427411555
75761 54430431
68057 51300179
57425 79785495
54509 100068271
49485 64297695
89341 246867671
74417 193414059
68389 102966171
97681 421029271
78505 7070675
62017 228656839
31905 49974495
75125 165628355
90265 402890615
97213 179836279
99181 77114691
74213 179266319
43505 56135915
80477 109281099
63937 211634059
93225 278660195
90065 158494115
88461 372465651
46241 72965191
51061 14885631
50625 44197235
96385 211750775
94689 75990751
58933 5789779
93685 541462895
91441 225984271
83001 327339871
82245 376183755
91341 459717811
98941 441086751
94753 107961999
82445 359112155
70965 196328735
62321 124390511
97117 544104839
68125 197313555
52005 36065855
69601 258955231
77273 279698159
54741 149645271
95217 181079819
91541 123471551
51545 103205975
93637 212026919
47633 15358639
94181 510165631
99993 363503199
91237 16017339
93245 130586395
46561 52999851
75945 321185395
90293 226692659
35101 32954971
38089 39353171
92873 81128279
59233 126469379
94385 290568875
91037 351323059
93273 41542919
89489 467746471
47725 67498995
89129 8007471
82537 335394499
37229 41370831
68905 263526695
69649 205731351
41669 33809071
92561 216860791
76365 245955995
80489 329129351
98705 103929855
91281 415222051
87573 40910579
85065 135565775
68685 172939275
24017 5331119
85057 167799499
90661 79404551
64461 179692231
43397 114753739
94581 547590391
83437 82568659
86925 406722535
33097 37911399
73345 305325855
50413 100874059
85521 167995151
55189 21569511
9413 4400899
97373 45804519
73757 62731339
68317 93435519
57285 54263015
43225 69635435
54369 89372651
99057 204825519
51601 130769731
84537 401165859
92597 41481979
98929 374853531
91781 466976351
59765 29250595
98605 417652555
47705 27420955
94929 397214471
71781 59068691
87677 453947219
60889 179095551
49293 17253079
88169 56724751
78605 239191615
84581 275885551
79409 279812391
30337 15090039
94217 545886839
54965 180063635
81469 354982891
65409 54246271
87081 219679871
88185 201386475
99137 336645239
68513 259436299
83853 347905419
83781 256885851
83277 313664299
92977 492287719
72113 1342259
92341 78974611
45289 22233451
75397 93423059
99765 283237675
75793 181895259
60809 47817071
62345 129346595
95173 347524279
50441 76819811
75745 300207055
91409 191751391
72665 1096915
82901 255828631
61601 51262511
91369 504940071
37345 5599195
45113 52645399
89621 207863771
65581 266246471
60113 165508159
64881 163928571
96145 263288095
77017 311199439
79037 306782419
56713 171101059
35933 49461719
82917 160274559
64549 197362791
44421 54870011
95145 491523715
91429 243688651
81809 266188411
76041 361226111
85653 316062399
89209 252719211
99205 458018755
88257 396904419
84577 71974619
92665 359112095
70033 95962779
79353 205553599
77289 79206611
88697 394417459
87405 77342495
55485 79558395
83985 59628355
58953 66865099
72897 221078159
80165 325544175
41121 63434531
52389 867011
98101 193495611
36669 38792611
75405 93257895
65005 259022935
97381 5458831
35389 44497611
93581 269465451
71133 43682479
83457 247463499
86097 10881139
78369 262009791
44365 8250535
93233 33699699
52945 72859395
99777 47574599
46137 83867459
74225 80789575
74213 21178819
89057 444702179
22505 18540675
60413 59350619
98781 227104291
77629 79260951
89049 412682891
65065 30140335
88005 253609235
86721 172028671
62657 113491399
65881 86660851
98365 142470915
77521 293839311
64381 2044551
83585 387503995
98597 403748479
93181 364442051
79509 193185811
60961 188993331
78717 111866939
82457 17475579
80961 240739431
47345 83242775
98601 516079271
99577 350658159
54545 8735675
86637 245304919
31961 21184511
98005 501476575
92017 241941439
74413 292075879
99853 422886439
51429 51964371
83729 135373991
38733 6415279
95085 192630035
43293 110383459
51473 156598279
57313 82161079
52269 15314191
86441 33801951
27713 19149079
57209 23619691
83613 236348999
90569 49360591
67457 116316439
78145 210882935
53249 165139751
98857 29634819
87917 187739639
71669 164131151
77305 291471335
27225 25533735
71869 232940151
43769 31835591
86617 426242759
14429 11112631
65625 18358395
90941 32393511
84133 256108219
35433 48509799
3929 338391
76697 321557339
81745 50625055
56569 46753951
86841 360824071
31673 24278919
60077 81587799
36957 30012879
65941 87667671
43669 59356771
85425 237049775
50081 149415151
82709 83867491
79157 67302019
74305 60289155
67505 177182495
19925 4942715
44873 42737319
70169 62246071
87105 409967535
96573 31940539
99921 482667911
95965 407967135
41321 97456031
85993 227045399
84245 126849335
93769 345912771
78137 360924799
22765 18066235
89561 102694611
84801 119481471
71021 33815671
74797 2618739
35065 13660315
82605 192525255
34349 64889731
92421 165706571
61977 128938159
84625 307387795
96229 45338271
49201 13317291
97441 333276491
95529 402180751
93445 227449135
64005 201484295
95013 9773159
80325 7497875
95309 563700191
89541 214032471
59301 128664491
99617 465754839
42029 34739051
99745 558969135
73453 172523959
56965 41839135
46993 79094539
33381 40489271
91281 346478471
98533 503779019
84445 37689535
64405 153406835
79733 251685179
60925 129754475
90325 49309875
67849 231618011
38729 24612491
90773 64966259
61741 143220571
97265 40976415
46309 37022031
81157 88709239
90157 259339239
99025 412544535
63833 184357319
91393 39638439
55465 111782495
71337 28514299
41921 97548071
73085 248169495
90329 214029951
77177 367380899
71257 46625239
57217 19396439
98421 421694831
11445 3898535
49493 17882599
95981 177974151
70713 196353159
94421 467473971
99465 208538915
97489 263564351
98313 144276219
87265 255791955
89469 410285571
84817 336130959
93193 45870859
94105 419166795
83329 92051751
95773 63592539
77785 350404855
44821 69727311
97621 129015811
90801 185019891
68893 108432739
70805 133226975
45169 66652071
92957 507879139
79985 286535595
54721 136754171
83217 429978139
56409 156762771
96865 523404515
77653 278248699
33425 61070195
81633 410118419
82793 64679339
98469 73497371
40161 42447231
91077 191153699
73061 275169391
98289 543457231
11633 786579
80513 372345399
76245 356376875
58977 64246619
84301 389311491
91241 169676291
69981 171625631
70673 15735339
59573 24686659
98721 34992871
84565 441010795
77437 143644959
95625 444110875
79797 197291659
78609 191189591
76845 147922795
86929 225798051
22329 18878991
70713 299358199
65945 142278795
66277 194908479
99789 297248311
88005 229970735
71157 297924539
87917 149576679
54753 179791859
77905 377271395
38257 30828179
91045 1549735
73745 298730335
23673 4179079
72405 80367815
81341 349708611
91125 119734075
93737 111681459
84525 336484415
99089 302103671
88469 49077771
63497 135479079
51885 107020195
20709 19809791
57677 125505959
27497 12287879
70293 8939
48741 141727771
82193 421963779
90329 78716831
78849 48844111
75025 11480235
86437 398435299
19497 17903459
68117 261414659
63761 235372831
92917 334548879
70317 206808839
61637 218521439
97113 562104999
72533 228203199
66309 229933511
95841 132248571
93065 506738415
87161 168657211
54597 93279739
76185 253636195
55773 192542039
57341 52116171
84461 433305231
67793 67249359
88053 408377499
93377 32201179
63913 195626619
88509 289867591
53021 170721551
75729 9200471
78825 201490795
76865 316006415
38161 77864911
41373 78649439
92913 85425259
93361 369808491
97521 19653631
67717 233443639
79849 131173231
87049 73654311
95189 220164131
68677 275977499
82913 63421399
69805 202929255
22045 12253535
57829 95959671
84165 18148055
99085 57546255
31313 37277499
89205 399290335
56721 190885071
27397 41207939
96853 413852959
96761 1161251
96925 380202835
83485 203399875
67837 210956719
93957 88520219
83325 118558735
98517 416974779
99285 167675035
91469 351621591
91381 36316191
80029 125457291
76209 142027371
89905 239105455
86113 243028779
97573 332353419
89045 133643435
90149 151610611
84185 172634155
78109 239727191
98637 244100419
54629 141765031
83777 314556919
85769 410598311
59937 39836759
60333 129769719
79529 150431531
98229 592657771
81781 185652651
87221 224743731
43333 101790979
82109 331111611
60333 26488879
99073 553251439
94953 143249699
32105 63336415
96581 535919671
60185 190481775
80073 165088459
50501 75179991
21393 2183279
99865 82393115
60809 117298211
73773 322785239
71905 108560315
73061 324751651
77841 32309191
99197 102286179
81721 180277671
73973 211800939
87653 80826319
96529 351235631
27269 28194611
99833 609769779
75221 95557231
83877 380969119
43825 76790295
97313 209792819
18601 6939811
85645 372875875
99441 154039471
47913 27860379
98697 112218239
97473 120595859
35553 5533399
88057 17940819
89069 492625471
84321 197527871
93717 295302579
88989 171643331
97649 334938491
90197 415453259
88553 476636359
83197 113594639
89125 70417915
65337 28132519
50325 67474815
80485 380688815
68537 94773839
87449 220279091
85581 185621331
90025 318958095
94265 28485815
68885 166538315
78793 310993659
50133 75551939
98209 312097591
49005 31539955
92321 177625931
92253 383690759
58941 158896411
84985 311257515
80489 204746711
60601 72818311
39761 66962131
30957 57864679
87293 169242139
45561 5068791
95717 112889379
94141 413173291
75605 7088995
73597 252463879
66625 100974715
93937 523687159
98053 298983739
74897 233854899
66489 254067651
99973 91233819
81653 397359419
92125 182229675
39257 67021339
38377 57811499
64125 187702535
98017 44300179
96129 486806871
57705 77190575
98025 508730535
52221 100245451
62637 136250719
89041 212168391
77501 254562311
46529 85590691
99325 276576415
43229 84154191
61693 179076379
61745 1054495
25725 38144555
65589 36047951
57049 13905831
99717 55617719
71613 305240519
70293 152339039
99629 23534671
53237 98544619
32733 30409079
64377 49343079
66781 49645831
82361 296270911
87217 474530319
43301 12186191
90789 195933651
99845 616654775
56105 124415455
54473 86277159
56513 173915019
66957 120435639
59389 128860471
65497 73774879
86333 406662079
54537 25674899
59245 639955
65109 95031911
83953 20168299
88021 363717831
73709 144893611
95013 509032579
99465 188851555
82017 24723859
54177 20849179
94541 250037871
63777 104755799
84797 367664759
67781 215334871
62925 158268815
59105 159052215
46945 44041335
74177 237666919
99997 161680099
96989 501584631
99105 506067475
94485 468358695
96109 328848631
88281 204851951
59329 2273731
64253 197916119
87513 845279
93605 48026115
81369 55540691
61625 54812335
95557 337597399
67365 148024135
98229 40472491
99845 98130855
97209 211038011
49493 29421359
93505 132430675
95993 2138339
72145 50651135
71357 284886939
98393 208271739
71617 208604159
88849 119658211
75549 153840031
70333 163502939
86261 197719311
77193 295988299
63397 59283899
77901 197107711
91401 499161871
75205 304066895
59377 90585619
76601 120036471
94185 83580755
66593 21005479
92645 402520395
86773 190608559
89213 172908259
65741 212925751
90477 171642099
63973 162039779
81861 173015451
81989 197771411
66869 31280711
86669 231317211
64737 150348119
57045 146945635
50977 66869479
45741 110596791
64593 51783879
54953 81761959
51385 68473515
29669 36229451
57729 110351551
48845 69607315
60429 8315971
53221 176686071
73345 287395395
80061 49172911
42301 1600971
75917 133786759
61593 18455379
74061 75214591
43385 75873975
56717 35731719
97093 108489839
34117 65328559
99401 453036971
97949 7057811
59969 199784571
73085 89363595
29617 20311979
97857 243243599
74409 215660191
54481 45532451
90677 280057659
43781 68152771
82417 238005759
74181 165930371
78957 24639719
81101 139541811
65689 243174711
68337 57900099
21825 20646195
62029 128141431
43205 101706335
86541 350109171
79629 149880451
58337 59015299
67253 107368959
60517 171233239
68945 96483935
93485 69537715
78929 218104031
79389 386835531
99321 445607671
50253 34249859
94201 426240631
91149 138065031
89465 405119215
69841 136951151
74965 246651675
89673 399166839
56625 141272595
86845 407291115
95425 19045315
75885 132506295
61525 22377055
95473 292456219
76613 352616719
90577 280836359
48937 72078659
77377 349701519
66569 91835511
74345 43985295
45341 9628511
80197 166521479
79713 282718799
92057 145048299
75105 280673475
91029 390493691
69929 277158731
93153 122050399
76373 184856919
81245 182242275
67305 91623835
90601 327785931
78809 203341431
96653 538765299
98377 386048199
50953 96537539
93237 35295659
43173 47925239
82849 173958851
72245 105176335
83209 67732111
74481 120810791
89257 421893379
66449 165358131
43069 61560571
95917 543480779
73885 153384455
62465 170534595
84205 180587555
67705 167800435
75593 109094559
33085 7311415
81249 316448091
77249 252309451
75069 82627251
47329 8666631
97753 346453519
53741 59375191
67669 201390391
34265 53531835
97673 209169239
96281 99281071
74773 274248339
48181 17992251
69269 137503111
73981 287975591
44241 73168071
98021 230539831
97717 96088059
96733 173203879
61497 4335159
44193 14460939
87685 436207775
98001 457592591
87993 323712199
73329 290837651
47921 139090751
78693 209342499
88497 413734859
79133 352205619
75517 116562619
84341 40966091
99805 285147915
98637 64161259
98237 192290099
88973 487604879
45565 71685915
89217 202679679
59069 185063811
90149 182502391
98505 232554455
67093 229729599
89341 359340971
67721 241864331
39861 91757251
50405 66395575
84253 433687899
33485 6390315
95605 255816975
91325 472611335
69465 218355415
53989 110731851
70905 110045955
53609 70411631
54321 119030231
96409 527030491
69817 266704759
83909 282604331
83509 294511511
72445 103707935
74925 237305535
77205 161405235
67833 62609899
83253 283936439
86645 314429075
86277 204753079
95525 517559815
92405 624195
79245 120711075
90993 454378859
71865 311139415
85777 269831779
74289 216581931
92333 508209099
72217 19300579
88357 337865119
92253 215558299
55925 70480515
54245 29103875
58253 136785539
38953 21595519
98241 368833671
88361 206518611
93937 490144899
68629 101284171
66569 118791511
94525 222047195
43693 44686779
76833 25591299
93889 436372431
58097 136457579
90097 507130179
34493 68069199
60365 223641495
82009 150497591
91901 220144191
80341 71449591
85501 372262231
92369 318130351
90325 407303755
98729 541574451
93557 361045119
55941 143064411
17909 12386411
89765 312927675
98493 574663879
97597 8489899
98641 340990511
74197 105244799
84381 72496791
55381 169860951
29573 29956179
90341 140519871
95289 232390111
62385 76469735
70265 115015475
90845 349454775
95865 54289395
31745 47698075
94973 52804239
76741 58646611
53753 173186859
94157 198017199
69301 15462131
63757 185860039
71769 85963751
87889 191023851
97629 437558991
53257 88028139
49069 146889111
94721 457721431
97105 260950795
60845 26569975
93265 194908655
93741 176879071
91465 201929135
88957 85378099
93029 98915731
73365 306048775
94785 372479735
95585 249501175
89685 457354775
61853 191251559
75189 102199871
94129 275320091
79321 335114971
92357 462049419
68353 79707659
74365 27123315
62701 45047631
71597 176460339
80689 281055471
71241 304585911
18137 20196419
96521 274144371
95393 466235579
93793 38091379
40517 35000159
68065 255885835
61513 118624959
72569 239702251
69305 67621675
66261 228891911
83925 324955515
89649 105910391
93737 391130059
85169 81251951
60413 78295659
79173 85076619
49665 97375895
68729 165071891
70481 200445531
79249 81972551
71565 117797175
50793 62549399
87801 470278711
60309 48657711
98113 310212019
94097 229820159
91653 119107519
64577 67784059
72997 302685999
88537 124352919
94525 29422435
88597 145951939
47037 96135719
99173 503499539
92373 142127259
33401 57672911
71965 134975335
62009 122974331
69669 37779771
93973 196658919
69161 26075731
72689 50256271
64577 53616459
40117 19331379
84625 338089155
70405 152610755
90841 381854191
52601 129082871
42793 38579379
61529 67499891
61977 6405779
94553 66278939
77993 107369039
93293 228034999
80481 65437191
98657 488415439
49497 105730679
93341 39138951
85925 135677795
88273 75025579
87093 360420679
77089 279810551
96653 261960339
95737 296768539
80589 230968411
74637 209483359
74157 220838379
94249 158690251
88993 122853499
70925 222152575
80105 253968835
77229 305566071
67921 59465671
95465 527407915
60525 84452675
81805 100372975
89757 201400499
99161 11348931
71641 260834211
98185 177517795
93457 303340419
95369 340329311
97997 565368459
87581 58747751
89201 466295911
55513 91564799
81565 30511135
70049 273392251
98509 367112931
88957 483351899
91589 143533471
77605 295645555
94137 156060719
87421 349165331
62741 75018751
81809 269957091
67933 65500979
41521 69267331
32713 9979959
81521 325985131
85753 313903099
89849 497246431
71445 256607755
92885 321438535
93685 471708175
97345 236029095
90241 471552311
97481 462311991
48557 41531099
56453 19147399
47481 22672951
96757 75037079
46865 105792415
89497 307397139
30337 31706619
87861 376944611
69281 216501571
99501 461307671
96125 58533855
47713 134291119
85869 300797351
99993 469613579
83669 72253391
84905 102501815
83629 159953851
90061 333662451
52921 85315211
93677 23568819
89197 251648839
95637 49808519
97101 134381111
69733 51055419
58049 116778691
71901 260944311
66769 193777551
72597 65107679
50989 16886571
90273 174188779
29449 33555951
88073 54146779
83241 30538291
34809 69238271
97817 469905759
97213 408241419
77345 126303975
86529 327280471
94973 328194659
95737 237927699
67869 144014651
94073 473388559
90673 508815459
85777 117336879
84889 309531351
98801 604599991
99321 221119811
97357 108356299
62553 96015639
80837 232822739
88045 269745615
75569 259693191
50789 137759271
59049 10353531
99501 327468031
23241 21994351
90261 28152051
94469 228825391
78617 285041919
74805 18380435
73505 169616615
73181 169233331
84805 176398755
75561 177912131
78381 2250091
60021 27298151
81053 88173239
60405 51007695
80069 330208051
98949 597539551
47293 69967039
98029 547104371
50109 151203571
45381 4551691
64721 88919011
55793 82588859
96461 72692931
87729 411973291
97013 325909799
95217 92529959
95925 236683435
85497 285920099
53845 135215355
57729 79922091
78681 88882151
60533 19421139
71853 25527859
96033 270714619
60441 96644951
67589 87028331
65333 72209939
88089 14003511
69389 177114771
76545 245353475
38677 45595759
94285 316899815
92949 226633131
85273 25572919
88985 69200055
74981 5383371
77933 150973079
94725 210252135
25541 5545691
69329 261988551
83221 166328151
79001 370459931
33121 9320211
77029 172961551
93449 481004231
83321 270527171
61849 141277491
87301 297193991
95017 437233619
70877 130656119
59541 38997391
25633 37380319
93449 495384491
97729 446250571
54833 97803619
94705 472670935
99081 433006971
93749 79138891
85677 376420599
86181 131294231
74609 340118691
97345 374744275
93257 443798299
82681 293498751
93053 74418039
38785 9785875
69573 182116119
76081 1910531
61597 134154959
99457 432617599
77925 90027635
97673 228541539
67533 16559539
68921 147502071
72005 321794415
83737 209928339
86621 252293271
90857 149261599
80577 276832979
87229 143616291
57821 102533231
65253 205026599
61053 7885939
68585 289056955
88149 103906391
93233 250691819
60385 208617635
81645 317556855
80909 324091291
40893 68114299
79457 31141199
99325 210339595
74321 314720211
90033 407996879
81705 282224615
77301 211583191
93689 202534131
86597 304390459
97337 493407819
67885 219037075
53617 169583759
50041 41907351
74525 44554775
99445 110512375
76665 144382975
69117 90610159
34329 67548451
23853 8241559
57989 114377411
66125 204936575
92169 241359611
85317 272865779
96285 554869075
98697 343010539
22017 16668559
86125 393421135
56921 155183151
44021 96230111
90937 204861259
77873 348790039
89209 164610971
48913 38498079
78025 59124615
74281 219310651
43693 18381579
98105 237447575
95185 62646215
93445 159557215
43501 31605211
63489 66957911
33257 45973899
94173 322255819
65597 81901439
90161 448909431
71505 265091135
77313 31827979
93137 125982199
77485 104356035
70057 219562639
59353 134289919
72769 294531651
82957 168527339
75545 32019215
64057 187407799
89293 368870199
97849 349753191
96673 176953819
51241 117234891
95061 251282011
99809 297272671
96213 502150059
34237 59415159
99061 11992651
69605 283279975
92305 440586215
84477 403621799
79533 163746539
42877 73152619
96401 324337371
85801 258804171
83061 139879811
58529 200616251
88825 479853595
55285 16501035
94801 36685811
78025 254398435
89625 241441315
87217 243061219
94657 505289279
99597 127331279
83105 126006435
63305 170556715
99105 177133555
95337 261707759
63437 208603799
83773 303868239
87317 236362019
93753 279719619
97609 98091
59845 9521615
79009 78019071
43449 81598211
98909 202486531
95981 309409171
78669 102226451
98865 150043495
87921 62589171
54029 40357471
90809 348532591
77101 272077131
46565 31675475
84709 68007011
36365 11994035
97913 379235779
74069 163954491
49789 37517751
94705 399132295
89377 79697659
87337 59410659
83525 90496615
61693 114506379
93113 183552179
85225 43889235
92565 130580255
44993 52827159
66077 185410379
48265 30553455
71773 235153859
82757 220084099
84373 297450279
29045 45091335
96933 102853619
31813 51244899
97333 447810739
66305 45142695
95885 129576915
45465 4904735
76337 348212839
88361 29309031
55213 118324879
94337 363998819
92425 132734115
50973 39931479
81505 377901535
91789 5423851
52329 128841931
99785 175436855
60077 130669819
89565 355723255
89229 39669031
86765 81361495
93393 251139759
51677 12169219
66673 126519879
91093 162175439
96381 21244051
35121 32596931
65889 203934251
96053 431524919
56585 195242355
92861 69739691
25469 37650251
94853 472809959
64013 174011079
83273 99476679
96053 308749459
98105 476936495
66541 235580611
8493 1685179
29309 17381591
93249 150212091
56433 32723199
78525 79212435
75217 56934759
88589 40136711
82325 330788035
11033 4171839
87549 81325891
82989 246470951
61541 2734771
84885 293247815
86353 275071599
63725 141297695
72925 332058855
95205 301754055
87553 179331939
75721 18273111
75237 211232419
80433 62973779
90105 211808655
96313 523681179
71305 154282815
86181 400282351
94549 498077091
81721 413301931
73769 124977311
76853 297590919
99277 527170019
49185 82623715
50281 105714951
73689 83775811
72473 147994659
40273 81539139
79997 10400499
76005 342077395
98889 292127171
91645 288459555
47689 25670651
83985 88280195
59229 212543591
77977 128880879
87585 57830635
77165 108656835
64025 73853475
25385 26510895
69449 268444991
78997 33523139
38509 50627531
93429 157181251
45873 93168479
45517 27467119
78685 321972675
77301 285261131
81441 113371
94045 352300435
42045 15044855
93509 66378471
65973 161026939
49605 86372995
97041 395042311
56325 131078055
97225 551715895
99557 187032339
76113 40609419
93337 535112399
76945 325147115
94345 70554515
49969 13855791
77865 1645955
97217 142265159
99437 77795459
89393 3949499
85773 142089079
47725 134248395
88881 62656691
90381 402299131
39661 84844611
92237 528751899
69605 128037335
36833 79729299
19045 16343175
79801 369632931
69777 160850819
82145 197213955
73673 22177879
97597 105186139
69213 34138659
98133 295479239
91969 174775471
70717 312062179
38177 15740559
70817 252655519
78105 31646815
71313 53329519
86389 318192051
83485 10138355
77857 138461799
93301 422771171
52833 153895779
49873 58789339
88497 417091139
98053 13176119
59397 196954359
91765 25214575
95949 189091751
75729 227389451
47417 119449279
59733 14491419
87661 112387431
74845 117628155
76349 180926011
56189 182750571
92953 204980919
89053 127308339
63813 58809659
89921 312170871
98805 63833495
33429 69237751
72265 240075135
26305 8827575
42621 57956411
58361 20566191
66173 73803319
99133 589735739
97109 358004591
57689 52762311
59981 134295591
92105 82142075
68833 258656839
41721 70212671
95949 202064011
80453 163373119
71897 223950279
60793 216817999
92257 415189519
86157 151579579
77541 241931211
66969 41970471
74129 273986231
98213 330605179
38117 75101319
88245 469311195
98501 10807471
63553 68783199
92105 353129675
94501 316996131
52917 90319919
84657 395345899
48933 37186919
90897 189131759
74533 232111039
93733 417030879
52757 58498679
68505 184323415
58561 139955011
81957 44380639
99625 322021415
89685 179569995
85057 334544379
74241 304138351
40925 21197895
80833 237695979
93213 366069419
89085 491911415
83429 98367851
92845 46098915
83121 173303971
44341 120491411
82909 173201291
98717 446648379
87693 377141339
87141 312699851
85333 191712139
90381 136464671
50957 106429699
69033 102161119
77489 137771631
89745 211167395
81537 68027819
75101 319733011
91313 369526579
90777 479457119
97429 119133231
81361 50332551
65429 125610631
49805 110946335
58541 211793811
44985 22104655
58321 206738911
98245 224020035
68745 215733755
86269 437967211
88601 306145931
69017 274182219
54301 140591211
80433 9801019
95977 53813899
57065 21508615
68141 5406971
96609 521570531
96425 604015
79545 75889655
46901 122077611
98701 536837311
89265 409174435
73205 269690075
94745 227158975
83237 237825919
63877 20870779
52757 16260199
71061 119808891
92133 123918199
74589 107789011
73677 125802059
82489 176619811
70865 237653635
89917 119874379
12969 3504971
81733 126403339
58745 61009275
79365 200490835
79045 273557615
99797 181163359
53469 39553351
92177 512294659
82569 88186851
83333 42031619
86489 253758231
34501 2368371
43193 28668659
59289 33182371
68645 151328495
37221 61646631
91705 71258555
83345 282841935
45673 128684759
39745 96194875
91625 373316415
61409 108178071
87317 404667459
82165 10087415
47545 74430875
99501 163329611
87305 10214615
65797 8335399
78405 183555175
79765 124585755
97265 135218655
85977 182015759
70485 43218515
40877 34673559
97577 454978419
49969 106712871
59785 122938995
97709 290482111
85601 130706131
62601 139233931
68845 25503375
56165 141496235
87673 459827279
88105 244476835
99465 64839515
53853 40980419
82409 66283291
93461 137088891
44289 94371251
70941 82078351
91633 406699999
79157 146024819
88665 387282635
70645 197280895
79761 154727031
93765 66305875
81317 2083859
38997 19552159
65233 262523399
84505 14481075
23817 27541359
72305 304679055
79817 293016279
42557 108390219
48229 119799871
55813 6742479
62173 64784119
94529 86265131
84369 91111451
63845 80748135
64077 197942499
61169 212823171
97445 16477155
84005 14672075
98933 444151719
85137 11172039
99193 166001679
85529 74799891
57257 15255719
85757 6361919
99525 489703895
53041 123688951
39229 82104091
78137 231622339
66325 273948555
87649 6336591
46325 131975275
65865 78424275
55685 32788795
94209 23612911
92473 238604459
91697 193567239
98217 402592579
78277 108135879
89573 24611679
48105 82843455
45389 42432911
80157 380346899
38817 39013819
78513 32230959
97153 158239419
93101 258126191
98569 405290911
38677 30117999
52773 112631219
74137 199578559
83417 135428659
14885 13072835
39593 25077139
58425 129419515
72445 2764195
54909 154712171
46929 23520791
16649 1446311
99189 442543331
63077 86456459
74665 11032995
78509 8860591
97197 495748039
99657 25674139
89197 22375359
46037 79004119
59237 5620299
76205 215865475
96841 269749971
37269 60858551
24517 8736979
86209 403683571
63249 205420311
75293 159574639
93517 96194619
91913 276328079
98077 400201519
86301 114988591
93629 451764231
81589 88766871
31777 18931919
63913 154721319
61481 50907371
57729 4191631
93993 344561939
82605 224522495
50141 107115411
70137 290355899
78289 258061051
86593 406779159
96245 254085175
45325 26504235
80357 181380439
93705 412489495
60477 227209099
94585 62377995
93473 526798739
70753 261335459
98025 450473275
93109 133789911
60989 27138371
51337 10695999
88713 319361699
55165 126609115
75025 196240775
43065 17345895
94705 190682815
99705 331756415
43941 104343791
91505 433498275
83693 177798139
81669 71973171
84621 156423371
94817 373523159
86169 423345191
80317 36165219
99841 431858411
79661 233163531
88313 450858779
79777 238286399
84585 380651135
52845 101640795
74337 119938619
95893 157870839
52321 111188611
69917 189067559
86377 34245079
81041 46454111
48417 5404459
80497 197284579
72193 113137899
86417 428987859
75121 138038551
65569 232546071
80981 367224291
87077 38594819
73713 131365999
66645 156160995
65445 231325735
78605 69392475
94709 549676291
79985 153594415
74825 165694135
99549 418842491
88937 40823659
83785 131712375
79741 142589851
98025 599823895
74405 330780875
58765 201833795
99597 305320439
66281 62195991
91701 425751091
77673 206969859
90517 190239959
57045 126227115
71385 259667575
93685 38235735
94073 63044479
98597 58677239
77381 167843231
33913 24543699
69493 162365259
89125 286837295
68221 144738871
71609 182648271
78145 140882215
73561 38230131
77965 99907615
84209 319765911
98381 221016051
49329 87056471
52993 14930139
42817 39143539
98629 128960631
93005 481350235
79177 206094679
90129 182167231
45985 20265435
85469 280769871
29157 38621399
49289 74261851
90757 498251519
98637 473914899
90321 111864751
70797 23533299
83037 121171739
68789 118979671
89221 171730851
96845 166230515
89393 87600939
36937 5219
45705 74745395
37777 79710879
75405 260786275
89321 210051771
89153 245810839
40105 16608355
98569 358877651
86609 67779891
38529 32880651
29765 28024535
96089 70630951
44841 13490451
74713 11321499
83465 188657995
75445 189419215
91321 196659471
87013 249041219
89181 230283971
63981 84549531
54601 104212971
82269 310364791
96057 272569139
95465 146196075
94069 400692191
98417 37249939
43465 98439355
83965 367702875
28273 21577319
94485 450556875
80645 113086715
78225 345009875
51125 126486095
61661 132375911
49853 67355599
62337 194430059
92833 347063379
50617 158213919
80417 140996019
90617 468692579
53277 142079999
88969 310597371
94921 41208211
77817 347273339
71677 33578419
54437 150521719
97745 416345515
85217 177211219
46845 33637875
80549 276058711
65705 101832815
50585 156871095
37873 35937159
57493 100222459
50765 2689095
82109 381096611
92637 395256119
96465 136308835
15589 15117231
20385 16942575
62449 130199851
53101 161294371
79821 238545011
59777 119241999
48485 70281295
83433 27775719
77937 273713319
46565 30670895
74813 19544279
91781 232618451
96041 132427471
49545 149583315
95093 203947399
69417 57278519
63417 139360319
61457 168014099
72933 253672639
81581 181034051
88437 18489139
56765 52965435
80117 204293939
65425 1965215
63221 55977311
62977 150548859
85217 430201819
36269 79662611
97853 97895459
87073 256886659
77445 16862595
83585 323754075
63237 167669539
84681 131332991
38969 92225511
72593 128155379
97005 173008695
97825 118969495
88389 303152731
98025 67224115
95017 125264239
62577 133463599
75449 73019831
79017 143967079
89509 498645031
91641 521409051
62753 74950459
66413 132175559
80877 246435579
91665 270329375
97113 325592819
72441 12152571
76929 257313471
71773 207513079
40737 50196199
99677 515430859
87961 396570651
34649 26635431
86165 266554095
83449 185308091
97425 443100315
65401 64294671
90821 130046111
84421 222753351
78013 159824759
73797 182814999
84493 274730759
97205 479812375
75317 264499019
69849 166784251
47833 136913139
38681 13011191
96757 321408319
99981 536456531
87905 236022075
88285 461640715
51453 24284539
82769 58526771
48609 86783731
46653 20767019
91485 390330155
85041 388421191
56201 97850431
59345 191647415
74117 124021859
92861 434278991
84709 297095371
83769 269208891
51005 154934535
88821 313290051
90813 259217459
94909 142867131
30177 18776359
97381 475669591
92081 170405931
68117 157502359
79525 68331915
71905 202980275
44381 102930591
98569 277250071
30045 51794435
92425 447844615
73273 289987639
88229 52355491
40649 24789811
56053 36824999
89709 476514591
67353 236177439
28553 7109239
94473 289882339
60337 135794499
99117 572768259
53593 114896399
84693 258294879
91233 119668079
84265 119919855
90157 485389979
61965 108440635
93329 299043691
38145 84149555
72597 109007499
97429 282466791
39149 51802311
99185 332421635
72089 110474171
42273 2669239
69809 118040091
85541 446601391
76617 10710479
72665 53831275
98389 323065151
80469 229842871
85285 146983735
90993 426411439
75057 140895439
39417 16081439
76653 254242439
83177 113569179
65561 165337731
90761 131529551
73113 111748879
98425 411765555
88833 469997819
85833 260486679
72373 47506959
82985 408148435
43213 16991299
24617 36644879
92341 233998191
69881 238793171
44985 116680295
99677 256155759
74005 118566015
31265 51577135
81329 14839231
48729 85610971
64337 67105939
68349 252264631
73625 59326015
94065 204489875
72749 61859191
46873 82436639
43545 43063995
45141 86485371
94757 331784779
70949 21170031
84437 105525239
58817 212417659
46481 39110291
42201 41713471
90329 151751151
98553 100982799
93993 15622199
86225 240580755
96905 332439415
78341 219627011
56505 126193595
84969 156307351
64245 39950055
69957 58492619
86069 284142811
78973 142649919
34377 67953859
76197 350373479
92905 2168775
98637 39570539
80909 105926311
55077 116516899
84297 406312279
95229 483130671
40341 17825751
62609 120269931
86729 262690831
93821 506634631
62145 205355975
94217 482777719
67845 24404095
95481 520880231
99237 307853399
53917 118229439
63457 170869079
68901 83590591
44509 52272691
59525 80354355
92333 446727619
82381 379422291
29377 40475379
67821 93292631
95965 218506675
68481 19891231
91309 171580871
72537 254384999
94793 326019879
68137 286288059
90497 104423059
59145 103419595
62885 186748555
78993 370355979
98145 506328815
27729 38159191
92285 380513315
93929 135984891
83865 223114755
60397 225862539
74445 271747955
99969 300791171
70713 205465459
72113 300165859
87181 416442431
95621 223383551
73033 73502879
57633 89947279
41117 103762679
95921 249005131
74461 284123611
98693 474087899
74637 79717159
92817 137644559
95685 253077135
95181 188041891
84685 411472755
56981 32335091
86673 134121559
92453 139897139
82557 400988379
82437 225470699
68469 220539611
53889 134416211
94601 383126931
78005 58088815
99673 178479139
36985 52625755
76021 55679611
69765 120413135
81425 342496095
98697 284568139
54185 80288435
92441 227524751
78997 92792379
73229 127179631
89225 15811075
77105 14405795
87037 90980539
54629 161056451
92713 301284859
80893 172780999
89873 271876919
46349 97687651
77405 238538055
79325 70575635
67817 113008919
48313 118667799
87661 353045251
40997 85383699
61165 230053755
57281 122362871
53981 29629291
94069 120312111
80805 193020115
95221 392468551
37505 15096715
94113 47802279
91961 446626411
73045 288325575
40937 34370339
99609 526460891
62273 115456239
86969 9537371
91221 384768711
96029 17671491
54749 145176851
99421 550585371
92009 95075311
69889 9370431
48445 101149855
97577 151786919
81201 334156871
95273 244425759
88445 55724475
96209 86854171
96829 467099371
75625 51944235
81717 171885419
67333 212774439
91473 166949079
75853 47467159
91073 349768679
83721 254723411
96165 231321275
77945 204418295
56973 151781859
71313 304432479
80509 297257031
98105 443120675
29717 19030779
73305 208153135
99277 493195219
65649 212495151
86165 180763095
87709 280473891
90697 386843059
73221 190645051
98913 310767899
60449 71641191
91697 393524939
90985 214893155
83037 139101899
81893 251893559
87453 441634659
82909 208765871
47929 19145371
73021 326039631
58009 206868111
96225 66686355
67157 32518439
57329 60647831
58937 75002899
79593 393221839
57637 23962739
4917 155879
91985 76781475
60249 88133931
49485 2761135
92309 228985391
96269 546991311
19661 3165711
82305 240062915
54449 93429091
87525 23371995
84121 409000831
87629 342155751
68665 122592095
94629 278357131
87297 55228059
46305 97440095
66089 199914051
90085 374155255
93177 213944599
80109 179041791
47945 138958035
90681 188442451
71845 52363735
95205 55973475
46465 7761875
99485 355054915
89925 128117155
53113 18086899
73789 156280231
71513 211480519
78009 231901611
48905 77937515
88153 71687199
81865 261578215
89281 360968271
80033 214486399
74561 215845731
88905 327301535
58485 163868895
99545 414241195
61005 102843775
27501 18119611
99109 41428891
32605 17486535
92493 497744399
56581 127632271
96225 537394315
49633 108013839
85577 297246499
94657 467790639
95765 296219755
61441 19997591
78093 344849179
82669 208438551
99477 416719199
49025 20082455
62421 154966131
72369 298007851
63645 42803495
69769 215819591
98497 263958039
78217 321396719
89145 263682255
96565 543721295
76301 216843011
81737 278023139
78257 194924439
98293 530526359
31809 51033031
61829 28637991
97653 75468719
99853 349692459
56125 111904675
87861 163777151
91745 438997495
94481 242750931
80725 266570095
79373 62723179
65457 203860379
55685 115492595
41257 9173699
68533 165405339
93653 87083859
26061 37255591
91633 34166999
68969 61911491
95605 175091175
82653 405493459
95285 48994635
92689 35130231
55681 160842891
91353 426934719
49593 52827379
52929 77568671
27861 43202111
63869 183471451
64185 234745715
27065 10226835
68153 220121399
93705 527240495
86005 312047715
93133 100514419
99221 380787511
58489 149040111
66929 175015171
80201 48537271
72961 224473511
55577 177343599
96937 128068699
24237 4975099
87953 141864719
45241 39877711
70101 128797971
88957 230066799
74645 138523395
89861 82626111
56065 90794115
95997 558282799
98901 433310431
98617 23482379
98325 432608295
64329 23426531
70237 37952959
72097 226527179
88537 167450399
60149 71366651
97033 455170419
55701 68806371
75497 251286459
51953 2172239
82953 310401939
72165 296815775
62445 63689175
74509 251189491
42317 57093559
89085 6454775
78245 59003815
81725 203561795
78945 247594555
55549 134949531
96869 574344951
97073 54576759
74609 321029031
78193 364881499
66445 199518815
90449 111528091
99213 178909679
97361 155623831
26797 31788499
85773 362667259
94133 302163579
87361 280110811
81789 65485811
75993 329812359
79973 201869759
58073 72536659
80885 404852515
55285 83001415
65945 52226715
94825 356523155
34293 43318979
63649 136083051
93237 279576439
69173 145972239
99581 94308631
95809 75913371
89929 382392531
61965 31465455
87645 68504755
92577 402741979
86085 153755135
85585 416356555
86329 248321091
84169 198401651
61541 66400071
42517 100010979
83613 143832159
60953 217152359
75529 94054851
66733 199270519
48657 3506639
96845 105046215
43041 33011291
95405 29481995
63017 190802139
54025 88893295
92465 115879475
91953 191337919
52225 152833015
97909 310317631
69329 84641851
67069 189164611
79269 16334611
70973 101683359
59109 172574511
87845 26340055
97489 356756851
59993 68358679
85773 11919439
91801 216699171
93685 36735435
30229 11003391
70345 171313475
74445 247627475
39449 67978891
24009 33507811
87997 453499559
82497 142889859
86065 175998235
92609 490723791
69521 38743511
86649 173977031
52357 142457119
91649 391370911
93241 424305871
97461 358347611
74041 314534911
54029 113698391
85825 285677115
48857 46842039
78229 284009091
90473 191633979
81321 139114851
90237 330009519
26697 3503179
95433 325632579
52697 84331399
97361 87305651
96549 362253051
42405 103085395
80029 258257251
58829 68225171
72933 318754239
71401 230528611
44673 3598119
28777 34122259
63005 59806335
70337 127971459
99733 533702119
92085 216420115
50705 22423315
74833 183095039
98925 577808015
69897 118649299
66021 83135131
55661 10388251
54445 38613795
93313 165461019
92969 399751711
60893 202471939
75849 216906351
67325 33400495
20093 3169499
97505 374893415
87637 218197099
34069 30518371
97665 188675555
27397 20296459
78645 355868215
46733 8579879
63937 31461459
90309 440999991
94677 50447259
82197 278158859
86785 113240675
58605 24448735
81185 401892815
81625 345622175
72857 79515199
36093 34308759
90677 267517119
57989 191397111
93753 484554619
98613 252278579
94293 113636179
96581 178660291
63353 72370199
66105 107852675
81809 382264931
99529 404587891
84225 4763675
84205 220551035
23421 26718011
53437 129628759
64521 49599211
89621 222807651
58841 185915771
47437 87485919
86681 84544231
65065 224121815
67293 204402239
70881 61105931
98425 380292575
97117 39134139
58493 152290359
94105 283343135
30021 15969751
87365 87220115
99237 560362039
89257 370392119
70797 227631479
75589 190008471
76645 360078135
96637 15644259
91297 271170639
84209 123185231
51897 86462479
96645 170875435
38477 53496979
92489 50025411
95633 47211939
56645 37478735
87825 82510535
81733 232760519
42849 60390691
74489 15538311
66633 256754279
85765 223715955
37889 76956851
57005 177429015
81873 56142939
95177 392206979
77897 216266499
75725 131867295
56509 95170631
99009 586065611
77089 69680431
73009 5846171
90941 435325571
61069 99758551
90089 285565711
52261 147412851
36013 54503379
90641 459822471
61125 215481595
97313 181698759
81561 258409991
78877 89930619
96701 517120191
46873 47442979
82661 144965411
79445 135715455
39125 58146155
96625 237919235
95689 19784371
69797 194249779
39665 55993835
89589 381022771
55869 189491991
62241 241192771
55213 43434259
79185 368372755
79745 107546455
79557 191159239
98041 583030291
60613 108505419
87305 396315255
95493 510284839
81645 311082795
43081 290551
36537 7262899
92069 211225151
83549 335173111
75785 318312075
90117 141460279
92589 177494831
33009 28739591
70173 160155019
99585 357041575
96933 384035619
78293 276260159
77209 246411931
63801 39986111
96105 239607075
87197 367350379
40637 86268519
70821 118004631
31853 18326159
92085 6388055
52637 82763939
96501 370174531
94125 195454315
99549 381856551
75677 280570599
95309 337305511
57365 103061975
91689 2947551
99165 465041695
31045 39193815
36517 9921519
90965 422504955
38321 2547731
60777 221914599
74605 87925395
99505 16852155
89229 431490491
94985 196530595
62301 39138031
77241 350924591
83581 393919551
43565 114256915
62569 200033671
47825 6027335
73617 176613559
66689 267771471
80165 267451855
70457 121685239
52901 160909211
66145 75698135
83113 345105999
86477 406385719
71821 256117531
63609 49259591
51409 4478031
50057 20115539
89453 413455099
59141 6229971
81121 24512871
70261 82176311
61173 147501179
80269 210270111
50805 26144035
91901 224659671
49441 118043011
55985 124470615
46521 31464811
97769 457659491
51201 55844891
64241 43613911
89629 495504651
93989 172762711
37881 15065071
44309 90792391
78749 373308991
95937 428547919
54769 177843671
63013 201356919
70485 183304775
80065 168720855
84465 330675495
65077 46948159
88181 358750631
90509 258068671
88761 53538791
91561 385848711
28745 8221895
46981 119857771
66925 181365375
75177 22726699
60509 218031571
71501 129274191
50237 16877499
25653 25295399
91321 495199531
96961 405835951
56853 58543599
91357 56926319
38709 87233431
95849 185358111
98437 449118459
97497 183750359
90985 72341335
62605 103843515
92537 147406819
59645 125654535
96413 156792359
86525 286832195
88153 180939399
99913 50785479
66025 61286575
41125 1030575
87893 411109159
96249 237072411
97489 214105811
67921 30826811
94413 129355979
29757 46275599
80705 248109915
71637 210658819
25613 23829279
83021 86320731
70201 207401511
57165 186254075
96553 235881359
77165 273968915
34545 31347175
66517 38956239
97081 21836251
74485 63806315
86297 330885739
93577 446951419
88421 249125011
90617 508909339
93905 465822175
71413 82372299
93969 20275051
79709 91311891
78489 166137011
87825 169496635
65825 216479235
71793 172605079
68837 89782039
89481 402576771
90973 497313419
96429 358380891
83241 120214591
98401 78950631
72681 311837391
79569 169276011
96709 506286271
59689 117648111
45053 34679519
95069 187823391
52945 74534155
88445 189315675
64745 170805615
93829 116292071
80461 359085531
99877 576182179
80281 322005831
68977 121607359
62073 151762039
27405 37602075
57217 20297539
33633 28893499
71557 235305219
50873 70452439
82817 164643979
80629 368447931
71009 41011331
27253 14133019
80453 10456019
38513 36253499
40177 26743859
81169 383318551
71929 299095131
83469 66260411
84785 257611455
94009 27581391
58329 105122091
75293 197074199
71261 138225351
50585 151474715
95277 58561619
60577 49280379
41161 9417811
84401 197950511
98805 184437175
80197 141370579
56813 70399719
31709 29245611
88217 34524939
78057 159720919
62753 206347099
98113 103610159
54869 5099951
91281 263474751
88377 246094319
78645 251780135
85797 442197139
58949 178166251
40805 19610035
80949 207459991
54177 54935179
81641 407947271
88817 231917079
56049 56614211
84473 380608739
78501 203585331
30853 23331419
76109 310473291
67121 107547411
63757 39351619
82617 52914159
93005 287451435
51701 115900231
92569 444584491
56921 126363331
11365 2722835
97717 173551439
82077 302980819
69289 19598871
61389 55990031
48305 67757715
83341 214503871
65269 96713971
89765 149941395
74873 273935219
98669 4977551
24837 22602859
42173 99531159
74745 332262075
33389 37498071
34597 20967559
99741 116455311
46213 53010579
95121 532650271
92929 104501131
71765 65998875
54913 81432999
96309 288870571
66277 182443599
34753 62270219
89869 353309251
94041 59814971
73689 308173051
65309 18049511
95957 229435939
76981 85407991
67393 257628439
83517 280263739
69425 130685435
40373 51263579
82937 154112639
92637 385521299
62797 164719599
96617 232824779
72269 46398551
99417 500135219
81733 411799779
57397 168735739
67881 29520071
70973 93713239
87593 474835139
59437 90632159
74849 42029431
96557 83440639
37569 29007851
86977 439407199
90029 220493471
62873 178137139
72533 317135739
92085 342301055
59405 180738375
52229 58328851
82149 94928011
73097 313200639
93425 497953315
80417 193781419
85745 5498535
69581 161049331
87365 419041135
67109 139154791
74973 58278179
81301 109008631
65729 104372991
52313 92011899
92561 176657351
95989 198844731
97429 57397431
72045 196052755
96765 583206535
84813 353770119
91661 241057591
96057 228429779
47053 94715019
33457 66365639
68205 91262095
96985 159626935
82817 361011339
67945 60903895
95765 443974855
40481 83685991
79329 34285051
50409 135617531
84529 409260031
89461 133300611
62101 59963671
97797 344529579
66285 21573795
47881 90589491
52525 108571495
85313 74782319
98253 389673259
87365 74378855
70757 138985239
95597 329429199
91449 174335511
78905 11801715
78573 209641919
64061 234145151
76421 328849151
96397 136068279
36321 80052311
53717 61537339
96457 225696519
84229 41573671
99161 607345131
85353 332414359
89577 189962779
80425 201094415
93989 273772951
94969 190313191
71405 192316755
55729 114779431
83785 358013895
91805 42777615
71813 149027699
86229 22785791
93453 212743959
98889 477759611
68109 2015411
56461 105206331
86473 96645779
85693 367732379
87117 25634879
81465 328627955
78337 213204839
47957 34052039
76129 110670331
63005 40993635
90165 32330015
61017 219998319
43765 84197495
83813 129868619
93513 361551959
70497 170558259
91793 282223299
75785 51784075
59209 191642211
61781 190809871
37413 48251359
64481 228033951
91637 907699
89693 252673779
60933 188841099
98289 361912631
58589 169183331
80013 12955859
91109 465873831
48005 32799195
69485 79227235
83777 167184419
74741 336220851
94661 287997031
82189 313060351
94817 194242019
93953 347324439
48273 43263559
78365 146687355
78317 344590519
88293 442560239
98525 312818675
65157 191767839
74361 57090711
59937 93506519
79481 281978971
82089 89028511
56257 19978099
65509 229883571
80017 178895719
80301 187667771
89357 156360839
56945 38992755
66761 104478131
89829 204064071
33005 29979215
57725 111857855
87533 429477139
66949 123409491
93545 283045375
88189 40479651
98005 546219695
82245 305081755
94537 105051819
90121 139951351
47893 92756459
54081 102595031
78405 295462255
75465 197672635
93629 223439471
97061 561433111
82997 123681299
72161 107695651
71605 60928475
75933 89029299
69013 214686799
38385 20989055
99525 278755635
76489 20273711
39413 50678219
75497 181902999
76189 28408711
65933 23465799
68265 248306315
71873 118692019
85993 154706639
70817 242930159
6645 1993455
90345 500917135
97385 101638315
50137 73703899
87945 421061095
94385 485103635
71733 301262799
98705 63343895
69701 147216711
70417 162666459
98453 99611759
88909 150816831
96857 318202479
88417 217145079
42921 87715711
95609 508941231
82053 41504699
99537 251724219
45437 103567239
72229 34772571
74333 342643599
77861 109186031
75301 20515431
75413 146336659
65765 161086555
85685 362373275
39149 62889711
28733 4538679
64705 66603455
72233 197954399
99601 615630931
99921 348885111
73889 326132731
91477 122403059
83725 177198655
53413 139139679
60993 188778779
74185 236571575
62265 102557415
74601 248404811
77385 82412975
89129 216125771
50753 109587039
73525 246221215
78161 61944691
84785 216997515
96905 418951835
73917 142122459
24097 21334899
72889 117513851
85717 349116479
82077 186217359
13933 9960499
19893 23364279
83765 68467915
80053 376514199
95417 23141879
91101 241934531
82701 366057671
71285 148142175
99037 524018059
82361 175695431
65841 251402291
42685 24517555
36645 23694455
79085 7265255
51505 94035295
69069 200516151
72857 188428579
67029 158796271
73493 324154039
93201 164239971
66025 44630295
52933 125742519
79961 41432411
90325 123715875
97849 332969751
76733 167992999
80525 234486675
59821 121155231
74361 274452031
92073 173224879
63693 135104899
61985 210707435
99009 601038491
65125 154118995
95349 373328591
97985 317297455
82537 29550039
76561 35555031
82797 172300499
82569 168950251
35505 44040875
72257 124613979
67281 158896931
81185 316186775
83781 20472131
36541 60551991
45989 50748331
48589 101302331
42057 66636579
72105 163582675
69717 235002859
96117 576391479
58765 167539855
90149 350206451
87233 112645639
97057 217705739
83337 17799119
99745 303905175
37853 74532039
65829 89785331
83297 406600259
73861 124017091
70589 26021271
53093 135505279
79057 9296599
68189 215593771
92985 306983035
84129 268524091
79393 304594339
97713 68922359
86205 372932335
86825 68144155
65745 69648335
75509 129551831
75557 329634299
84261 361115411
82985 46516255
68505 35065055
95269 384589071
53565 122296955
64357 82705119
96805 583019375
93525 314595875
76713 327132999
93861 119944151
17081 464591
39981 76522131
87793 138520999
62109 15042991
18221 687371
40901 28577811
43713 74189579
51297 124700659
94209 122580411
77809 253061831
81677 301673579
70965 303676615
90941 351132071
65853 160096259
87581 427574251
92489 487223371
90141 439675111
84041 193077411
95177 4275059
72945 228359395
59145 106849715
75181 290322951
96065 438722295
56125 90692935
69041 86682171
29705 26383615
80337 323810239
84865 216283735
91585 49553055
90781 322535791
64425 104321595
81733 68121639
77585 136284235
77653 346125659
31073 7520579
66977 130087719
73573 108228119
88229 482371931
96037 118128439
86297 133172659
54849 64020031
26429 14835251
79797 225112439
79753 317094999
44361 110113691
61605 16521235
99377 493674879
55429 41544991
47573 129457459
48745 7035915
94093 405042459
77041 356745271
88129 272716251
81917 195840479
36821 65618971
67505 265254675
96401 287082591
63793 227331579
82409 308430991
72113 252724599
94685 359522835
89377 13408679
78737 292924739
57185 22886295
77989 205080851
81889 62813271
95529 37158951
86033 279647979
51177 130640719
92629 81014551
60881 74390671
8101 856831
91045 178933795
58145 150654595
25449 27350731
61589 204211151
77761 121812591
91009 47328571
98601 10705831
93281 36926031
76149 147457511
83661 396236551
56121 88146731
76189 110282631
81061 291887591
95197 65801739
68701 91664471
91285 380950935
79113 315601919
73161 217025651
94953 105082859
62369 87846451
95861 274012131
84645 286260295
75237 271226299
79457 354918379
85165 127660815
83205 377011695
95281 337364551
59353 193207619
62441 160877351
93869 525897291
53237 7183819
59457 140912939
48805 108733955
68129 196217791
99333 8988099
75325 133737975
76637 279889159
96397 468670399
80561 390009711
92693 330175879
92145 440651555
79481 183007631
76265 154725115
91501 503758911
94457 341657619
90793 344617959
74189 212512511
91345 217160335
98869 525460351
49221 144933271
19477 149459
68317 127686639
86189 449878971
88337 15311999
87485 437479755
61061 50217931
59145 22442895
77985 146211355
89385 483609335
98125 284067555
83601 276178011
91173 339922039
85553 55373739
92813 445021119
97917 368007479
78609 240811031
90565 389699895
90461 303302331
55925 60414395
65925 188479615
84117 71908219
84413 98700119
80057 59759499
80685 314072855
75073 341236879
94429 288117791
50097 4684239
77321 239188571
38757 14202719
70601 228962771
68577 181965019
87981 466321771
78949 389431751
32049 38077991
42357 99963419
54141 121927911
61633 118819979
76813 54573159
92417 312919219
