50381 7956132183
-11067 3014171823
27517 3686087327
-60351 2792381003
-6899 4504403547
-42967 9655669439
-34047 2619096723
-83079 1913516487
58229 1094596083
-99555 3968946559
-70475 7934116203
-11295 9179293455
84985 3633283747
58265 5896855807
88889 7796463775
-29835 4069638651
-12939 3261767807
-86487 3122632259
1589 9041586563
50369 753102739
-76991 1511416615
18797 4086099239
-14631 7054361195
59581 5429335011
-36563 2917004175
52569 4399264359
95165 6850802907
30321 9386790823
51909 8464453395
91497 4110817171
-17675 2843245967
-35771 6801488099
-64031 6438472243
49017 7666991935
-88571 3170131067
-75071 6836391115
54917 3440737827
4881 6588754559
27541 6855875035
23637 6608452919
72065 6019252563
15997 1405962759
-8263 16106291
-73127 3341243803
59473 447997011
33569 8720066299
-94243 6637226071
3245 7743798019
-53767 6701619671
-80563 677548911
-19839 9395529215
-52823 2516009415
25893 5269186507
29081 739726195
72165 5277113391
-17875 761020995
-46947 8244513275
94173 7928794991
-16219 9140301499
76597 4265135603
76193 4131348795
38481 1055726395
-67951 3184990287
92697 1757535115
21097 6862829491
-1447 1925043999
53761 6489292323
72309 7393292959
-87435 8888410975
-73843 6915223495
-40463 9860542075
81713 4112016831
-5903 2892489147
47881 6137464835
90109 8017813183
40989 1342172767
6225 5907943595
7589 8622090375
-32099 6346726811
97781 6307550155
-86619 5617844971
-15711 9597779427
42477 787760783
34521 5088272131
82553 4688192607
-17311 7150630835
7005 3771091631
77825 4219071835
46349 1705807959
-4967 6340111151
82337 4224851779
57133 2846542675
-47567 3950900195
-40355 4078958943
-19615 3323489023
-94811 4385419355
2169 327684959
78249 2267573951
-77595 6875192971
84257 5567741855
-13263 5516895363
36765 2674039995
-93999 3423525187
26473 9441667139
-61247 2631300663
-49991 7130604039
86277 8871480791
-97187 4650503023
-71255 1219556703
54229 2501085859
-2939 8760006351
65897 7460844923
-42143 776404299
-36507 1889923907
23305 4763417523
-8791 332895567
-74263 1784099583
43505 1579256887
2825 9012796791
-26151 6070700595
93345 8616875091
82645 9769135495
26609 370773759
45933 8817199695
26929 8453445019
25721 1588176879
-33819 7995960931
43665 2055408895
-53023 3637259827
3265 4250482539
-54787 335849859
38057 6566673431
-89519 4819784255
-46607 3930076539
-73475 389828375
82497 4514121047
99973 7851962119
-39263 7493133775
19501 6200691171
-73251 6678451415
6825 7763959019
35965 8585217123
30601 7933426015
67801 7761962795
-9443 189948855
89465 4439417743
-42339 9139426303
54669 9518165039
47993 4345743363
46461 4567056063
-98679 6337950635
-51387 7977508703
52013 2402944383
-53943 9195381199
-11655 1976399267
4173 5362285511
-17163 7719210395
-2063 5615767251
5981 5640940663
-62555 8652784383
95185 6579568487
-73703 7302841879
-43139 4421674683
-50259 7787881663
-58027 6680582983
29953 7133315587
-53979 7309484359
22713 4125564503
99961 6277136503
-84899 8797726083
-67067 5395249263
32457 5159393471
6473 4571230795
-7375 7957484239
54541 9188485523
26517 9760042715
80069 8510550671
-83631 6381785867
95385 5663897031
-93799 5616822247
43509 9206656247
-10251 5573187135
54793 7010619723
-32795 2490719435
-9247 746976711
64701 9297147587
47257 8403942727
-16339 960765399
-78999 8504718099
2157 4602092307
-96079 9890608831
42545 6775524355
-85255 5419893447
-88431 6008616647
-45883 5274377651
-52595 2433805927
97469 8609936179
-24219 9620572711
-43591 2855714899
-87739 8065394791
-86835 2428300815
63825 3170322103
6689 9750015087
-99199 2153198807
-85571 2505323767
-74007 1414729515
-44319 2253438347
37425 5157634387
-92291 6391383775
43849 448485967
99729 9124110063
-17911 2972592279
-76227 3093179135
1877 602277855
40881 9713290523
81285 9039496123
22549 8474149983
-56043 4428848659
-61799 8397768387
64569 2538360599
-85767 3168717807
-92231 7835433003
-20347 3360318903
84025 4079314307
75017 8253066435
26817 2616726399
-93307 9900925071
96681 6771290759
-86727 6947660255
11441 2942996651
-83623 9076988835
46185 6032411987
-48451 6332696075
64953 2692453219
80717 5317158615
90809 1005522151
-86027 6519481059
-88343 4053832483
-39347 2470035695
52617 3349633259
22753 7106099755
6681 1921376955
5797 8313381099
14293 5376571563
49521 7906709147
-33203 8765747111
3573 1519150403
-32615 5170578811
77049 9914375515
-95703 9075586803
54517 3910385659
40433 5711832203
15581 3300721543
-93399 7010783351
10117 6421710771
54717 1746976283
-76487 7927436523
46693 7156424383
87449 4820753275
29381 3718782015
-51347 431083311
-40587 8792432467
-63911 1984100479
-42023 7937981291
91905 3478036115
40029 9987972899
82481 2297239411
-26571 5014320811
-9391 4024772979
31281 4193797915
-22555 4030138107
-24231 4288333247
58125 8096768887
-82251 9983901079
37137 6581420691
89301 2380550171
61705 4953756075
-86591 6396193863
-36099 126590867
17881 5923984571
67913 9625957955
-65683 9825664671
84409 6814919691
-23187 2821810835
47381 5808025643
-91159 8868458399
81981 1482126767
-8411 1829239323
8445 8015920219
73353 2506477479
-15243 7668447935
69453 7230649451
52313 5034348991
25873 5371813523
-30039 3042261179
6513 5091852527
10929 2165384275
-49335 2130414083
-56907 6571311219
93301 7778166287
33877 2305266867
-47751 2147570931
20997 1618583459
40565 7040817995
1385 9126805903
-78263 2098756631
8293 6993312275
39381 3891526279
-19971 9322284391
-71039 6083837791
-83147 1859239203
51593 7620505395
18429 9741210719
-84327 2244803763
-34711 2657846663
63785 6263833435
81077 7790354551
-37915 3386310035
-20087 9976535403
86729 2814841415
-61875 8201430223
-71643 7271238143
83021 5011737655
-51171 3622475299
-70691 7714967059
-86527 1398608431
41861 2059758631
-95979 4483346783
18357 866505763
-20607 4895045151
4301 6262113531
-31383 4045874079
-72059 7590500099
-20243 969788907
45305 7718527003
41577 5681014755
-98591 7328554779
-67871 3800973719
-57827 8172446459
-66127 4801466887
-1671 5356504671
-48883 7166042599
-70143 9100144507
-3211 9916889871
-26411 3975471171
80557 3403931003
4433 3813896459
-9551 5623578703
-48199 4767465099
8465 3744401891
14877 2750769251
26197 793056899
94901 9035983683
-39915 8142534187
42213 6061756587
-54579 7807854935
-54255 6395499355
47761 5185937211
20229 3001672687
-70303 3242565095
21449 5604848451
-8055 8768314319
-51507 3067995815
18389 8772190591
-75435 9370801299
97173 6984881091
20021 8809925447
-83483 1851890851
7261 8290059619
-19503 4138423283
-9611 4037471695
30105 2141740339
48589 3854543335
33001 7347357951
38269 5898951807
-54139 7641068079
-62415 1652072315
47309 3566463663
-63935 5358647183
-29015 1607173051
-12235 7695915475
91785 2838747295
21841 1579355959
88965 3534643623
68965 8338136087
42781 3989345479
-83595 4397772667
78157 1251795419
-28759 8101146723
-97531 4514442727
-3019 9573672727
-88863 6051617655
-17863 7812547911
-92311 9590269031
38349 3724231391
99377 9762265479
-44119 1859207951
-1879 7172676663
82989 1322897471
-33719 5022002903
56717 2770849295
34297 4091405179
2109 4665745347
-21535 7458432471
-56919 1642866571
-3859 6246302363
-9379 8126190855
-34187 8287567491
-72071 6675723355
15933 1105606347
-75443 4975211471
14713 4737378655
43013 3992160451
56621 7303958499
54985 2486163827
-87015 9750498251
76121 552426315
-96351 6685367183
31589 3010165067
-37511 862967179
-92795 6717302331
-10495 6592201879
-49403 3960239963
35473 3925595543
50233 1316387007
-94559 7344897147
19001 2189860367
24849 7990743195
36977 2505101371
70841 8838466455
-30019 7145637491
-16307 4923054539
91105 2592831759
16737 3010100431
-78359 6147844295
50461 719558011
95641 1600628303
-37723 9828940143
-33587 4221882531
61533 6276264899
60793 1852008783
68313 9512144647
14493 1134184547
59169 3975123831
-38339 7617393323
84041 512529391
91561 6495204695
78073 6593178835
68265 7964810131
32317 7094222895
21181 377192439
26245 8375483067
84145 7272051907
-92299 5204799047
80257 2134366503
-20499 532993991
-43367 4180727495
1969 9421498023
34849 7075798455
-22755 5347940019
67081 8780530627
-34015 8094655535
3229 8229007223
-6315 6525269207
-35911 4862668655
16685 2479211091
27089 3658754259
74585 6989813347
-89255 9161654947
-30851 3378538147
-38819 4482818619
71373 876493487
28181 4972962183
18533 7134979099
-52611 7792565043
-80619 9041176763
26785 6962417491
-10447 8448536911
50881 5036208511
45161 3942703171
-60671 9502826259
69165 9478157835
-88919 7142119451
1405 9847876651
-22907 9789961495
-59123 9122812219
24681 1692313255
-52927 7816535223
8661 3955376035
45173 9960266611
63041 866990331
-22235 4921936107
29897 7282720795
-65859 7676570503
-46923 5341266903
38597 2808333883
-40811 7642585355
-52299 4740101087
97673 5229165531
-34827 6198382455
92545 5350009635
34673 2780909607
-14775 3986327675
-17867 3936709643
99041 8114681979
-32587 7584788339
-77715 2538971731
-81071 8534335695
-10639 6848257395
-35899 7732246527
67037 9863026215
17101 6194899155
47001 8628526335
-27747 3472469923
-37271 2517552063
-10639 4036649131
39129 5823785747
7669 5331438743
-92659 8544074359
98045 2800441555
49281 2490788275
86705 4336225443
60965 3629502675
-40551 6445382515
-18275 5996508995
-71043 6711477063
-99895 2714543959
-4971 2237116555
98957 9564211903
-49235 782012723
37925 7103189999
14705 1881928123
-74763 5756314599
-2779 3312871791
61145 2298094035
30029 6645572759
157 9871810951
-60147 3779303603
-49519 7395813463
84453 8497053619
17045 5529518835
90849 3612728667
-18983 6926495115
-95971 9410280175
23077 7073617367
90701 2491092427
-51411 3280023275
-13415 5374499063
-33295 4089100915
88493 2903395367
85969 8951272251
-8683 9485730827
77669 2678227063
-74243 5047022635
-90775 4105240067
9333 8376780091
66745 4844236547
-93803 5942293103
-41991 3172545859
-88519 5909360323
94429 7841378507
34461 6391837019
93157 8315022987
-17151 9538686335
-81311 3881594671
48673 3724040583
68213 1580138839
-66183 4596273371
-81295 2035027791
91017 7579659467
39061 9618141559
87053 5752104099
-5607 3779297615
53513 826489215
49293 442059275
-32899 2945247395
12657 9643065307
55557 7747050667
25409 786187295
11945 7866737547
-38107 774733255
24997 7200075927
-41363 6425165375
34541 5843158319
-28539 4114020027
-56107 9957330443
53249 9106811683
1209 5370670447
11265 8883752991
69693 4764941215
-73999 7930224535
66609 4507399651
30581 6502425551
405 5821714703
-32863 8933476719
28077 7955955927
-46695 8297941987
-4575 7196522355
-94555 2830466079
-29099 2821981503
29573 9323120235
-64691 2383566263
90289 2803146731
34289 4347669955
16253 1062467043
11365 6318650391
97461 7705189939
52273 1909323923
-13939 6087992463
85917 4464100407
-11067 9468323211
46997 8763571771
41341 2600222075
-57803 4014886991
58369 4102747843
-42547 7721100743
3225 2258211475
-49587 5676394619
-1243 9898258675
-4919 7931785727
11985 2011350991
16053 5848779263
-1107 5725738955
80169 8455873603
-34547 7870653531
-40479 4752719755
17429 812605747
-61379 1155860167
33953 2189281055
-75443 7476110035
59585 5060143307
29657 5209078987
32425 4175586639
-7859 2316894427
-83159 6273954503
68673 4254121343
94553 5861149843
22717 8458190831
-42275 1123980267
-89347 7889600279
18353 7591335375
-54103 3748410739
-85279 8920352199
-39911 9977664559
45073 2083631263
-34411 3308629083
65885 8217455135
-15943 9002215851
22769 2697084451
-98243 848593739
-98735 4146479415
-67979 2972832735
-15823 3854895895
-83159 3265958911
-99575 3252931071
98233 857756035
-69643 1663345335
76929 1789024403
77949 6392725475
91133 3410173827
52285 2733520719
-33223 2271615743
-71143 1261806991
94021 9106677287
-93483 6067285875
-94751 4075270811
-29711 5135273151
-25883 5110282775
96017 4233889003
36229 3583609759
-90735 8357649167
-65855 9058788575
-28271 2892567743
-67751 4497165811
-21671 5829113531
-61903 3599401731
59949 9774101095
-61003 665271863
-47615 5028842191
42937 6775019711
-85907 9731108707
-23723 7296807135
52593 2972454643
1057 7672144743
-2523 7345206243
-94595 1147649763
-6095 1290308699
-37327 9819915179
69357 6818553799
-21335 7165377879
-10987 5255899503
-65807 5204739203
-73959 7630921547
57713 455290647
82285 5098262319
-92271 1619392703
98153 4151980923
25105 422843723
-60535 2815923159
-9767 501470771
-48399 6266355595
-57147 4799271327
-16835 2816286223
-71875 5436917815
-98463 5379478951
-23015 8530156795
-35787 7581707227
-91995 5656420175
-92523 5542427375
58753 6503419939
-65539 1508615399
-4847 4769171283
47149 5864430363
-22799 1636577903
-10067 6588690839
46757 2575843423
18401 9656828979
-41407 8846768295
73405 370263763
-81035 6806894207
-38803 1914885439
-31583 1999702123
6033 2930989267
-72391 6473285915
95409 977380083
69157 9634089951
25861 9170800947
-35159 2987814319
-47039 8652130171
14161 3500680323
-13891 1922890563
-91719 891421983
61101 4545195667
-91111 665256379
-36111 1084409847
-10079 1704782887
52701 5972590535
-34051 3499213619
-7155 9155571003
9049 366182943
51141 1057387603
-77839 5792710391
-36479 4331656007
93485 4956699795
5705 1665093755
89789 5568858939
-36071 3961507459
85809 4407389083
88161 1218969339
-96143 6427767259
-10863 712823207
96013 1319035651
-73387 3830355451
16277 8503489435
-80823 3331973891
79485 6555592303
-86371 2662889479
-75895 5201824327
66801 8322195959
-93739 4649827507
63949 3984175143
29793 6902247031
-99675 6557435999
-23291 6711458491
37029 2722401123
19573 3193016063
-97575 8173538707
-26787 7735304175
-15935 1252681823
56481 8855590743
19097 2413529299
-18227 8276608535
75737 3705185075
53113 834721315
41749 2693393167
92241 6818641551
64441 6864747683
-93259 5627624619
20913 2636352643
18385 892112279
41305 3147940483
-73211 7262311431
-28239 1972713335
13653 9838943375
83037 7171409663
-97567 3923236131
-22503 5215146335
19269 5897817547
11521 5378310871
19045 325295995
-88579 594281283
-55795 9082249975
-44259 3015979243
-19023 3994158819
-55911 8451888647
-19851 8141250623
-52147 2421223575
-59003 6569271211
-31683 9786578927
-81699 6453255179
-68007 6371265019
-68687 2066477363
-93055 5838040227
-71167 7372529007
-99911 4480089459
-64427 7705931155
23097 752956099
-70395 3122048391
1141 7560952047
-23083 2799341787
25285 8130950819
50337 2335877791
75321 7750806395
21617 7308922463
-49031 4425316947
22085 7742279135
-17571 6036170599
-3735 1616774371
-41971 9869972103
37125 3700281391
-38079 1184799391
-42867 2303491127
-56627 5836302003
-59851 8390492491
70737 9253649007
57681 7770343151
-90731 7011547627
-46779 2709766851
27325 1597866335
97081 4028801239
-47063 9695282431
26633 2332508527
30089 9598128387
-26319 8768593699
57209 6002775887
-52007 1842159511
-36967 5127233143
37101 1841585051
56037 1552124175
-55483 5010853091
-70299 417876131
-15715 922467579
93301 5990195867
79045 4136005283
-76547 7052299679
-41799 4786980415
29017 6444167395
-10319 2234008215
-66211 7768969543
31393 3407127731
6621 8906843075
51485 9499807775
-70719 2779865047
-35443 9024775047
15273 2607567627
21633 4145904947
-64835 8946538887
17221 1606673299
95201 7813366535
84409 2682743619
-81295 4906988711
-43579 4888298131
41217 7508762095
91809 4495003415
55321 4498699335
-9231 7542090727
84905 8031620719
74349 9535849411
-90163 3676019391
35341 3426896867
70353 2526881123
21105 4308074751
69573 4912399055
-54439 2436306939
26453 8081939175
31145 4196032539
57661 1746250887
-28263 9925837507
-18779 6262937607
-10747 8182369811
26365 9774088043
-5815 5318672979
-62943 5410811531
89257 3380558571
-73235 1280960215
-78931 7771141943
-38603 5779456999
-94139 5704741211
11509 3261014963
10517 9335229931
94073 9611206439
-51603 2147215511
-33039 4391440947
12917 4416371851
-89075 6550861675
-84227 8155973755
54429 5632315443
87165 4138099711
68729 7701715819
-50795 4321737027
-21227 5535540655
7689 357937019
22513 5080984363
68877 7653118255
-76451 8680191707
-67315 1466573607
64897 8123355239
57233 3867017615
62573 9284959199
-43683 7164051007
99825 9392022571
-99363 3597903675
69969 909527503
-65943 9379594139
73897 5484284787
62429 1979676631
-61163 3228487443
-25111 6661491939
-48271 7951990639
75497 6054150127
28321 4473868127
-50527 6811344019
-38099 4445159919
-64819 1106801147
-97219 2932214215
98637 8458085823
-67771 7628270011
-3375 3851552095
-76151 7331264403
33613 9843592967
-9655 9585260319
-87395 8961292171
77765 4082403279
-19483 2921490691
-66011 1393765895
39945 7360875651
88081 4626882219
33385 3449762063
35201 9671996087
-44939 8141408875
56861 2799286379
34273 2334275703
78677 9336121855
90137 8118573127
34957 4017424975
-70779 6837319771
-30579 7833561771
-33579 909547415
-12479 5091865311
65825 2600670751
-52239 2411363215
-1791 8556416843
42761 3908511107
-327 8319468427
74817 8099197963
26701 8503517835
-47187 4488093623
48277 1019790175
8165 3647053359
-55735 225353643
83865 4211990911
-88683 3952616591
50653 5954915175
35977 6790223735
-80079 2786710703
80813 9500681791
-95995 778470423
49657 3708899263
-95047 4908082923
-71855 9275228203
-45511 2859854559
68833 2955343919
17977 5864803043
8629 9988928367
-23635 4022143123
93057 6578687527
-89783 1866564211
-91559 7548193015
-73743 9192608643
-89443 9773347283
2441 8286476719
-27651 3012545119
48197 2750711651
97897 4186423351
43557 2584370103
17793 1465738163
-72635 4224466583
-31647 2014802763
-89083 2672202507
56269 8899616971
63061 8766911467
15513 1253419979
-17327 1156345227
-19375 2095636339
-49339 1421606215
3609 6018538583
62081 3068857763
60909 7453078775
75769 8257924731
7161 3544637339
-72423 9364509495
-36151 3413047395
71977 8088845863
-75947 3892231019
-55067 8489233139
-4599 5183460683
19997 2635390755
28881 1685403675
-30419 560133223
-27031 5107208575
-10923 6874751375
-97683 2796044707
-37891 8893058491
-34291 5206216779
-43415 5531358503
54365 5851521695
-48639 1026862119
-39863 9406825219
44285 700905947
-21559 6484995015
85953 3833366111
-51503 1983445423
43013 8760992599
-39123 1769543031
3837 7856614815
78337 2549257535
-1663 2890086807
-35987 6884835843
-57243 4452315351
16741 8544462443
1985 7436925507
-52131 5748116279
-79443 5035972379
-74239 4127594619
35693 4565277251
-78263 4776865659
91581 3623274235
4221 1401788007
43089 9869841555
-8051 7414852027
-74155 2394766947
-59807 8836323819
-82115 3574447455
30869 6155133319
73121 6641731575
43837 1181082103
84837 3765721075
-36099 9377913259
80457 7688118311
43725 4814423903
-911 3385681607
27901 7815272947
-2019 738337435
9349 7939978663
-83671 2418501859
-40843 5692684087
-50483 597490455
79953 6406942403
29281 5707021583
60909 5856642283
7873 4832398271
-2575 9615272887
-88231 8815771359
-45255 8186331355
81905 1885750567
-86971 7592219143
-20851 8964115891
-70335 7206703795
-19807 2347689055
52581 1356261043
-13263 6105193523
-35063 5105129719
-66799 2185961167
-50015 3204109015
-39943 3029397775
-47559 7049255435
-86831 6095960751
-2731 6832583807
-36011 6301618539
39245 4493920183
-33055 2126344031
-94751 3449592323
-71975 9619356631
-58651 9376898855
10625 2759068743
-62803 2313934443
92993 5687366891
-4051 9134865283
1769 7736316519
-45899 1263025847
34465 8010685759
4305 3940486279
50601 2806442135
-50151 910327403
59041 7168340571
-9879 9579334687
-92399 7900712031
-69331 2052447383
96377 7336318727
87953 4768383307
7529 6406212191
-40375 8860259523
-10319 8141803519
-30523 6935544963
59509 9145084391
39785 857387927
56965 6620873863
2597 9321217495
-48275 413712671
85677 3959914867
-7151 5092917883
44457 136720451
-5067 7895978107
-64819 6788262995
-49219 5254173287
-7927 7448558715
-68835 6934687435
20125 8067228415
35293 2222986711
49085 3957476431
53405 8488510783
23081 5127111679
-64703 1243986187
-78947 5282684587
32185 5524185919
-68755 933050959
-45939 9742014871
-42667 4658966671
-53311 1253011763
-65255 5912318759
68873 5602130323
99513 3105684315
53481 1733276147
26581 5144020439
-83459 5238245799
89369 1785132363
55881 8218301623
-38651 7777183939
-95631 4611041211
30929 7765093779
11729 3296127623
-79755 4178193771
-27551 9042667287
-26267 6402611739
-66283 8072547235
-53475 4757612199
35749 6651043539
-69395 7731134375
-24075 1190631683
24301 2776088955
99693 871430763
-42011 6370053931
-523 2411990671
-46983 8863494199
37865 872215695
99733 7829463323
-21023 4098413195
-13391 4128528007
19765 2779750179
-483 4549463111
61921 3951281267
67453 2947182947
-89159 6606615847
-3583 8364753007
5569 987291839
-91235 6110454991
-71511 6286517587
-55947 9495281347
-19375 1110103683
-59963 4707033003
44349 7894158035
56437 6251342435
-86151 2194217879
-85523 4062898179
-82087 6526975711
-56547 8009197439
-59975 7019004499
-71427 659650891
62153 6157389919
-70955 7957843267
88101 2293765543
83789 1507827399
-28279 2930311999
-42191 8483942907
-88603 2726221495
-32447 7731628299
-14423 162222043
44805 2333135055
2601 2019642055
-81887 4380879771
19365 7951115859
-43611 1479697687
-24119 1053632979
36213 1429196391
-88407 1782748191
-30303 6145152903
34333 7762186063
24305 89929911
96721 7790431503
17521 8128218807
36661 8543312327
-55859 3324590727
-44303 6800696203
-24499 3895238599
97929 9391126387
-44919 1766336915
11013 2464726623
72849 5984280483
32161 4800091959
-43251 8120627479
-84047 5478041959
-70371 3691701991
87945 4164396419
18729 2156372459
27541 6927432771
-38707 1360755663
-44023 3980910199
-35387 9005124711
-64047 7537189987
-91307 7466745755
-31827 9802277719
-49683 7914663739
3557 8598287287
-57603 9123212923
58657 7119055775
-85867 1704357847
-80579 2309628563
-18759 1426447815
43109 4749412891
-76723 8229506455
76781 5426715711
-81955 1697368175
20045 4922294595
-85347 5994927643
81265 7601338875
-73407 3869591231
-40283 7728699487
45261 9108732123
90769 6172295511
-96659 7388904515
31601 4242440127
51189 971150299
24341 7090056443
4925 434804759
26945 6175389395
-83363 8188156895
37 7022667863
97517 6720966563
28661 8409220203
-41843 7345448371
-32887 7113831219
57905 6771348935
90425 1677578859
83885 9372553551
-23211 5570671555
90873 3922916895
-18867 4151038031
91789 6113164707
-48799 4076097959
-9155 687108043
63933 2112407291
-62983 5521857983
75177 3556507455
5445 2936849863
19201 4827625003
-88307 8608672987
-79403 8139131963
-36539 4526696987
-52243 9220283415
-41959 1578247447
61429 8620744671
48325 9940033943
50533 977721835
7297 6285099855
68425 912485675
-76519 7645244863
59077 3136467003
-39819 6376863015
-47155 1633283431
24325 2401196879
-16999 6882367743
-55031 2037239499
-23807 747233451
-97907 6892884043
-93095 4128047779
-81207 3310905551
37173 5738119031
44801 322431739
25245 6919826259
90577 8716737623
92469 1299553451
95641 1675109855
-94419 1646373767
-30283 5684502731
-59347 6904279599
2153 1611425111
-25807 1137807115
-60283 5997150799
-75099 9072302951
-14159 273827519
66637 3232133619
-38023 4924295295
94629 8627576299
41085 7149546959
-16735 2822845443
-22519 6931286515
-38111 1182251339
32729 4831377095
90557 8756055147
47417 8894342911
25869 6222926999
15249 2297374343
-90487 9181130499
-50759 2936364511
-97471 8602195215
84469 9934193539
-90363 4701923327
54713 2887214819
97989 1556115727
69901 2201116259
74253 8984569479
-72411 5115860083
8789 7008366559
-78079 2406831775
22541 3575251875
5405 4670835411
77141 8545554303
80449 1039081323
-25039 5341954695
27001 8288570739
43745 5075271203
-51847 3008425751
-2627 1181303199
40905 9856795383
90345 2396300267
76817 3553755027
21293 8314817551
96737 7462336771
63169 8343918035
4597 9160592935
40473 222422067
517 1347973347
-62095 3978322063
-28779 140562595
31941 5445289339
73041 4700166443
29593 843559295
-95863 9931256543
-53059 7584876231
-11131 5704932787
27133 1112051023
93385 8184487511
94161 1868069135
-99671 8304608199
82033 9281749015
-90267 5034344883
-84443 897246867
52957 6814241107
86621 9149224091
-93935 6208844315
-26923 4470514635
78841 7542662343
-39179 5078901819
-28643 4194006783
-45311 6081342687
9701 8321326191
-24075 1050033775
-86827 902812635
-51115 1304561487
-33539 6166474259
-95955 7049124579
-99687 4414634263
30517 4017376951
30773 8225036515
-13875 3104927903
99125 8162509643
-68963 5754313147
47997 1709980951
95409 9095087971
35565 6977145491
75441 8390532575
56965 2316355859
-45879 8700014163
-75675 4192749711
35533 5008288043
44081 6342446539
-80487 578126771
55925 8612489855
-62447 6976761923
-50759 8658114771
27501 3177402527
11341 6829338811
-2151 7276276551
-88255 8739595439
69697 5202361603
-84843 1047718427
8005 1694783647
-99923 7654784371
41357 1572033623
70209 5075503363
-49531 4145949547
25333 8467278739
28181 3512570819
44721 9118625979
-69247 1023215551
36117 5319233651
10421 3182082203
16285 2508483623
15185 4353361663
9829 1265830075
-53907 539402151
-16511 3216413051
-32219 1636298735
-50851 1245305127
72601 4552187439
50861 2730584215
-59215 5787409979
-60199 3644655991
-98139 3991465135
71053 3427262859
-8955 5404608727
30697 4622637787
-41771 1873952275
85161 3125665531
-44319 8905592051
-18359 1170005719
-11727 7148057531
-50603 7885811667
8453 5835241363
73933 6434714063
28341 4798783827
-77355 6354209415
57249 2009790795
-75371 7755628567
82081 5367537771
83565 8843503523
19085 9050651539
-98131 2694983123
-74631 9614355243
1325 4699181831
30041 1637353963
-83483 3249548187
-75355 1455800079
-76863 1483232627
44569 7387038859
-40059 8503815639
-48223 2918832883
-94651 4197882635
32577 5692602859
-61959 1714204383
27893 8550723291
-4415 1507430683
-56203 2947945927
10013 6881278687
42045 7016561919
-89759 4213690875
54657 8229753979
-55463 5470746875
-14487 5534689351
-85919 5841051539
-91395 4987708595
47769 2823368207
61789 3120750583
-36191 6055613767
66177 8237338895
-2891 1857248015
57409 9488108935
10793 7234148251
97113 8639406219
-47427 5957403911
17141 8947108255
-16303 8213622955
-20047 2967173275
-32343 3363415167
-98651 667734215
-5667 2100661691
-76203 8109291519
41605 3273361411
68657 6767086371
27297 2244384259
74949 8366994187
-32455 9636974259
71569 1339927519
-82283 582890683
-64567 2739201235
85093 4200892531
73929 2407621591
96777 8307147887
52061 4625717383
-86459 3765814699
-29815 9772099339
38813 9271963519
-85487 5182301055
-22747 8515754947
34069 6646905563
65633 7206770215
-58131 3489681287
12085 592431371
1189 286774739
17061 7901148607
-78203 3945191855
-5619 8980572583
-76435 7068242843
94837 3214348419
-7907 1491028347
60417 2103870107
-19651 9420700559
35557 6309143835
-35499 3146017387
-66055 3700539479
98529 1036010603
-6599 632421467
-84583 544327647
-31399 8304098331
90981 8249633231
8405 5486955487
23089 1735706975
-86071 5446536447
-45071 8899037479
73053 2518598291
-51547 7665824583
-81551 6878947235
-66143 6351489887
85293 7674709575
21541 1156187079
3533 5641481963
-87835 764843143
34377 2819098471
85933 5662294227
-75723 862697027
5669 4431160763
-45855 1422535015
66417 9072415471
-30075 5600044355
-61039 8686234523
-12971 9287181655
-30031 6346157203
56373 2607585919
29425 2060143699
72257 1917518891
-29291 8466838551
94257 1237600467
-11171 5329206299
60709 651503671
-18383 4904285555
16981 6090347471
-7179 351603407
80401 4125474831
-12707 1603939167
81929 574015787
-85455 4204877751
-703 6968765711
19817 6112091707
90029 4320452923
-75835 660648031
86137 5446093939
-487 4646334255
26085 4640740843
-37443 808141811
-99203 9218234795
93153 7485564155
91965 1504618735
-35659 283047139
-15647 4387084563
-73167 5758252151
43325 9708213499
-8707 9870027987
-73227 2718987435
67561 9425143183
-54531 5957287043
94049 7567762511
29813 2047536375
68409 7872058127
-95495 3243264599
-42143 2654446491
73341 8300269955
-50039 3798134675
84309 7300453051
87125 9433789399
8893 1374775547
13877 2188822551
-52195 8871241651
-75015 5274376663
34925 6610654571
-28779 6613715239
85677 8771906099
97633 7037973947
76005 4991586923
88381 6810779231
-45263 855463251
-25119 1231083399
-93507 3692848139
-36311 9924519219
-3131 837263915
53757 4289745715
50625 1006557635
8609 205090443
14005 45929631
-73935 4494281243
41821 2071523531
54045 850102351
-63951 7357165107
421 9506808547
24405 2639327191
75221 7626520483
65225 1054948931
-57171 8798619607
38981 7479107863
-17075 6727298795
75741 4799450287
-98071 2606612007
-21075 1359909003
-40607 6873292523
-54815 2989315131
93201 9310815115
-24431 6218401003
93449 8026150055
-24035 9046221303
-64515 5845324263
-83863 1535558083
-47151 3074018835
46249 3746068999
-1979 6559244371
-60347 6585950399
70977 1250369143
-63675 9517675963
63101 1626465199
-53427 1960156903
-15459 4080709903
-5699 7448095623
-44811 859084607
98269 5906364867
53113 6636683439
-94147 1671865951
28369 5705698975
50141 9966243667
48613 897464603
94113 580967283
70897 6497236107
81053 2029771979
-52859 2583211739
-31139 9874584659
-22799 5652927775
-80907 3863829415
-87447 1010393723
60009 2527383491
78861 3617391747
-23743 696321719
54085 3486856911
-58455 4865410255
87893 2266971675
-85787 808585243
-58491 582424759
-42151 8052287699
-54159 9123335519
51065 5169792931
72117 7660559831
12445 6154799395
-96755 8964957871
-70995 8663502883
51473 6190102087
10361 1570698763
98177 5461550159
42501 2780376239
21277 3444778923
44541 3337869427
-31471 4303053195
-37203 957969611
61797 2647785311
45417 8401579103
-32099 8463519063
-35103 6789719231
-35203 159651903
77197 458095943
-30871 4474155007
-62843 7852810287
5485 4035345411
97597 3298171343
-95899 8598004219
56429 289803703
20445 9515800539
17261 8098570123
24141 6051864715
-89835 4598886571
-19255 7545060451
87937 1405117407
-78147 7781222611
-11655 338356155
92781 7628575183
-3511 228404515
-25443 1215721271
8209 1621975563
173 4319479619
86161 9979468115
31245 5780902623
52861 6080357963
69333 1416422839
-86151 1462164403
-44859 9259599031
3213 1881570623
64437 1952885367
86493 6145851579
30221 1619347483
8385 3209150907
80773 2719227671
-25579 2199374831
-32775 7955742891
80669 8599049771
-14527 9736013655
-9067 1600997331
-28299 2725410807
-21719 2705453527
-88743 9588775895
76925 6125522475
-66119 6033979327
-41895 8719982903
12117 1217706339
12913 1371920579
-89579 5347611359
-54863 3543703023
-51071 466403583
-58727 3486435543
-72907 6215254383
-76659 8945271975
-97799 4737313543
56785 2001858599
34617 9594191663
80709 8652843383
27021 4570483179
-21611 6198490535
3041 157520067
58013 5832729803
-15983 9907150499
-25971 330159155
48501 8463779719
41601 1279252555
61249 7127166915
87697 1754472083
-37467 6377770895
60169 4885123447
-72163 2508757707
-55975 4540656035
-52323 7440548755
-21867 4983884999
-23963 3320384319
78581 8473866999
-48015 4137379023
50673 2016821323
6629 1965933583
23585 9378672471
95193 1508287231
19785 9356392051
-71947 8683433379
-42331 7306539331
1185 5955957519
-58423 4035376959
-15215 8187244187
-42267 1462071595
85685 731240051
-48803 6866231551
-2539 1903344955
46393 6098275263
-35687 9595118543
28377 6018597047
-73091 3958609687
16793 4079460267
-12371 5284336523
-30271 5513794075
61381 4017689499
20849 6303061623
-89219 3462342215
25545 5206749979
77905 6149816047
-85787 6595648335
-51155 1965326703
-46507 9859413551
14145 5823950091
-46815 5449350443
16401 9756941623
-51323 5264375295
87881 4605253039
-89151 3427837883
42269 5318480003
-50179 7218393931
-20211 6050140399
-57131 6358780795
-43291 8932724471
-85487 5244426443
25965 5844462331
47277 5385499571
75997 2988688535
-35091 3068439123
-29919 2339459259
7665 4445584435
98133 2089873879
20001 4043859179
-72663 5817230427
83873 1917946611
91821 1407562187
-48731 3867346075
29769 3189999287
-65915 7982467307
5257 2392930927
89961 6024091403
-54087 3318394651
14545 3054982079
56313 7260114279
49349 4164782079
-79163 992450979
53617 1076688835
-39099 6798701999
32933 7754224579
-81027 4369242987
-61591 9048998715
50037 5561447207
92521 5906989743
50925 3170922079
-10123 6340041975
-87299 3752870619
98033 3960126919
1413 6129121771
9749 6860710727
32189 1726128571
-49119 4103169455
40393 1642850267
24533 180871735
67625 2690609731
50353 435198879
28553 247261635
-50179 5799145599
99073 2506578451
32565 3328693467
-30231 9320946211
75849 7041576075
-55615 2997480495
63889 6773417707
12365 7857552399
-52223 4064208035
79261 2384685643
-82727 1795406723
57949 3927126551
-50535 3610822887
-84415 6174071123
-28435 4457776655
46505 1986364799
-65679 1968691891
-29771 2395922079
81889 4510925379
25385 4709328791
-82043 1080979319
-10723 3251234619
-60507 1324306751
16373 7730278651
63905 7726267855
99949 6268789087
53769 1221023347
9837 1071505287
-17203 9919969195
52537 5886115947
10917 9376014619
-67763 2817331571
33345 1899190147
66153 5880291475
60357 8505658331
99721 7357202219
-76739 8805298007
-63727 759875871
63157 3149804467
-97619 1161592467
-17455 3344283479
31145 9139308323
-53035 2754033731
-39395 2631570615
11073 5062272499
-38795 3151608891
58373 731552703
-99639 9404250611
6417 8136631939
-58183 4127097019
64149 1918542419
-32335 4886397423
32349 6949965203
-11075 8828904799
-15403 8122318151
-63111 9220061219
-20479 5944573031
33557 6200811171
-42375 5636317151
99121 1243587375
94521 5521600559
-9271 1449239971
-26807 6270874215
-48531 5247664251
-10163 8827048375
95865 2572731279
-38055 2498381119
-38875 9341395827
99133 4096341815
-23003 2686168343
-3039 9059986695
-43995 7096345399
15493 2308168887
-3183 5026454423
-51523 1131703919
-22731 8525024627
-44639 3220880647
-1827 230836351
31069 1480359679
57525 1860565427
17877 6300878835
56653 3125193703
61153 2613064491
7109 3942384263
-98103 3418413219
85557 1002699283
-36487 5618967531
-57131 4209653651
9145 8763497015
7629 399908175
-36971 3366027731
-24091 2265226363
2937 9409615095
59917 2613950731
8629 3394938003
-89507 2941013831
-61067 2566843243
10565 3397190515
-64547 3513393699
-27107 2035851747
-43179 7542605491
-59967 6762009839
28805 1304921579
55069 5653480575
-65891 3748428243
-20759 1713288903
70345 9559891727
61345 3516080395
-5059 5955238811
-95775 7592549387
-14391 1482020715
53741 6477790291
-24619 9718228939
-5671 5783477331
55097 8113099519
-75615 2342285315
62121 1308226427
77233 4826404283
90077 3608760287
-50331 7016555443
64565 3839838015
31441 3931628507
-98487 3262319927
-36639 9068524663
-4627 1198490899
5 5274358483
20677 59094059
95813 5776853467
27705 5183565979
81389 7014086115
-76271 2975084363
80573 8496277579
83421 733605867
-8187 3123988331
47525 2003926203
34289 4678623063
-62791 4001613739
2713 5355682647
-58155 1629902099
-97239 3506881751
10597 6428849331
66909 1694611203
12369 6489048167
-28275 5396802355
-7507 6396961411
-52647 2465079719
77869 1308967435
47609 3035133007
78677 9126073083
-95931 2048175443
-39731 7381589931
-18575 6015407935
-97663 1302655711
28425 1345660635
-31559 7243656683
-20247 6188428427
-41471 8166606715
-74731 938612743
40621 4989877019
70009 3894729971
64805 1516354383
61513 3972242915
38689 3821976655
32177 3632082803
-52259 1544578151
-21235 6809399807
-35099 6236674491
-1991 8111191219
49777 1850017843
14357 1791873151
-21611 7833919523
-64931 5626820075
37713 5121774667
-96219 7190034043
-18659 6114297767
-40023 2819247975
84109 2462365335
40853 6562407095
-26691 1473844623
-62075 941849815
-50455 4128811567
-92379 3616937727
94625 3576356179
51257 3262154383
-39127 3622715419
-311 8433043367
34629 544444831
-1179 4942648475
-71183 2704456939
12625 7598492671
19381 4574429947
-11383 5724474719
-36043 8206581243
-99911 3112657947
25465 9097443363
-51351 5491809339
-13583 7726414399
54765 5135329895
96897 6016748639
52621 2488286235
-55511 3322768123
-45511 9673966627
-93943 6281131119
-24467 8693212883
81989 3250238231
61421 6904324935
77761 5097260371
-43503 5960667763
-99663 5475097891
-16943 8315753079
94009 8779542663
-80387 4631539427
985 870519739
-15263 1617961379
97561 6676128807
-5363 9828765671
-19399 5574341887
-69427 1196448603
52661 6699435451
-29695 4719583175
99073 1195616331
-42403 8021293327
58849 4664431103
-17611 7656253179
-87755 4205052771
-37019 2468500155
-81915 3035175731
-15547 2327747679
-71627 9786292483
57045 7591787363
56109 8085645787
68201 3143877555
2113 9182854339
87085 7622266795
14341 6125661011
-6959 9087095463
7109 8726529351
2361 7783691795
-79215 5427780523
25649 1778487943
19397 1974203871
-32903 162264451
14905 3043445755
-58027 8787606883
-3651 5840766159
21969 6693223759
-89967 4938736279
67637 9539100971
-62011 6213934191
88081 1340448051
-72223 521878507
93985 4529917283
-66851 4482265395
76821 2163234511
-29923 2652085635
94633 7777230899
417 8250154787
-44639 4353633951
-8831 2958302155
62721 8997111279
41733 5175647683
-38803 8674446459
21641 3226368967
-12615 7859152383
-3171 4215831155
-92627 6219335551
-29279 2692352027
84569 4898905463
2293 7975234791
-15775 9692117695
85945 6002751859
-30899 6011816251
-40463 5900053519
-50715 623715851
98505 2003556467
3097 5315566975
79749 6776076447
84413 1759680455
-66059 5082966783
-70063 714915775
72805 5885505455
64601 8224664899
78389 3796771475
-41427 9946406563
-50727 6438726271
-33055 9221646059
-91719 736109379
-33207 3933487579
-44503 5439237187
-87051 9637098851
29589 3335523819
-30675 5865395999
14389 1641741203
51701 2587482959
-55511 2628851851
95285 9018370871
69097 2731922435
-28587 7979066803
38717 5053147355
87017 9785684787
-13447 3273149351
82937 1201555095
96769 9108140551
-81459 534429659
-17359 1160644723
-71163 8800670987
-58759 792552355
-59031 4018556387
30453 9679368251
-59499 2730534615
-62115 9336962127
25485 1192585031
24385 5149098275
66525 4298646743
68373 9941181907
31385 2547843099
30525 2835317179
-45435 8358843971
-38507 1774070955
-68283 5225282659
36533 2640175119
-88751 9299063887
83369 6706403071
71661 5346528131
25737 6896735419
71481 1893007999
-35191 6429682651
-30251 8303580947
-98743 2180954319
43633 8642514695
-62763 1121604331
94945 6190278395
-19991 3427842663
-52607 7540075419
-78055 704505483
-52491 8451208219
-20247 7316234339
12297 1692988603
-29947 9556364119
52985 6946848779
63497 3416746647
-69255 3399083411
-83747 9199355043
64333 1631034263
75173 1976009631
-96699 1467099839
-17819 4620665455
-23027 9208214203
-15239 7182080463
-56919 5715045695
-8811 7469661551
-58487 5415503299
1477 4917054539
-47219 367712071
-49539 9133365811
54669 5299666631
-54095 5082723787
39641 8881171599
25105 9034918551
-58403 7194686215
-47015 5443761103
31441 3952539487
76049 1320699159
48625 7959347363
5157 5965550227
-71907 6511421215
34325 2374001183
-96939 7970789251
1681 3176173023
-63183 3164200395
70761 1072924783
34785 8949739687
-42359 1940855423
1741 3586288779
82505 6557563015
65585 6220629075
77589 1796584099
-51687 9860985831
-51731 5126989727
-14619 2267358563
78561 9727139963
-3667 9050677103
-28399 8962721447
-44647 6887286723
91221 7679777715
-64943 1185736535
-16471 6570780139
-367 2826248719
-43927 8491352227
-17903 5859269543
15665 3242814595
-70403 1142186683
34417 555551055
75949 6853079099
-43959 2813209883
20241 8732628511
34193 5957432743
-90119 3738734639
-77111 5816328019
-80683 9103324667
-8371 9664978079
-58647 5285534883
-15639 7165773791
79221 2412632671
58061 2791564071
93877 9220459523
-97319 6331596899
79281 3027616455
89581 3363961483
-31955 6783512755
-61815 6485765183
90673 3161100791
-1239 6191061659
59481 972769287
58121 5811348343
-58523 7900451719
-12535 9226449147
-30355 5048099823
-63327 805549687
56309 8467562571
-87535 6725235979
-4351 7948603867
-59975 4887482311
75709 3486537891
49757 5052409187
84761 8170005567
-65223 2700295895
-48975 3631241959
-61927 6682122355
-24071 9204023683
-18231 3302814499
-5387 7408836683
-50863 1322120887
13941 9177181595
51741 7211664287
40149 7480248687
-65067 1567707631
32289 2618789051
98549 9125181467
-95491 7687310691
38669 6948283055
-65623 9398609235
19125 7104049867
-70683 7484337507
-16903 3228843595
28465 1951689043
45813 6544462063
-9483 1307015231
47853 6127239087
97917 8664251255
-78523 3604972631
37921 3724118151
-48575 4410646651
281 5009558755
-91507 1243158723
-74427 9306427679
6741 3936715583
80233 3571849283
-13163 437180919
76961 553019343
15653 2365767599
-64011 4158872799
17021 7605914635
24701 2732512955
41961 2963402543
34225 5235818399
-4423 9369648411
-47279 6237793431
-18743 4161206607
-23863 3287218011
35145 7142481347
86621 2154010131
96905 3882649495
-56899 3185450531
58097 9495325535
-63535 7887360463
16245 8772435271
-15827 2220983651
24273 3536750143
-40287 5839924375
65057 1111425267
2989 43852315
-97271 7368412923
66841 5215299295
-75671 9241577339
-55451 4055607719
92713 1182427187
95473 1164719499
84625 494535655
7745 4231050415
97525 7342268839
-53879 4383646651
39549 9864063791
-36215 8379842131
54589 6290632795
91053 2415306503
51449 3991098643
-11803 779327111
3757 489591411
92577 6602073907
74737 3110764467
20745 9483475035
51725 4504227507
-41487 2008154391
-18295 6374082391
-23071 383259319
9369 6204943855
-16627 5804868127
-34051 1598524987
-16159 1360512259
95917 6574476495
-52651 2321201635
-12679 762527083
-37803 6969154147
6781 3525232691
-35023 3482390871
-4743 8173812735
61765 3452352851
-41083 283178719
-38083 5402612115
98489 8530014207
28449 8495358255
-53775 2782112371
66393 471742343
34509 143166247
-58763 6800710035
-27187 3354519175
28233 9470281151
8465 4202800575
99081 1632300627
99397 8258354263
5853 8159088475
98737 4137481039
-60799 2698806767
68941 9854042639
-45659 579342547
69001 8474188619
-13487 4748264751
-29971 9976579471
50153 7972874759
83841 9380179303
-70759 4754156739
64937 4502634731
62673 2343504355
-77451 4071110455
88973 5342908139
-60483 8323937195
4317 4325207283
83689 6880917375
37125 4544264739
73725 7518540579
-39775 9029092819
48013 7275342439
63401 7279723819
23889 7138523935
8133 8067955767
86921 2743835527
-1183 4017364463
-43139 6029126127
67121 1785091335
7129 9681455971
44697 9269241403
-15479 2029085607
3777 5009391827
60313 900690055
42153 1227116263
-23075 5524389439
-86991 6824106367
-77423 3846115111
39549 1285559459
-6443 6039227131
26885 3868639295
-11619 9164130599
-80663 3181263003
-88775 7556830119
92737 5774557711
-5899 4397074587
-71375 3873956519
-59355 8989998139
45261 8892230355
50873 224596759
-49599 2386464887
-48155 3770382603
77105 4334410391
6953 3710500263
50233 7304697535
25533 2525541583
-95315 8956496875
93253 860780335
23489 6303909475
31989 9172162891
2977 6517734131
-77183 1636934747
79149 6098720419
95009 5351329483
-43735 8038182867
-22995 6220141655
48409 3788080247
-78227 1229876587
-46255 9946023359
-66647 4625977527
1049 7125069083
-88659 5514080291
-54103 9490207587
-6151 87896919
85449 3586196363
67741 2568262199
49341 9863813003
-59151 7266597875
-34607 4820223831
-45715 1705398771
93817 2268563287
94173 4098592999
-58307 2747631495
4265 9870049919
14013 3773291999
-83951 4501741079
89605 5817731495
40449 3916800867
-10183 668441023
-65083 6626456331
8757 1359939619
77817 907831779
4157 2976700047
-12547 9405283007
26905 7092622943
-67359 7217812383
-53363 8707525759
-3059 9415943091
653 4755861019
10365 7744156891
21833 7564322959
26073 9018257135
27581 4525741623
2389 5882821843
-93707 824553179
-35071 3378500883
90537 2302576987
39645 4353664107
-35715 4825346455
-65295 7469226899
3265 464804511
70101 3869260959
-83431 7160968963
-76983 9572371183
30949 2988752287
-335 6371678359
-56619 9259566303
41313 7733823483
50209 3109630939
-5715 9805028707
-40535 3628869647
-61035 2423832283
-87163 9591743695
94677 4481575339
58529 9774177615
24433 6601124867
62393 9079446123
-99263 1675194191
-17775 4962911399
31045 6357613027
-39759 1113741471
-92695 3785165851
-24515 9820733919
35517 286510803
68597 6900715363
-16423 7080301915
-95355 6050595547
-95543 1019631067
-37139 1373530183
95237 8563879235
2349 2736475459
-95035 9138447267
46541 9080593151
58461 5353284191
-99387 6090010367
89653 3265927511
91981 6122260955
-35811 8398027899
30321 504988727
-94235 7086751023
-83531 784855443
-97991 2363866095
-28783 1156616067
4917 5378744255
-28583 6662376375
63401 4339607775
19501 6450872763
86649 2297317643
-80239 6957378523
38077 4535816975
-83647 8274033919
-11307 7534616899
43793 7173380199
88713 9636731815
-20835 5458159179
71669 3085075915
-79019 8345297843
-2607 8177002163
-92083 7134615247
73337 6184097335
94533 7952430319
39193 5551491783
-73155 9670462451
-18431 1691517079
-38163 2250984879
80845 8279855539
29045 8169918339
-18003 8858555299
61909 1763212519
64777 4952929195
17477 7298015043
81361 3306344723
-69231 5091322847
9353 8197612251
-46179 4818161503
-31511 5552620923
51481 4657407483
-15023 8501516035
205 3250764059
84613 517784999
43813 6085064911
-39855 7131051515
-70687 844842559
-45243 1767109087
-84811 9670976079
-67455 7147269359
25265 2276343887
29805 2972097671
-52259 1968978315
-39223 8159034891
-82047 1024789531
14401 2371012879
84221 6002423495
-14855 2039209011
88789 7415895555
-23683 8556754167
91113 9073494227
65253 8950455107
-36695 7333184075
52013 3138440127
-81591 8258950435
-40507 7005002599
-58827 1582501831
85421 3452706347
-92547 7801438671
-75495 8132313651
2117 6006845359
36265 4452795039
-84999 7878283595
-86739 4688924375
-39751 4668461851
-36451 7410792243
29325 9528087119
48961 4902618167
51933 2114325019
11785 2219236003
70965 5717983419
-29415 5663741371
21037 3522259155
74153 4332555079
-52447 9978071675
58573 4853680863
9749 8587033375
22985 228294751
-98291 2383984183
-27891 2057211039
-68331 4768127495
52097 8918475275
16033 3161021983
33741 5973319307
38137 7068800919
-90551 3821770991
-44839 7506738247
29517 7585721691
-6707 5263730467
-34399 2696150335
-47367 7406261391
47381 3212988207
-17987 3600614939
-2711 594033363
35585 9162540027
38917 7303402211
21673 7972082035
-62331 8476331563
-7103 666838383
-15039 2547442727
41313 3226014799
38393 4025178483
-84791 9018918243
-40695 1379374835
25217 1003391011
53709 3557599263
-57123 4564961311
-39103 4483541191
-41143 3337799979
-51667 5631654991
32541 6152018183
-94303 6623418775
77469 1225852655
-14503 3416723367
-51523 9417839135
85241 7177175203
-98195 4738113999
-19711 6836715443
75741 1100127699
-84435 7719499595
43413 5596871335
30637 6835674415
-47775 6572360831
69373 6496622435
-18291 1971829871
18505 7640723363
44057 6168732015
10625 3495127231
-24999 4679158503
87589 8500919707
16021 4381232167
-68643 8312557979
45129 4180844323
-2295 7458784327
44909 1108123779
68921 3887408499
-25051 4765963691
38057 474405483
-82695 8467065683
-52267 1028745959
-85115 1384924479
-72415 7835805683
-86303 1128894979
-26931 2001132339
-10527 3158195971
96317 8897328719
96885 2449759999
-44087 9594708691
56029 9333658871
69457 5565169147
67085 6656964731
51265 1164504935
89121 843615535
-17583 3153853523
33745 542107627
-92551 7063931487
-84599 8900964735
-38827 8629633311
-85695 5482170859
-54475 8864888531
-50411 588939295
44597 9347548159
51353 7167531575
-3675 1838088515
-3799 2613915623
-7547 1325981363
-17439 4220022691
92149 3058596603
-79003 1735258651
-12115 4040002323
-64191 9673687247
17833 7654693023
-67831 3757653895
12557 4657128863
27181 4305036395
-30939 8816889491
-41343 1966128155
-15339 987006915
66961 8525220887
-64863 8475322379
59369 5803421251
-19247 7810318131
94689 2457100315
13113 4625154535
28945 7378474771
-11495 4608303539
5401 8671059595
-32171 2453483279
-77035 8496163751
-36935 4319158283
22165 2271531823
-29895 9342784983
85421 6955189367
-98271 2285330911
78669 1606725871
98905 7088387355
70741 5979337167
26725 4393493655
61413 9617241523
-63783 4733433575
-75979 6791053683
-7587 4675247063
-42991 9765751335
-18891 4161661351
17793 102209079
17297 9184989287
2681 5096545247
-96279 3961827199
26089 2584584871
38677 724670515
-63219 1116204383
-1451 6439038195
35581 3725563283
48413 2818659591
-37703 6423672403
21397 5036428487
6505 9459127363
-2107 5417996239
-46907 2278770923
-66119 8523254743
98209 4313614787
81545 6875584899
94869 1735485847
-95263 8890388367
-93651 9401829815
-54387 7405078419
63405 7898107387
31349 2658934443
-67191 9480985415
-15467 7514509551
34141 801230671
57993 396030191
-12375 8435675403
38453 3731785471
80049 5232478147
7109 4591142739
-32983 2770370463
35429 470641439
83425 9567916243
-13839 7847561699
58261 9510054859
-23451 1662984399
9473 5602953579
-88687 6508788627
20029 5615676335
19517 4350342975
86357 2127164183
79785 3098075783
-9895 1823909655
51041 1006928779
99297 3669740935
-42135 4879491215
-85423 8049310131
-39503 7715224671
-20735 8868487463
-81303 2240733331
-23171 9447548795
24265 4962555507
-32303 9760399047
-42511 5844264355
2449 3100241643
34925 6547286207
-25899 1734403175
11029 6910823439
9669 9030394823
-65363 7943735203
12949 5925080287
-69879 6799846455
34273 250149859
-94203 5379087379
-24615 457415627
29673 5657787219
31793 6212330811
22549 5136598911
74313 2988026559
-74859 2015806795
-1739 3920139439
-23579 4174416467
-89023 2117414003
-89555 9528813491
-79171 6363937727
-1583 4012403351
-65703 8868156263
-24679 5375277495
35269 6166979323
-18967 5082956199
-67691 6306420527
-81959 8820294467
-46983 2008872607
-64771 7560441039
75521 3988674603
84653 6757167419
27817 6223027735
-81391 596106843
-91703 2269758491
67157 5070030375
53357 2841656859
-7487 3825841087
12053 8468099927
-51915 993078407
80457 2013721579
62005 1989140459
72985 6825959291
67089 4939998271
661 5438487395
-88667 8747257883
-10767 2528704399
44889 5838504839
-25807 6077523607
-72319 9139447527
-97775 3441895371
97537 9259389623
-44599 4274917679
-62543 1831714239
-4031 6174064371
-66455 560572667
-55399 4534908139
-22659 6438245299
38449 5167821283
-1059 8585213935
91661 8119791999
17145 6117742447
-14083 9158503111
-71999 2895597987
-1559 2002634295
-9859 2687558175
27037 7187590979
-64047 2211580163
-19499 8910389175
5129 7603971499
34025 7145233651
7381 7114185999
-49347 5956707499
-64535 543937419
-4287 6749368831
-23219 980628995
-81347 4761225479
87033 7057807131
-43807 2868052575
5213 6724586331
1261 912207831
39193 9825815855
31393 6902379875
30341 8126203447
-82075 6368715235
-53671 4120227427
35033 8896171799
-98135 2570914003
-68975 3271954343
-93395 7888925151
-75607 7991427555
-1439 9853627003
91649 5392816903
-19595 8874004339
22549 7623546923
5373 401046895
28273 2480006123
32921 5797702699
-10251 2413899367
-42571 2588693263
-56635 9252879855
-12515 4193365979
-88471 2859096375
9973 8655388083
-37911 6453221507
-73643 6609135699
57505 6127603555
-34039 3333360991
2777 578008991
-94455 5031777447
-67595 5403358595
-41779 8898915491
-32411 947365239
-35571 2393146955
-50323 3417188735
-42487 9615302403
80405 5904614947
-13003 7310836807
-50719 8728199843
76573 9657647883
-63207 4234589419
66969 3969150375
-59371 848228307
-45167 8030959059
3257 6641908399
-77043 9213730091
70325 9941985427
-40403 2217530615
-7363 3970066691
-47715 951691443
18057 9367236655
-49727 4074521815
47545 8217626531
82205 1821837451
70157 5285849035
76741 4548283207
-26851 2621381755
95953 3674205671
79701 7952175799
60321 9452425999
65117 5544267055
-62667 6117953715
-70215 1841006911
93493 4682837443
-23903 4995941675
29817 7024008447
63897 5027179275
-61727 952076951
75021 1505897071
74473 2319007863
-36331 2318997847
35945 5369771603
98797 3645262683
-64291 731901823
-40047 7639005207
38253 5998950839
34417 3681125895
-82655 8532205735
-92639 8824822831
-17735 485523475
-35871 1937857399
-21119 5246730751
3545 7038067139
52201 1888555927
38905 1432924215
-347 1233562683
24961 8907716047
9229 8254037987
-29295 1096841763
-31359 2902973231
-71519 7592728475
67753 4424935119
-82099 2838119543
9985 9939757203
29985 7336240859
31505 2238670495
75405 6562315919
-12359 1855549203
-33731 5506507843
7049 5121352759
-51459 3249327823
1165 9881521679
80649 3962473711
-61071 9843067379
38717 5007963559
-47875 3527236559
-17231 4253246379
22185 5058630891
44829 1332953179
63105 5215021823
21029 2473465507
78833 3304813335
-89611 3976902963
-42295 4535397119
-85647 4088945855
84741 3538848107
13241 133864567
14105 7981245383
50281 9715105827
-85775 1773083391
-59015 4940780643
20929 8862105975
5529 5114656583
-27207 4973784363
98401 3059569859
645 7703273219
-98371 8892878647
5181 4646930091
-75831 4895611631
-60267 482462335
-10047 7000047007
82021 9086848023
22017 6931292027
-65803 4000668279
41905 9054544699
46925 7250038923
46841 9282064883
83797 5837534359
40137 7919821647
21689 4476808935
16425 3067306967
-37015 3900414111
6889 1870712651
-55307 1690054791
54973 5729010783
95849 6187323935
69061 9077860879
57661 3253032767
22489 5592977551
-48199 7870522375
72693 2788626743
-35243 1219411367
94757 6768152019
-82187 6838840139
-35139 7761082631
34581 6119571691
84369 8712686311
-86475 2641570139
15581 4285949567
98725 4593184563
68717 403629067
-39471 7721948775
-46987 1334539383
-5947 724424579
-27211 6575330991
-85767 2145497095
-64963 1352166803
-29595 6538998467
94345 9299512871
-92987 4432372547
7905 6135218691
-29723 3968553051
81001 9084672531
-33607 3006124995
-38275 4288231815
-42499 5239509183
-24671 2946662527
-96811 1383693907
-98927 7267000079
18401 9946753099
61545 440241883
41193 8985440871
15781 4103660811
5933 2526689671
49149 7065722087
-91135 2728351507
-38339 7164875199
-47423 7297487019
51561 3626560911
-91771 1551280531
-26355 7285904911
-43607 5434022599
-64023 3951698511
44177 3281327611
91977 2459809435
10429 1742195315
72001 5132447219
-73599 2421241251
-31047 5129503775
-62831 4630037211
77881 6368754635
-39659 6950066459
20097 4388463099
-88419 9777833867
-70547 7242299927
49397 1820538775
9281 7664588451
-77091 7978712727
-82483 1364604323
-38499 6526413075
-7923 8555576551
6077 7544631983
36269 6246142783
-23687 9410319879
-86527 9645373455
45449 7424385487
-80799 7374277839
-37327 3375378667
61845 7077227527
80389 1273344575
62973 4486893211
-93311 4663503303
40609 4319382547
-13131 1553926899
90513 6284335539
-387 8466005683
-78239 3333523615
-903 1062705719
-55883 9015624327
67429 4180932527
-99555 9477703643
-9155 1152821911
-47523 3674369203
-39211 5742329167
36053 2295455943
5157 8885388667
-45667 6981316479
-62195 5493455975
-3903 7408916699
31397 494054839
-81367 6973171399
-6775 5750839627
-75667 3099479175
-67467 8204299863
-54131 8612571827
-98207 4016589791
39737 1952162231
-75211 752702203
84873 8563661887
-21643 9924628539
-40699 4372515015
-74559 5244388711
-10231 7423682431
-86607 9347171187
78433 8936957711
61109 941496123
-41031 4069520647
52257 8409726943
-4399 8612904207
-96795 8621138575
36177 6254637307
70757 3842166511
-24987 7245349055
-59759 1258671231
-41007 7215753047
2321 2356265895
10973 1032482007
-96399 7054464419
87945 3675521795
38153 728928999
-9215 3257640115
-22643 2556712351
-83535 761341171
19005 3365955539
-51823 6027245035
-34671 7511103067
-51099 4594788319
62049 1385187911
30845 7320349999
61405 1643716047
-72111 4489189755
-28479 4383274567
-85223 5360934619
-97639 2678353035
73005 3716433943
-4195 7875046351
-24263 9445479163
-48127 4558510015
-15179 919431343
56917 5332814351
96813 9264086615
78861 1484007271
7005 2145896467
-80791 9485542655
-34879 8204818259
7381 940140063
89597 3086210787
-7851 1534400767
-31043 4670633279
-26331 1948563623
54025 205572591
-18007 4018371303
-82243 3730997783
31365 4757979755
-55171 9656460927
-41831 6314662307
34489 7734202399
12725 7208561423
-40443 5428964011
-29583 983074755
82253 6221485535
-20907 955201747
-87051 2689087799
-32763 9722218643
44305 5685943727
22197 2990565023
-58811 4087369183
26029 4619554615
13821 439056731
-15663 2076342707
76921 8495733731
-25531 6848443943
57665 6861810419
-45091 8951724399
37877 1141501503
-56643 5850577195
44589 993935899
-7167 7391468803
-62855 352025327
-49607 3726335643
-359 5632579091
-71051 3810612083
22057 6072905563
81905 432769519
-23107 5032682643
84117 3746506655
-28915 8539385095
79265 2464033563
13065 9706213619
-44879 998210059
-96887 5480933863
-65823 8815366855
28545 3124122067
-95747 2061046587
21569 7516913855
72153 949813187
-19199 1954968939
-93003 7408895871
61077 3547511611
36369 6140191323
-11291 4767980727
48401 7201229379
-16911 5275555423
-10075 3080341231
59029 9893758687
71441 6485003911
-8611 4808366407
10553 3629968023
19285 1488612583
72165 5714442831
-96675 7074658175
-6415 553753651
-88239 3133630611
-90987 2401270399
-10111 7207116871
-86955 4481030967
-87639 2258745807
-80223 5607450611
82073 7429021799
-71959 7490265123
-47851 5493418055
-83275 2147629787
-38459 2515099647
8273 8037060943
-49679 9647514463
-18739 8096136363
-39151 7312183147
78185 7275772463
-67775 1384265415
50929 410339403
-11847 2294427727
45353 4390721907
47457 5962325375
81757 9845392519
-98399 4085182819
11577 7540904555
60285 572883083
-28455 1690450291
20773 1609513167
-73411 1039242207
-7751 3569142023
-47075 3063662851
-17643 975262807
-80651 2646413067
-87559 6278362527
10333 4580035103
96801 2620303555
-26599 9082261623
-36299 9438581059
34221 4975503043
-43379 4920834771
-83311 5110215479
-61931 8432911543
3857 4934338583
-6299 9274460903
-8519 9661945155
75709 3408752803
-59 5519435439
-57499 3965983955
86309 7996542435
-91043 6136994775
-63495 5767472127
73557 1129775547
-87243 1339723123
-82231 737554183
-77215 962902515
-2987 1502423899
45345 8243586823
-38955 3729785631
-89175 5124969959
-83315 6751095779
13037 1308714059
-23943 2240380499
35433 7685281999
-27303 7765105395
-13719 6712909235
21525 3618765891
4805 9914934675
-34219 6878366731
-18503 201953767
-74819 5588000695
81433 5967197043
43873 7803986199
21033 3012561311
8353 9829002251
50009 3831318119
33741 6923141699
91537 3069583531
565 2976113799
33301 7320465303
20065 215937707
18829 8899217055
69153 5824836675
-56167 4956753523
-59191 3273791643
-12231 6658784603
65837 8632055875
80853 5370108875
-97531 5392490603
99705 5589750151
-29771 9166924639
84697 7733347387
-96079 5427140611
-54243 4449770919
-16575 6456868667
-9007 2536790207
-19095 6724546987
64393 4180093687
5249 5148243543
79501 5262108019
31937 6725091655
48333 6353956699
-30599 9173809607
92965 5576422171
85089 967540847
-44687 4975223731
34421 2218599131
-76527 3114773379
3337 441373623
35337 7786605615
-27555 2469371123
64837 1639141631
-17999 185282019
87837 8001690503
55965 7537596655
-26095 1856419031
63169 2039324599
-96187 3083781803
6677 9199637443
10333 2211266691
-11547 7955113979
-10387 8482342939
-86039 950005915
-96147 5394536207
2989 8031159443
17945 5112799471
-99111 7322693599
17953 4747355011
18333 2359687475
-38863 1174680947
-60727 1253566759
60705 4859159115
-86811 3869237399
-50031 6102433723
74261 2799085363
-61103 9575432051
-28159 3199706783
97549 2942617067
68609 6066919471
4349 3828003795
62029 4752699287
58033 3304204811
-17235 7390340963
41529 4054841227
-90643 7331253307
56185 5551148199
-47387 3579014615
1065 3529696143
3845 2613510295
10709 502283463
-93299 7071888751
-35811 2341353587
70025 6177052059
59353 4356775991
75249 6995213543
42541 4221815439
61325 2545820859
49825 6430199591
72021 3677764447
88393 3926165447
51413 1954366363
-64735 5692372223
-51431 7368749035
87561 8152261799
-4635 9366154671
-25819 9163284339
9697 8811581979
-48055 6554455543
36033 7718115519
95905 2435984167
73037 1550657383
-16767 8627034375
-36391 653383935
-27439 9088729843
65697 2917348471
-2063 1379465063
905 4398660687
5977 1572373151
6481 2608432739
-54095 4029912839
46497 660773271
76537 9204149263
-52619 523241935
63193 5567235747
22005 808370739
25285 8954786079
-40143 5370132415
-95135 8549617851
-79659 5431230779
21733 6544959159
9453 7268927331
-18667 423197071
-72611 3045098759
-83735 8913629471
-81203 6900690427
-30795 7637819887
-24787 7820084275
-20103 5000519015
49865 5551671423
-9103 100797183
-859 5521402275
11585 9366307227
32873 8900373467
98525 9302070599
-35591 2740049571
56841 6469847523
69105 7888987491
85813 2063014647
3081 7123289111
23285 377427919
-22763 1582665335
73673 9815804211
-70951 5997509455
-48855 5910744975
71157 3363673583
97465 686311531
-29131 7781011647
63169 9301240575
19737 9990048143
-42563 3736547999
-42191 6806280359
84101 4437865051
79869 7457398963
-13963 5725505307
-18683 1693361983
-16887 6756464059
-43151 2670820367
-53963 4488605871
29737 5942856487
-29803 1305076759
-98707 4174123959
-80379 5260800675
-76891 9988022559
-37123 3271229539
52969 8912441807
6157 1694454939
47401 1634812879
-62795 8872324931
-16003 8508963391
81185 1876663459
-55043 9048976371
-37199 3283124955
19173 8556200979
9397 3423011867
29553 1259613251
77437 3922187019
86617 3735904895
-72387 7894275887
-72299 7395085283
16181 6590373983
63749 480603475
-49523 2112684087
24417 1198554267
-22343 4849373943
-36135 5926292883
16609 5025653267
-43651 467448367
-71115 9767935383
-7711 1229645103
-61671 6133866427
-95591 2194962855
-42655 1462136419
19189 2520974315
-62075 1297464975
16009 7025628659
-16739 968933999
-12563 3073289915
64697 7121499511
-87191 8209781851
-25767 9215301139
15353 3484443379
10789 7612132131
91393 9521519723
-63111 4783912667
73093 2297896375
-43323 1945667967
-25163 9984034339
32657 6430622011
-22383 7774132403
-24815 7719209931
-16987 5323080859
47149 257629227
-12891 9343037499
90597 1976852739
-36119 5503769875
31065 274264323
7981 2810747595
-35071 3137652931
41441 6986653879
-79051 2057746763
34461 9627953743
85485 8502665639
15625 8256895627
36761 3236572179
-36623 6878941619
-15383 2355727215
31081 7839973915
-97279 4739807115
24517 8247326855
-23455 3405072395
41349 1739806391
57757 3239315779
-86843 7162842203
35401 2943192447
91757 8665227815
64729 5440924623
-96299 3496163319
-35103 7628607935
15837 2814305491
98741 6190430539
28653 7532931895
62161 3338293383
4777 9594154363
7741 9735195279
-19283 1182411879
7321 2971175611
98049 1537473383
39081 9413206547
9089 6393864347
-53955 8151224467
-97855 6244116063
-22227 3563637919
8897 4333373335
50489 2422924779
-30475 6974099791
-26691 6796110383
-18651 8090592923
-47347 3842896003
-4339 5449197991
85105 811969183
31669 2093490667
-7375 9817301239
15297 7932935943
-86159 1638947671
13965 3881883307
51297 5708167319
-26847 7945485679
-13423 785230311
55433 351296295
-74411 3277407423
-56975 9831484943
78841 7185971031
52057 3241253075
-39839 1636380251
-21563 9777172311
35233 3343388963
48401 5488907827
-91811 2618477103
72489 1110996295
-22559 6879184615
-70551 1871176351
69733 2743680683
-26227 6768606799
-69075 8258188419
-27635 3984510979
-60187 1691735859
-52803 5930437799
50581 9285306691
91993 8988874303
-77471 6534691419
13397 6858170419
-19659 1437910623
-25131 7719104859
59765 1117966279
19501 9763449427
-51159 339966603
-3735 4336288191
-31207 8884519787
70949 3744254347
15473 3696119987
9165 6371966819
-23675 6308570359
86825 564053319
-58903 8976669323
-10819 9395129715
27185 1214584603
45277 3673623935
56037 8829954287
-13659 7527571979
88317 1367356711
-80783 1811558711
-4331 7154534675
89625 4464476555
-9639 7233687739
2577 5888400203
-32687 9288918791
92265 8691693763
60429 8683898775
-29503 1385283019
36177 8750325291
-48555 6962745423
-78971 2223415535
-57579 692108599
-243 7446612179
-43691 955720271
-46371 6441440155
-3175 8183308291
77137 4881462063
-27243 4456189207
-82355 1330714371
2413 6894466035
16821 5332891451
-74899 4509970147
83905 1760174887
36833 5880665983
45449 7269164251
-99435 7551642363
-15419 8873561851
-45499 6631359019
9549 8468025175
28929 7864455827
94217 9787657883
-66535 4942742183
-16999 5293436243
-84795 9967711151
-4391 9616729023
35189 6089768055
8113 9108506643
-68243 6936449551
51141 8871609979
-29423 7446349147
3301 9412879167
64681 4556751751
-19079 4423305591
-16175 2095484507
-20339 4228358059
23769 6476790139
-60767 725251295
-70239 5363652827
29637 56621179
36465 9455502231
8857 5900015307
-91523 9005419207
64773 2229067091
-96559 4902846919
48025 7116779803
-82027 5251649967
25657 1924127279
77385 4906156983
-24227 7467777355
-90607 9780914115
12589 6311485659
74421 4776057147
91553 4013073463
-46535 9512965763
-77575 8876049195
34305 2493107467
-96435 3115835231
-26079 8120778371
-96163 8640209595
-6759 6061331735
68997 6255638335
-26323 3292630875
38009 9608263151
-30659 4780911131
-89651 7083770275
56025 9220506259
-19719 5105831791
4317 7733879699
-683 8205749155
-97667 8936870595
61373 1490296683
20489 9317249359
-41635 8358100515
-21391 1609258915
36433 2728042259
-88371 3962527263
13637 354556727
82129 8344854379
-71059 7875583715
-11403 8006652275
-62547 6729247047
9541 1989646459
92257 8958316523
-34579 5829591395
-61379 4732855659
-81931 9158477139
-47007 3103499267
25005 8643095539
65361 5443678167
-6663 3337892279
-73727 8214924615
87321 6343030483
31289 3962627359
41557 8287832471
-1743 8650459795
79185 5444924275
-25987 1880406911
-14459 7351446331
-35291 2927610099
-49207 5874004859
-50547 7242494419
65161 2561546783
-26931 2924256923
-28639 2632014467
26757 2844250963
-90223 9415725431
58949 9918975131
-46743 4153521247
27505 1784858991
-47535 4641875887
33869 5887293503
-78691 705958951
58185 6845281639
76977 4873977731
-79995 3468027175
40421 8151751419
-3119 143260311
50901 2243201175
-94583 3651549095
-94587 9314864915
633 5941096343
-12999 2931926587
-66979 3808440159
-96511 2530521155
1469 931815175
16797 3095057319
19877 1450731875
92153 3991757927
-89631 835831731
-36211 5107959767
-31215 1893093547
63901 1926090183
-12163 6341641211
16197 3764949883
35985 6000563815
78761 9682893251
87181 6751899903
-78435 4167623375
26045 9109174155
-96955 925302775
-43351 5100434419
-98243 2542096395
-39327 1694398551
46297 2449864599
-25343 3067975787
-94691 6885296451
-53735 7893337675
78445 5313533319
-40423 5853696435
9577 5474544895
27641 1479409383
64417 3553475707
66633 5832278907
-84899 4121042003
22693 857828295
-24563 1635621651
-47103 3017253143
81973 9249099559
80545 7645756051
17233 6164243823
98633 5948524203
35453 2624504703
5361 8240929463
56709 9759529559
-63711 6037439043
11349 7620068583
28265 1708792335
45669 526328671
-87879 2111133463
-91163 3705564051
11785 9041808691
-31075 4574358087
62097 9206975535
-57919 1492666503
55361 7238903023
63673 8273736215
-68311 4922943667
-29415 3164242039
72693 3921270799
-29735 7682469439
-12555 4515284531
12361 772251271
29261 4404048467
-64395 6658428927
5725 9613935635
76657 7695317739
-99079 8322926567
-54191 5069227887
-29443 8736443455
-47191 3430560651
36301 3847094015
58621 281971663
57885 3538946139
-99739 4744832471
-76115 2567361103
-73211 3856807671
-52299 2572669767
12845 9256817443
-33783 2098661051
-69551 7017244295
-2975 3152096303
-39999 4879210171
-29487 4133787455
19905 5682115519
69605 3040350551
-64483 4853019627
2361 1668255319
-51223 4291028275
-45635 4381676319
-799 7672074395
-36863 7131431959
-5979 5188576295
-30295 5950954511
-38959 660702007
75473 441886335
-62351 3771915287
50977 4118566755
58141 7935250675
-78207 1018301051
66693 790374255
-20635 663957355
-88919 6758381243
57853 4163193399
10625 3437043591
-97935 8817930023
99709 5077940279
32745 8955015059
70445 845932807
-68451 2754194563
73069 8342237395
-42167 3074977651
-92195 9268664587
77593 9762695275
-27579 2145019471
21405 2613206031
-1527 2262694159
-13291 4886051759
-38283 7573592707
-52231 2600325075
88261 8822551003
4785 8329002859
-21007 908509311
21685 9216837339
56477 7476951687
-47495 8291529403
61049 2442031811
35201 9298945799
13873 1682054631
80757 3290446751
-89327 2786972363
-49019 723669063
52653 2859465019
65021 6697977639
-20459 9306644991
-35863 3839129787
61261 7634057471
64273 9657234855
60701 9920653391
27965 3513770275
-62615 9359421819
-93163 3565467947
81765 1766355095
-58859 9508674067
-9635 9263774899
-80875 8084249367
60869 3840679327
-54591 3358994907
-57059 2374192587
26989 9186725635
-79991 3540114163
26993 1825817775
-20875 1658253915
95177 7569178083
50005 5826528887
-55391 8345011815
-89379 6072639479
11545 2707661595
3829 8044759499
22901 2172983083
-87895 1099700023
38185 2369087343
-4831 7189411199
62177 9556885755
18473 477243579
77921 9772433727
76541 9360940639
-8571 3470506775
28277 5671303095
-51123 4208838139
41797 2170844143
10197 6336615899
-18771 891041891
52309 1298078799
-34371 7939608995
-5643 8940646927
-37399 1020708091
79325 5226418311
16209 8253270511
94085 7430052783
-15603 5906397363
-3519 5002902443
-94983 596756823
45057 9742585123
94557 9630211299
54969 9406902767
50793 277653331
-88639 2109031719
-81043 7970248299
-86747 5534995863
-9095 1954247299
-32191 4309192655
-40811 5609794975
-53967 4550028163
3261 2679605279
-24675 4861544567
50857 4042020067
24365 8119760167
73621 4200425955
-235 6385597987
-79811 3346713959
-60803 6424341827
46057 3934108035
27273 2244945903
-75291 8211657119
-25967 8181164963
-33967 5230076703
49737 2045024187
22981 7570152043
-85115 3834801859
48893 7391466075
-90619 5156229667
55345 8851864715
51593 3006952707
25829 695442235
-46127 9696027099
-80315 6150989503
95613 1438529831
30509 2577625839
-88983 7216310051
87221 6258753691
-60959 5528076779
-42451 3029085903
5009 2001078199
83717 8783417499
71913 2150631579
89737 5131230143
-21387 8348793079
-51511 9482845299
-60559 8810742707
79237 3956258067
2425 8963669791
-29467 7120988543
-71631 8430408243
-79855 7053323775
-12347 2067561983
-90055 9433242931
-65571 9947176739
12797 4091574635
-15591 6232446959
-3027 104782731
-74483 4609583435
-41415 8061081107
89861 5879422239
98273 4057659259
89137 4684342027
-11455 4742468603
-13595 5109951919
68909 6197165647
28333 7881577151
-69475 749111779
-21307 5466064671
14669 147334483
-83319 1261538143
-6195 2488353039
10497 6902927615
-52379 3680765823
-37403 327588547
-76615 7415226099
-78811 3087880127
-16003 9902997027
-67619 3384291539
58945 3993174023
-4011 4078989175
3889 2386921951
9713 9381737527
6745 8937635795
30993 6282778219
50497 1946896875
-6191 7747390127
13721 6186011155
-97515 767504243
-68375 6310544551
-42075 8860988371
-30295 2047948431
27157 8438378535
90265 8376800715
39697 9017177791
-66935 2338323663
-54039 7997486903
-41563 4786151371
34585 6714348707
-53043 4881396167
28957 7241077843
97581 7003202559
9157 3039727007
-88471 4187419927
-11415 2127080655
23937 4089334535
63549 1690941731
-86447 8620666983
33025 699630391
-10411 8557833675
68469 713798531
25697 7586332079
34913 2566596851
-41587 1017746547
79725 7776483715
-73243 8695787859
-14323 4381516191
-42551 1697692387
58913 6120413675
-38159 8684657799
-11347 5179682647
-79439 4565675919
-89795 1141204815
-86631 9822663627
25525 8476826463
51245 2147639991
-4615 497068647
57697 736673727
-6187 3721645927
44489 1894706367
-23207 2873033919
67921 6682833263
7869 8683175987
-75523 2812862335
-32639 5985293663
-34943 1039638975
68469 9892944307
9761 6998879315
2297 1780679399
6761 5007754719
73869 2521259935
27525 476015079
-61915 5645039999
-15779 3411956455
44493 1316195087
-43863 6071839451
99249 5063392103
-81299 6465889255
92005 798713339
93785 7647752211
-72775 2801616259
-30331 771092851
56677 1050508311
-19307 1711326279
-13155 1990229827
-51907 6090866487
-49823 3854358683
-79535 5059211979
-62343 8332426555
71901 2357490159
-60107 9441104683
67341 1076705135
70301 3912477735
51389 1525335259
-19211 7089910167
13429 97983471
63089 3266919295
-7179 8727510495
89893 3061409043
-48403 8013771359
-11171 7138434615
10489 5070577579
35601 3346422487
-27559 1511764651
57485 7160992071
-49423 2547451283
55189 8482882031
93645 2206189591
-63931 5851180015
-36795 3607734311
81097 3821583135
20017 3403505327
-44611 7055126491
76973 7775838959
16161 4442853259
28521 5089086603
-85287 4239615391
94341 2100793591
-48863 7808988151
-80139 6525348399
-935 7719792243
99845 3118114735
-52735 6682576591
-17311 7264059463
11617 3217759383
-40835 9610386083
-11671 5459524507
-9919 5550437971
12133 8410265991
-5819 2835199707
27705 7797422335
33085 92434131
6321 6306761455
27557 2572021455
5549 8346371999
-46651 6402649119
40621 9363334811
-35459 8189342279
-27043 8676273623
86957 6510194759
-30139 8276732015
19793 651326755
71625 6693153703
-59035 7981005991
-78559 9868338087
-46991 2540243019
-68659 7873235235
-51287 7311264451
-10555 9881758063
68349 6648578043
-71767 4710452763
-36639 7136904935
-95875 1474477603
-68515 4169259235
-3075 3827838967
70221 6443060827
39029 6492430631
68469 5965373087
-37815 4530993875
79281 9178160831
29321 8626510527
-23251 4025047407
45577 577059947
25509 2969167751
-54659 1685162571
-86955 4883741239
-22767 6734085151
93373 7615523503
69617 8946188671
54837 7165629119
73709 9688146271
48457 8988014959
-93243 9112501715
18117 6739898371
-66203 5199985663
-6011 1328478523
-45463 861763363
-35843 6216375231
-7939 8736216607
469 5643550639
-53211 467617195
65517 3645931595
-41579 8905565175
21265 7495038919
85141 2677346083
-4979 1695485971
74965 7883275699
-50379 5766803547
49693 4089182419
-33143 2924212759
-64071 612027927
-99023 8889097547
21021 8056238915
42585 2075011487
-75043 6134031123
36293 9730902175
-65031 1167095807
-96611 5856527163
63625 1057368051
6697 5604422587
-82031 5361807911
16953 5658180739
-13195 92382995
18533 8635954167
-79891 7264844691
-34375 3294503427
-21739 8709504783
11649 9895150887
24761 3695383155
-33615 2784090631
-92571 5568111627
-5547 7729534999
-17775 4449160003
13457 5428304683
-94999 5335760211
-56307 2342869343
-63619 1177636923
-51679 9038800771
-15791 7506014507
-16543 1269755095
-6831 3764529295
-62507 2276926247
-30655 8441826783
54141 2880553751
62373 3132618539
-46067 3966965723
85065 3790573639
34917 9466726171
-28371 7173250187
56089 3333766367
43585 3367426419
6845 722468639
99665 5144412039
22685 2599801371
-67835 2516912743
29469 4055230803
32729 7627127459
-76971 8722266335
15813 8047964163
-78495 2257847083
91457 9223339383
40861 6190224963
23313 4109854103
10873 5592666207
25465 8548929331
50221 2948460687
-25795 9969208191
32921 262148327
2737 1629828039
31129 816560139
-98335 6132959963
81049 2852894187
-7991 3649004155
40857 4620995119
-22823 6329355919
17909 2455228675
-20323 9754602151
-82859 2371767723
-71711 5032645375
-86767 4648676975
-16383 109371355
-32279 3306779575
32377 2280254083
-12719 9368760903
-15427 2801620759
-94583 6120966391
87593 7789504271
63005 3449829639
64329 3749920307
-78163 1510252831
95341 5973460035
-3663 3366046415
-87619 5834006883
12833 3975576495
-27395 1539190759
85761 2119883611
-46431 6012286415
-5699 1728509787
-84963 1184069879
79757 3404187695
-51119 7807193839
-9975 6011665859
49713 4652763603
74677 1875250503
-86619 7557546911
-93619 2757737731
5141 2345894355
8661 8792729171
-73747 3709897463
-36251 800340755
945 5487988463
57469 3665987127
51665 6969384739
-24691 9134710683
-96859 1031757639
57733 3969593595
73121 2014935123
2649 8789540503
32525 2476262743
-16783 1453379675
-76439 2216892959
-29667 1452491951
-15107 6156420103
65881 9337265247
68041 4827720327
-48351 4285713591
-14167 9105239159
35397 7951475075
-14231 5592694287
-22059 497705255
26465 2368483531
14789 4971039935
95589 4454371447
40657 8410248971
64665 8988096019
-45687 6967026627
-27007 4822059299
25213 3073166767
-64927 918617435
88761 9088532079
-72059 7696099627
20869 9407200251
23893 4372968279
-35363 6745951735
-27415 7132187931
22697 263174915
12289 2519414603
-6567 5363756483
66037 590399655
43349 5480076595
-71363 5632837971
95945 840307675
-22647 7253531051
99077 2192300695
72773 5907317923
-60315 4180891695
27737 2139432603
-61075 3271916099
-84291 3973921743
-23403 4782174643
36549 5136826655
44097 2269497339
-33103 4789009675
22297 971092831
2977 4702373375
-62343 7886039647
80585 6475154103
-69263 8453638603
38197 8789891095
-8119 8807550607
-7427 2199780815
-26291 2105693471
89993 7063014547
-73703 9580438103
65945 4786333647
34477 7512353543
95569 2204962311
36445 9904839735
48261 1748630795
-13187 4669655423
-38047 9894468879
77741 1751772807
77365 4706421903
55085 6615080527
-68075 2148852723
-39783 8465331335
-40487 3808957471
53097 7237271799
30105 743452355
605 7447954651
-28291 4861536963
72833 1429430535
55701 3220236811
33801 9477593475
-71167 5660888023
52629 4634639303
-1127 3597448127
-49419 2081077023
65517 9926168611
37301 1733923311
-66067 3736425279
-84247 8515116627
-7099 7121953999
-26191 7988672855
-60011 1170160771
8521 913904515
6601 5790544103
-8499 9562120803
-60735 4439815699
91141 8798943127
78549 7814025011
91689 4121173819
-60399 3737668531
66013 6055607511
63145 1938439623
-90451 8885786523
-92579 1053625579
-18103 5034779607
-87883 3192760807
-55195 4853905011
-33723 6831321407
-94435 6731130939
-23419 8358150859
-70055 8918272623
18629 2602247035
-65655 6773529023
-2663 8220697559
-18095 6153138419
-53647 8405362151
-56215 9297965551
-93591 1234783011
-62559 1526318815
86289 8983966599
-583 9426677967
-95603 5656825959
17593 4988054163
-95239 2194599139
83829 4098282019
16265 4783308983
-27879 3851599075
48973 8194677363
84525 2842563699
-80323 2955477571
26233 2750766763
-31499 4069761347
-20395 3013249067
49613 6110791779
-86751 3610802295
-80191 1019843315
92237 8260950459
-81055 5544678931
-32055 7731324227
-2779 1149070495
-36123 7667589107
-4991 8159194807
73681 9610562439
41277 8090006539
-37639 5585184951
60061 8896478223
69585 468795707
-5435 4663371823
15797 8413899539
40797 2372928167
55669 804068471
-98011 1729671275
42977 2190447415
-51647 2964021655
-45079 7449264975
-73223 7062415895
51217 6683350703
61513 7428071387
-16847 9784812623
-62239 5267668899
-39735 420177791
-66015 8228189511
-41355 4654540879
-68039 7125534239
60265 2571419611
-82783 4796262211
-24367 4042160127
59777 5845674255
40321 1519223783
-53007 6819125399
19237 5647251115
-99687 3213755415
36605 9878435063
4393 1296819071
49693 1793443711
-10151 6384134167
15789 952457331
78921 1537936227
-11343 8459076883
28653 689171343
-68687 3862772875
-35635 3940366075
8193 2422134299
80753 4350749451
-49927 3777022707
62857 3454847019
31989 3387641843
46737 218303955
-57675 8685447899
39213 403069439
-13243 5648199799
57961 1881100787
63601 8319408075
88661 9709451963
68525 1100897611
2325 8546510431
-19655 1188758907
92925 5783296343
-47067 5037022183
82157 4896502367
90501 6374597771
42725 8368459155
-1719 4169697839
-81815 8017350931
15741 5018189827
-14823 296529039
-25435 2285743547
-25951 2397870839
-53327 3679738427
-72787 961733343
67089 6075255875
74229 3902245255
-95467 8801240511
13229 8414318747
-57503 8270402735
50849 5008478835
11461 8640045479
1437 211826423
12049 8165047199
61873 4065277395
-3227 8425427407
30085 4497418875
-41279 9303104247
29901 8376666403
86097 7232456635
64973 2009153807
28949 1103201731
-19707 118771495
-18019 8045105287
74109 1855678195
-77795 2902960487
44641 6131729775
-70335 8170605271
7489 6243418887
78673 5851625827
46177 2601820323
-36899 8219276507
55953 7940174119
-46463 8186146419
-62875 9686434807
-39215 2648353039
81629 5353386995
44265 6113631351
37633 9392343907
-28411 1548003983
-59579 6592836567
-68019 6395413447
-97327 4988672451
96853 4515123083
-23747 7805412323
82821 9557559571
62621 813243319
92125 1587691711
62253 7208903359
-64011 6454666463
76713 1144068083
-58431 6678295595
38717 6736769623
53369 9127841699
-36571 1345851759
-13043 1460187743
-31579 3222087687
18801 2674006311
-31995 7951111547
-82307 8264346219
-59387 6185456383
-75275 4590543103
-70771 2861339127
60981 5821256339
18677 5190466307
88481 943713139
-86919 9331035491
-483 1222195075
-44463 3648708027
-13255 1062857931
97345 5069827871
99181 1667524539
-78935 8895522543
-43571 7205013967
-32755 3144901671
13425 5315176115
-41707 1943289683
-6015 427741783
-92123 7412897559
85993 6969199599
22493 8628650031
-36579 9947943415
38837 2918964571
10597 635413087
-82627 7971030611
94573 3215692983
29701 5995643939
11805 6156449671
-11175 7578217415
-65787 9561665375
97849 2813606375
-30995 261482295
-1795 9625338855
45013 2793808103
-57819 7831701915
24789 5452901031
31361 8071045259
67821 2620353439
24773 6255843835
-10523 9114371219
-11023 7273984859
-95247 7113752019
51761 5321036067
33797 6598154251
-35579 3341452919
11001 1752165535
99573 9277263015
51557 6082148651
-59723 627533683
52069 8023741151
-41323 165575259
-56071 845421855
-75215 4851754211
-57183 7364011911
-35623 1630916759
81701 3718540919
93897 8871934555
-18263 4244484647
-18095 758122419
22861 1818166511
66053 3426489007
89057 8895654243
-31227 1659105583
-23467 4961385447
-55699 868339691
84645 7372485691
-98443 2846695891
697 3744408411
59685 9354335947
26145 125367823
22253 7542782375
86765 4861074079
10801 562773823
21637 4419378835
-42115 6453474887
46621 5803480775
-8499 6253046307
-9271 8968364379
-13323 8344658107
-79119 3032869475
-83751 2962566967
-75443 1650174143
-73835 8089859559
81769 1526206003
88721 1002948707
14309 5008039747
-215 3828847195
-78431 6275070319
-45879 5971797831
-34319 1527501903
59133 994290699
73297 5207038835
-41475 2856544775
-6375 1547396871
33989 6937982623
-97175 9675083607
55073 7407719355
-84303 1917919747
4889 7463889223
-83251 1909456579
-74739 2562367419
35877 6299915507
265 5507757675
22589 6016398223
-44011 5400909495
-64007 4383976811
-52767 4203033051
-18311 1696735287
-96671 4561607759
-36835 306170519
-78011 4035394731
-63475 8387218363
62429 7920681683
-59067 7672817735
92061 7422175903
-7419 7718050251
-2775 3946565555
-58895 330246283
-42999 5967243607
-55907 2269474651
44685 1185405883
-36099 3596607647
-11727 6176286163
60705 6334691475
9341 4896039711
51469 9983260723
-13739 9481580503
-7831 2302728779
40445 1728816955
16545 1864220027
40585 6099862111
-89199 5808785827
39141 1596748715
-86075 8976598699
-72159 515719159
-21971 3302990047
42049 2847163211
67641 8572363215
76617 6037941195
42857 4153097735
5401 6803113379
-50443 3851364331
-13771 1948419947
10613 5063434471
34681 1365214671
-71747 2934917475
-77963 3191868611
-36095 5683760075
6857 4965366403
94073 8236707819
64241 2883984783
47789 8789255007
-96335 758415747
84269 4521249867
47381 2566761283
-61299 9056233719
-78011 3192319371
-53639 8374442391
60905 4020613271
-21911 4654827819
-25679 3189867647
-91407 8449851463
19297 9599943179
91705 8185136375
38773 6722291515
-91303 4484219899
-66567 7244436543
-14667 2028819847
-83723 8344374231
8501 6875011863
-17059 9089711287
-51607 6658220675
92065 2684836675
54797 4345201883
23645 4350890731
71009 2854101663
-68927 2682867867
71145 2866002083
20697 6636931623
-92651 5581759167
7261 3113411499
-50607 4774126951
37509 5251453979
63089 667230995
-50735 1668985899
54285 5994628751
-72595 909154567
-89895 7763321455
57005 8364890787
43629 872198987
-19727 2117317563
-99131 7518965211
74193 2487366871
-73323 3132646207
-42759 5411231867
99617 9090613315
-84507 4821301579
34981 7166064647
45901 9930335803
-30259 7079764407
81437 5106189303
77517 3173669087
-76251 1729926803
5301 9981425855
72445 7186094019
-27939 6790697987
45549 8596261967
66889 6769931115
-24047 7310678651
20141 2690483335
-29199 4153277311
3741 6601182247
71761 1427507207
-77603 7945690175
65621 4266428559
-22867 1577760179
58805 8001847791
21001 2269575739
93001 2969710155
-46431 1185719167
67589 6568929051
-71579 9271952723
6801 1802980971
-24919 9517063343
56641 7225874971
22497 9940604791
-20743 78278839
-58999 2535330611
21125 1038678963
18133 3567655799
79345 5706886639
-38439 710509123
-76707 8070081183
-43847 6666107435
42801 9009800027
-66683 6293367607
-53395 205249015
-10703 885179591
-24815 4472501663
66929 2664362215
-31259 8760547711
-68403 6803663299
77157 7528776879
24821 1163679639
8057 9457745955
-95099 7202643227
49141 2566162631
67745 2451063559
19373 718943767
77077 4952229439
11961 6065630515
12041 1692299475
18489 9177977831
73217 8235166759
71425 647562559
-21659 9026388751
-32559 5135743567
-47887 2295903999
-71999 7733638583
-82431 2558621255
60917 3411221675
7205 8396509271
80565 1675156579
-29891 1506839679
-45499 4308151347
12445 1923068599
-45059 3674558799
24429 965763807
59161 5075538931
66429 5254373163
94053 4072051623
-85831 6887767643
52525 7458216431
65217 3142166143
-41015 299005011
-11507 4153227143
62669 1692179211
-24375 1768804955
-95295 4311821659
51677 5623769067
-78299 9605101179
70781 5625188491
8945 5628812735
36081 9681262331
11165 9045655063
19969 3193119203
74141 3028487399
93709 1249151551
-66659 6813107327
-71515 3560349007
13497 1884261847
-84055 4484787827
-75147 6473002991
59341 827131283
45573 1444783595
82461 1392257563
-68859 8009335051
20737 3792052359
-22975 8919793467
-25703 8110718207
84769 6197284003
5357 1205251439
-30111 1100651471
71817 8125288459
35257 8958578399
11721 5665348747
-48563 5916744703
63745 1479337347
3061 1917855275
15185 5986580811
49977 562382343
63629 4490282095
35089 1031335227
89089 2609572515
62285 912160443
45457 2260729031
31301 6809538819
-77675 673948319
-5679 5490161507
-82043 2435317351
63761 2962420803
16177 7222056519
84521 5546183359
-89995 5334567759
40277 8571671663
-7327 3714467155
34969 2714318711
14313 6859410823
-98395 3124159955
-7447 9305270535
48325 7692052419
-28951 2632553751
28653 3223408327
10697 4840881955
19365 2156885867
-43871 2104943439
-1263 4781661587
-61375 8009194339
-81535 8619084231
28705 8212454735
35857 6594429879
52597 9138841443
-94239 2683336403
-15439 5285996111
84753 8854186975
-49647 7229440691
99189 9430764743
-95699 5543613615
-21407 2807684063
24557 2464853419
-95355 8380283963
34165 886145063
80993 4110258851
9225 9856407575
83345 2386932075
91785 7888752375
44949 9799474043
-92839 5447508923
40353 8715715835
31597 9771549591
39929 9709697259
96877 5420726519
-41815 3222451259
60633 3364345611
16417 7248467803
-87307 7702268523
45501 8106660663
-30767 3201386259
-31111 3083011875
-72143 5319763711
92897 2534840183
18637 4672921379
-44627 8787080619
-13083 7247515447
-45079 5601449907
42197 8989049819
-27587 4774682811
29485 8929589559
-13119 1776350883
-68355 7012458995
-34799 6782685603
-33475 3167609491
-11683 9954053207
14025 5982560135
3225 2638039391
35309 9710944979
30829 5516826103
-58343 6777334983
-39727 9574605499
58453 6137232947
3097 4428694963
-42531 6722522283
23169 9773723303
92261 4779666871
-51735 1852915495
23181 5565769807
-93803 6026715443
-74407 5672367695
72541 7159381423
-18799 3212238959
-74239 5882677655
12625 4268846727
62045 9798437243
71189 3529104787
-94475 1914660287
26497 6493340027
-90811 7669557187
-14767 7975500299
-98099 8597935471
83865 7547949759
59881 943638891
64105 490391171
1649 9489933643
14061 5626575067
85541 6688027747
-51683 5710245483
92745 8929933195
-83627 1973205907
80109 2534003843
7253 720823399
-50339 5425420651
12737 2024506459
28877 6302728831
32913 1734041435
-41759 7775722155
57721 9068156819
20329 7466559571
-57503 7512226627
-84667 7179096499
-81495 7724850911
80449 2829851515
-33287 7836722187
20573 333254923
78965 614951071
61401 6719279711
-89999 1044732319
-21535 459789547
-47047 7082269175
-94919 3116549483
7717 4185286227
-49995 1282534195
36521 5075218511
19017 5290847319
87325 9638107059
-36051 8851403703
92545 4804803271
80865 9325402963
54777 5158820759
-98247 6965902779
-58559 2332729591
16149 9569934787
53013 2062562251
-63919 6805507579
-67619 4518653983
-35963 9182129559
15325 492946695
-27527 3102558159
42613 1391501927
-83827 5276401707
-56807 8101889099
-15887 3463310011
17345 5743347099
-97111 7306707919
3113 4238174815
