-40805 6584507579
-14133 1025537567
-4011 3178912732
-90219 7155867697
-23947 4993071105
38789 2564072488
81631 5880519237
14245 9567003200
83407 2963939662
43851 4286569614
78181 5314400580
49523 2704487038
-44963 4483194664
-74139 3978171581
-66717 5624609389
16877 6649868940
82903 7625467470
29553 1570258369
59845 8443928888
41399 1191202374
98715 8560303675
-15657 4612346323
89629 6224690545
-73555 6657611229
22037 9902485377
84103 8015243897
-47421 5496704517
3871 5520295881
-80353 2712604857
-4069 9891522101
95939 2996278971
13153 8227738757
21761 9560488836
33587 1536374070
43455 9056929799
-59503 5381568417
49915 649381031
-6331 5380891776
-55787 4459752677
51499 4614178511
95021 4735992769
59171 1811425897
49843 5058004167
-95485 6097574857
55017 8859844732
99357 1911209245
-57245 6907460293
-32493 7479244334
-32275 6882242077
88831 601081207
99223 4584464018
80153 4288824200
-45831 2657076993
45081 5935789981
-88811 4755176709
-45353 8973441149
-47435 1894077609
-92287 1875085896
65917 5817094596
-6833 6721954778
47185 4439467160
33857 6369138629
14323 5548214798
-11089 7694154670
93387 2452763123
-38743 1932352252
11467 1032096603
54181 8381976561
5049 1254509892
28195 4202842866
41413 9832145756
-15127 5799693848
46115 7839924761
-95085 5995511257
-79477 6877112759
22875 3299691835
7769 6801699445
-23173 1985851031
32547 9076472143
24473 8282183336
96681 3751345065
24251 1002681663
38023 798703339
-7085 2129707833
19927 5025470334
77719 8860974193
-93793 1347668007
-21953 164799945
29655 1871622586
-24121 6130731305
-88481 3013629797
97073 4932305264
-17377 1406220493
-26461 497355826
36855 5252419575
58867 6223001249
58335 6031547710
9111 4713305718
80401 7680048221
-91781 7420050245
41463 2274881018
-89813 3193342059
63811 7573779006
40365 4549734229
-22969 9575271330
-28865 3678805331
-89627 9721643492
-8945 4976137385
6117 8612404189
-34025 2805489070
-85101 5111422487
17013 6247597705
-9045 1437966709
-21193 7765933002
88151 818356595
65459 5721954591
-77121 4637877845
76187 2258405409
-79457 4399895242
-83951 7319267565
-3701 631624597
96311 8382560182
73585 984059356
173 383193648
-61919 1113724549
15739 9479781507
7743 3850748239
-2173 3499470825
89007 8740387835
-30199 9397383509
23385 6617820697
1431 9189279669
-22689 5184798127
19623 7777844399
74995 7542681355
-90765 1042873663
-99831 6951402908
16879 4131890590
-62753 3476446437
16759 1217067009
-6117 6479705981
-21765 7900611443
79539 6285444865
55111 2061954561
3435 3146690209
-90609 753729945
-39425 5257595401
-70935 3602460601
-59929 6537341049
-42585 5607978322
-75563 9902336121
22935 4227829753
-94149 3473882125
22695 5972932445
27583 9154263622
-6779 563316720
-22625 200459326
-83149 1811072098
50851 2898746726
73251 7654574533
-87717 4288781614
-63503 3918164848
-50877 611112034
46551 8954889730
45793 1009998701
-68297 903888703
80359 3202484134
19703 1720252098
86873 6995119124
-52085 9784256899
40665 8101507424
-83959 4154976861
21121 9002592761
-14417 3295119207
-15501 9259999335
4149 8400322376
61647 3284989331
23891 2816031697
-84513 1224454106
75033 6136780253
-79663 8327198517
46097 3033523097
-70705 7327572777
55469 3974032521
-8273 5195757613
-55677 1969681810
-54753 4204235519
-97405 5506412785
-5291 2096995029
-46891 220019257
67583 4223421593
84559 1344214474
74823 3660890969
-14297 5782473151
95529 7640040080
23791 7550968854
10277 8261380621
-45325 9035678242
-80919 6454639072
32931 2712299003
-5241 9084146486
-17333 6785859807
69937 9616923149
14221 2186172848
-16101 8591454295
50841 2826218921
-94733 3143199614
71121 4040395625
-63501 7335675310
-17219 1375741961
-53487 8802843084
12951 1309240481
53471 3501873634
59051 3985032833
-83389 1364983074
86503 4809482259
-18805 7676217398
-33361 9191225699
87635 2305658059
95279 4899969673
75663 8767521490
3251 1790202615
23099 8403950218
33267 8453062618
13979 2324751885
26747 7915010503
-35923 1974649277
-981 9927724198
-44363 8628564696
-78149 8028064309
24931 7558310858
-953 1731762718
99951 5960341507
25007 3193581261
35797 1511924916
-49595 1123112056
44519 490491379
-57911 1066811096
-44297 2272181439
37529 2294472925
-8943 3190654248
46375 3541669377
36771 340607513
29559 2026995241
-13183 1213020516
-87767 8572982796
17739 7443016535
-38361 4446152926
-74299 3862457708
-14095 1392919260
-74369 3538834009
99199 9969730365
78311 7389229993
19591 7829067797
-20495 6021054309
-25811 5140905768
23087 2585080801
-99517 2109512857
-32693 967543237
45735 8825204365
66631 4033582838
35727 7406001450
54325 2586739453
38367 6212679659
-72835 7964374308
85571 3684605259
-66623 891139809
-39255 2307932501
-56945 1407045002
51779 3916613035
-7493 9170125095
-82591 2557551672
58079 1131198863
-7705 1373722935
50659 9796778294
46505 7707662020
96269 7198854249
-23201 8463227990
62263 7289242326
34799 5125784781
-27817 1516714853
-29641 4263575079
-44337 2955578318
7991 9625544110
72487 1389481975
43241 546421268
94907 5857010143
-14793 8905964933
-76689 7900912678
-5205 9371713307
75389 9192655269
-24383 6196286605
87231 9101482986
-52241 8782287051
-42709 6328448302
-21293 7679352935
97857 5496781732
7841 2593352184
-89231 994093824
-15027 5825937008
19407 8037415689
-46467 6903164753
-47295 2604401749
-97497 3745515103
51245 3977007160
91735 6921160966
-83009 7144964299
-37653 6453769943
98931 1174601215
-94997 1283944770
39583 797104265
93193 5663202149
-24569 7042622803
43807 8175905033
-93403 8362257597
95509 5760454709
91625 927859437
-21619 6816512940
67543 9761769223
75551 5080899961
-29617 8999659119
49327 5769675595
-67795 1671148248
79153 4862662016
77611 6952355189
-95371 3728774384
-36397 6590940402
-2741 9797592843
-56517 6299205146
-51781 7139477494
-98997 6075411427
55071 7022259965
-84399 5383051800
66495 1606811930
87881 8110411285
11877 483037424
17095 5704794175
95279 2479627009
46865 1542735685
-6237 7831372994
-24833 5841912367
-54767 3618001265
-73737 5532313565
-41447 9562301885
21063 5613669749
8549 2377903144
-16831 755449773
-64543 1221853444
-24035 3219511080
-46789 504898243
-26025 8876200183
-17361 163997127
10003 8473187621
-63795 2423031172
62543 6414197067
1311 8327505865
-91399 2383906165
-69873 1498646647
96567 7946545727
-55961 3056441583
81073 7911722017
-97883 7619719524
-31479 1018289640
-35149 799122318
68941 6264254173
-35079 2492215189
80683 8326545742
41123 3402302270
18931 4922843281
15287 3088522911
-22205 8920661006
73829 5373031773
80345 2180662309
-93305 9653429423
-69079 9407893077
13665 7640446992
27451 5312200906
-91001 5137838602
-51081 8334748322
73795 392027903
-36287 8545321136
1255 1173939683
-57329 3981307245
-50545 3295516994
57619 6579213278
33665 2880898032
60065 788127640
-44567 2972406932
64253 2721726608
61443 7650074038
89529 2304382340
-22157 9313739501
-47159 5393796424
-58367 6310886741
89225 2475525737
87217 2419436800
1733 254021213
65679 5498211737
13785 811829984
-15095 7069745368
66005 8536360780
45551 8688741191
62559 4897140642
-63749 5230793498
-69099 2629730832
-91207 7434185796
10309 1032032396
73509 975052932
97617 4184239713
-53327 3563413509
11369 3894196093
-81719 706706964
88313 8891378148
17421 2273146400
-43989 3560748347
-4905 2924682978
78841 3008969717
-64359 1212818929
-81299 3301897197
99825 4214844549
-68933 1926842825
78007 4179266583
-90163 604809916
35075 5248406066
58517 5436880677
-1631 4918709729
-30805 8804336767
-5037 8244247955
49967 868889123
-27893 830107285
841 9751987225
-20145 3816662378
-56169 9460941107
-70029 5399546949
-29535 8814688733
90703 7334106561
69637 8612123844
58527 8570711266
75679 7638830485
27455 7143412675
68185 684921244
3317 6288265473
54583 8192291958
78295 6170529078
36351 6658526963
28747 9713541478
6007 4939100378
23199 1547262710
27111 4304562258
-50559 1413983405
-34689 3445397161
-73313 1992233713
-53297 8368411755
59805 3953694628
-79529 7772326023
11247 5703668131
-58111 3317527933
-29453 949585011
-25783 8669281521
9645 2939444873
28547 1811401841
7327 7762589633
5489 5567141492
3883 188527975
-35775 3209305849
-33577 1696254387
-65975 7273188052
-22077 3169660730
359 7309838730
-10341 618612919
-51559 3468154669
13987 2210698667
73607 1259266750
-23921 3380027541
-8673 4190324059
-51877 5536939299
68641 8993479265
68337 9126933457
-76221 3425661535
-62571 9608195052
9857 8729764336
81133 7935730032
-58387 1977217517
24515 3324732542
-70545 6419819142
32127 5182158338
-97749 2192752729
-3961 6066494826
81693 5605642109
-39959 1679390785
-87053 4365464327
-99473 1109590390
33437 3622482941
-11831 6608936397
30631 5399855857
-93375 2916605956
68629 6677272988
-29859 1960243261
-35095 6629710324
-22015 1416124201
11845 536616344
36357 3072009392
5089 7915756224
73079 4273730243
-70241 4396349713
34843 4532692190
55861 1170920261
-38369 7500426370
-71163 6425824193
-21209 9153537530
39663 4659712338
-91241 7761987855
-43851 1221567480
-74233 5166010307
-82641 6988997189
-18117 7300905026
4625 3054407089
-94619 988522809
40429 7593580441
5925 7255196241
-6451 8572099269
90457 3393223292
28905 3417814637
-47453 8744677585
-54717 8961070759
50887 9011747014
41607 9057923113
-31527 125760936
36155 9039386523
14297 8712600733
-70309 2918960498
96301 6793261997
-99839 1507744676
-62697 9946981085
-40997 1736704346
-99467 4828024525
92427 6126095943
-13311 8024012105
-95409 7877355301
-35893 7078659430
-90759 6874276424
87907 6882398418
-8615 2537858572
40655 148728842
36927 2310544951
68359 6373892915
66963 8658771754
-11221 5744130223
-22055 4233149184
81095 7415694027
99593 5931403069
-4865 1987846626
50863 3913445617
76959 789602623
42999 4855164723
-92225 4488252775
36467 3725369027
-40471 5622132517
-66013 3571372462
-56841 576058357
-11881 9220192333
-55361 1963546166
-76509 7602627395
-74815 599766708
23639 1027087369
43557 4520090729
-72353 9037440862
-33373 6880592645
19493 4467744792
6927 8085921955
-79743 9036969472
-13265 6187662550
-70463 2467464804
51507 5125129066
-69501 7279987329
-49355 6946434580
-57833 5039405653
26581 5058545757
-75169 4058771262
-44069 8296394337
33461 4010478461
-39733 3543936706
77663 6951336390
-83235 8440863392
-11119 4190522013
49747 1268567214
-70969 4792681247
-42809 8743145055
-22665 37676191
-15259 7748283100
-30439 8212817676
25523 818585326
92325 7005859125
98555 4096839094
-57871 1374816377
-15867 2129230352
-2429 9180546917
-48081 3261524225
-52141 3672490677
17041 7191147104
-20963 1427928425
-43163 4583418901
-64017 9616041647
-76913 4867494809
47339 5266903443
73811 8602082639
-4233 571265995
97631 5361514489
-31261 6986765359
-51017 6834325173
-43317 3504013957
32419 4476254705
-84973 3244950810
59001 2047274233
-38783 2835424568
-51781 8316886307
55415 7148194525
9727 3480373525
98783 6277299509
-22341 5895132018
12155 7386387021
-5387 3098155692
-10881 5847387885
-34205 3267117549
99889 7449700332
85247 4706936586
26041 8030352720
67507 9088676823
-47313 2602156225
-29555 8751329257
-85273 3449267029
-46515 9122492869
-79145 4750625847
-23103 623926625
-36877 1905440602
78763 7055988014
-46887 9165110300
-1721 8286775023
48209 4194278264
5489 3029245893
-16409 3964470626
88479 9208360930
-48587 3275272197
-35981 406033934
-55825 4412173163
5249 351136893
66291 9149169227
10347 1053449771
-41325 3327372598
-74563 1819501268
68537 7786122029
-62847 2820202257
33429 357603596
-49937 7162068037
27741 567146881
-39021 9485413566
-67845 4971330501
35335 2677517825
79557 9640767101
41999 1720765713
-27999 9394400501
-24085 5482941666
26521 2852050100
-94073 7233823403
56053 6783449613
-24733 6544283863
20655 6902116762
68803 3537385030
51079 6729957229
35267 8073640555
35297 1897039836
-55965 6051013623
-21361 4389983391
24707 4970039331
-67289 295377063
9463 8800458293
9567 4975179347
84881 755882949
-24333 8779363161
63629 3932749593
84247 7888708253
-76403 9286338693
58713 1857050753
31385 4447439316
24875 1123857827
-43889 588744291
-13857 4103983967
97057 7949314657
36159 1031420851
93017 2611371869
33839 3136602070
5247 5747690822
81337 2013136725
-20427 2857158017
32579 5698194598
42569 8956770920
-71617 6239103679
-41303 5830773265
-76833 923162799
49047 1263743466
-63473 5676974730
-91359 7671378316
94083 678371110
-41287 8645320125
-46435 3120961893
-88475 9837233524
4947 3171836018
-17363 6623102160
-77845 8206157210
20031 1904167646
35213 8681451673
-99911 3529412849
-35175 6262988377
-74583 5025101336
21225 985195564
-93853 3130221997
-63917 8502534311
93215 4080680942
6907 792265442
-77797 3961263125
7029 7835986020
44263 6027271313
-62447 6922644328
-95523 9435590552
-99269 4770007007
14825 9692098636
-98609 8940583850
25685 1716318741
-29625 891727543
89257 3492794320
59057 1465472149
-76571 5953828504
79827 6085808313
-67241 2381056147
41305 2471195060
99475 8104828095
-13669 8346951698
69325 7626961861
93663 1092483223
87007 1534965422
57003 5495466847
5611 5932165498
-6481 4884855175
-23729 2243174683
-46597 2790040619
64391 2358775978
32363 4206116022
-68159 8936820821
45961 1262787748
67037 1380507324
-83753 2228462043
24767 6179155805
-57689 8202116331
-75295 4683259152
96967 4103209091
45163 3941680439
-5539 2375362789
57357 8944651720
-86921 2487216431
61473 4630209204
-14149 9165453697
-4719 7799443273
-10161 5374987713
-90949 6605723158
-61937 919421859
52399 7499385809
-26721 6757975061
-92909 5329953527
86463 886844842
11695 2482757541
56079 5819701782
68079 2489968425
-41801 6673566781
84957 6576005017
92511 4870214202
-83723 9206510585
20983 4630650374
90735 8829698818
-46085 3970312493
49535 4565812249
91051 8125654289
99849 9262569885
32863 7495256531
-93943 7771749733
-95443 8568606276
-50725 5315811090
33093 2008184792
-35709 8079820266
-99537 1080468409
-61591 6760851160
-55625 4500064659
-58847 8130727685
-52143 847194868
3123 5516844595
-33293 7573983794
-93773 8501947762
44749 5288148668
-62391 9104883165
-48869 9056163287
-83069 6166721526
-64593 333153947
-72481 8250221503
52277 3574371600
-93229 1910307239
39481 3060673701
-23001 6947350153
73131 9293570141
-26999 5675410041
-54731 1080829017
-91041 4526794415
-767 5928735756
-65737 9949396002
22155 1620702146
-52541 7166704523
6457 6040382429
49037 4855408884
-597 2410866379
-76033 8799902425
66613 1767492308
6751 3555944471
-43831 9112650444
52121 2382237341
-68233 6547043687
13831 7088676366
88329 2916584981
22701 6294926761
39453 177546593
-22023 1206530468
-86543 9848630133
88335 7619180093
36907 5616269189
-13837 3726507227
75539 2683557715
25587 3526565807
86077 4986727329
-99945 7225056498
12135 8575678387
-57981 7402971303
-4055 9173610952
65777 8923323729
-92145 7545748614
-11429 7356141245
14831 6830783662
54071 862758542
61171 3520953373
-34029 364470275
-80549 9935839002
78455 6218974441
24257 6452743992
-37321 4774293923
-80553 9655768879
61319 2476334763
-43125 5827146211
64325 3049438384
-42169 3281671958
-12671 4197335888
83525 5291772693
-3049 6297913167
88209 1616853085
54509 2144501361
79705 3875342405
-5819 165609245
60771 5029245381
52897 7020900553
68659 7510914191
41099 5479347393
15207 18869651
-54803 2918655532
-25369 6580108873
80585 4909398096
78647 5445071377
93503 8657365821
40809 5116832897
-1589 3415691351
99287 9264810786
-95165 5968384698
35869 1116128893
-75633 856403961
-70653 9373889951
18991 3233607083
-59101 4761954819
51633 5232670317
-40569 398955418
46773 440065065
38091 801331814
68547 8010107895
-55345 6902132310
1087 5458876255
-61703 4536920764
-61441 2320841262
-94455 9781458856
34315 1285649213
49507 1660903342
-55267 9324615504
-95611 9543791413
28943 7832115178
-82877 3528396186
-93829 5428246233
90171 6525052497
84487 6853473569
-95497 3996834062
35943 4981561205
-54449 7130637898
64493 5957062696
-47957 5790436421
-57689 414802337
40311 4215759154
80827 4010184393
78705 2906192828
-65651 7104211461
12601 641410424
-71843 3737391704
86955 5729392809
8595 4751451058
-31657 9422945663
-38939 7926917508
-15461 4360644190
30955 2759945141
-96851 9616694576
-83525 1751038337
25787 8542581481
-59399 4509253621
-43603 3389204364
76967 3092296178
98309 6112928844
-20135 167233912
7703 1932929587
-33797 2434566773
40797 5027683765
49737 3056347705
-1309 2769926258
-20367 268882244
-86511 7952970328
-2937 3048640322
-3797 969239466
82403 1306290595
22007 8927176713
35365 7456702029
-35739 6157938980
98035 3063921795
-81773 3960883055
53639 6425418798
10583 7247333709
-47365 8702671463
74155 4644600730
-19629 9088745579
51679 2979098455
63439 9610342830
2755 4163137767
80935 1399194705
-80797 2555377981
-48827 4262623345
80645 4844654001
71495 5452291597
79705 3533303513
57279 3931385123
-19947 1633040837
73763 6072045121
40623 2240374758
-87053 8507311613
-22847 7754535152
79467 9978582497
76941 9310378865
42939 4435906999
16275 1285230566
-85949 3577583399
-61489 7124914405
-86329 6248562211
50481 5606968052
-46203 7704199744
90203 5994651589
39509 7196659000
-35023 2779148265
94055 6175484989
39725 8807204252
93603 8704808429
-84807 9679369241
67877 9670360173
2293 7414196165
-55505 5011238357
48301 6557672596
-26627 3278537760
-63339 3329868604
-46585 3924925262
57685 4781240312
15953 2062215204
-41237 6086836113
-53925 2249484719
-30317 3547603539
-88193 4618380463
-59521 8861139690
-79623 6314545541
-31065 8449358722
94337 1946316680
6477 4510115080
68493 1661834253
-29223 6868996425
-98789 9129001833
-80811 7757745789
-27419 7677300577
38729 2490318444
-50927 914107305
16441 9610661140
-66085 9044996313
-88633 2846932471
-1845 859628550
90769 6624872621
-25825 706862943
3985 9634785845
-91767 7036219441
-44055 526850928
50383 8594729885
-77225 2884734481
-48999 6717690200
-98209 5541021070
-29285 7350101566
-43317 2093454038
33729 6720209957
37755 653400317
-86401 3265193403
-58303 9303494937
-86353 3427603150
-83261 8729348079
-15811 1100480896
48091 1220629183
-15785 8468237458
24707 1862875915
31137 9672957909
-45845 7649930105
-55439 9165934185
-46257 8365427833
9115 8856715725
32337 2451730037
-85497 7556493181
74161 9663380700
41161 310872812
-28045 7550915145
-69887 3144435940
90323 4559324930
92667 4640985543
46143 6645181647
-29125 4235072701
1617 9808208425
14771 4937113866
60275 9002909673
62759 4894272102
27871 5400986902
-90009 699247985
-86365 4960370631
57879 7053906855
48599 5772287199
-25641 6512614938
78151 5821585267
-60151 2381060373
-23845 8932621206
30295 6955979859
-32695 5794056820
-10591 2814165009
-56911 1979105173
8725 517634517
83437 4893884720
-19845 1673372953
-43467 3310032140
25643 3124051587
3165 1844985160
28019 5080732051
-28611 3035918464
-27339 263259984
89233 1023904248
80129 3112661268
-47959 6407073509
-57681 7418434961
-60799 4990998961
-83623 3708149505
91535 576722002
54469 4115527749
-78119 5999824164
-3883 5974955949
88255 4760095046
9549 633024016
48961 6768874061
-19577 2215171473
-27737 8665177646
-18803 5924036913
53923 6358735441
45991 5982524130
35181 8638902560
-21185 562334683
-28353 1268225791
-53823 5519754212
-64805 4142694305
715 6682194874
5181 6784755536
-51835 4343392265
66083 6566198071
-78139 3771171297
-1353 6743802038
-53273 9343000485
43499 3471189189
-96289 1971575145
-20841 7259382946
-44677 2457832691
11517 7470544921
-22295 9622653689
-21119 5883476276
-92511 6919663669
-28345 5046960634
40847 5632373759
46673 476488853
-52821 4510757410
-35501 979335941
88737 7752716141
-29625 4803988069
18437 8837562793
50461 6496281089
-50695 5236049905
-87849 6107650671
21779 5938104005
-3479 4637717981
-27281 5610749785
10171 3345410865
5569 3065661332
-75027 1234208240
70601 4085426713
82375 9210072723
41767 3858268381
17763 6221232950
-77933 488124494
77851 2835277538
13989 6466498465
65521 709063589
-96871 9790135152
4115 6478641723
-4581 1143900970
28541 6846586384
78123 1827188063
85637 4817507892
3075 2358893927
-64657 7858523675
-98773 3995967715
76851 4807946662
75811 7138815785
18595 7998273706
-92845 9317732766
-19643 4158122805
30583 9006349385
-97021 1878682277
81037 5605149413
-7459 2472693145
61591 5553980098
29843 6408846058
-42777 5177797798
19099 177013306
-87311 8541967953
-94891 2317635208
-6093 9008533726
-31863 7933619441
-55981 6170588090
-14773 9317260942
78111 4179820790
63873 6046121248
-17377 7666319943
12503 8768962945
60425 350686041
-8025 5825849842
-2445 1417490593
19957 8453625905
-67223 2282411300
3229 3679094540
43407 3784951241
-2333 2227390963
32661 9621213949
-42297 6005999589
-28793 1086027058
34941 2665980784
17069 4196497312
5333 4893500352
-57309 4735221474
66889 1314703660
-20509 7246268842
35001 6870834128
91651 3806418229
76243 3235557031
70933 7887834576
-68691 3249820589
-24887 6562054781
58545 997913269
-4643 2862934568
26007 4944246865
21771 8878407730
5131 1333051907
82717 4890496004
-87327 8890345313
-16601 8519546570
20213 2347645933
-64749 6852180438
58253 8462052016
83723 6428115181
-19945 4525878301
-75573 8518380961
-27319 7498247337
80543 6398269198
-28725 2768716102
71757 7683004696
16011 1789234217
76171 4435713347
96629 5790385441
25507 3772217979
-81389 3115023397
-71123 8936606396
-60433 8575665163
74939 6417914083
59745 346753245
-2539 7681135564
-5577 6136634658
-22993 6435167694
-54359 8383463392
14339 3476042222
24695 8939972751
97483 1560874359
78855 9471468778
24011 3572089054
-82557 6178265067
28087 3400618861
-59131 2804747881
72809 2539572696
88525 8178751353
-7081 4770052443
-43317 6292483990
-85073 6010104553
48147 6345438133
-32371 8220148516
40559 8318550559
21157 6881521049
22279 3419569302
32951 1947877046
86035 2703602795
-87527 8418650264
-3433 9209045857
-63801 1436854977
-21169 4089595981
-47221 616264305
29263 1517560314
63695 8708404539
78307 4936619553
16463 5774646219
46107 3834846943
-49249 2299027169
-78439 6664346696
59411 678372218
-20829 4247317625
55821 2828261505
-95475 5437315993
37965 6674916736
-25761 4124278563
-32973 8864942699
-31151 6119838432
-98093 7870814114
11 3891966954
-84649 4006538021
66593 4862663745
20619 7687115823
-8329 1458210435
77971 1272770055
-42501 5378283722
45545 4656404413
-12527 8306693381
-6177 8909858889
-47947 8135954332
-14483 5843446100
-98829 7988273517
-8563 8621177352
-29679 1001209912
96429 3838535313
58445 3550780861
85493 7298672908
8779 7365955922
33813 579828916
91429 981837821
-42409 1334437647
3757 9320578820
-39429 5515513533
-55275 8051632300
60639 5547406163
-17179 8045530708
23539 2795912995
30931 3096722406
-39893 7727166587
-11153 9869923333
-14103 8059142421
-39319 5842912289
91619 7746526461
-83203 3003134953
84779 5708868578
31831 7205060587
-66941 8782798818
-91803 6146355276
66463 278331506
-31139 1321556233
6285 3314725828
84381 5186116121
63247 2731544863
-98585 8941748661
-4821 9371538658
-96245 3260983243
27723 9258488167
20807 5843262502
73691 1903838349
-483 8254171893
3691 4445015294
84731 4504736153
-88113 4385939670
-31607 7475520980
-28901 5027519159
57923 3739546621
82761 3023602052
45007 8730380629
85693 9261478129
63853 7455734416
34363 3079735193
51059 8791393294
70371 861083722
58141 4276612232
-58221 8130837186
-51657 3897183073
-95205 6187046729
64021 9977516185
-28449 5428442362
-68031 3868059361
97267 5902395786
-27125 8068328737
-23331 4622991784
-6085 592714558
42605 2698881745
-84591 2665028720
-45461 6990890606
-16265 1310849685
-69725 8178447107
-47441 6891589219
34997 6184273413
88255 5447400127
-18511 1016674089
28107 8247067990
-86293 7773754726
32995 8581704291
-30977 1699268055
83001 2162159385
10605 1710069593
9371 7017267765
-69229 2354764687
-92113 7708045469
35381 5953997536
-88773 1733858009
-99913 2662791019
-65401 2245524767
83791 6150307133
19603 2018233859
60187 1928494959
73947 3604427522
-46419 1070024156
86955 8169288703
27107 2415603294
-53639 3869863892
-52563 8821545792
81891 8925800079
-53073 4420323785
70319 6239078645
-4389 4658219961
82469 7393461953
46839 3923520379
-19087 6075071716
13995 8570597227
68507 4016333214
-74145 7177573873
-3857 256340666
53305 2929866644
69775 2574520523
63633 6285103160
49273 5557505644
58971 8104549519
-19431 4570242332
85049 7940169537
10735 6057294010
92539 9615720639
-29079 698789548
48403 2024376653
63293 1196375412
-32257 8975855995
-9229 720399299
61227 9341965825
93143 7538672123
-4411 3662337225
10115 7299011681
-37985 7639882481
88693 4685028332
-14697 2812740343
-83199 646087596
-75653 1837390434
-4965 4156878443
38399 6322135043
-80117 1050691758
74327 2583853470
15131 9824056365
-31921 5108366661
45131 8317024791
-33039 1257281621
73153 9599130772
49119 4905750429
-70541 9024301838
37573 8909717464
19285 3222172800
17119 5048142689
6307 6141339819
-67561 3063775774
76931 3621664074
97861 3187190724
7235 1097970937
-84687 2546698772
-77195 9853358660
-16293 5984618054
99669 3813897197
-81047 7305418916
64681 5922575600
-95429 6476728483
-35325 5729178717
51111 1280909383
-92453 2222339398
98765 6728305781
13111 9517935147
-18079 9856199236
-34205 1261073623
-39211 1207955692
-44879 3954624433
5249 2319610261
-22133 8560308181
-50919 4431300952
39489 411663748
13615 3489020353
-79313 6084109525
84775 8764972609
38413 5102600217
-15523 4794077780
-63217 9105454401
24959 6704273553
-15975 4336198545
-86375 6906133477
79131 9047922450
84027 6548520043
-43395 8462822501
-37851 3483150532
-38321 837850123
-68173 9328705543
74571 1749456289
25619 5478520347
-64267 3084030916
-38441 793669915
65723 6366216609
-59393 2829075218
41585 2741564680
-37047 7850484841
-45469 6410698785
67155 3278751341
-9849 7943774791
-48761 1707090523
65737 5943343153
-42775 6125223364
-12605 1890211999
-27703 6133849225
2557 4558960081
86607 5751070603
-84675 1948241824
-14385 7841885515
4327 2117398254
-91603 2001958757
66591 3182342105
-95603 758961080
91759 7133504507
7547 1740463434
45045 4547388625
-66357 946820743
8915 4510121682
51869 1805027297
57529 6349069485
62751 3358132409
21561 3595347529
-55039 8354605056
73243 5183115457
72095 6886077426
40831 5289663850
-1951 7767268916
-90665 7757554953
3307 5860207913
-43109 7487113247
-60711 7253904697
15849 9203283361
40601 7762172104
-60321 7108857153
61739 5090835850
13875 1678658266
-66045 1701238502
-7527 910403248
67331 6490660073
33909 3686814497
71803 9618306619
41247 3279456325
-39313 3348218945
-55863 6217960557
74127 6215147425
-66323 3012353761
83013 8359430180
-14833 1731371483
-85737 9466873409
-4961 1039531418
-56225 7207373349
-16365 6658522159
30319 7315768395
36751 9978375809
-67237 440927647
5015 7651990491
-5309 7511458083
-99733 6915165339
-12725 4861705737
18835 2799801435
91121 2895544092
-15525 7941758678
-73697 3597677491
-46725 8658381903
-58993 7712827349
32967 4089326753
-17649 8065455029
2679 2366794207
53415 4981494679
-4789 6356249467
-69605 6258840253
14711 6359056875
-24957 1025916253
-71837 2198462513
-71143 1629140585
-8977 6786488787
-58553 3590389902
-87939 3443403729
-56705 7213894573
-84361 7503970362
75747 7371206365
11339 2541963521
16411 1154475327
72485 3584807265
66159 8775232587
50451 7849214063
23867 8393700634
50345 2391603893
-43041 6387345193
42517 2001967489
8695 2062107943
90721 3775479432
-64837 766689477
21907 5776998959
97947 5328884470
-89091 9278837917
54115 5690925158
-48477 9425238938
69673 1910530344
-41861 9153150982
83605 9925737017
85161 7175740700
-4989 5123320057
-65949 6008027347
88467 3158740315
-54061 7820733490
87093 5287692797
21579 3318771661
-92809 9591954879
-25617 6500598482
34515 238038367
-43433 6309693894
-40241 1484650191
-95699 6539984377
88879 9940972565
53457 6425159153
-54465 757589983
39019 2744496498
-36133 2216257831
-26663 5539026032
57191 6614629394
-66049 5886047275
18499 6475858034
68663 8526683355
-32933 4136305966
-24055 1534300380
-39667 7167151120
-82269 1396334693
-37673 4810403918
19777 2673113709
-40019 4099265576
49073 8184899685
72007 5769692997
-57177 9951060739
-14477 8670793642
1099 4546244761
-46913 882099293
13095 7987270238
-96627 753315304
-70275 5017998888
-57803 3722890872
-79193 7704056053
7003 7574152657
22359 8336500689
92871 5580782359
16603 1517129159
-59729 7392662586
94019 5913929713
-42677 7843879453
-7245 9287342487
16195 5087831995
-30129 6839132573
-82923 1121464412
70511 4344753434
32467 8624462815
-33029 3086464675
72493 3944623776
20769 4232610072
-34819 4859630780
69459 4208508286
84901 6353346769
-29095 83762685
88563 1632570119
-75767 2861223996
-48477 9494485538
-63745 6927095746
-70121 3622206986
6507 6276791629
19075 319296901
-81313 7298088991
-29789 1700002039
45595 7112159619
1875 7555645239
55109 3084930764
-12405 1270944757
47983 4109709003
79015 2280191894
93141 8029032788
99801 9734075460
-18935 7334726165
-18397 6017103706
-85087 7371396928
-51751 3526597648
-24489 6282076802
72321 9081711677
-55315 2224441909
84855 8539539905
1903 2189868498
50317 1959582376
-12355 8976070864
-70847 3201778508
-56963 9085004197
-63911 7643156645
-87097 1792177398
-22591 5993853397
-96069 6026677434
-45727 650044401
-7729 6269322913
-96337 2891550791
76773 8174384788
-91539 5468236217
-25253 3717062609
-49715 6631305673
-39453 8965604577
-42769 4058494866
63037 3751504000
82461 5614014421
61667 4264541001
-82805 3757394050
99345 4567281700
71039 1060724029
-72877 6528601742
89783 9290103150
79483 9777888643
3181 3736231325
-58791 2445175480
16887 9714389369
-54551 2802331529
32631 5420404379
-69295 497403061
8065 7992413001
51469 528171333
86539 4385145707
-16373 772516127
-94733 9576000350
-29833 8519982762
-51165 1304255666
36445 3588156768
-74897 1220065046
22233 5794879328
71739 6535334923
40023 5981505509
4339 7061547417
-58637 8821195961
58701 9675258960
-55119 7718980429
-78599 9825385704
-56629 2500874581
11269 4501243284
-61291 5395743720
-85491 9291880596
93809 595820229
-4265 1382392066
39631 8527315778
23131 2512374617
1479 136131034
-26265 4774619445
-30549 7421449993
1027 9209751449
-16661 1425539046
71163 9258395229
-81439 7124325096
68161 7434084733
-66097 9199318129
12969 465856052
95569 959594293
68817 4834230532
-13497 4029339622
37283 310382386
85469 8836342984
46261 4474508357
-70543 3595614657
67627 4201060233
-19327 7792818720
-19945 4759672014
46495 5640177783
-13311 2539197432
91007 4700482605
90901 8183684949
-46299 3692129104
23043 7666275873
58195 7275969467
-49133 3613006707
-48861 1811242965
10309 6616249153
94731 9018370811
-14759 6281294272
-24527 5519701020
-34919 4514763865
9175 5281292711
70533 8103010944
-97843 4017893704
-40133 7509222285
-5717 1966313395
-22865 5785379013
-95957 9147869094
-53477 1970681665
67573 945601964
-4573 9337144450
-71457 6483387442
-99281 6302868499
-52089 7289140951
-17705 6145713182
16753 4428678228
-51341 8297449482
46325 180360840
26363 5042744398
1559 7577484901
-73665 790337226
85379 3530222155
2327 1958239626
-90761 1223282893
-78673 5594526933
-18261 7452332479
-39361 3387422946
21675 2427945055
-19467 1460485157
28223 6571641826
69947 7790468662
20407 5256294963
-45821 9289776234
29735 7203521605
82079 6756857739
68503 7392768162
2377 2236973408
-90663 3641791017
-31403 1538077393
-75257 7567024990
14837 3255126736
31777 973413613
-32689 8659487818
687 3056993186
45699 5069113353
-14731 9186554164
58173 6931812745
51883 2639242158
-35429 6571701383
-26791 5801099589
7867 104332535
10047 5309551030
-30497 9109839373
-99755 7353249061
-37057 5549763074
-11881 1021456102
5239 6843852318
18261 2373839605
-79005 695776055
-17009 594351173
29867 8616723133
-56177 2283062946
46431 7327171566
31535 7725969723
37787 2575995698
47329 5071461193
91813 3087534068
4143 8152672249
87521 8179850109
7569 8957899436
12763 8876170877
43089 3109861912
1715 5689480313
-14693 6077790543
-8653 3984449010
94959 7423708842
-20335 9493611712
-551 5367240217
1207 6298256582
-29317 4283758191
20541 8899712445
34129 6684023057
-23995 2931767869
15903 4417927055
-40895 419018808
-78679 3927734449
97339 3210250409
99965 7615527556
93991 3571746577
-99265 1958909206
88911 5328648001
-28157 2846236658
-42561 5508786374
98485 7068816045
23875 317200189
-31563 7172491948
21599 4248687306
-24193 9567195141
64791 1646946914
-15153 9044467790
-17299 8407198721
-347 3975014312
-98515 3951680524
-88141 4839316187
-78513 8299050994
-9013 8059516015
-31005 9002084525
-89853 9206614889
-60597 6500931591
-28681 5305702473
-54113 9612432605
-57753 4917785297
69661 7244354401
2537 1151804352
-6099 5399683832
-38961 8516327679
16879 7031149145
-59261 2228718259
-35997 4069692525
-82439 5242303209
-46167 6279142336
15579 5694549950
-39509 7303839443
-85069 475672429
84701 9624475601
-44631 4547343772
92735 7620508099
-21157 1320657279
93601 4110918861
-68765 5534136494
-56649 4977476366
35311 759915749
-94677 1740307066
165 9848366120
73919 8015369522
-94615 6020277281
-39381 2758712034
47763 292715238
-71515 560673936
81609 5959585996
68021 2338190740
31843 2453162318
-13179 8771335025
40725 4349919236
73459 1838845671
32237 5044683788
-52299 3880467509
15621 7328301997
-18387 1821641096
-36713 2932014109
-4109 5998875037
-14329 9319276429
27945 8338729909
6263 8715135303
-63865 1144750485
179 1102086789
34255 5891781015
9173 4034530584
-42009 2587931425
41567 1498550799
-32815 8577410928
-98637 6751019305
82935 9308560262
78987 559795946
85251 4597682465
72295 1457818555
313 4621828792
49439 9031772475
60787 5595716889
57437 9982573260
-88229 5714340770
49321 6515162732
75393 5627519845
-50091 1174658349
49351 6186876325
55399 1820442086
-10655 1405690568
-44185 6510349359
-89003 7212217677
-45163 5294387413
-77935 3335780261
-57977 2104908278
-31763 6868481800
1105 8366863225
34937 5728005381
41517 7728190668
18687 5308396394
-14957 1806747198
74961 5668405533
91383 3552224766
57181 6494844928
-8643 6481273420
26857 1919082336
87071 1895817109
-75789 1920396166
-61593 2913347843
13023 9690643645
26007 5643938949
-82435 2037720197
13505 9378227360
-31817 6401564482
46155 1421877994
73573 6679553256
-38663 4544846385
-98421 645048258
25233 3738421440
-93997 5235369641
-84511 6935541993
-11247 6199539436
51843 6573333198
-69093 5369247326
38377 8257691720
85537 6588521753
83471 2923161615
98417 7700344825
57359 9710211250
-49549 1585203915
-59123 8961257933
-34041 4762124210
-31467 3670131988
-7903 8521571096
-63559 4026687713
-13157 2155816955
28159 8177823059
-67929 2981200530
5561 1862019641
70287 5651150398
-34841 5167019475
34863 2570959951
33509 7672407061
-76201 5458840135
31877 6643489653
83087 4971774649
93045 6340256205
11357 3560404900
-40171 3146579916
16095 3139731571
-91621 6373025607
-29947 2257119264
51113 9279126185
-52933 4693049798
92287 7404326027
8017 5807117884
-40033 886555569
31485 3513680173
-48873 3127395626
-52499 3519254393
-97379 2622559529
94679 1172550883
-63417 8839971986
-64905 7883180026
-75375 7090949460
5587 2811504065
4361 1209595561
98707 5922541530
63233 6716695756
-53121 8107859359
-88883 2471184081
-52845 5492541254
2563 9127735887
30705 2982135236
-51723 8607160648
-64475 2820806901
-24079 4654669273
-41277 288919174
-34917 8126795847
-73855 3703936189
24435 1769400522
18817 3300824229
-5709 7204322175
47981 5249279957
-51525 2169821163
2011 4734629362
39961 4141150564
-51519 5137743856
-12751 8060095932
-64077 8685026899
86641 9815458336
57375 8461005682
74339 5375938689
32271 291467087
-16269 8979508799
-69269 3340667345
43343 336602026
-66789 5259602134
-55549 9348062773
8423 392174431
-30589 9491970669
91495 6765525069
99383 3189265398
92315 9381830886
-93271 8782408593
91151 8681845171
-82981 476217605
17875 7201604321
-76517 2471570089
21667 6120974601
61291 4550307986
55183 7158143314
-74561 7345999557
6065 2758072592
51309 1325548240
-99147 1320091948
79155 9583214318
-20247 3411907552
4063 5291633694
-54753 945548041
12955 4230080583
-34567 6465619033
55341 554710536
39369 9262196296
-71199 5493824545
-19707 2748733868
-66265 3324664166
-73803 4375156101
4197 908467705
-43789 5917533625
-40301 1278632015
79475 8675543767
74325 2253405405
6163 1939268158
-12059 3159011180
73209 7876818913
82449 9947800229
25007 1303833726
73837 8572105676
88531 5407959026
23507 4223044477
-21749 7236122845
97013 1629240312
88667 734516709
61359 3948079651
-11829 3397501115
-93243 9204941333
-87625 3836904423
-75021 5382850854
-50901 1050897170
-44963 3931509720
35835 5642434091
74185 4222846324
23591 953138010
-80401 9136601850
-72089 8177140737
-50039 5817476952
57969 3460770161
-75703 7913720557
-60743 3342301724
-27621 3078948611
94457 8408140573
36713 7050942985
-30593 5653394294
88337 9487872424
67425 7092673025
25235 6989146695
44625 3817521669
86489 6698293568
46825 6236606765
94085 9400199201
-36909 3477903415
-49281 1575225605
39117 7744655960
20059 2636074983
11031 9144466755
-70921 8004406158
35107 7735142687
-79589 6453202137
28375 7192843893
-72409 9843841454
57601 8352019516
-79143 2520525725
-84007 7045182229
95665 8726512284
94399 3820075483
-71713 8444523201
-3377 2666385590
-98397 9549005747
63209 9618888680
38743 7471008631
-6077 3903594490
-10845 3547138723
66197 5870469961
-69353 8256547822
-33381 9182041554
87527 9125922619
-62383 5766805792
-38225 940590841
-67699 6528255185
49843 9783983511
-21113 6031788619
-70673 3997801237
79377 3251478416
51351 1788537331
3291 4074973425
83939 8069751513
-77269 6919260237
337 1995845669
-4669 9894102453
20127 3711376930
11179 7391509137
-90249 4195024815
64137 4527513464
-96659 1528137093
95617 7932617317
-56559 2221975588
-66543 2047032832
-3167 7525413757
6801 2765879513
-20923 8858909344
41353 1863154288
-16241 5950336057
37827 7633026977
69361 2515542101
-87011 2140698124
-65863 9258016333
25571 721714238
6671 6251794567
-96569 2996223662
-41873 4689534151
-99879 1645235644
-3377 6639464038
-27291 5133993560
87027 1632327111
-3541 164174693
-89459 1672987557
-19327 1640555332
-20351 3027135525
95407 3369452537
-23403 7565015940
90129 8159905829
279 8784909197
62229 1459990037
-99039 3112749405
-64909 7899284370
-15383 7930931840
-55947 6367637080
-14921 8554314669
10971 2054043062
-75641 6006330487
-75095 8385401456
-78723 4185649160
-10679 3544173845
-86289 7917571074
-93115 3192636448
7001 9663391329
50351 6965081277
59445 6926393680
-27261 1316768870
19349 9481775209
-24113 3236510907
2507 777823306
-13849 1295890511
-37689 4457031429
6981 9423153728
87741 3424847445
60007 8567883693
18105 547512669
10187 7234751121
36009 2894177221
67991 2409326346
-27351 4321957401
49473 5923745740
-26437 8871898439
-84401 2323711007
23735 8278458782
-22945 6539822478
-48569 3177077393
-3001 2080132095
99143 2207227558
25043 5447165323
-97235 4913785348
57837 9015146936
-49433 8996805081
74627 6266924125
94399 4011287126
75863 7461964434
-15181 6341442935
33997 2071527085
-12665 81280678
-7671 7290061916
19301 2122792072
-93123 9620508540
64951 9250836314
94701 4626699816
94999 5364398690
81639 6457029858
7067 830220854
5775 4013319478
-74409 2250798347
91687 4060338610
10487 8627153010
-95707 9490019876
-1439 3298250729
56521 3374621664
-58247 4766543444
76861 764404961
-84035 3585425344
-54043 3419994481
76451 5867481755
-28157 8581838633
15079 750322579
-59445 927870193
56313 4147533705
31367 1428413851
-47 1864230153
-57035 4658998092
49095 1925760081
-43629 7844915735
34719 2455274194
36217 1137277629
6379 431105870
-92465 7977950305
44227 2521401769
61639 5345465162
-69249 3593021198
-64559 2335847992
-43609 6865852011
44055 1154640046
-79875 2800407924
-29873 1904022890
99467 6504657162
48015 9945433214
55517 2831564749
-74749 3953322159
-3817 1737529497
-38693 7005044790
21629 7676541541
59863 4489751347
-40197 8244216405
72999 1110852125
-89831 4907159668
28393 5476628857
-56499 3068454713
74795 9208698730
93975 1408066094
14247 4187568871
36479 8196839285
21163 3327494929
91903 3125192833
-87353 6519056698
93283 3501418743
-46317 5602195715
80835 2936545277
-95427 6597810080
-18659 3166020145
-53985 7823391534
-59489 7685327594
-28483 3746637585
-27827 8159506665
32961 7773174024
11443 8616958547
-83027 6937753557
47221 1140905360
-52741 8124100029
41983 6415131650
97159 4392759275
-10739 193254369
-61009 9296187418
35665 9472809825
36611 8451066630
-7351 3477548301
5227 9620865611
-86169 6590472973
-12917 9166548110
78607 8758384198
-1091 8723319217
79801 9136742044
-96995 1897056649
-13597 4501366291
93963 8817067589
-93165 568759705
60739 3261130613
-51349 2867601466
-4285 704889089
69295 7890209910
96641 2926477545
-66605 3992913682
-71353 4801604622
-90685 4843493026
69207 4967824873
-37805 3147612395
67263 5194275034
-57065 5966858626
-28527 5195409869
18159 8595225943
-51069 6261557730
70211 5518807469
36143 6110811373
33891 1153366898
64783 2171972401
3587 8072709922
-67471 3477379200
41261 5819830560
98815 7816410085
9373 9789155040
17893 7188379425
-69837 6318606299
31379 8806343879
-18255 6941331177
24591 5168433066
-12319 6080040764
-21189 4571125430
19735 3671980323
-70629 1106477525
61489 755320248
11715 8321286941
35039 4186146283
-22727 7523579001
-98729 6859859273
-39421 9730027253
-42021 6382634821
-57733 1839832605
21101 531047716
53545 8440129744
-39653 8673418421
60039 5903959570
-95409 2453598399
83685 6010859861
67439 6662279327
49721 4657994645
-77455 7487552748
-31629 5480557251
-81625 3256709639
2769 5273906824
77829 9261600136
39595 6031294178
-80769 8032782010
-37369 604495775
-85857 8780625749
73249 7354688477
-35405 1078605235
-32497 2213433574
-87661 5952952981
93819 9253213525
55671 8441832649
94007 8322299833
75797 8296066145
-34895 9170564733
62049 685332964
70843 678092939
82155 6786524146
4563 6186384103
34883 5476171711
-16389 8094474102
-10653 1979995807
5991 3919255318
-82253 4114900050
-18675 7682242549
-58521 8578016297
89675 3640953871
-99857 812662783
-15993 7856195387
-69573 6265212101
-42131 5188941032
-65185 4330328017
-31449 8916929001
-19597 3056943179
-96929 2403564463
-43255 5203321269
33467 3020679046
-26537 7718958885
15275 8212488625
15203 4099330358
67777 9667643441
-86349 2882575563
-22193 8915696958
49453 9169717093
55809 8921342316
72633 6973761228
86915 2507782231
-11839 3504271812
-3429 6925080023
-8067 4785186420
7505 2828805560
-58359 584732749
4373 1619379276
89913 8977612852
88275 5359744778
-41841 6190543685
86843 6158490469
-45041 7793805674
-30949 2979576283
-75761 4621877279
-51957 2664570841
-85769 7043391371
18401 2102637472
-53089 5120306582
-69551 3626418308
21793 671510628
60187 5309504883
-58087 9287943153
40141 5356751120
-87669 9715980538
10817 5822255628
-84583 816664816
-26293 7240601154
41335 3623926657
-29725 1005817379
-59379 4016708061
-9685 5443518674
-58145 9359088058
20393 8676894993
34803 1831425925
28225 354954353
-10439 5600306249
-3353 4478336415
64819 1675803598
46363 2208603935
-14331 7386339708
89055 5630678787
-37875 2374819037
10675 6243503326
73353 6347792793
-29287 5462174036
-86263 2787919696
8875 6894854059
63091 7222233121
-45749 4342400634
26979 222050770
-73255 1919578833
-57341 8839523338
18587 1067970193
79171 968937325
14399 8425583566
-55095 3149049008
42797 4803157256
-80825 6620968669
-69415 6865312257
30559 2055265770
-55743 8127952845
27037 7775300012
81299 5057999711
78473 7577316529
-15337 1556883034
21773 4758344788
-8669 3293324203
-24897 9309993011
-83023 6841197937
19039 2351467795
80869 1648547281
37703 9984643101
43005 7129331921
40047 1653022458
77041 8487083936
20981 2896810045
-4405 2402384061
72253 5833824833
-36277 6493009194
-46527 2191958281
74083 1004314053
86719 7756134102
-47989 8002579015
-14615 7997318788
65735 962391909
-54985 9298652685
26843 8079420749
93615 3435104513
-22347 4319091772
-69653 2037375501
-88853 865570933
52473 2481767705
63697 8758855125
51935 468863061
47679 6077212634
36995 3850932422
45729 6303274777
70091 5431504701
76023 3340254533
-23725 7244907294
5367 8888286802
81527 8246762183
39803 3372511898
-29317 710223495
-77959 5740089716
12619 1560393325
35657 7410634429
-14025 6435194910
25475 5289204495
-2189 538671085
-79041 6750739107
39673 6325855629
26905 6855134764
59823 2773873565
35431 6114900070
-51449 2953732903
12203 6724107963
60607 5844625958
-78239 2911058204
91275 7374344019
-96907 9129266916
39937 7483720328
-20353 3707455367
-51747 3932051028
36501 6036569188
-16531 7719637380
98023 8270855173
75861 6758175068
80709 7003573820
39853 4010032285
34073 3208731833
-51121 4457440658
25101 6370033477
-60205 9176298779
15619 534009154
26023 4876774907
-86579 1392789524
-71379 8141391496
-66723 8896284917
-92973 4681045819
-37915 6425987705
-90529 9547648423
-25509 5498047967
95355 3945260414
7881 170926245
-70037 9966192893
15121 4727144964
10807 6580744450
-10029 6771122899
19221 3854035109
-34551 9664373552
2683 2116939217
-89025 3884596486
33847 7822078131
57475 7247700827
-52923 2177494312
-62683 6266308645
51587 9764978250
4363 9071259562
38143 3450962641
-94659 945274220
63073 1340064917
94869 7826414837
-76193 3058405026
-27839 4696733069
47005 4420009517
-79369 9189657895
-86797 2572881029
-40371 2474571328
-65507 6841541484
-3649 3549052753
50385 1436607805
-71475 5462083149
-53035 2303255473
-35965 6706772686
24633 2261324917
88089 3034321304
66973 7367111956
63275 2163773242
-25631 2501676472
26191 3540046874
-58795 6915805080
20487 4344768463
-84341 3620020434
-83341 781041503
-4141 4420357503
-55149 9550843459
86111 7169129729
48301 2421401621
-61697 2540330570
58729 2990502825
-20639 4059070140
-54889 6256403341
-57045 9737195650
56737 922789545
72047 1798119583
-27931 6342337012
18893 1615467064
21067 4120780746
-54081 7243219523
92767 5944887551
-7187 7112866333
-23321 2389535093
-93561 2452789915
65695 8190114939
77799 2992312103
64059 4296443343
-55313 8679054077
-23997 4049573695
51991 2849708438
-36071 9718106832
-83415 3898289580
-91849 4617400043
-87131 8064838521
90807 6316368147
-23221 6548008221
75447 5378394794
79187 4271831662
-72227 7915024988
47963 7938751931
88051 2428252442
32475 7821671539
65725 7016822989
86495 3730348585
-75321 8794657171
-28445 4844123343
58679 3245055717
-33 3949844407
-9851 6097628616
-28689 5974500841
-44291 4721800000
76123 7182070753
-55317 3832210458
62103 5791789875
43959 4021458541
63701 7879368973
82115 2275640155
76377 5019138761
51487 7518144181
85367 5972720134
-25265 6997965645
-47085 2187053870
94049 3174521788
-70879 4609544781
2135 7632083623
-10823 6322226597
-29373 887487045
8903 5360812107
-11253 7003589353
-99719 7420752220
71253 5377213501
-76599 1644131789
-67077 2663853867
-69053 9816690082
-86605 2428800881
-43559 6743068228
-46717 8250576021
-78289 6105190083
36183 3401425769
-73105 2596736641
-71073 9345046267
-75353 7937252630
-28287 7348329608
53057 7090469733
84431 7398588654
38537 7365425988
-60231 9273274852
13925 9031794825
91215 4617074995
-99957 1867649298
15275 4272636010
-6047 5995319769
69403 5694338025
13765 5366212353
-79081 6976284846
-25003 5589816756
-77573 5720885341
-66769 1281986781
74531 2014847341
-17319 504127052
84489 7894314477
-21709 3234202091
-10745 9307163029
-60925 7277828406
-39717 7478680179
59519 8349235339
69293 5029395136
31847 4155257999
13511 7344210833
-30015 3288036168
63951 3832046515
67227 628388142
-16043 834427673
-19283 3770164217
5115 4259835411
88423 9538792710
-17675 2560870924
46057 8083771665
77391 9020697186
32631 2686797486
-7105 8042226961
-85251 8571324372
63393 4248733725
63103 8810578109
98647 7528406814
94839 2246242750
74401 1279664752
42013 5646348852
-80757 4272475213
-67105 8596680871
-14345 8114254259
-94237 7539091378
-21149 3184568586
45515 6715697703
18855 2582682255
-911 3486742253
8091 5112113857
-74499 3513440276
47435 7662181307
64851 3874124206
15415 993707778
-48033 1158394473
-72661 439109058
86441 2611792113
73495 8874500742
52219 7470832934
-57977 9963888154
14877 5836043197
88443 4134178315
49879 9674011246
-90625 9255049241
39505 463689917
-17445 7950697461
-33503 2238265949
1391 3861838294
63483 1077788526
-217 4434506045
-1325 3875162657
-70935 509434104
-19591 1755871637
-41491 6845523144
-98543 3349977813
-39723 6596722529
-54945 8128785437
-75975 4050548220
-98037 1394603409
-17437 1659170669
39373 9039580740
78239 2063543594
-54291 4073432292
-39053 3950946545
60819 5895407529
-40925 2286477595
-17805 44139149
-33545 1402390299
83667 7354876227
-61173 421158481
-65573 9792877794
-29839 366308628
-96223 7945212272
17537 79651524
-63209 8071313935
-26193 1099378501
-21667 8808699240
-85841 5826005049
-95045 8665548191
-57677 3551973481
54377 2020059129
75305 4772308388
-48343 6427010724
-41979 8897678441
78567 5027656726
64923 498314545
-53553 7012869514
1145 5329952889
-89025 8056519521
-32463 9361926493
56373 9553988137
-22477 7590087015
71959 623171837
94091 5813728799
-10509 9958937422
29487 5190726427
-66335 632832885
-51733 2989985418
79801 914847845
77205 3776204144
-10577 7288817571
-76077 5580873206
83117 5318187108
-32821 556866961
50075 9958090321
40099 5596067307
87031 4052928905
-39097 3298134093
-69937 4135370905
3525 3373539937
92753 8084871169
30151 459967923
15929 7123905200
-18693 237998686
94343 7496813583
-79125 1803710683
-91733 2581216242
-32481 2341935711
-18087 68310973
12249 6214196593
-43659 1942568032
90629 5730094064
-75469 9664513826
-22221 5681222594
-9205 3895465654
70629 8202958992
15803 6653619358
-24265 6211912618
23249 2549167961
4655 7879688099
-12701 6588515074
-85173 8802428073
57625 6319423341
-28837 3397227977
8245 6001456696
3323 3155635171
-91825 2573797238
36353 3761283108
45601 7085819972
1635 8823228130
-49537 6806847999
39319 3107316575
-76155 6318886157
21213 9249766273
-21229 9263062750
-91697 9126283543
30709 3346078501
-25865 2959914015
55637 914312268
66725 5344713200
99429 3175514709
-56135 7599191660
75815 8631348639
-41689 6201287570
-66843 7263728693
-11491 9393526436
26473 3772509808
78341 5809965737
95911 8396132105
-50585 1431329450
-35731 3041585156
-25049 7527952098
2719 1905274690
57153 6280267609
-34845 1297184731
-35777 8883598841
12101 9205725697
74591 1976529262
39141 393185520
47069 2273074157
46823 6774497646
78893 4212728392
84649 8809860472
-40779 8954093689
-60419 5118725333
74403 7254383831
-79789 9350226235
-17389 655455157
23161 9283638504
14571 2788231706
-43405 1888078414
67929 7089138720
93153 1445749073
-77275 6126621540
-40163 4980821981
-26865 3151679539
90207 9573110345
-21101 3741944598
-31861 4782981117
18563 545295526
49931 4863505729
36581 169683873
-99617 5097788414
99959 8768115173
67313 500185349
73289 8163280105
-79043 9504168937
93895 2657318053
-67937 4814559391
94439 2829830394
-39947 4753622952
33451 8989169841
-44557 7182942962
17371 8069431646
-34267 720563324
-53443 5852621333
-30473 2257468803
76199 4588853049
77511 3067579689
-32773 8111292370
-4309 3994049993
95071 8067097785
51721 622358461
96691 9352064850
-99079 3455783785
75337 3119703673
98501 8113407877
48145 5396409301
16277 8943037293
48901 7414648572
-57857 6024812153
-89135 8973432020
-62173 3755267603
18183 7377948582
-49299 6113443476
8075 1906745478
-46491 153721328
20749 3536377044
-49095 8233371185
25735 3853163125
-21479 3064725844
22619 7405906567
-83609 1021179817
69891 541504193
82733 3535365904
61883 4495701670
15879 8957859987
-50377 8544550806
-88145 9198069978
23043 3169648681
-78499 7720189093
12991 4855112914
77811 1699740067
-77513 1826119622
-91007 6133373833
-9365 32604298
25203 2618233021
-10797 2282023459
-6709 1934346269
-5185 9043324067
-88083 7786334096
83625 3621149989
-16741 1229635459
-24217 3946982153
-43049 6235498481
-98425 3708389158
-76753 3157278693
-88983 7855378765
17579 5923893338
94207 8536938349
58191 4674563477
-97205 4574354825
32323 4811045474
-13825 4025899483
66307 5810929806
-42891 9649101993
-18663 984595124
8343 3058924375
51511 3631583502
23271 1355233547
-93689 6935250563
67889 1394279105
-25547 2243503080
-1547 6324812836
89469 6083094584
16275 3541097798
74653 1547910576
31711 3253424129
34103 4656141322
58649 8251367416
-47651 1076512716
39965 221907369
37899 2084114102
-19077 9150456569
-53791 402022476
80849 5236779857
6199 8861185673
88405 1359835589
-63651 894207156
-43777 9633455326
42311 6007662303
385 5476106997
36975 3639995171
-18883 3936150369
-92375 8961974536
79967 8961720425
27 3275945541
-58353 917137687
96499 7824098355
94369 9450866000
-24665 9671348623
-72913 2601071771
-33373 2090983437
60277 4836230373
20977 5940420965
55769 6365294572
-34041 5116736162
97919 4380826009
-59989 4447971375
49627 2386742665
61339 3930889567
52931 3172462414
80531 8026723993
91937 6127085749
98025 7118035101
41675 7115893094
-40819 8457757844
6507 2122609759
4775 1524091035
82571 4628012205
56843 6190007407
-57443 4502997872
27817 1475982416
26249 9772304184
-981 6409567978
31735 744844219
3761 3886127913
69061 1016327645
26291 1534582743
-57663 1750798133
-87471 4210571044
18961 2591864748
-653 353828825
83023 3657469074
91819 8546672230
34985 8059375628
-4447 211320037
-3717 941599146
34179 8514082162
-27859 4341018177
-56585 7333947739
71019 4617640778
90567 3811795977
-2867 4579070136
84811 7682707055
-68061 3207183269
29453 379897536
29059 3350269222
-34981 8414126031
62817 4427049528
21719 7447986851
14217 5538029033
59895 7828085145
-66987 8663764204
-29123 8284174913
-75329 6971851593
-90393 5723420243
37411 6342963561
32559 2303810113
-53987 9526736700
-84473 9235197197
98493 3597595397
75261 2047908644
-62531 5156262364
-87967 9213046533
96209 2018393840
-75541 3552785309
-62483 6541675009
-7675 1269293925
48417 6702716581
-21935 6626306688
19749 4385535692
-25119 998485600
18763 1169227655
68487 2946010511
-42131 6359712469
-72915 9857619240
38095 2134941419
-9911 4204662728
-62521 5192046309
47733 6554463365
44175 5484604837
-80885 1153538522
-56193 4620002923
36659 5148038786
19411 1804053286
-96597 8607630374
21151 996678455
-32343 2532080713
34335 8518163162
-41353 7722074683
-84777 9297249943
-42103 7025656305
28129 4499447381
22737 1996860308
-11361 7215550997
-92673 2401827037
-85551 8331379289
18935 9154513129
-86061 7522588087
51867 7807724539
-10351 4467685857
65737 5970560724
91423 4309468263
31343 8726966319
11373 381234084
32513 1638309561
-445 5474693014
-43007 5359175100
-40583 3771600837
-63641 2981174499
-86445 9019137275
57393 2771568048
-45013 7699746006
-13245 4838765534
-46243 1766671904
27055 5333293831
99243 3485774962
-16969 2614507599
-96235 1408024160
-37097 6959189278
-41987 6208531265
9727 7374845781
-38333 8053443349
60431 5569071478
17371 3794365933
-7849 2296216361
15485 4130537333
13935 9716995225
24713 8525404456
-58093 4092002811
-861 2806411039
45961 1143201197
16401 880412937
-35529 5896525975
83089 1466232520
12133 897680256
98627 5391381597
82415 8224716138
61239 7891746106
17289 551097245
4883 9114139202
54769 3315703544
-44581 3504052109
-45987 6451524372
62715 3906919235
48505 9177299985
-63909 3346771987
46815 7385745542
50243 8763664611
-12931 9987657832
-95307 5259933276
-66705 5469508901
-6033 1359689150
-40309 5075033489
-21573 1485348002
50847 6629062510
-3845 7345968394
55399 2541305439
-46569 619056142
67031 5489472653
22193 6911052544
1813 791583908
-40075 1911156040
78737 892610465
97859 4064323054
99845 9643191600
-64907 3552838501
-45319 6180965313
-36145 4882289690
30219 7017357758
-89805 9454610286
-92413 8646262535
72503 4056052671
81103 8951381153
-81705 1221099327
-50481 2210933279
-86585 1681422637
-1673 9679592141
-41505 2986739435
-78769 8208065449
46865 6306696313
79865 6298092397
52865 4190723133
3759 6147933351
76643 8791580299
1491 7808380665
22319 2287863799
-61513 7240382314
28179 1644130749
-90227 3344912896
-43069 4903154813
-98225 4860149777
-3981 2558876778
-67053 3200101493
-9657 4229103697
1707 5267233923
-45785 3362836301
-50657 4330175274
-88065 3959607825
-34657 4107488923
22891 7710356165
77513 2847670921
-82961 782454441
-46571 8421567609
75873 6442129536
-17619 1977075285
64187 2724884882
13113 4597151405
-32807 2574746421
-86207 791227212
7831 2853176379
-47829 9464734498
-33027 3613476652
-59 3979632736
66801 5873121005
-17553 7960381153
61039 1259568062
19993 4659615196
60367 5292851501
25397 8034063249
-40975 3329969124
-77393 6814788263
82171 7548634179
66007 3466569077
-61065 5906488122
-42193 1202827094
-1279 3777929121
31643 1588028443
37281 2051017376
-74465 7584601886
-84583 2797668072
49909 9742947125
57997 1074434369
-4879 2251247768
-65809 6936369462
-40381 8283078682
-90973 9669509557
18791 8378044315
-37585 4828640249
-84341 6356275970
-12759 5433636361
30871 1651736350
-65123 5665239337
-25777 8564852845
-2179 3151677784
44219 538331437
-98003 9442011696
-39245 5792744201
-85947 2030871601
-75299 7965901836
50191 3722224954
-63351 9440329833
-43323 9697373140
-59691 8435887568
-66387 4799499301
-29555 8523269309
64551 5603497834
65671 9690230325
34835 9680749026
78957 4165492692
-39193 8411427313
-17563 929488672
-66419 5776176341
-90537 3275324241
85547 9894016669
-17829 1354035149
-77073 6343562669
50431 5351004007
-46093 7137102966
-78845 1452339790
95509 3150992108
75507 4047715414
29543 4923069045
-98669 6287121885
51451 2734950439
88227 6430334123
-43137 5080629722
73483 6769345514
50925 9332133904
63011 7641838845
-39079 2732375520
85323 9517207673
-73881 1931841514
47543 6236092042
98555 1145043361
-80195 5507356764
-56487 496930861
-29579 5266431944
-84049 2923724039
-77447 5869741312
30753 5864353608
-5429 6862410726
-66669 3296724270
28455 7859174191
-35377 1540574766
-90377 7794483365
88605 873003301
29399 7126516405
39543 9304125037
-85033 6979425102
-15873 7289981923
-21037 7257680786
53717 1783355224
-12653 317311137
82227 3300624813
-34321 6520590794
73187 2202108230
-97645 8372094259
68475 7609938898
8279 8905578137
94867 4045916183
-31025 3195646426
8191 3794719918
65729 5658754989
54279 1652027395
33737 4735358824
-23855 8710329769
46043 8999999199
-56779 8996893537
37307 1756459710
55903 3398617289
-6961 7095075430
48279 1802882397
-94677 4853769211
-29383 3008514232
56391 7518954382
74481 2728502197
-61115 2274220581
-57551 3196646568
-1093 3980199971
23157 1645181821
-72923 7963047632
-41853 2947591906
-4253 4199646799
-34189 2199167082
-49897 1430536837
73259 4880939762
-43145 3361862298
72091 6958049074
-56575 5218153740
4103 2268950534
97575 784543934
-98901 8013827635
-82755 5297468796
-30545 3133973737
64919 5580605743
-72261 7228291629
-4837 7010469123
43981 2521463909
32155 3966730581
34681 2852588353
-51575 6988493525
65663 6705192462
-44905 4413662217
-91799 7812645561
-26615 1553721028
-169 4792691390
63523 7821559726
16101 421775609
12771 1397430234
-62459 2850668168
84989 6806693888
-3469 2213710079
43535 8646735171
-77029 8503639711
18171 1773746477
43087 1323463586
-19609 9002671039
80153 2397908409
-47073 4441085037
-23377 140238331
-77607 2661491968
83657 9919359609
-52599 7650468996
-9961 6023142114
36671 5488223466
-64577 6645314802
-15405 3404950602
5225 5631029028
39039 4383775458
-49703 490021549
50087 9638194525
-66517 7730445443
96373 7347497353
-87451 827062413
-79437 3928960375
41849 5399583837
70651 4684346103
-97909 6586232605
-30201 5084069493
37285 6252471424
91927 3660524535
30493 5156007941
58919 437546450
92969 6267038768
-14887 2718318285
58365 9660691472
-5147 2105307253
-10195 9261175417
-76861 8487485127
-59907 9894491093
-54021 7013212334
-61341 5150068955
30817 3054548608
53515 2107200019
12615 4972255151
88407 8126290487
18543 5066041621
46715 2097211698
1875 7604573285
20065 4500270785
-38211 6890505781
15903 3711117037
83465 6222714024
-46589 5032072262
-5033 8153394030
-20345 2518298075
35203 6957272149
89081 4669786228
-26697 4912178659
-2093 9145412746
-26735 2291317873
-33605 9467745663
-11289 4261463525
59627 471677413
29887 6784325895
16455 9997188133
-4985 1042411079
86715 561424874
80519 5981859817
33207 1455608342
20381 1808185081
-29589 9654751365
-61359 8583128176
-7683 8470989804
-40547 4847544525
71753 9786332504
-80185 2489895946
5221 1697922457
-59749 9744925202
-55909 5306469297
66331 8072475070
-24675 9381804865
-34545 3337456295
56521 1893183057
-97581 6709642143
76115 1252000278
-23811 6543064353
-49793 9381956335
66447 5285609213
-20617 1708316659
-95553 6463162245
-76395 5851187869
91485 8382995820
-92205 2413917407
-46045 5450475638
48425 172354440
47417 9632599580
96161 2230474633
30995 561794635
-30099 1771202620
6187 8717664079
57767 5124360571
-82699 856565693
51967 4883174697
-75559 1955176296
-20797 4061217959
-47573 3686441989
6367 2997313377
-27641 7361295758
4979 5082876015
-83849 8518318146
49005 4709943596
-46775 2592681416
49819 3748774450
-94377 4600740267
14607 6010268731
-26759 5548762060
-70251 607527041
-24329 6103018959
-64737 2149015761
35907 9742829901
84415 4776832029
-68379 2647439873
-13815 2158237061
-96001 8621811019
91909 6737916145
-13325 6386907377
90409 7163399544
-44943 7795093216
-72331 4489345112
65011 5507998297
-12887 4241672797
-44569 949790694
39325 2367208216
79147 7039593033
-4643 429688301
51105 1090735252
73913 4036620981
-71943 3042520225
-9737 2247547913
-3797 6532687738
-68859 2928178796
43289 3171210933
-1013 6376462217
-59567 2398437441
38619 4451894317
-29501 6571323006
-80121 4528733518
31645 5352543720
-76261 1064125203
-58533 8899110393
-56645 6258019310
-94753 1039659249
-70975 8024911929
-95117 4267891034
-75081 750484007
-66409 5328089061
-94979 2361187812
-72233 5124071530
-19561 8150459151
-55801 9701032041
99907 7019542723
-61889 5903443766
78785 3680321156
-74569 2137105657
27755 9714294315
21737 9420708777
-17129 1298486827
7483 8960228197
23961 9911901272
-62397 4307481697
8015 1215148299
-72343 8565717288
-31785 995801286
-61097 4841638489
-76559 7141306513
38771 6233363973
54013 895043756
69805 2548476561
-62877 8361403019
3635 1493074506
-51239 9668316689
69813 888155937
-33471 4607588036
-26079 3889988140
12843 7854585078
63283 8491642709
10529 2975458256
63733 5703983944
-42061 4819279747
81847 4040867851
69551 1589105675
87617 656144409
42097 3685349321
65387 2169492822
65473 9251632152
-12815 5455887544
-23701 5467791403
-44577 3597864926
57891 5426361761
-87249 1628784035
67635 8528599330
10317 1563362536
-91965 9502987027
-14259 9222029064
11427 7001125637
62357 2338624425
-5033 5592453541
-94951 9467880536
27227 1750461525
-83793 6609713054
4059 8734726411
12965 7716112104
91335 1205504938
-7987 7349614608
-79995 6355903144
-24377 3810396706
-20477 9355458415
52833 6215379928
55713 6268596180
65421 4888284616
47689 6070063108
97497 6378518477
-65207 3566393753
-72425 4163971555
-78019 4214212568
50121 9499052764
69005 9614730993
52665 2109029164
-94751 8233455429
96001 7030341357
-19635 3440762012
-43951 9577010612
49897 969995144
-19781 4675745549
1545 8262175484
78125 555279021
98037 5091164213
-41525 3184112283
-6391 6724206580
21129 4661234648
-8111 1469978501
-29531 5851168500
-30917 1777812674
-37849 3081956010
-1245 5662529509
-34229 7913711877
-64871 1146380508
-56375 8256006528
-93781 7266800870
-67587 324710904
-70653 6510443849
-41905 2162732889
2421 149929069
-82187 1384942144
-14181 5296691567
12237 4985367108
87681 8552529040
93957 966527293
1001 8819562861
55815 7769604782
-16621 4406802845
37647 9459266714
87463 742391310
-60089 5192584675
-86767 9827539885
63139 1834582441
-59707 7628424005
36145 9487784373
-44461 7751797445
-82503 623384177
26561 5101940060
-83029 5765503411
-70667 5544718004
6909 2413112636
32887 1674584541
59113 6218398693
25405 4721877405
-15395 9141047921
-58613 2409863913
47491 6723103635
-24857 3033253349
-49469 7942315695
-14971 5443226228
11645 983853172
51267 5433682378
-45039 6497907736
-13835 7335989773
-74413 3477358578
-82403 6394463733
19785 5639907925
26723 3902550927
-94195 3678867780
87313 7962618493
-1239 2156930048
63109 2828207432
3281 7418254032
-12373 3927039495
-66119 554444137
1033 5983680096
17511 7853440207
-63663 4726990432
-15313 9769753883
-28417 2866574646
-47355 1414219652
35947 9452000097
-99941 6391465793
-96885 7803150959
18941 6422381496
54667 7148324817
-52813 6176929377
-23411 7964552405
69919 6244645414
-16367 8733686401
71675 999489742
-74051 1456061820
-81199 4592176317
-81869 971371441
-14149 838325593
-16387 262770080
-36869 1588421499
75349 661563324
-99369 8372947955
-52721 5075056497
95119 6754472398
4011 6061198555
53823 3895919743
-83989 2986636110
-16829 3815904579
32859 7431170679
91125 9764351217
43945 1722298076
-93801 4796834759
8107 6437286769
17875 3315035239
-81635 9107125749
-56213 6406164386
63151 1069409139
-98301 9327032389
28739 2884635357
-50125 7084069846
10945 1819083952
-97861 3041229337
44259 8241662447
56087 403300138
99593 6807990512
45793 9179865364
59155 7732625399
69007 9524648397
34539 6766156462
46113 2325335173
45001 9236327533
57763 9621852909
-25149 3872951234
-81267 2228557461
-43453 1147308526
-95099 7455992324
-3787 9555921508
86067 7011605003
-7247 8361004636
52121 3822115409
78395 7241323498
-44805 3617469506
-85535 6539267980
74441 6444329421
75489 4020199648
-23761 7640030013
33047 6079191751
-4049 166008945
-81993 7756619815
-24619 3816687720
-17305 7044542298
-3859 9754586985
48521 4760790985
-34647 9295516013
72073 6654442189
57141 9525747305
18069 4495744365
-489 3213889765
89785 2311073396
71289 4531574708
-9043 648280133
-84013 9445103891
44261 1521830785
10743 9067426858
-63993 5945096747
-74085 5286197491
50437 8475966601
-88813 8615074511
-713 8446060851
-89799 3400688901
54227 3533108343
33517 9344059497
88695 1293295751
66771 607706669
7455 414748266
47293 8835069528
30531 7049129731
-59139 8702993176
65667 9959827810
-91145 6783492749
22831 7424539585
-47909 4838027939
-91105 3063869774
19823 5688920623
-30783 4012243525
-16843 6753451245
-97277 1811344139
-30859 3889861549
-81571 9643362336
-28101 6434792069
38167 5090254921
56395 4458125003
52905 7922604892
62555 2958261958
35647 7694978045
-50641 7944628639
-28177 761872351
23755 5162570819
12555 1642235931
45599 8366755875
95791 8656952329
61825 1564847532
-88451 1957049253
-9033 7127729107
23785 3387037196
-99271 4148860984
30459 3897188767
-45759 7495267976
5115 871392343
-93041 1666328078
89373 2897923781
-4427 6120233289
50109 562926817
6625 1386931001
52387 8412454171
99441 7496383241
-25691 4010238925
-88863 6080709628
-46351 4700690720
-39171 8338233384
62831 7061596599
-54011 8017587276
-71999 8775102601
-11449 8935237782
42285 6037275136
2089 3135936041
-90889 9544867597
-95489 1963740405
5431 7649527011
34203 9318762131
-81577 6717920237
-97091 2733287624
23565 2516353145
70535 2838749341
81061 6140587960
74363 1629442813
-77257 1331411087
93219 584173977
-27637 592344793
-35941 4754923085
-46691 3465489576
-82837 8391942502
17381 3806789525
-40783 8367059037
65389 2181340821
33355 8316970127
-90945 7583772710
-19863 8558544744
-58245 5887194186
-5505 2167155619
-78461 3080428039
39479 3536484269
58067 9072189555
46351 7415708285
33653 511903968
66355 1018476530
-16185 4853718326
-69861 470259987
-93817 1115121499
73839 3910606019
43401 3768703629
-16051 7590356681
93379 9955333665
36803 4901497195
95109 1934880125
-99523 2764201097
44219 7357546455
75487 7208337314
-85825 2121592014
43507 1829487693
54219 7155646601
36039 4762479325
-69527 5670692340
-28063 8207863928
61807 1204392981
-90709 1767499565
-70337 8681058634
94663 6472692746
15799 955660695
77419 2974740011
-15089 3643473354
-24163 8196355021
61645 2036508356
-25133 2723099807
-49651 3963109569
79037 1460698497
-79601 9347993657
34843 8351268509
64287 7920606410
-8381 2451534575
45937 213742716
541 5764659525
34879 3808714133
-1215 5734810421
79485 9271323116
-87813 6454742966
-94239 1428210781
24719 6292455818
54029 6634196688
77795 6379592110
-93663 5831119008
40091 7205871427
-52591 1846578636
-10337 2880077431
24427 5644363455
66985 6754398964
71555 8320815023
13197 5946822905
-90069 6902285297
-477 6866300327
41083 5524146369
-43483 4824395101
-37465 8116528489
25711 1362739489
52403 2992565387
46939 4261886730
-73501 452867414
11595 4805482269
-64271 4490133080
-25709 3915382303
-84157 5209646443
-12577 1686948499
80871 9380359653
-58403 6220930724
12651 6602641215
25623 9780767530
48127 8941216225
-18973 4737578942
39157 4041332069
-44409 9731091938
68611 1727371214
11863 8580149250
-78293 580446823
-84337 2625230011
6911 6839818317
24215 2280824353
-90005 4142799291
-3463 8471204969
-29793 6850424299
-36165 6083192578
95981 1203722993
-67123 4451754801
14987 9240572761
57483 8135089561
64437 4199541320
32485 6900566820
-1445 8525033231
97481 6802561641
-54999 9440366137
33281 3489775561
74901 2751870649
-71401 780495882
-59929 3555819707
-80271 5869378908
61119 9527334085
48127 2268047422
-93155 4888785509
-96533 2713102015
16843 2720432537
-55857 5904325270
-39881 1468770906
-25273 2722821466
-49219 5198511537
88383 6232204742
-45797 1772870187
-62519 3645252404
94719 4204416754
9927 6577879546
-84357 8031146261
14131 9423191823
86843 2823627807
-73457 4680825179
-22625 4599818699
12547 8038563157
-75353 2214649431
-82485 8959616705
1613 2665356456
75053 3650935300
-48855 653674001
65935 2211650146
60605 9089939897
6033 4494317440
-29371 4873038509
-84905 3585108507
-64009 6197677081
88899 1362298177
-24593 8809776283
20171 3053590542
-70557 6167554311
53753 1715926449
-28561 1826739522
76903 3114557327
53971 9014428951
-3179 2524944057
29823 7519716055
-88543 8007337876
-59329 4862850595
46473 3587406617
16679 1608365034
37379 1462727142
79997 9223882072
-37929 8044432375
98601 5105002541
-17657 1254392934
-47749 9280941570
-18155 4003059920
93271 6070478585
-78477 3416602834
66019 6406788659
-90359 5170932564
72783 6052049185
69491 1071246345
325 2043225880
94241 1897478797
-84577 5668509562
69187 4387314169
-55141 5944616310
-66321 6251913606
-83473 3087967213
-95053 9527526339
-38509 6234468075
-13697 8027024423
-10385 6768915914
3493 2351510696
70733 2614179532
70345 9551487309
31471 7541972093
71133 4441268600
76263 2607448826
-51713 9875604066
19623 8620699107
-53939 5082906084
55933 1536339056
-45677 4968512842
-84551 7414796873
69653 6709258697
21483 7009237553
-10857 1471965963
90127 3849922811
6883 7473787942
19015 5148276918
-23009 1705290129
11549 8027790808
-94487 9383489933
39481 3768294793
61843 4848914286
70739 4139194299
-2401 6424865186
-78631 1872368688
-98435 5862480468
96189 641832613
-59349 260808921
-6871 8623611348
55259 254194317
-83983 7642988917
98641 2107463148
-98829 8126741599
73657 9466138084
-95003 1764221521
69595 4707648138
12541 1360186540
-25085 7564798678
-69269 5432273658
76473 5443007129
-55527 4100122049
16277 4269063297
84759 3824268739
46371 3557787947
-89081 1022996473
-39387 1555137769
-98329 5680195463
73789 7916410820
-45261 5152240353
20623 961924990
20135 9343076443
7239 1343549842
70873 8329509604
-19505 3596326242
-4417 9092652457
1695 1217985959
-55851 3718697709
-38209 7401099313
-19417 1134790245
-59133 8326222758
-98505 6288983199
62723 5383751291
62953 9185669120
50927 5724330959
-30855 8349340885
56881 317765385
-66321 7845802911
31467 7063437630
-11553 7839530197
-32895 2354904921
34513 1052060909
-38417 3771832293
-56853 5367635891
-4999 1047381725
3253 6944492064
43483 8508071602
-85207 1570776008
-19217 1727448077
57163 4843213565
885 9113606285
-36273 3454213833
72961 3191361416
-19177 6813377038
53975 4883918773
41237 1078639680
6195 7933753533
-35117 4934454390
-23881 5824897035
89689 4419329197
-57469 6740981111
25463 5343859229
22921 1768681548
-81841 6716289614
-92459 7847710700
72357 8161803601
-96389 3490308637
-94095 3042312721
31803 9002615195
-61721 7453803957
-15365 2496441109
88033 5404113196
67571 4929882478
9357 63900916
-27553 1597538782
24931 3946312277
-28061 2077351343
79831 7902864367
-11177 559756351
5445 9515616620
-64477 1676154570
69475 6022661563
62609 7914964285
99353 5080873380
92615 9235201465
78515 3683513103
-26097 8638603009
-60935 9762674969
2315 6357241057
-59165 5467128727
44423 9620699695
30245 9559118977
30763 5790173133
-27279 2644873357
-29625 1399438157
-52993 2739102194
-4503 166252609
-83225 744970510
-32427 4160049088
79787 4007010671
-20091 3588654897
-33905 5332173279
52559 1997376991
-93393 9559428831
92981 9126462105
-53399 6304743657
-57691 7878834965
94795 1387616330
-4999 8371367724
-96555 6830667380
38561 4649872636
-95025 9604440486
59883 9457031846
4307 6802467457
50847 2940412058
-21643 6348993520
97111 5620248591
54219 2630371850
-35441 5171379021
61275 9154706185
76587 6241822983
19759 9814645722
-54655 4763767992
72961 3849534093
-14675 8101628540
-64625 4489281962
40721 8583607848
-25737 3578957385
-90799 1568799469
25015 4255683835
-77661 5622876014
-63457 1932594231
51027 9831771762
-94751 5966927140
-67625 7511408711
-23733 2018841899
-64393 7837388331
86675 4969958627
-44931 2614262477
3433 5840117645
-53201 9738504219
-88353 2760293978
42731 3010248625
90187 6425336427
29815 407007683
7787 8662223653
353 1331836289
-38981 2205548334
64729 8957498297
89705 5353075197
-49185 9166185430
-26525 7069288362
5219 8604663770
15843 2876856569
-53505 4343300305
-25727 1980261624
-44479 3864418544
79415 6090995963
36697 5161247737
94241 2913039025
-3143 9582892808
-64969 1290769729
-68529 4348879830
-18325 4362789790
82427 5807659631
99923 9195478255
64995 8201769814
-23019 9673241081
66491 1163312317
-58755 637941024
-27343 5156360844
40991 1401264687
60211 4341259003
-41831 4860747560
77047 6052013962
-1777 9466141273
-34985 6210787855
42811 4665358570
41639 8857950334
54609 4839443645
-46553 3696543243
-70731 6689614973
61555 6745292565
-70285 1051915578
-70509 7293156769
-63517 6275800742
83549 1111886664
52281 4828645145
57979 1898301661
-75371 7811030609
39965 7302510156
-92249 3031858503
60691 4855903485
-81909 6182614613
33129 2576335140
-69933 2064188239
-5657 5926084355
25813 3487899301
-47713 5504568199
73189 4280706372
-7489 818674361
13519 8958822474
-55759 3944074568
7601 8040325729
-3861 1744657517
92959 3078437614
-70585 5514095825
-57943 9237601412
-40025 4706949183
74827 6918514809
-37177 3880429633
-53163 7891159149
-65949 8227673191
-64027 9080214180
69955 1688181015
-88667 5590612008
22819 370991357
-80693 7377502919
15431 9341609937
-79367 5385827700
50501 5181077113
41787 5322298022
8397 1383262708
7025 3853709704
-75077 4320343033
49003 7648671007
76639 4456935690
-15971 238512256
-54917 7912649293
12895 5555973067
55407 3692546461
-27367 5247084569
22417 7031935016
-41225 468219678
259 9639138089
-5101 8934393997
69183 1265793269
85549 6884194136
58299 3797497657
-1491 5978778505
61479 9813095337
19957 8200312589
82747 6243097062
5403 2657516602
99361 7350225561
44917 442008308
93285 7694537549
-43581 7174230522
-26529 2107456541
-32909 4451568709
-21563 6357263440
-97009 1035074006
64439 2965127183
-70503 3538101084
41663 3572634097
-4229 2360748505
-59605 8378762409
-613 7040369639
95919 3004052802
-64167 5924207140
1471 3470001829
-57749 6237236443
-97237 1816717183
91001 8909251953
-98313 2525922067
68225 9933759604
56033 1645648157
-41393 7573543881
91641 8445326396
-89153 9259039918
46359 9064325770
-6681 2298263051
-99883 3213420813
-17415 7306719944
-40733 1176890341
-20713 1961257434
15019 9896413449
23509 2406301964
-77745 4935198806
93151 3371393287
46783 7791982023
-2111 2533598420
99817 2397493036
-60765 6626654129
12163 6579334562
-78895 7267464300
-90259 869887705
-58223 5163452992
46537 2003222453
-60461 2069468010
93947 594736258
63173 9493438388
14859 3036625802
-81429 4899346973
-17081 3532636771
60277 7189832132
75067 4536634790
-26289 5574474709
-71649 7039915403
-76289 9445160693
82135 5234913150
47911 3681792990
74127 991286371
41863 7515686974
26009 9539855664
61857 7649042056
22885 3668741688
-27021 8459426927
-18005 2093197911
-58643 8507463825
53739 2066679202
-7975 3149099873
-70297 7786000182
-1299 2350355428
50675 332322949
-61785 2398318290
91159 9688097670
2955 3624057881
-27291 4493686225
-2547 2311384725
79099 5425755838
-87365 2476873089
-1415 1603103785
64825 5465342552
91785 1142440520
-2417 612090806
-15157 9082367558
62469 9930144604
3549 5253701620
9243 325064641
-259 6649218557
-98333 3677755854
9577 2884513717
-92311 6482854337
-14429 9470605607
80835 4503344913
40479 4222704545
-37117 715270509
42567 7047687362
39777 6981369568
87521 6322739304
-71815 946282748
-96737 4949849273
-62259 2393755532
-18257 7254970005
35267 4372831162
7115 5115106517
26247 8688302129
90239 6019818579
54001 2703106245
81499 9685985787
-79927 7744046016
-24875 249540673
68655 1599261793
83003 8971004331
-15941 623340719
78663 2068505341
-9377 9870309449
-76965 1329837029
-11549 8713964539
-86045 1280737841
49749 2941440525
-5897 1597560179
19879 1288354262
-17819 1512170444
55707 4695370826
27713 6032332597
11731 8898936095
13773 1221290265
-66437 4482347442
-31361 7664895501
-12953 2243707359
42199 6310882883
-34425 671065369
-23999 7870197200
-48077 9767502763
-61329 5004034957
-13573 1511370875
-68731 1725316144
18329 374554812
87517 6001417964
-87785 6031420026
-34143 5606493868
-46175 6393199481
-10327 4390247769
-63349 5309298663
13759 2779388239
40387 1911917626
90887 9421875322
47391 329846714
-20481 2771759563
96051 3211841846
-16701 6975813145
-91159 7722773924
28423 2816078949
-55199 1006756257
2685 5835661796
-42373 626474103
48907 739681533
74977 7145960060
-79993 1308972823
65115 7042170855
93177 3123105528
3191 6495831929
-15805 2044954686
70925 5532755648
-31499 4016379037
-56639 1694881156
4999 5875330222
-44657 6768773614
25911 8437236807
70547 6509332197
-53475 5529381248
-32655 2535193793
-13685 8357819697
-57177 2412306938
9981 645992693
-98197 4420726347
4325 3157340884
-37971 3759805664
97465 8871075708
9511 7497119541
-30215 7221962485
-49535 9386908157
-69737 4254730447
74745 9144196061
-92755 5639502840
91951 4736972118
56473 7580057713
15635 7420642185
-34215 4596595588
26259 6261721663
59951 1309286670
-74393 3659361934
47365 8850859536
-15761 75567739
85345 2387017669
-66933 6823347719
-45161 2056934285
-30697 1592763366
-35333 3552694923
-58769 4129381666
-38921 8368795129
5215 4814630967
20143 1141139899
-20501 8944542089
74687 6801985471
-3423 5094742200
92349 6324114536
-76589 5569834579
-25401 5088306913
-39419 3032723641
-41073 1903381645
-37789 6209937323
38421 8521182401
-44957 6455766649
-20467 2744430884
10399 8061145029
-13213 109301815
73395 3566773718
3803 1320932485
-34915 2757018456
-33881 209251645
-95509 3722459383
-99587 4383769765
34193 8752271433
38159 7473205026
-68375 3951855176
84083 8335933761
-30835 5721058360
40451 2961010107
12107 7443702997
63679 5459221609
74875 8118018323
-56189 2808734730
-74755 2575386845
-17471 641694336
-36129 4673253649
-58411 1196278352
-48693 3891156353
97233 7880023973
37467 2236622535
-44217 6079301326
27555 123447987
-22541 4251031763
-7313 4108178393
-10371 3673741361
-76277 2621344973
29701 642205812
-67919 6577295320
-28433 1397896819
64389 5769165180
57947 2607128145
71067 885978609
-64343 4122229937
65891 5693078131
-76101 9425044001
20585 3527052945
35179 2173381459
-82013 1420614233
-66273 8790311505
45779 4069289333
37753 3642676749
95663 7068980609
-67959 3196034512
45743 3308495226
56199 2540129633
-47675 4848398296
35737 7019098920
44223 5957373553
13011 619962491
64397 6324517000
1033 3461110365
-741 1870031538
57799 1721495662
58647 361070238
91607 7507422409
81937 4662839073
-86501 4655709305
25621 6361728029
-80975 5892697905
73095 6019564526
64453 1667248524
79059 9804188810
18201 7929344685
18427 1438426250
88663 653201403
73209 7905111585
-21941 242109861
-74505 3158702414
-4757 8441617541
9645 3236391956
-46905 3698896438
13535 3112280883
-84303 6412953508
-44311 5730055284
-48433 1138826749
67675 1096401999
2611 8399781297
6265 9603785744
-73011 7157645332
-94443 8102726392
53267 6609810759
-5663 9785585732
-53253 9267389719
19219 1238732322
-14771 6150741008
19013 5375946093
-43857 593697638
48635 5982868371
78987 8387468066
10963 9629433738
46965 5673697149
-61449 8872414298
42095 1826468973
75435 620429159
-20129 2095543234
42587 4773031201
64479 1550626139
-65359 3690687145
-35643 9917642408
14459 9527174869
-62765 8842265155
-68745 7394358994
543 3684663949
46421 4885990009
-31493 2579418618
17757 4892926908
83233 2749201789
23697 4724252473
-93781 8751811626
21379 3747095321
19419 7286288555
38463 703075343
31197 3121313692
23717 8007451556
-67637 9741442862
65571 5247354262
20527 7910612715
81549 5844956817
-77229 7442910363
3857 6579527913
-6799 6727627140
29007 3213423345
-87047 3825760133
96363 7173154106
89845 6885356096
99107 6507299599
79457 1342334900
43311 1342740287
8623 4040513251
80967 1515998155
-259 9448130853
90159 9228923015
-58337 3674728749
62397 6720736860
8485 176957032
-61781 1268329373
89227 664248613
-25169 6605729911
-58505 1458812434
-13569 1961075791
61805 4422569612
45333 2965553213
87347 8346560534
-56855 7401859881
23075 3822115790
-6455 6037542709
48607 8069099567
14245 1220729064
-8673 615790373
61825 5507985076
-86123 6134864444
-6785 6343056069
70815 7614926234
-8003 2549907348
-55885 1735108386
15937 3624701393
-65625 6739061221
34303 8081845097
-73819 4546260360
-43373 8018826771
-70155 6474417589
84435 9180636886
-29573 8202568083
96515 7245161331
-50451 5173173737
73237 6334868892
-64985 5511917322
-4831 8450284360
17541 4474195817
52131 8176330385
92931 2803231402
-78275 3277194009
-55829 1339585886
-14153 9249259054
43429 9190145973
-12221 7393068555
-81715 7967983181
-4423 8811076176
-70565 324961991
92003 1334228973
57763 838981203
95583 9624302122
58455 2311815249
51357 232482164
-17605 4189146730
2167 8709415109
64213 4956928592
-7683 6668838880
-75357 2535863590
49659 4048870905
-71833 5675259547
-5205 9737268794
-67189 3666674539
95343 7973190279
-10093 8025313275
44571 7083405985
29447 8065541757
84615 7111837259
-39231 9219900200
26943 6920839019
-96307 1866923828
-17035 4294664980
32971 5755443530
-58587 6811252529
39945 1669292553
49833 1051908797
-26283 7014629985
-10161 6514453307
27047 4075617365
-61129 9686018954
-33779 8193924664
-49741 6432608077
73367 8654445687
-38281 5316185675
85167 3781405481
42167 3117790589
-50307 4827228816
13337 9211214817
-21241 2262434921
-643 714853684
-9359 920434501
-74745 836635447
-57323 8759436856
-14359 3385973648
99885 6799439469
56715 9837230267
-56291 3395251609
-78257 8523130818
-68493 9134867895
8093 7342141105
84297 6562481689
-72333 5217413014
76879 1405622787
-54611 615497564
-31563 8967519117
-29715 705708937
17039 4988691710
-36693 3456541489
7031 6083322546
7369 5040661269
28691 6332608386
28673 6206534421
-7517 2582687799
10443 1793115105
-3697 7392528489
41151 728697382
58825 1371515301
6343 2999074845
-83897 6724219771
-45803 1573850377
94399 3427906309
17087 3457617627
-21571 3671025868
-84411 2902644633
-15429 9374273090
-68801 5886039793
-82189 6010956021
-537 9196553283
22007 8966391161
67627 8868723893
-46983 9092694001
-60591 8849477789
51677 6481172589
-28137 63647793
54255 3506693065
-62135 943742784
-13757 6909264514
67511 7351192133
-18139 5316556369
22351 7083513279
-58475 2631363449
67473 2631438181
18467 7225499029
-31575 9150918932
46669 3016387137
77135 875188594
-51013 2543145354
-18341 5243842099
46779 2714669990
37677 8596439720
54275 7735422363
-91723 5200791913
-33 8918878066
45991 6228864813
-353 4267871381
10625 7360632101
38443 5379222481
23075 9348976179
-50105 7601260614
-47219 2660652636
-50501 9820457990
-48209 4132032838
24561 5818693840
-92133 9887096809
85673 3616409685
37185 6423601249
28931 3947038879
16603 3937656401
3289 1866136212
-19757 376616279
71245 8543509657
30451 2248443101
-41547 7271771381
-8903 1463251548
-65155 8779011252
57247 8196716018
-69133 8959440421
78917 7536210108
64049 1099466805
-12133 1076112202
34603 8244037526
41875 5213494625
67621 7347505721
26909 4165990361
-55023 2318413828
-3351 7909111973
-38557 7687021301
17079 5275957745
57989 9361685201
-24035 9009707500
-5797 7714521731
11831 1464094035
22757 3108142324
62005 9562234028
65855 6606215746
-17995 534903073
50389 3773626616
53383 2545343819
-81551 9619021864
-27427 2159550956
40763 1002793687
-60049 8961007841
-74179 6608979429
59339 3665497897
99833 8185674013
-44009 2284543302
55889 2876964796
87639 3752655166
-48901 8192320642
-95335 1144346365
65739 9427893971
58387 6767771846
-5303 3349843805
30123 3646052731
-25227 5237111612
-19331 9657932157
-28893 1483409839
70475 5885570634
-69257 6039321283
6281 8243686620
75423 1569380109
-50003 9695739312
-19433 2561063353
39765 6079903693
77171 7947377039
13897 7743173093
2167 4396031261
-28321 551628217
-84481 9397704457
94103 3550216193
1983 1782990466
-34947 7111081524
-25643 4658802260
69739 9551309730
-89539 8396752825
-29949 1646397534
24997 5418315917
-81117 2235510791
-93509 1281100699
57417 1137446428
-8335 7519538232
-94741 5130274118
27251 1482689530
18883 5244200239
18465 7814870972
-39299 3545928057
-96329 2351350666
-96521 9385818270
22645 450328481
-31233 2181680689
26835 6327781049
-58833 5052197977
26977 2285991604
-16753 594647026
-65865 5492177227
-19615 9485379101
64711 4433873245
77145 2296094585
-64653 8325146190
-39067 8618806069
54181 2371753377
26603 1405727994
28547 8289276085
40031 4148362903
-88635 7142748036
-24595 1513577052
69935 927124966
71855 9459502483
49115 2776720921
-95269 7116543625
-22997 8820199930
-15585 2751234001
-59877 3485955301
-81753 8810426410
40807 3784936177
-95727 5404531461
84069 7040926449
25187 6609316693
-59689 1336231870
11887 8067099105
8473 9686847717
-86593 8369525801
-81923 3604251965
-12853 3747548114
-27975 9091647112
41137 3891079392
40487 5187285595
-22545 481948979
-33095 9799159201
-27473 8820890339
-79925 6774852674
-96021 9664862258
-22691 3480398609
-86151 3943146084
-29571 5808411509
-73345 3462860959
-63571 6945515425
65981 1901900552
-66783 4941452121
82007 6671384291
4875 9721635739
-3903 3390936388
33985 4915196872
-12905 360944406
-19487 4545996016
-93477 1157478509
3443 3979069093
56497 3989481552
-23261 881894254
11857 6954418945
-41311 3312270740
-48229 3177653941
28431 1470679921
25861 6762294840
-4287 9944460584
72175 681339269
3143 6591245101
59577 6329155336
43945 9398920593
-18553 9186546051
14233 5275389660
94631 6798116351
-56969 6094366262
-65497 1349840030
-73287 722027309
92983 2992141289
38703 3965081387
-11881 7757359395
-97823 4410700648
-1079 3844665016
-29235 6488953820
70757 7015719836
-38369 4131510654
-45305 2831006478
-90657 6947859557
6461 253196764
-33257 4210047867
-76589 4606614915
-24159 4911123136
23783 6633556501
-51609 7859859829
53843 6399081267
-55905 3813635458
-81845 9784259534
18107 4951435845
-54011 2555564964
-68791 7393839661
4391 4239567847
91879 5038248311
-76313 6178364021
-96457 3894817518
54547 284130641
37009 2219036868
96251 8395326554
-70365 8254658277
-19245 2393484353
9769 2074498804
37469 6790330360
-68107 5303521868
48157 5802047165
-54081 9684266399
-58001 3709727845
-39451 1848383056
-38249 4403636522
14211 8603254981
-129 8789501951
-30651 8243174636
94877 4338044188
73221 7826159396
26703 3877542998
-72821 7686889841
44239 4511705929
-11913 4629517466
19197 1337923444
77233 8659443629
-25351 1738308060
52779 3173750918
