44963 -1860896916
-57124 -8672613525
37222 -4270911297
-27694 -4643627427
75581 -2327116194
-7231 -2291076513
-68825 -3783737958
-83340 -6300410090
-43444 -3992343411
-68061 -8484203191
32610 -8537761055
56222 -4844868840
-79608 -4684464877
81461 -706822257
-80721 -2658219835
85592 -6653016435
-73949 -9463467354
97870 -517383570
-97417 -7804160463
17720 -2485698165
-98862 -7961070866
-40410 -9564050879
-92576 -4882026498
30758 -6304024587
36810 -4281845440
27169 -2754710040
88349 -1760265465
71199 -6580716832
-88335 -6878098010
73193 -3175995360
63258 -4096183498
-59072 -2567043789
-96143 -2865473841
-63934 -8993803239
-54024 -2078648617
-64039 -5347806474
39730 -4416442791
83289 -2142260009
-63186 -6436996451
76050 -1062638086
94497 -1644625688
-15763 -2771382576
63033 -8305808905
-91125 -293572031
26496 -9497517658
68294 -5282599998
82740 -5426643445
-90734 300163143
16886 -2213905950
44149 -4173654777
46166 -8957364765
52485 -79015441
36219 -1082832595
27318 -5255693750
-12977 -3298687083
47165 -9292176360
2028 -9563135435
11184 -7868893201
47973 -4243025266
-31370 -5768364399
-13365 -2681571602
-17851 -4573968048
-16139 -2063111610
-64554 -4345764367
-5430 -3063607780
-4197 -9663101875
-53265 -4171725740
-88200 -660476495
-5286 -7388851360
23573 -8647391448
67123 -4927091412
-29592 -3457967830
-43008 -5158714259
-83923 -3819999636
23628 -7895367554
51043 -7766197482
12426 -3704677853
-21414 -8169278321
93722 -9334181139
90688 -2531240817
-32887 -3363419040
-83675 -343003296
31724 -7917300327
5793 -283311329
86255 -1133353740
-24378 -4607555737
25203 -5812875722
76775 -7543966092
29779 -7599322200
-82380 -7869655628
-41426 -7905956331
3020 -1632026313
-77925 -1762119719
53402 -7945696551
71892 -9253640701
2853 -2533868444
74029 -1570920804
32541 -297621121
4896 -3223112903
32894 -3744470061
-92780 -9315444945
-73108 -5976141276
89114 -6081353094
-97482 -9478266043
-58041 -2092896395
2673 -3909782144
-52036 -2456123862
-19414 -8223054189
-38752 -6422975031
-84626 -6943779171
86685 -1863188569
-20568 -6619037620
84054 -6513799468
69686 -8889859281
85026 -2157679355
-71398 -6231437898
23230 -3517312950
74586 -5038361762
7276 -398935029
65948 -5505047286
-85884 -5318043412
63023 -8134601766
62230 -7690049943
36721 -4013063193
-51563 -5176629822
-43144 -4927873944
66864 -2455789334
-75269 -1520136444
-22652 -6178476102
44937 -1770136220
-58150 -1545751557
-89955 -3126855544
-1891 -8839641648
84691 -5105260647
35469 -4176733300
98427 -3728246666
32617 -4992491781
71851 -7723852902
-1781 -3368499723
1995 -962725064
-86952 -4458016343
47380 -1500632646
29070 -8600877382
80886 -3088046525
-71217 -8603936506
-44580 -5005129469
43378 -733247811
26400 -6326717570
74985 -681152090
64543 -6068927742
40324 -635717940
81707 -3341956980
-98807 -3656776458
64151 -9731236944
-33912 -3873489449
-30944 -1067785158
99714 -3377535800
-23230 -3921255672
-74292 -4117146658
-5118 -8882563658
89167 -9365180502
50033 -513312222
22781 -6935853453
-98103 -5292453241
15793 -6413900298
8651 -413908602
37033 -9446287656
-23003 -6108814713
80588 -3371684244
19501 -1243104657
80070 -5237122567
62112 -2961695009
43389 -2579954093
84745 -527123433
23401 -2567349393
-96086 -9276711849
89634 -2820955913
33949 -4415330130
-45442 -5932253490
46595 -3239196447
35730 -7712066990
58637 -137976798
58645 -9545740785
-497 -9482147811
-13694 -6565424127
-9906 -3761344082
-86751 -8430600322
173 -3901604313
-9919 -5188440642
77770 -1225379310
13197 -6317176154
75248 -7021080924
-19533 -2749571062
-69045 -1884237722
29713 -2414818902
-23748 -1818496027
-99564 -4005155992
-41393 -9125368824
-78143 -275267730
24712 -323513445
81477 -1331544572
-62768 -7935987690
92937 -4004418766
31632 -7492977437
31125 -7161615493
10134 -2410158463
43497 -4682304250
81936 -6715283911
-40710 -1727287267
-2139 -8140261981
-22920 -3231949394
-99654 -9780734423
-59847 -3268200854
57833 -6223302618
-62709 -4219224991
-7693 -6130054998
46152 -7493758402
-46885 -3248845362
89577 -9493170670
-13612 -582207660
27907 -6577234428
-80385 -6611563768
22186 -2065612035
-26004 -6164513984
24966 -7897429121
12726 -2527192717
47517 -2782487768
-56315 -4036413966
-38664 -551465036
22731 -5658662830
-24262 -655281294
47181 -3626541664
-78902 -2144852115
69490 -1641244185
-31195 -5370985458
11780 -5279720433
18946 -6473424189
75673 -3052294008
-4210 -8326995555
-74583 -7170979168
-18021 -4394203175
-18075 -3893181914
97440 -6509996026
-32079 -6674976973
92722 -3146205585
79939 -755733330
-19670 -4570370118
11016 -7427118106
-96551 -473040753
16554 -6437910701
-82431 -2712543854
-40527 -8078112718
20907 -7971497983
-20352 -7329797581
-62838 -7799543665
36399 -6864366632
-2163 -4548110510
58854 -6742779164
-94567 -2975457150
-88807 -4011269412
27389 -8683089480
-50729 -3746524983
98286 -3912802657
-6003 -7931358365
69061 -3034266696
-49607 -8000734641
35506 -8196294114
-80629 -8276276475
62545 -5938219074
10122 -8705909786
-24355 -8655094917
42789 -4227385097
-54926 -9411557682
18072 -7113725758
-95160 -683438572
31614 -3385967119
-86101 -7748857302
-34606 -4099493595
-51261 -5355828208
63696 -6923271772
59854 -4254129348
-28534 -1678173195
-19707 -4898897317
11862 -2117892548
-65886 -4732584365
94980 -7033282978
27648 -4379876351
-20818 -8812324128
-14051 -8907076968
86576 -6656731551
49317 -2451725746
-63437 -950755779
-20790 -9688787674
51474 -1873743280
-60402 -8463959260
-94194 -4003138187
-60906 -3306082564
6783 -8143813607
46476 -7699889414
71358 -7504160381
41730 -4898470025
63350 -6340643430
95439 -4902249638
37815 -1699965344
-89598 -4599668947
-23790 -6226951472
38634 -9929868223
-26496 -816999626
65158 -7451161977
-36482 -4021306422
81401 -5386280073
-93639 -6954650965
72545 -7598581470
33830 -6370375695
89627 -69094584
-20622 -3941830024
-43461 -8700628880
-14134 -9914140995
13761 -7037607733
474 -3005020747
53579 -9107933868
-50527 -7786547574
-64667 -3200815020
90951 -9314532112
92280 -7361682782
-62915 -252107700
-76969 -2160511776
-7777 -7759256688
-57074 -3434391435
50043 -3734019287
99297 -7424510501
19878 -7390057627
29469 -1067862682
-60894 -7962025438
46616 -6051590706
88922 -5585490957
-72446 -4227395241
-51298 -7350216753
-52092 -4828531940
-16592 -3066397443
80151 -2101986974
94153 -8993023014
6196 -8198998110
23409 -468530908
-42392 -5637450696
8484 -1555684501
-47777 -701482212
88721 -5616809418
79368 -344928665
18678 -7653258262
73673 -3408687636
-75534 -5473469860
-21011 -2432357508
49768 -3174470772
-90917 -2624294406
-46872 -467962790
-88634 -591340308
90228 -7182088165
71649 -5035768481
-16334 -7242355338
-20306 -9486538524
93442 -9542779026
61042 -9044769882
-44576 -6127165734
-76860 -8598951635
-88501 -5307098955
2316 -6774141499
-31186 -7046238078
67819 -3639411732
63360 -9950523634
4627 -7927079388
-50685 -5938478002
-5388 -7465191971
49887 -5034365672
64466 -4435538814
31084 -2924484063
55353 -1820304274
-21699 -7565906977
-23843 -2196866658
-76974 -776767366
38960 -9503307288
89844 -1993157576
-62004 -4118563340
53264 -2105402193
48466 -1798574403
-75272 -2779290282
-68478 -1121730766
22731 -10764404
4252 -1252381620
-158 -9989887668
54344 -543519318
-28064 -4072464606
23568 -693492980
-47878 -9788469240
66683 -8797214895
96636 -598680911
27792 -5389284988
16539 -8419760840
7848 -5933211101
40647 -8435963747
-8839 -7554194610
-80670 -9849869489
-33920 -9218751450
-64543 -8971761648
49801 -5212114401
19191 -7832942683
-87735 -5868679340
-44739 -7486269922
-67947 -1421133821
14331 -7201840856
-90108 -853032332
35380 -9915845358
39528 -2518263734
-15428 -8536528026
53100 -6945690016
24396 -1453403543
-93226 -7856750733
28527 -2873963270
81572 -2527624875
-4920 -2802024716
77750 -479018094
-36048 -5971292876
55643 -844124712
-1749 -2566079314
-64299 -3726543821
-65157 -2329814048
-84479 -6288057525
3840 -1481210944
68743 -6044705799
-17556 -1347122125
-93054 91560830
-35873 -103083003
40824 -2933888632
-24780 -7508735669
10237 -3679377480
-95071 -6483850101
25406 -4579975284
51698 -2889741453
99590 -3033201810
24893 -6636617376
7257 -8667747376
70224 -8960935004
-76153 -8190288468
15813 -5599848670
99345 -273495110
55894 -7863861126
82512 -7397618629
44799 -3136895983
-95778 -5849334959
62765 -4576324512
-46210 -2724440493
-82579 -5493414318
-54332 -7744084653
-94257 -1177997927
7905 -578875870
47243 -5754796992
-8743 -2558856597
94635 -8729359730
42297 -2709282325
-97161 -4795152956
42600 -1526900329
-17226 -783668702
-92240 -1972215675
18999 -5366765230
81703 -9610586934
39528 -9200456182
57382 -5558747409
61707 -2956807123
8783 -4357072524
-70061 -2508160458
-65403 -5866548401
-80757 -1353035842
-69717 -2482050179
-68404 -5066004831
-88544 -4385914629
-26067 -9608011568
50695 -4895979030
85747 -8598380535
1827 -4572849082
-13711 -8280327921
-85704 -7895109506
80970 -1565790734
64797 -7995893060
-51773 -6406701531
-42861 -4533300118
-95827 -9467779089
37488 -4840907681
99728 -9442603992
45852 -7443797251
22999 -5250841368
14686 -7486743882
24433 -2200025754
-62110 -9123087774
7950 -3262337794
12319 -9455543352
5738 -2961640668
82870 -3368334378
-16191 -7673948558
-15436 -1231687818
56221 -6965191920
-66581 -3160180326
13464 -2759891474
-5920 -9765710109
16608 -284759273
-37243 -1690936209
-97262 -113747145
98366 -5697729471
-39173 -5358215751
3909 -6496506028
79569 -7035065116
98025 -5936751904
60607 -4879733643
25378 -5948528268
-98041 -5363157876
-60818 -3617428407
82850 -7096269243
-78341 -8915906952
-29684 -2473323204
13935 -8016596012
-6871 -6537467532
-40005 -2751512638
7580 -4780786806
46674 -7415705357
-78170 -2113198218
10388 -3425570541
-31316 -5382275619
-24342 -6695894600
-6564 -3722210711
-15636 -3041944189
-22956 -1100908336
81803 -3069476622
-34752 -5574116614
63259 -6751729098
-61585 -9749944314
-71652 -4392195658
-72082 -4978149069
-82570 -7928850129
36596 -9604671288
87101 -6794503614
55809 -5826634952
38844 -1429130995
99391 -565403271
85371 -1285706318
17353 -6283279146
26541 -8593297861
-65734 -284835786
80524 -1023467223
-62174 -5307918678
-91528 445706313
72632 -6405807702
-26216 -2555608638
31356 -7684203511
-38696 -8560791204
-80804 -4492060404
-61382 -8996530086
-68254 -6924244383
87559 -1999925739
81697 -1051266666
71049 -2739711005
-68345 -2107952370
51789 -547210792
99462 -4206848714
86844 -2709159586
74838 -3468811297
-43810 -3491484210
-36270 -7577277949
67566 -9136695800
8434 -703268997
4711 -5283031782
54214 -5759269863
79717 -6627772929
63824 -5228191992
-33252 -154941074
29921 -1321535049
99374 -9213348228
87597 -7010254589
45079 -9406068930
-58212 -9745405619
-97484 -1484371824
24082 -908236608
58770 -5674397618
-10872 -1464935597
-80165 -6369734880
-89229 489430606
-91903 -6355649676
-88278 -5208641024
58020 -7624461253
74833 -9353889633
-85102 -769665519
-19251 -9183092428
61257 -6128836669
-3864 -4859255026
36720 -1831187987
-95829 -640106167
42711 -9871008707
58620 -8250010474
-89266 -1946816721
68980 -4154001675
32469 -5167851373
21135 -1542154520
-12244 -6332865234
-72414 -7570445173
-9414 -6388611602
-91626 -1263663605
-2499 -1210510468
-38445 -1602246631
-53163 -6542478124
47049 -95105581
-31109 -9575692104
66291 -4472944039
48645 -727346578
48544 -1409110752
46062 -1137272957
-89515 -460694352
47463 -2492771530
-61679 -5443485069
49185 -2685846110
-29250 -7367945854
-30359 -9764704506
-90561 -6792066451
24900 -8621989495
-75503 -9369150960
74322 -7165123477
18228 -3911736719
49152 -2271754313
35170 -2934832431
98979 -8393204111
19218 -4070416276
-30160 -5151689877
28692 -670846621
58973 -3815953449
-38974 -6411547644
85460 -6284677959
-55839 -9274340384
-79452 -8873505067
-44605 -7482867027
23459 -3267026424
-37258 -9153357978
58940 -7731181722
-98415 -7260914509
61917 -3689013989
-50850 -9252437242
39165 -216200584
-68857 -3593133156
82398 -6419445767
-10137 -9298217354
-58798 -3275478366
-48040 -1350217395
74984 -4991380581
51891 -8370671434
60887 -3624160698
-98220 -2438662544
-70752 -5536966891
96774 -2950194058
-18933 -7347057466
76797 -2933919161
-13475 -5836492917
89718 -9952062923
-36615 -1875913214
-32758 -1448835363
378 -8089630727
85838 -3466599345
58168 -4925210787
-45705 -6870761918
76650 -4939238846
85224 -2363331571
45950 -2108675070
-19295 -1817054544
6330 -7247482703
72069 -4330405370
46206 -6381378632
53670 -6983047553
15310 -1421545320
53824 -9971394768
88173 -9382265509
70837 -8511590169
10233 -1651223576
-80017 -1782480216
-900 -1994579519
58844 -6539553780
-39426 -2821038068
11376 -2907333745
62352 -6604342661
1587 -286132882
-4089 -5718306019
67862 -3716213739
69072 -339121082
80695 -6659987874
35741 -9252346986
-47352 -8805464764
-88920 -7350898606
-76665 -9971029159
-63534 -197930495
16185 -1281094264
-3673 -2849177547
-28333 -360093300
31542 -9863791955
-63925 -4968937635
-38169 -3941708063
14854 -6517775760
-60573 -1747447492
-70370 -4329492612
46281 -17597834
-39608 -5784989025
43878 -2036735518
-60752 -7095377511
-80179 -1460719053
-9972 -2864833700
63942 -1796851186
58559 -8607681696
69173 -9320991552
39740 -300563424
-48519 -6057543677
80480 -5344526691
39606 -9427101331
-76742 -7533449790
-10075 -9923558142
-48615 -3445541210
-57606 -3801511975
-51657 -9621965483
55227 -9477078068
-59146 -7220863758
4754 -2159725986
-22107 -780295037
54257 -2747091630
97438 -4253260863
-31542 -5793413453
-17028 -5395869535
86876 -4874785536
97950 -173225971
29260 -9909724020
-56436 -7806154469
-55693 -8243712228
-20563 -2725015353
-22793 -991667514
37035 -6895170802
32058 -6664069291
-71043 -8277461933
-79449 -6739196932
83244 -2359228873
-73142 -2233810893
32472 -6580949555
-33887 -8266234752
-94100 -5808936315
-53130 -1070054749
-22833 -3292217252
28513 -8381638962
10740 -6768147859
-90429 -4317665054
-5737 -5764178502
64248 -7712200033
11739 -2793863099
98260 -9875750745
35958 -1800718063
-73563 -7510532777
-57848 -9894404955
56217 -7280542964
58326 -6546117590
-12117 -5262648826
-28012 -3989926134
-65938 -8819101629
76002 -3796562705
56514 -3247503968
63429 -5439370798
64422 -6853556446
-84051 -9672049918
64947 -2147676752
-4406 -9160076634
-50964 -2630884220
-51759 -8198639092
98893 -1227499101
-72903 -9663077636
-77816 -736676721
12480 -3215753725
-19405 -9275739042
8412 -8110998610
93225 -5818711850
-53263 -43736106
74736 -4629995887
-12228 -1716447650
38795 -2047910727
-84285 -7956868090
80968 -7089631131
-24414 -569059892
25671 -7147486627
-91547 -7897115901
-3604 -8021318328
9237 -3966983158
35442 -8553046709
-63669 -6845754067
-19691 -3262028592
-49532 -8570794032
-25260 -5482424336
-12453 -2348582260
-27561 -6806657410
40660 -3173440215
76650 -5380290784
-83335 -4263736134
79809 -9816240134
-32537 -6644736078
36564 -4569430630
57665 -78378750
-16917 -691647319
-87888 -6710012008
58257 -6789102758
-33983 -9147296496
-15716 -4514824125
-74674 416543385
46836 -8651593124
-29468 -3019868706
72249 -5290547641
11954 -4189605495
-94286 -1492859808
54201 -2039947202
16668 -4554039706
6162 -5607369040
-95769 -6871366418
14409 -2150839276
-5517 -3498013855
89409 -7051363424
-33850 -4888074288
-72174 -8525523650
77998 -4495673286
71847 -8111811986
-17304 -3765443249
76007 -9929744382
71200 -2229328833
89557 -5011630614
44670 -4393368487
54907 -7266290166
35521 -6891423288
-10098 -3268930724
-96591 -1717182232
25311 -9247082756
45585 -7091358257
2775 -1285800079
40658 -2125556532
-42142 -9704716428
53295 -3918818768
36739 -666638856
-33552 -9290441902
64938 -4582033057
23441 -9698395356
-82402 -7562046246
-45557 -5725074243
51317 -29364993
65246 -5469475806
-23514 -6081061607
88230 -7830345193
85426 -7028781372
24601 -5316806253
-71453 -2591633652
96327 -167757235
-8263 -5053115742
-24665 -9819592203
16815 -8557964648
63839 -8128995867
33924 -9987206807
-16446 -8817524542
-98352 -3659499395
-29736 -1853875306
78271 -8092949928
94881 -2000325442
82940 -5153379144
33949 -6485495409
-77572 -1176767214
5655 -5083291678
-18363 -7429747840
55793 -480658074
72341 -4197591420
60682 -5266590429
-35395 -7285153272
71745 -7185065720
-56509 -2967997464
-73833 -7490828435
81950 -6576249555
-74797 -1977715323
-14376 -7341220843
-76377 -6125544571
-35847 -2400297917
-90388 -1379657529
-13365 -1226503087
-88567 -7159358136
-14769 -2189120428
44509 -6349534938
-72756 343899847
-90669 -7484277352
-99161 -2489943747
-73443 -7170187358
-84796 -2071169517
-8060 -7217341680
87706 -5088104217
95481 -2141268472
3761 -8785214154
-63729 -4619487979
-63608 -4563330225
-30599 -5828803893
75536 -9599444004
-2355 -4693300660
-22888 -2005197450
-76925 -1857918240
-96175 -6321092322
93862 -7221534630
-73374 -2126325571
-93783 -9075820757
6031 -9139744323
-51022 -7729685139
16250 -8388840081
31911 -6840008894
62448 -6830281828
-64119 -2962173893
-71277 -9620665771
54418 -6734622867
-82174 -3510228282
-65580 -9502750952
17007 -3325121248
-46780 -8376638103
87911 -7734535506
-48277 -4701922188
83010 -6202077388
54165 -2044736180
29716 -719616126
-68587 -6997327500
-87516 -4303299254
30312 -2712875434
68508 -5791672466
-17696 -1953046269
-16647 -5071322221
-97108 21937314
-99180 -6985295857
42314 -5498689371
84 -3882376471
-77163 -9719643416
-97399 -6827236080
27762 -4471209325
-91604 -9223733196
96611 -1385140479
-79286 -5283922521
24571 -3791002800
-74391 -6058746484
-25791 -9213954920
-19854 -1736790346
28500 -1028447245
3547 -7288405914
51867 -6628868690
62726 -1111291323
978 -195549548
-90943 -9181189260
-74484 5851259
-2100 -1346445197
10709 -1170252906
66186 -3043787254
-3869 -939910332
-74228 -7240998318
33365 -2321423184
-75070 -6743660964
34648 -6189033495
-38943 -5929815596
74088 -963770353
76169 -4919956821
-80474 -9021387777
-80398 -8840679864
45266 -8850286548
91705 -5467320210
-11124 -7461310900
76297 -8083803642
33161 -4844799969
3087 -2521556195
-555 -4661845372
18615 -1924579427
-5985 -5538681848
-90579 -5654848742
-62214 -8167734112
-86978 -6504137244
35907 -3915460550
-26202 -9882252274
59354 -8101312692
-75374 -2924004003
2391 -6600296830
-2638 -8204311557
87162 -8226412055
-98157 -4325595506
11914 -7800117414
-82334 -8262059772
4514 -5115900534
-12006 -9922160891
35184 -8083260161
56829 -1424682133
-28776 -6722356199
-92120 -780069966
54630 -5509504712
-93284 -5989372449
74523 -630371552
-57727 -9239181630
42558 -6401951915
96774 -9935201606
85372 -6467823531
-95847 -6024677626
98833 -1702591614
18577 -1041216684
79205 -506657790
59853 -9437420261
88760 -6687633972
50258 -5178342531
27102 -7186939613
-53649 -9687598924
-37362 -6718310446
-74368 -586268052
92451 -7173822320
-15684 -9129637834
-50568 -7085020283
-81678 -3733977695
56645 -617386338
8408 -7540248063
-77805 -3514589518
-16281 -4483187584
-75089 -6614112087
82974 -842343388
-10412 -9004618200
98928 -7732160062
-5010 -7138062674
-16577 -8034427239
65066 -6434135247
-98524 -8564967843
17085 -7428985264
63296 -4552629336
36130 -2042422503
16580 -5454691755
20430 -3572515460
-16474 -4175459991
-40759 -7564126749
44398 -785181
88211 -509615760
82186 -3295360668
-89349 -2051088002
45028 -2002367730
-25983 -2457905878
-40875 -5162695090
-75775 -2928908565
-90536 -2709630813
-48751 -120066294
-52600 -9818446770
3741 -2771678114
-83759 -3904311702
-55045 -5604421527
-96428 -689538576
54512 -6405250449
-80808 -2831140216
-97905 -3927487871
21567 -6137166419
-71977 -9742524495
-7152 -2814672925
-37083 -5231491262
-18541 -814588242
-63090 -6724873405
5658 -3758947660
73021 -8173705398
90303 -6851180324
47321 -83324076
-81041 -4909506303
-94095 -9820027322
42963 -3500795179
93571 -93123747
61198 -2569611765
31167 -4423184599
29445 -191118809
-66459 -8394238954
-97266 -5245951159
18057 -8542673836
55112 -4778146398
-51750 -9023607958
-90304 -6365300133
59781 -5161122136
5379 -3904464232
9627 -2442488810
53244 -172711784
-4887 -6047083282
90369 -355790524
80022 -6197484382
-32976 -9640904903
-85871 -2512268772
92485 -2263140801
33089 -9977859693
57912 -7648271926
88473 -3049107385
57500 -5643779115
2636 -7010271762
60648 -1357234192
-41448 -3863585750
-57678 -8483202152
-8964 -8813060348
-73792 275782641
77181 -7457168846
-73084 -5683381509
85908 -2975622803
74250 -5844683746
52922 -2237566635
40536 -6776698096
-19770 -2402618078
61064 -3149470398
56555 -204297156
92126 -6239594643
49708 -5225009790
48875 -3363903579
28142 -4160551560
-29068 -397182750
-34129 61373502
-61283 161633772
-42592 -6378336837
-32098 -6973673895
13728 -9608780281
-8632 -6614194785
-45855 -3886928410
-79309 -8386626951
90036 -1581315199
-51652 -8573214135
52122 -7331786414
-7133 -8824880055
10219 -6233275683
37509 -5645311370
31322 -3492538665
94683 -3191727238
61074 -5854023481
-82413 -6534028099
28614 -7901215327
-95976 -845125919
-95265 -625238212
25746 -7417892279
24567 -7683730730
47239 -9946045779
97096 -324737655
94257 -1118759452
-41302 -9914516235
63871 -868863699
14388 -641811649
21823 -8796847722
89674 -4683816813
-8066 -378258567
60990 -2919123040
67497 -8534956712
11519 -9178358883
-1666 -8812614642
-34884 -3655441943
69672 -1094096519
59052 -9551177657
-85335 -2751458302
7545 -351039500
-34332 -5597526392
60823 -7167965568
-9082 -8780657322
-52672 -3426985590
63345 -5918304380
-52722 -3109993459
-33400 -2993677410
-59014 -6585843294
-66008 -9944713746
-88008 -7841440832
678 -1626868504
-33573 -1418813054
-9906 -2394788368
-38208 -19804928
53140 -7290132168
-76606 -6075894117
46386 -1749805138
21034 -194266125
25500 -5105290358
-62028 -8057233918
-21795 -3826121288
-78901 -8890258188
11175 -1820463655
58240 -4071566361
-79618 -8440226919
-34648 -5026320291
35370 -2935705837
-91863 -967557689
-62432 -7391941053
-84769 -2811284259
-60282 -8573707132
30964 -6295548042
84579 -3581265010
-15066 -6532273763
27871 -8770128603
-12834 -3533039444
-25509 -6501888611
-69720 -658232758
65063 -5432536716
81022 -3150045732
-72464 -4683300672
-71750 -5221337718
79905 -2137098376
71795 -3356577144
32976 -5696235046
35078 -9592310217
93846 -5404950166
-11729 -2711413998
-99200 -9786882891
-77220 -479139056
4911 -231064166
71274 -3595376774
71709 -9368869258
27482 -4223214582
-55211 -6691490034
76478 -5957765352
66702 -9262872470
-55674 -6386983537
75433 -6092013105
92073 -7323418744
-32211 -4231081958
20103 -7590929926
-62916 -8648173751
14327 -653040363
-8824 -8427559515
86673 -8449012990
-15639 -2467643425
-74628 -3116343548
-77870 -6418665003
-22618 -3380466993
14028 -2992581493
60879 -3609674654
46256 -2113464564
-51462 -4134811759
17478 -5962744099
-21822 -8624174444
-32029 -1022746392
82170 -2640873982
43818 -1298332241
37545 -3297697537
94176 -2831309452
-69006 -4843796293
-13195 -1723294476
-62158 -5245918545
-43151 92139954
-17109 -1814575622
66622 -3205551021
11496 -6780930250
-79580 -7913539338
-36012 -6356979350
37730 -6364297530
66671 -1133948163
30776 -582381042
4984 -1407851727
-91224 -7479312709
-751 -1462104297
-19620 -2494457197
69251 -1151998914
29885 -8133358650
51600 -8353675421
-34360 -6057831393
88417 -365822397
-43126 -1311475386
-94823 -9171033789
-32199 -5210144630
40553 -6503406834
99742 -640987833
57745 -355966242
33160 -6737870715
14997 -3565288676
69089 -358779978
66005 -8243688780
51473 -6455594358
17710 -315910764
11052 -3562478954
-50806 -6398776008
-43535 -288790428
-86721 -3996012716
-40450 -1829100177
44652 -8935560196
82113 -3690208121
55708 -4500707094
-72909 -6511374527
6636 -7425684196
50589 -1829832097
-74664 -9198362170
-65103 -8754169190
-86126 -9718918752
2928 -3391588628
99483 -7339106843
48111 -118234036
83601 -1356719201
45873 -8485742369
75774 -6804818434
-26434 -7739271531
-24635 -8230383657
91209 -5855485310
6757 -3366352608
38084 -2089865388
72460 -3952002477
49872 -9324172459
-16922 -1069657833
47976 -783126700
-12030 -9524296003
20058 -8118898918
-25479 -4732173721
36190 -4911514743
53226 -3021925537
78406 -4104587154
25398 -3365284102
-58715 -583152681
60762 -5832159491
91725 -7819663712
46792 -7148880897
17969 -7987521498
94282 -5981770617
80345 -9780311970
68253 -2616692312
27820 -6705137076
65244 -9312277103
-26821 -2146535355
-72495 -9609760322
-6894 -6851873489
-91709 -9482574822
-35634 -1943447896
-68193 -6220662935
-64429 -9383207964
-91938 -2155993955
24796 -3122493996
-81052 -83100657
93277 -8694636138
-45042 -8504103080
-89645 -1921939254
88474 -5100051066
-83510 -3305627940
94452 -302549810
-80112 -7797963812
-36233 -4468921875
2193 -7206356986
31570 -4150996182
63492 -7878918956
44882 -7502420310
-16570 -2758600425
-95776 -5968235265
-72294 -4919323469
1319 -2293450746
85626 -1540363633
-90186 -331611002
72103 -4908898395
-87084 -6779991385
-75488 -4171592970
63600 -1748404837
78387 -4388701864
63435 -8915895220
-74014 -9702943707
78804 -8472751684
-55973 -8505382170
33960 -4460749297
-79014 -6966663649
-39702 -9491404465
91804 -8007172695
81510 -4086058642
54402 -3989479486
-31215 -2800728905
-1230 -175510748
-28399 -6939861129
-7798 -6201673116
-93628 -6767846643
8778 -6713483086
-90374 -7997407629
-229 -9454931760
71330 -5989467432
86571 -7111274798
-30660 -629579779
-13458 -4263124475
61565 -3596989485
49490 -9007285488
6711 -9873069095
96336 -9539102644
39450 -8827409398
22085 -6100642944
-71988 -4321309525
-79082 -1940672319
-54480 -113164793
-95457 -5497232651
-62343 -7926314960
-5850 -7479210296
79557 -5832108377
4128 -860222945
14663 -5099710788
-87774 -6246897884
63538 -4638302241
-21346 -4988182572
-14722 -5706200106
-25749 -7511809483
72316 -3453120126
24693 -5687258618
-43171 -8867517693
-75018 -5855285219
89783 -9255286248
-67118 -6312732147
-86700 -6000018328
75586 -4078947309
83718 -5785532908
-21488 -4049566497
-43902 -1444308311
19326 -7729205864
-83342 -4511322168
-37872 -4399023665
-96099 -1712890285
-94317 -3173793272
7545 -5302970909
89862 -1293194203
39136 -6725917170
67848 -5429554681
90478 -6366726555
-18732 -4080395731
52065 -662088878
62772 -6088418294
92226 -270560764
-10212 -5403112216
-26257 -4732111659
-88169 38607390
43241 -7036621605
54900 -856061087
65355 -4781810830
99155 -1748330547
-87404 -5244068106
-7056 -763876451
80439 -7170383234
-89206 -4631877093
8178 -9820786615
-98820 -1690185535
-87786 -6722427730
-82857 -7847545283
11218 -3050670228
89701 -1319488170
-55476 -9510705358
3403 -6239032500
-17683 -9134149806
43350 -1455794486
88523 -8613582786
-82307 -4546148469
5032 -5077029237
-54972 -358031537
41355 -7610535656
-92268 -8670657776
43492 -5658516054
25401 -3730258760
-8269 -1348275684
43596 -1766368591
67808 -1983476574
94228 -1732503576
-92144 -7798756023
9918 -8816914651
14967 -8330985584
32223 -8883258320
55268 -6313278315
-23608 -6344729211
47614 -645037755
-92310 -2896693505
-67040 -216852183
69566 -7695279528
-21699 -5296551598
-25547 -4062807765
99808 -6475696248
-48044 -8681097405
-54026 -3279761649
42096 -8921812579
9144 -5386543418
-43386 -8275324505
85922 -7736463177
4721 -2331758148
50631 -1766377610
92025 -8114246008
-38264 -1034404311
-46797 -9310254200
5970 -901202411
-16272 -6645705023
6714 -4857386924
-1108 -9263162058
86859 -5866314662
67058 -6206284578
-46071 -1293914644
-37731 -5531096912
29206 -7545255444
-37565 -4661734515
69867 -3929767220
6681 -1941198185
-71383 -1127041596
87087 -9715886639
27850 -7372911054
-53994 -2040761899
25703 -4692047403
-30978 -7010554975
32686 -1354944198
-10053 -7845047119
62998 -8408821551
-70512 -8228801504
-19473 -9913632346
19746 -6466174220
17241 -7860373114
-74993 -144876246
-70956 -4480772809
67873 -1898955192
-27928 -958578798
-22849 -8238347832
-7649 -4721208279
-91672 -1023849978
-73226 142106544
-27666 -1066357151
62889 -7047797549
-87088 -3041309622
-80014 -2335405392
-89627 -8458458114
69201 -3347558924
-89129 -721623630
53389 -5352550866
65117 -1180035924
-31689 -9551440382
-98532 -6410421176
23637 -7030608700
-94356 107312506
-45914 -9010953666
22242 -9456282475
-5898 -3306531784
-56616 -2064463637
61886 -2540001645
-29787 -9696631193
-8307 -4663711837
70566 -7870033331
-36316 -5364436725
-47037 -5840765278
42893 -499430061
2884 -4161974997
90114 -1845410216
35868 -105466136
-42867 -690123344
-47720 -2636864610
76848 -8933649659
-24154 -7150469010
-80025 -5332495978
97766 -9567816825
-53823 -115803206
-65358 -8808464267
-57779 -4367132958
-47613 -5952750188
12699 -2603577562
-69768 -7749977387
-56317 -385458123
56524 -5152504293
-37209 -4262556728
21258 -8320546231
18846 -4717206856
-71097 -945701510
38564 -8936384502
-87318 -9759782308
37107 -4893813134
42421 -1409516829
38939 -6622047738
15148 -8951640393
68505 -2456074694
-57544 -8712798351
27036 -8895655520
46202 -3531803742
-50720 -6241435644
-5881 -1614153072
49730 -7649986896
-52057 -1488938511
-21238 -9681020883
16449 -641050310
70380 -5624075524
-88491 -2973224644
-86438 -7536079557
-91282 -9548762127
93813 -6068208308
37629 -9182548681
81067 -7055325936
51275 -3183747531
-53267 -4709472342
-72439 -7779336777
-1528 -1896228423
-84167 -193251132
42552 -339988291
67722 -5874088124
-84756 -1872279512
-68706 -4474745461
-24531 -8689348313
-96140 -9734838831
58168 -1564366959
-11127 -4406993180
-66220 -380183688
-38766 -7673022886
-91618 -1313346294
93559 -3025086579
-73496 -8647806147
12192 -466931974
-474 -7234720468
-17440 -4583082213
-41461 -5226368982
41979 -2321495270
80638 -4619812830
-11556 -491039075
-24366 -2446541636
32071 -4053914871
74472 -3720224548
-112 -6926779458
-54118 -4807038270
-79548 -5597195705
38254 -23210448
-67134 -5450960003
99227 -2077869360
-15560 -6388351860
3072 -4005477926
-69150 -2573660204
26205 -3082058854
87155 -3089772654
15597 -1454690362
-16702 -4152111204
-5526 -6128065672
33420 -1069850093
26221 -1982718306
80882 -2002391895
56148 -2883153715
-84310 379571514
-37527 -6421057105
-48593 -7232724627
-13044 -4194190193
11924 -43677321
-18803 -8794267833
65324 -7017406086
-63764 -3338090004
81714 -9131909776
99385 -8302144482
87090 -3399799442
-50456 -2265717780
-78490 -63751659
-73732 -6530755563
-42699 -4425835978
-43281 -9500153536
91795 -6065182446
-1685 -6938134743
-3816 -6835574434
-41983 -9702261225
-16581 -7642179500
-8658 -6373723211
-58440 -179840531
-90714 -5238671621
-68913 -3488787292
-57300 -5032727044
10254 -627891769
-36798 -4831410502
-52968 -7185153346
-42882 -3132597491
-31716 -7980942809
66123 -4915193291
-4008 -3492663589
-10983 -9628034077
-67396 -9438107820
-66234 -696141263
83266 -3934792848
-29613 -4440599486
-3696 -7001169530
-44544 -7129074628
40553 -3752282136
43137 -1506677773
194 -3577307496
23490 -3080932229
-41595 -2899140358
-13595 -5460176856
-14739 -6977871170
78338 -9780556815
-67893 -1408367474
-23978 -3699957324
-26886 -7413724915
-73135 -2013478146
68871 -4772418746
29616 -6833864948
44154 -5118548294
19743 -9130064800
49953 -6326013238
86787 -3075275167
-91413 -3192877900
-31444 -4894884378
-25396 -8434510299
88245 -1237089817
9660 -6197339593
-70083 -2711528813
92550 -6753759499
31430 -7883912001
68514 -4384799725
23945 -3568185960
27661 -6399281061
-74048 -9325969296
93450 -844387864
13599 -1982428547
15087 -86523206
77518 -6586571760
-76878 -8875067360
15087 -7980187391
-86788 -8456008197
-38525 -8373949974
-84266 -4553822763
74282 -2196085200
7561 -9943983594
32465 -7104881517
-82950 -7201575631
90933 -4157421196
-74982 -1747164125
91420 -8902589763
30647 -2630165094
-97308 256302925
13738 -3445472082
-21946 -6869460609
96838 -7392426000
-14562 -2982987629
-29436 -6876762887
78511 -6321799506
95475 -2157419788
12882 -924514730
-65397 -6276078932
56971 -108147654
46966 -224702280
56833 -5616174648
-2025 -438800390
99714 -9929308892
52706 -8891651370
81855 -7990781915
-82338 -760037098
1286 -6877195056
50385 -2236003297
15903 -9291847010
58213 -3137181168
93941 -3543958857
11970 -4635598417
-80530 -7734249930
41391 -2667733771
71718 -2123229398
-99704 -2571498831
-17742 -9360637594
70436 -1848849777
56634 -4364798075
-34230 -8939318408
15196 -7201898211
25724 -3188279358
-22464 -866915320
60360 -6332712110
-62682 -3972384452
-48450 -6973670332
94683 -7427727986
-90326 -6031527102
-18758 -9851507181
50378 -7544531928
16722 -4556128648
88579 -3353643591
5052 -768679316
-55316 110677983
-8553 -3348194491
-34608 -4822179539
72843 -4506463612
-92135 -637167786
76814 -251247393
46648 -5688458130
-94281 -9781398488
-52358 -8025999990
-50905 -5720979036
57820 -2756839053
-68730 -802688914
68349 -6786399104
55671 -5635383244
-25726 -1787107074
-95427 -7790025977
42354 -3637877449
-65458 -8536960971
31038 -3215399765
-30037 -5220725022
-8066 -629275218
-40536 -8800881658
82022 -6210690393
76657 -1986884121
81938 -9383427267
-70155 -8272094254
28436 -2307087849
48319 -723607650
46595 -9543164514
18936 -6312271970
56439 -3667435442
-39935 -3280823916
-14715 -3857071888
-45534 -3515588300
-54927 -8066243284
69418 -1760730960
-66326 -778913295
74677 -8269108536
-69422 -8315221056
-56952 -4450291598
56067 -9240646415
35084 -7556242860
-33936 -1135205846
4076 -3190592466
-18894 -312216995
98897 -8418402762
-13127 -914745942
1347 -3980965235
-83473 -9513611796
-10628 -6224243085
24874 -1107412878
25833 -5029758820
-80172 492960143
89535 -6460456256
-19099 -6824622438
42246 -5925719594
-77592 -3122367986
-43572 -9550819828
-64434 -7853767037
-7622 -1940872539
12963 -8738855144
-61851 -3321445264
44346 -8138332754
17551 -1629235674
-69345 -9207906823
-4578 -3811342898
-88901 -307865811
-71751 -5683184954
36438 -4351282042
96284 -1113751827
-22732 -6524404824
-5676 -2314211827
-18912 -9519113098
-67501 -8156093244
73863 -6884171848
-76925 -8335899003
-231 -7283043005
72699 -5015826787
-18274 -4472934855
75648 -4859907355
-28566 -9821501047
60688 -8753520165
75825 -7865999878
-78130 -1416345633
-88314 -1315875070
1867 -8119872783
-17670 -8296584080
74280 -527274064
-23007 -8437299008
-36274 -5255696250
70338 -6632288590
-35904 -9758447143
63930 -7027068427
79539 -8144490004
-92061 275306450
1967 -4070837496
67668 -4824456787
82206 -7776070039
32213 -2111069394
34789 -7695849585
12563 -8414391219
-62602 -2955826743
21338 -3503227656
82953 -9940696148
-4705 -8550909123
8981 -4362060690
53724 -3862768988
31767 -9216400711
-67415 -7154163312
-51467 -7430562432
25332 -3289780222
49364 -3516468204
-3149 -5227745532
35922 -6334337008
-53079 -5405245220
-31209 -1562976502
62539 -6424353180
1736 -7274112408
-42672 -3326313929
-44376 -2688194210
93404 -9865807173
-83856 -1787776309
9673 -1213264956
-95548 -9879446631
88934 -525032184
77078 -6125668599
-87686 -7524386544
-39700 -4150122015
25300 -8107048314
21195 -1555394039
-25489 -9800785266
-22587 -6894606572
23563 -3606448647
-74859 -3636978890
-42120 -6039341488
61493 -8039830905
-14316 -3967897826
-96372 -8103590989
-20793 -4189138600
-93904 -4482036405
-23105 -3768364848
21495 -3544769930
45618 -9977970101
-13788 -4118354786
9768 -4610276959
-30713 -32161752
94069 -9051846372
-67227 87473234
-34614 -1989873206
-89039 -2992048056
-19463 -734963946
-2577 -2163749618
-40922 -575068716
-82906 -1724362758
-39768 -307627946
-2433 -1062744428
-11667 -3237735349
-60006 -7966903555
-41730 -3214661288
-46585 -8313563187
11160 -9277039759
-43032 -5197784585
-67001 -3654562482
65560 -8446234053
26750 -7631320614
-77329 -1033960566
-60494 -3765848907
90423 -9656696272
-81046 -1827492819
68913 -4302014074
7345 -5639939433
72432 -9694352917
59904 -2033271014
-16619 -5305177185
-17041 -4024322847
94752 -8066364335
-43669 -3199665072
49251 -1824033698
-21997 -8630182800
95443 -5266070868
-93311 328957290
-79928 -5456551722
-69033 -3768895258
-60998 -370241940
-3862 -196318104
-5916 -6270097583
-64109 -6399270387
50421 -2480000810
-25794 -5006408905
-60279 -8779023329
54804 -4622704823
-67281 -1581757546
-72390 -8427361573
68699 -5608459284
3983 -1592089692
-34937 -9131990799
81582 -2737060472
-15249 -5882414102
4193 -2415668913
-65356 -7780550844
-13732 -701532882
-17363 -6357563073
3570 -9637649135
50694 -3986844737
-3324 -2980595461
78142 -2762228895
57207 -4198779592
-43754 -8624412627
-3981 -5154133471
-94770 -9317387480
-38376 -8928342571
55512 -5040242461
-39489 -131975975
-55122 -538440599
-23147 -2488669146
-43356 -2029633361
61142 -7402943214
-43326 -4780245383
42122 -4134745146
40326 -9271243252
94 -7569742779
45499 -7010575023
87441 -874203436
-78630 -656897687
41268 -1848022064
33170 -5210799774
25994 -4995916701
84799 -5057218062
89227 -9774906546
-17988 -6820397900
-31263 -2119912073
-60213 -4500509774
-23844 -6068438510
-64483 -2716782129
-70449 -5095999516
-73922 -1795422783
62292 -7657406372
-96431 -9261380337
87909 -8683418506
60195 -8031258920
-53106 -1195820621
98073 -2119032061
-21485 -7836412836
-60714 -3529225270
-35529 -3521940739
-84902 -4984471674
-75589 -7846884378
40628 -5884503183
28128 -5825087615
-63021 -3214957864
56382 -551891677
75956 -2617745826
-81251 -3610912533
79116 -5467453222
-23082 -2237904907
16995 -3199352060
81916 -381461973
-79673 -3288556143
25962 -883353700
22998 -7596559741
51162 -9405823295
19012 -9366456636
31767 -3802372450
-76362 -9226730894
-48901 -4988239656
-1302 -366104440
38821 -5526543081
-35418 -6934547825
-27084 -2545509139
48947 -662491032
-62942 -6715713411
2775 -9243564146
34398 -549680422
10425 -3099042697
-3279 -2831242306
-66522 -8495555566
-72348 -6996975929
43952 -2865878085
20669 -2941734474
75084 -5502196124
26503 -4114937784
10474 -9729281394
-73579 -7672394169
44917 -2933903469
-42498 -3937769465
-8795 -3883083414
-91266 -1462610344
37690 -1603212588
-69457 -7656687660
56577 -4840476617
4433 -2638716861
-29422 -4302014007
63663 -6893528338
16836 -5017774631
86819 -4386665058
-90074 -5687555013
76764 -7523354156
-47936 -4489431813
-24738 -3656384471
10227 -581139452
-50406 -5685159779
-50927 -9063324678
85755 -7063494779
70778 -5711876751
-44622 -872923645
-18051 -9731486756
86574 -6644456644
21213 -8538384137
26987 -5303138442
50922 -6226313716
-39421 -3885960162
58517 -8108170089
-1356 -2190355375
-70452 -1189510280
-15438 -4470011056
-75212 -7006463784
-40476 -9921356647
43336 -5607230361
-96308 -7077920319
-93159 362491348
-67845 -5334663599
91893 -3573148469
83541 -8737452082
39864 -8461618835
59268 -9352699840
-77595 -9148113917
-54098 -9898158654
-23214 -8377705876
-87743 -8423891790
-23744 -285777420
-45240 -967795549
-10803 -2794146689
76097 -1476823041
844 -7897687095
-6241 -2384208495
45981 -9642753377
-8644 -1215834945
-57456 -5319066511
-94182 -9844160546
16173 -4314949366
-63426 -409810589
-12666 -26930572
31843 -568660500
9063 -2412012812
40309 -3490834737
404 -9938357331
29929 -9808875024
-72523 -5372801238
75084 -8124246238
-15569 -8593285866
-97592 -2240978064
33651 -7657287358
-87868 -4307236314
-37531 -2929253964
-12675 -8965152998
-87828 -2932338449
192 -7723888147
-81663 103419484
22203 -2030133871
-28830 -5901829988
-23217 -9561054466
65963 -613764210
52986 -9164147594
74080 -3554558688
90772 -3522723705
-30144 -7880139626
14742 -5210017088
11346 -284680777
82829 -8611203084
68811 -4751814176
-81774 -217785236
-29905 -6243248784
-31325 -6676192800
-66279 -4803148661
-27277 -3268229379
44898 -6917461409
55070 -7965137955
-91341 39007769
-29181 -9657182914
44754 -1705478834
78689 -5201328801
-28383 -7502808481
-89161 -513654291
17121 -6614057120
-17223 -9564298088
36398 -3748750020
9358 -4812005526
-75161 -656134266
31026 -2513784221
-68713 -5043093060
-15369 -621446602
84460 -4530829899
77486 -5483658261
-79774 -1658095125
39258 -8325199300
-83916 -7336249003
-29415 -2239222954
-93649 -6588256686
-23619 -8632728784
40155 -8464109402
-63948 -3820265459
-55710 -2823023870
19145 -7233584133
69390 -9855434617
-31846 -1102664484
-30864 -7258674469
20742 -6729442870
84888 -1337469451
-42704 -6662249163
-26415 -2435371693
-66400 -1449616407
-16457 -5207759736
74178 -5480929915
-25300 -1301608089
-37225 -3562354548
-36603 -286425964
-59580 -8800408378
-12886 -5679914016
86157 -3098906309
-71776 -8419250448
63459 -931890127
-77085 -4130511298
-79753 -2072882340
48272 -5776421142
-85407 -8214563600
-21464 -9221670258
9200 -6931321590
-6904 -3894977826
-9334 -6104955480
13340 -9965068791
-25953 -5958617960
-93488 -8798126100
-72178 -2172109269
-7776 -8854918759
-91473 -8190350275
-89553 -4963718596
-76470 -442340806
42327 -9115472447
95046 -8631695458
-87806 -8020459536
51188 -1781348520
-93785 -2995820907
46550 -754502031
-87294 -8887575047
91334 -1086836718
32877 -7899750772
-44688 -2822542360
-9120 -8845718122
80790 -4200501520
-42429 -263775520
-93036 451773766
-12655 -1932322314
46730 -2849500041
-25028 -6317631264
-42202 -5355160701
71426 -8715581109
-92793 -8872901440
-56493 -2600975536
75030 -3816915802
-30924 -6503183045
-99396 -2244852404
-15484 -9439740915
618 -4073220010
-82260 -2829804212
99778 -5945875773
2445 -4606066076
-89443 -4425566517
11568 -836258162
-92562 -9114806771
-67484 -545743566
37815 -35066978
-14061 -2199484891
64868 -4743743961
49146 -7030144721
74222 -8993624916
-77346 -4429760575
-86558 -460206039
-65367 -4666710668
29157 -944905837
35410 -8433144090
-92073 -846350387
-52569 -3135895490
82469 -1681775136
-889 -3405094068
24004 -3685297323
-14208 -154606357
53570 -4536216624
97173 -8785881094
20300 -4431727416
-95978 -5793882138
-24194 -329416599
-82485 -3283782064
-77560 -7534029729
-62763 -2156135894
61609 -9127606449
-82191 -4820396002
63611 -770271618
80537 -6246065628
-14134 -9065032992
-36228 -1540213456
47790 -8049893825
-78087 -8717264588
63423 -9229762811
28506 -964697138
-95180 -2094997332
-84918 -2608748960
-50949 -8053105711
-44634 -4668610268
39558 -4836924167
11918 -4070527050
-30512 -7969444731
6912 -7857785317
-44352 -2213986093
-93109 -3284667867
-1792 -9358577205
-10475 -6877265541
76404 -5012725861
16015 -6429705186
-15868 -2819959773
-11949 -5899747774
8088 -700134652
-95304 -2256324637
-74784 -3368691401
2433 -3275599642
-71877 -9382398512
-13571 -3626890776
68052 -4833687478
98637 -7503337972
-39465 -6158598379
-22927 -5179500486
10151 -7868340462
9344 -9589659354
1903 -6786752610
29500 -9438290859
-96110 -1604523732
-62649 -2173833899
79235 -3453344106
22214 -8122528449
77249 -5523446013
-53379 -9816489133
74256 -8249338604
71700 -3622106554
99144 -3622158307
-97884 -8697434932
53288 -1784361003
-76107 -882897257
-73787 -3439881018
-30810 -1545794017
-10866 -5069569825
91422 -3958630921
-1569 -5888691328
-3006 -7941118912
93422 -1189256388
-39281 -6701805750
62498 -1957133274
94766 -5241569325
24862 -3322506912
-44547 -3026040706
71034 -9473181296
59902 -1249225815
45317 -4615788066
14616 -2847671272
44936 -177437838
-62521 -6822971427
-86218 -1445484864
39704 -2201218200
-60372 -5814383413
-90456 -1684621891
83314 -27652065
49876 -1950185976
-15446 -7356061899
53415 -8775664415
-562 -6250987452
43649 -7705089144
30494 -8432948274
-45327 62962870
21704 -4337325594
-52589 -9946304403
-35989 -8017384740
-35007 -1461154181
19095 -2706054206
-98469 -3438492251
90667 -8829038991
86139 -9006179564
95356 -480129423
35908 -1004845602
-99417 -7096281439
58096 -9566718693
67155 -5807903471
-72436 -2650063023
16986 -3524152298
-43220 -7394338587
-93886 -4010499687
-48918 -6434156653
-77321 -7766914248
-85221 -5934336731
31658 -3690143289
-3733 -5923454076
83864 -82097115
34992 -2106958534
67565 -7209836886
-50036 -1658835678
6256 -1230652896
-95133 -4097465704
669 -8301013154
-18418 -1748174001
-11523 -3273329350
21637 -4825851978
84423 -2385133960
79866 -3849063811
-95952 -4351521977
58702 -7399336770
80049 -716720108
-39869 -5162122335
-72198 -7014100261
-74848 -7235702667
-44271 -2287957450
97596 -8061056053
11331 -3979622848
16131 -2685346612
-27414 -5897770612
-92030 -6371468526
-20038 -2976755796
-20061 -124316603
5988 -2990856184
-65226 -1753282289
-1785 -8287629340
88415 -8864174562
49232 -9965159667
-95436 -6924190262
-25653 -2964139570
54147 -1585441295
-65497 -2354005692
-35735 -637922745
3958 -4054797621
18090 -5430664732
15392 -5347365213
-19717 -7472053068
19819 -9857480820
1550 -8288389272
-4368 -4984780097
94356 -7064685608
-45037 -9640839456
86586 -9643766296
-97941 -1019493275
-22634 -6081399600
-28600 -4327602690
97354 -4694164527
-262 -9334057209
-62870 -5401551702
43548 -4140635747
75636 -5205641845
62676 -9329090957
-43290 -8350366823
4776 -8157709859
-78512 -332498097
-58842 -7174354864
62019 -7116599008
85086 -7686012307
3104 -7057718454
11757 -6248522629
-70964 -4213110372
-97521 -5106528422
66757 -3091241085
84248 -4328283255
-90225 -5306861422
74540 -1888335996
55929 -9935700028
20640 -5092628416
-61404 -7422744889
-73552 -7301922375
34353 -2531516053
35310 -2639773942
-1002 -8154266158
-99683 -7367082018
89014 -9812239206
54491 -4613250018
-25128 -3998823754
-27778 -312927108
-37232 -4547481471
-74230 -3112436943
-49542 -7212624340
-68675 -8524375953
8780 -7996149993
36627 -6571527011
4287 -9632135347
53823 -4513822382
42075 -6113059694
66167 -3855041031
17927 -6413204124
-98189 -2199004488
-66969 -2864918716
-36615 -8538642937
74452 -682918236
81729 -9400711261
-44894 -3244434462
-58008 -3543188317
48069 -2125175476
-35220 -2042132969
-7133 -1911541251
22167 -7717329163
-25704 -4105434982
58782 -4787191580
41555 -5805593100
80181 -5284339652
78947 -3609465156
-13851 -1932817073
-42531 -5253932324
95531 -9617442876
29403 -8817118508
-3548 -1096142412
-86031 -9540674012
96667 -9140895288
4574 -3942951942
39107 -266888664
-76377 -254315014
87663 -8842268018
-79233 -9556239683
14553 -869007845
60176 -9457947477
-77085 -7681853776
47324 -3392122560
22408 -6918654723
22479 -5093995760
66873 -8193551381
-48498 -9535235048
-20738 -8047505091
-95739 -8543753752
-41272 -3006324210
-81984 -9574837172
-46841 -6483501639
-68028 -8667272857
14439 -9620604719
88305 -3204519260
20388 -6411875464
-54119 -1146033954
-22932 -7847704385
-89782 -4597339647
66171 -5427943348
37329 -9259484638
62024 -1852042602
-84086 249154224
-65106 -4839093991
51326 -7412147319
-8019 -1648747673
27561 -3000852262
81931 -4733454804
29457 -3435614096
-60820 -6334273251
-99612 -7007721017
2783 -8769482508
3172 -9300911154
-77244 -889802215
-90281 -3771097968
-24818 -5409429036
67293 -997056146
-59620 -2291754603
82986 -4666269841
-8436 -639578197
-77720 -8924314530
26388 -8352146600
16164 -1934961154
-52392 -2242623583
84246 -8099285480
-6731 -9470872512
42951 -4235212154
2637 -875075698
-36089 -4649480958
-73999 -9116626482
45717 -8710974028
-98688 -4007704313
11696 -1189241649
67908 -4900732171
62541 -7976826773
95526 -8486117872
4350 -1348158250
-42732 -2449637101
46699 -8490269370
-17647 -413422686
-58818 -9892808105
-23688 -552163577
-66572 -8110309554
85446 -1335214399
61835 -750874206
84810 -7945428694
23628 -404297374
-15224 -1323159948
64626 -8267601305
-96424 -6012056682
40228 -4576623219
-28288 -9591564702
-85612 -9365614875
17929 -2169078228
91158 -2489670175
11379 -3782157724
-38193 -6174119008
86784 -7937328463
26300 -5814117681
24030 -4088900008
95412 -3250282603
63806 -9859705497
-73434 -1168363957
85500 -2740271378
-85760 -6515605524
-73532 -1743127539
12363 -5495657846
15679 -4810728303
33904 -8845714674
-72159 -2444084053
-55344 -2581187416
92768 -2481330891
96130 -6099067758
85724 -4890165591
89557 -8598184461
-4845 -6294389420
8451 -6702184546
23296 -9568478340
21270 -3710220958
22927 -9086903982
-85987 -3067572669
-40575 -6171214037
87153 -6644032397
-60913 -3401782572
44481 -2540425021
91421 -4208524242
-7350 -850546090
-96360 -2759763119
66921 -6408551176
-81460 -1194584151
83710 -6502148994
-50418 -3324657020
-79025 -2816397408
87735 -3924668540
41508 -9374822897
12087 -4522604635
-82922 -1485738465
-58335 -4849202777
-12463 -8665870665
40729 -7494570414
20617 -8231252757
54500 -9258174153
-4947 -6671947601
72261 -1264158232
89202 -6663756578
93724 -2073105867
89613 -2810869180
-17098 -7556070288
20730 -8082534815
-97370 -638282985
25534 -8314202319
-66546 -6197779897
-40916 -2379107370
-33987 -8560798690
38170 -3224586540
-87014 -4959606393
53655 -9506201444
93252 -853837075
-42527 -1393348773
92596 -5458928346
-78347 137615472
-58863 -2096728414
-22103 -5782460325
-17313 -2470762135
54862 -3982125204
-36214 -2653449048
-83766 -8295610415
-40013 -988465728
-65457 -4472950352
-48676 -5184100395
44589 -4795073573
63427 -4591300923
-11172 -3588442133
-80891 -3700935252
59388 -2470781156
55727 -2516600118
-63630 -3028456324
-2157 -6304154119
93970 -686120292
819 -3338061758
54420 -3075182330
-78400 -4126594416
47542 -5783728956
90764 -44116434
-97346 -1017142062
-79036 -3793032699
-31998 -1595215084
32462 -2192046546
10210 -3440730669
20192 -7782597138
-98470 -6820059414
43130 -8585784651
37093 -6093016497
-30338 -8745001689
-24134 -8320095549
-17511 -4711501166
92326 -4071287436
72732 -5219307022
-5959 -8748475437
-33699 -8894590490
-23562 -5097051214
57197 -9696232389
68867 -2805618615
-56329 -6193745523
32219 -1490367543
-28242 -362134456
64619 -8291366955
18677 -5772807804
-2651 -2113547082
11874 -6911834197
-47582 -2422379541
-40853 -5384571054
8365 -9030546408
37776 -7197860392
8839 -387323559
-79912 -5167041216
3765 -922219145
70651 -5471123880
63138 -7546255387
76976 -6272321928
98828 -2194023498
-59934 -1723337974
57816 -3771700492
90228 -5471233801
-59720 -1545730116
69328 -7975139484
64482 -4863617318
-95829 -4132398820
-81709 -4307410638
-30134 -6532610394
55674 -8545000702
-36342 -3918450616
32190 -5558445611
-93062 -3849850935
96010 -9452656989
13683 -4225406096
36150 -4223950325
-3289 -1855224879
-11249 -2543547432
-26907 -1826289050
-32046 -4047312182
-97665 -6219953231
36048 -1865060137
82350 -7943082475
72756 -6400732675
44616 -3737344193
-61970 -6885017337
44361 -971627041
28292 -877936554
43928 -939525831
-43174 -5131893285
-8830 -6869490279
-18150 -5414602331
-78959 -8693329050
52825 -7010219493
-92664 -3526534891
25638 -7708570753
-5324 -3432296835
11194 -4859201007
-25544 -375143592
-27316 -9945945840
29957 -1832251824
56984 -1650614661
26869 -6898230138
16056 -3890641180
55295 -758752635
92397 -6035206621
98974 -705102297
-91187 -2338060053
-22221 -5435953091
-35943 -5543896585
-40356 -6344860247
-41829 -95910394
92112 -3933039938
98043 -7564282267
78392 -1389103590
-49282 -637376985
-14827 -4080229776
49231 -9011741616
53855 -1327047504
77878 -6193238424
-53080 -4067154564
-77625 -3792079708
27083 -9591209856
-33067 -1514673672
39128 -3297466263
-57811 -410932401
-90678 -8468156477
-95139 -5566735184
46821 -8671631710
87356 -6413729802
12697 -1532383833
9920 -1710332988
22547 -5813631207
-88932 -6708171836
63668 -8463136395
-66878 -1689010764
73505 -9003317658
99478 -5020879347
-25283 -7088073594
34185 -7790994398
67111 -8040621687
-37334 -1164748167
24927 -4940522890
-43118 -2042509077
-47415 -7433075258
-60276 -7621735565
882 -5720549384
-22061 -9557544168
-63540 -8214303310
45088 -2996838300
26396 -4771005771
51944 -6520329423
-69469 288334938
21145 -4186922532
-33237 -9932345308
-9656 -5026427145
-79935 -8230740898
-37347 -1875351272
65548 -1211694084
-88744 -2991109815
-15048 -3824813570
79483 -3357191400
-32371 -7697464062
-8224 -8274172728
-17071 -2800047873
48579 -6913953578
88599 -4785207742
28232 -2429332617
-42832 -9839504100
74863 -8798308770
-64180 -2356926786
-37166 -4551941235
24573 -8690693948
-80562 -3748518938
-89986 151003602
-95795 -1793843385
69212 -2428131873
-92631 -7087885049
92627 -4290896784
52614 -8101875580
72805 -1456104933
32597 -5580914850
-89700 308869030
60962 -6005266074
-50585 -9666183444
-46563 -2034491390
2078 -4353170448
-24329 -7881269571
65799 -6417228046
-76068 -829345559
-49362 -2158777654
57315 -6173327143
85470 -2271175379
-93207 -9732180965
71076 -2363848102
76460 -6067859172
46470 -4774515448
59880 -8713123174
-81783 -1609809928
58128 -1461169163
-16000 -2944007535
-16480 -7477739445
52036 -2523970872
38184 -6676920010
-91663 -3420468678
-81742 -6250435503
-58745 -1406053734
93234 -1212123326
-77256 -2503344371
-40131 -5504195972
26118 -1753336472
-72313 -4489890432
-48234 -261764852
80625 -1666522744
-59758 -5861658474
-91323 -3469366753
-11096 -8078699022
-44397 -4146050795
-52536 -3715858957
-80287 -3482019570
96204 -3476788313
78921 -352410113
-13105 -2065287312
-98532 -1954912070
85394 -2273269638
48413 -6935109726
-60399 -1453901738
-76164 -8476522340
367 -9285986955
66090 -1239870677
96554 -18643248
-16498 -2837843178
88864 -7236597168
-35800 -7191055791
-90792 -1093672601
35721 -9088376510
-90413 -8690091180
-44416 -5505277503
-49318 -3673637025
77308 -6117256875
42148 -6568763280
-57206 -2321808234
48447 -3332283982
33044 -2882620677
-98970 -1845254773
-23478 -3678301993
-16359 -5639027785
-29955 -2472604898
34898 -8390450949
84730 -5120896566
63726 -6546518701
83840 -4431422892
39894 -776299574
-4294 -7111284681
-21663 -7598214652
-97785 -7676315327
-23995 -9841486053
43689 -2476172341
-24689 -390209544
-17962 -1593159759
-86178 -7438722658
-56040 -5824658680
-37616 -8825038776
98538 -6141529891
61382 -4089643818
48639 -9371990899
-83768 -4175890716
11040 -2334452347
-20524 -957957036
42132 -3308413931
-45789 -5728479058
16868 -4285794006
56973 -8468858593
-68623 -6484217601
-41173 -672659754
65694 -7634310692
-84026 -6867632343
-17905 -5639166444
-8309 -1020545238
2326 -6218598096
43764 -1042028599
-11229 -323937967
-91816 -1412947944
33009 -53832818
57360 -5015782328
47734 -2736121179
43191 -1604975866
-39561 -3209112748
-38564 -9237775383
-99057 -7497285272
92344 -8743348896
93399 -6586360715
98042 -483575634
3015 -9326374403
63806 -3432515004
-18438 -6334559426
-69460 -2713618452
-30678 -3342084347
29714 -3689071335
55072 -7485763569
-46624 -7114476471
92502 -1535609152
-9768 -6524007394
-82831 -1361057025
19796 -9683120445
-61179 -6644265874
-68379 -9497021126
19001 -777187614
9570 -3950371049
-87353 -4730181123
99622 -7725909936
13092 -2606333704
1631 -6128768982
25164 -5444069219
-99331 -2665916304
-79038 -9596722552
48746 -5433442416
-96963 -2408104178
43976 -8459504526
-72645 -5823049918
13428 -7730242930
21729 -8215683170
-27452 -386466153
-37038 -786074591
21628 -3250869021
-24231 -4297599518
18190 -1268289579
18343 -9407250039
81788 -9759132750
-54747 -5297984522
6037 -1380827946
63180 -4904451847
73775 -2780010507
-2391 -1676725301
4113 -8542242652
59861 -2154465741
50118 -8531214869
-66460 -4543824549
-34005 -1847853940
-5178 -6317203643
729 -4992117961
-38046 -5906877761
-90291 -4107210778
83058 -994289420
-24474 -6517758128
56060 -954334797
-92044 -1816515045
-31980 -3139702736
54828 -1426883833
91196 -5519472945
-49024 -337994394
-62092 -1967372100
79749 -6370443913
-38682 -2081083850
-88225 -8424729708
-44131 -4505560224
-3105 -7500213706
-67979 -9654151293
1236 -8511666811
37132 -1680413091
-46512 -5476904147
59680 -6349307568
66156 -6213064612
78066 -5053538104
71108 -3357732291
-26174 -4237102101
28623 -4282604179
-31083 -3293335813
68172 -5583734269
74050 -124566471
36604 -8383098768
-61992 -2746840045
20244 -8594217650
2418 -7533369719
-40384 -2794731240
-88425 -4756330466
6867 -6997174034
82902 -8824219936
-17075 -6633583140
-6167 -3824328276
59583 -3659505923
-29166 -3345816062
42891 -3387203752
-31556 -9506096712
51593 -2839280520
81729 -5304638789
-5293 -6695870247
84708 -5134680599
29315 -2394706911
52167 -76758670
49075 -2672816703
-6450 -1274401396
47292 -3215486069
96576 -2223676051
21744 -3270020141
96640 -1212195795
-10279 -20568318
90528 -1774639576
92424 -23234464
-11679 -2809879585
83536 -4940581536
79400 -1067794743
-79716 -5285204308
86005 -9216493356
-90801 142555057
-82229 -3244676898
-11972 -2227451388
30804 -7140367280
69300 -8217484999
-55379 -2345470161
11652 -1921023470
-17988 -1683089849
60994 -9230625744
11024 -3173082903
-37746 -2928796475
-4247 -199693734
-43189 -8058405378
-67814 -2494501677
50450 -9335239221
-42119 -5528876178
-45184 -2642814558
28587 -2832938270
14673 -9770350078
-69219 -8718617278
91126 -3369831111
-55479 -1188307322
-20612 -1815409410
-77621 -4555533414
-77580 -8648969336
-84774 -5140033151
92522 -6681208662
4122 -2973897802
67997 -2996670438
-13314 -9696990911
-18852 -6872316275
42638 -6732960210
-53499 -4751105444
37887 -8283358486
29098 -9066567225
31173 -3972434176
34197 -6883174396
57210 -6130739873
83655 -8513274224
-876 -8163978322
33542 -2143177041
89931 -7269794843
-59446 -6216947958
62169 -1418765770
-18459 -5039502625
9796 -457135542
87345 -1332471304
80709 -282267670
-92442 -9542584790
-70411 -8198069268
-94524 -7449972866
-75101 -5972249556
-52635 -4410662126
84852 -7570063366
22327 -8288694726
60033 -2770391696
21741 -2977701881
-43500 -6532943140
61344 -7358347573
4896 -8560790911
-89664 -8800356313
-37748 -482639970
75826 -5230954887
-990 -9671670247
-66815 -8512281450
-47977 -6224308479
46838 -8321384244
81562 -1228205856
50694 -8117204777
-79011 -3630485854
36510 -9186066466
-71551 -7818122082
65087 -249420087
99038 -1660559139
91353 -9547831210
18114 -5092469042
31596 -7533842524
-53640 -4483684960
87382 -5542369752
87262 -1500250839
-20798 -4228405056
36969 -4307369837
-15643 -6971595450
88326 -885823778
-45368 -8987495655
-98709 26716394
-31408 -1157406174
79095 -8898511478
-63985 -4961071740
68617 -7728084936
-60534 -7405717343
-11578 -9624630942
-62160 -3168032068
-14277 -6253183402
24702 -5941730380
29268 -2567621012
-75870 -409916539
49224 -1164721961
-90558 -3954213610
-66546 -5017886911
29294 -302629965
45227 -9818909667
-46833 -7203205063
-59585 -9405381540
-81792 -8247922772
6989 -3443210865
-91257 -373933612
-60513 -3447268922
-46920 -5654560583
30767 -8030382996
-79380 -3552599177
-83424 -6767688757
-9285 -3717990404
-45075 -2960984033
76474 -727094352
30932 -5609337687
-94664 -2634043608
39923 -7901236302
48756 -322905307
-42224 -7327880379
68119 -4491819054
-19410 -6675749792
-87900 -188977003
12400 -7861949445
72837 -5032304029
-76419 -5363014228
48 -4060689853
-90586 -5444623515
-23963 -5788486308
-96897 -1091652643
-66555 -9997029785
-80226 -8439546955
37100 -3894963033
-80982 -6388942906
78389 -9838554792
-90961 -5205053580
85768 -7664070369
-84777 -502999738
-80137 -3402415710
89941 -6398617254
-71448 -1371832915
22596 -5544300076
-82408 -8894316843
64122 -102619175
-51596 -6159646674
45952 -2796575082
-59568 -59743583
61521 -7711455434
-28944 -135107843
84528 -816409081
-89178 -8441474056
62253 -7909618273
43557 -2876184740
93038 -4179623685
7674 -845621164
-66225 -2271281978
32951 -5496347946
29779 -7460050062
-18084 -5290545283
-96152 -4249119177
4895 -1963224036
-67725 25686248
78854 -3349080933
19377 -3779709890
6971 -186127275
28622 -1196588748
-53197 -7971673356
90462 -154781176
-29215 -3006036636
58374 -4727875916
-33626 -5114933532
-36147 -1564224044
-38887 -6197666181
88962 -9286060202
14976 -1060023890
-53859 -4791837652
77642 -3960969678
53698 -3403815078
-19827 -2665100761
28845 -4110643526
4710 -7244441188
47097 -6067950514
10356 -7578231869
54976 -5765542914
-96557 -8780686956
-80370 -5285451424
78298 -783529896
80910 -6059632801
4876 -5042372250
53556 -9622458040
-56439 -4766936072
-50248 -3953990580
-22222 -4342256184
74523 -4951088960
-61389 -1148268910
-58746 63158507
37757 -9956646777
25816 -7713941010
-81942 -1106065010
-60574 -5118047754
-23195 -7445335557
12410 -4548257028
-55523 -6760977366
1378 -35395860
81025 -6901148364
-58149 -6741119531
-28206 -428862950
24398 -6655851258
88906 -543386283
-836 -5086621056
-62685 -9397064794
40560 -8541496222
-35634 -9706502827
-74316 -2923534822
-58505 -2828471400
-56635 249519183
95856 -4441602926
-3324 -2735373862
34952 -7795888323
-19815 -9574751953
16328 -7012725225
15184 -614051943
-78600 -7655956007
-95972 -2914758729
-72684 -6455640194
9348 -7602735338
-58734 -4954274717
-48851 -7540087749
-1567 -1666980582
-36774 -7478087204
82070 -6779031195
-76008 -184142647
57075 -8336527036
-21260 -6183878958
-25583 -9556051644
67459 -2439976935
-49159 -672881700
79758 -410218894
-94048 -7740858537
73950 -6115917949
-9771 -1857570224
55938 -9038999903
-15027 -3807571696
17730 -1212697933
27448 -5497629270
-23203 -6978581964
-81552 -8312295473
82083 -9724121686
67604 -4968585138
-39349 -2476354206
-50255 -3777079188
-5286 -8249987506
-9018 -4146923594
25320 -7136428064
-58818 -7430445727
-13849 -1917723258
-87082 201247647
-22575 -7621673749
45720 -4999481581
-29082 -7043628403
-42247 -607318338
47910 -1053892312
93994 -4448555976
15335 -823862967
54792 -302027021
11964 -2572163588
-99400 -5039618496
80939 -3732655302
18970 -3545932971
-15518 -6525300933
78275 -9686325312
87092 -9755483583
-53532 -2473493015
85851 -8406231938
42945 -4173536510
-56502 -9033431986
-55906 -8502097719
-77914 -2679439722
65073 -9461372965
-83858 -3210318957
-67000 -6318304029
21232 -52185180
4548 -4828453520
75870 -8612265398
-75492 -5775791236
87234 -4467503242
-52556 -6627097965
47577 -6194515660
40368 -7277326586
91507 -9425773440
28399 -5910863907
-7687 -61608642
-14658 -174611771
-21495 -3473490758
76632 -2922882466
49930 -439311477
48971 -5981903526
32805 -9700011428
41505 -8360830756
-72948 -2717448484
-83367 -1231144006
-35148 -7806626744
-54598 -6428758869
50166 -201472312
-59762 -3320555367
48752 -1596420900
13574 -9682552014
-51899 -974009982
-72522 -4358773874
9592 -163498632
-3990 -2620187593
14414 -9522898812
5364 -5518708928
97479 -337992131
-40639 -2202036930
26679 -6933530395
-38421 -2556928495
19442 -2171559474
-49821 -1461337058
42418 -1591199247
45702 -3264431806
-20313 -8307198796
57112 -8741670516
-93390 -5498345207
-46005 -6847368514
-18264 -2305577885
-2581 -9327880734
99944 -5043594009
3960 -2771021084
-72360 -7838699821
-88940 -3471323547
22531 -1970102358
11398 -6979635957
84422 -2215706877
-53224 -7256229384
-41759 -9474323121
-63049 -5743954011
-2804 -1079141118
-27599 -7130094150
70117 -1360170042
-67428 -3701585338
-32856 -6195547522
57064 -3943308624
-26959 -8809566294
2668 -4827036249
39858 -1630113406
-63176 -8245255605
-65803 -3700150230
-91795 -138155190
13002 -8042414206
8913 -2935265840
-53379 -330155984
19277 -4989154038
32744 -5553152415
-18773 -6623464467
-85811 -7337328342
7201 -7271141430
90950 -2760721185
28626 -111703070
85299 -3668258083
97509 -7241152321
-62646 -223243444
9010 -8601330336
-91959 629233511
93859 -130337895
47600 -5190684594
29849 -3285041937
-54654 -6551307490
-48505 -7317224808
52671 -9519181387
-90679 -1455844317
-10950 -946834685
-38661 -8683481779
-47507 -3932201460
57010 -613682679
99620 -8456752686
-88503 -951376600
12559 -6773799987
67342 -3488621712
-80659 -8185506954
-22834 -4103373777
35895 -6895575080
-88007 -5235455730
-29202 -5852939924
-86517 -4508394188
87405 -7987977772
27688 -1414750269
96269 -7416819129
-51926 -8725157469
15528 -2101324397
76625 -1187086257
-96606 -6949415143
-51786 -3883934675
92135 -7673796339
-64068 -2120328025
-58065 -1153361315
-16323 -9915990181
-49079 -7332875358
53844 -7248346519
-73164 -3907958174
-97881 -1174545574
80121 -975809348
68420 -9510874254
-19860 -2647400989
-79797 -7190997766
32955 -8413119083
1298 -960322047
39801 -5237121152
-10938 -5590808372
-79887 -4778647120
-5694 -6612618691
-38787 -7171137742
-50226 -2738046985
-10774 -8253580197
-68665 -4243932720
11428 -969769302
-60716 -925151469
48966 -154192813
73694 -2311077438
32265 -6338472317
63005 -1138638384
50950 -1096855011
78842 -9450266385
-14064 -693962281
37520 -2126914548
-79623 -968100224
-74576 -9634803786
44865 -253814570
-2878 -6060913272
65571 -3782292583
-7574 -6730689750
-55612 -288297915
75534 -3745656349
-48846 -6043761286
37482 -6934705714
61753 -1218824382
-17375 -9316647852
40735 -7410748536
-32439 -1325481149
-94398 -6091607897
82708 -9635940696
-11130 -4510075211
41144 -4120872351
-3416 -9360088347
38805 -3085026278
-71348 -9076291191
97110 -4768224533
-19670 -6860653749
28507 -8381169228
6229 -8352569430
99593 -9199160988
-78946 -1991196057
-11176 -5243627220
22392 -125826529
-6847 -4686002577
67182 -4301506046
2743 -2751890622
-53033 -1212721551
85056 -6722783368
-4842 -3137590598
-43645 -9126313059
64078 -9408354975
-67377 -8919549871
-99808 -7425673509
88862 -2757959925
-63864 -3921876770
-16113 -8291086924
83798 -3139561191
-11309 -2983306434
54981 -1738376852
21714 -2288720467
-45113 -518712198
14498 -9674652576
-187 -7934695569
-92476 -2922727290
-15504 -5968957673
-684 -7226614117
89145 -5627531626
-92849 -3551011362
-74276 -8495759553
-52273 -8571938940
9126 -2783888059
17242 -7835444262
16698 -4510174730
-89691 -7582357757
47873 -4264409361
-46721 -5536517994
99966 -6753218981
84294 -9277760914
-97091 -6478743234
-63606 -4494040259
29586 -1186056113
-2492 -8896205580
46334 -8251531911
-80015 -3016003974
-6198 -9801694591
-75083 -4384362618
93608 -7433231214
88818 -1851267139
-8258 -4886221983
-70068 -4648488950
91176 -2288438201
26631 -272515964
34356 -6243676157
-82308 -5748272422
39728 -9476677296
-46719 -312305153
-19657 -3432230043
-63080 -7567441161
-67358 -2683330530
-31448 -63139836
17998 -5010118455
-38329 -1161533490
-37694 -7196968959
13058 -2321796177
-8147 -3811504710
90073 -919601901
-74958 -5187134614
-23232 -353729389
19640 -1711730967
1311 -6063961936
82375 -1801583895
61238 -297876714
-23537 -8156335734
60607 -4283949426
-60264 -6047256131
-76866 -5457786640
16248 -8746482199
-51591 -7207643128
-54954 -1726341451
-13021 -1081494399
87484 -435292389
24184 -6849324819
-32850 -3686440870
4416 -1441964407
-59329 -6540096084
-19493 -2585933832
56400 -6400119853
-17643 -5305203005
80874 -2585027371
46371 -5530579051
-74466 -2047690604
62378 -7673616873
-23957 -1647576675
-3431 -1559813208
-68478 -8489698205
30121 -4922294958
61193 -2367682440
54801 -4947870242
-92324 -6736967538
37935 -3830821406
77664 -1739043497
48776 -2642326083
60890 -7143027300
58924 -8447286891
-96177 -4971872050
-90029 -9240941580
-42351 -9193075498
-49457 -9684198555
-92663 -7990545462
47166 -1003587502
85980 -569860270
-28175 -19165464
6534 -9668899979
25364 -704947614
-37405 -1018084440
-8860 -8203576152
66808 -8378488287
68350 -1719826368
98747 -3700847262
49768 -2998666080
-74115 419196520
-99639 -3892728764
-54523 -8599645614
-82033 -1235114010
-84686 -8603312772
-20217 -4471315958
18704 -5631896073
76186 -5099246640
-8765 -5035086642
99474 -9624415708
-35984 -250538751
-5962 -6654134751
35445 -1535276473
-53665 -2506765155
-2886 -1932125308
45134 -3483830985
49667 -7952403891
10324 -7585152204
40548 -405528458
-80086 -6599529972
-22038 -2667419488
-46860 -86534986
4010 -3309558474
27569 -9809442249
44432 -4713735903
-79358 -7604606214
48544 -5973001251
6808 -9211150989
85398 -2790709402
846 -3356722972
-3162 -770136784
-5163 -2755837253
21335 -9555418632
99 -4740186455
-45493 -6993735996
36452 -9524475573
86861 -9785267913
-39551 -5377593357
3342 -2981329046
85615 -1553705247
92595 -427736432
90767 -9506523780
53103 -5881237424
24329 -5982179985
69828 -5532962482
-89316 -2530816879
3493 -5078788440
33144 -4417479296
95031 -7206927115
-79326 -3642315988
-97972 -9268360269
72242 -8058333825
-56973 -4820080964
-59328 -6406703899
-29331 -175497530
93942 -2367305654
76115 -7367315514
10627 -2858964366
24690 -2358636334
64950 -6673424962
-94458 -3572080058
61654 -5892687141
85386 -1201538368
-23871 -191003005
32602 -1466250771
91176 -3262672114
-8907 -3812236390
-13572 -6268373890
-20100 -1826727725
39096 -3766408199
-603 -507652421
2646 -2647951169
-13648 -8300371551
25876 -1213913208
-22353 -4079061307
-94986 -8114213764
-64452 -1830545746
-9193 -9678139758
-56721 -1062260648
-33978 -7011438175
87980 -6867917754
-33089 -4267845867
24072 -4198665464
-32037 -9923688356
-81989 -6860785695
18231 -2328092986
-1140 -1999801261
-960 -9934104215
37046 -1562679714
27487 -9267808788
-48426 -7098304538
-42066 -658608989
35017 -5130253581
9461 -2344238805
59834 -8390457768
-6582 -4434877864
-7049 -4417749084
-49060 -5523851526
-11471 -4274009652
-89018 -8594219754
-47376 -7859733283
-68277 -3985816627
97656 -5946438805
-65731 -6080925816
57964 -211234338
91125 -8801923766
53526 -3176682050
37046 -8023416816
-54327 -129332089
17307 -2400902596
97739 -8764638735
7235 -4786681683
99540 -1794219323
-54150 -7970796788
22992 -7856469406
56456 -326385768
45457 -6115421058
63246 -334723786
-16140 -3008952445
-60317 -7996099548
57787 -4110405852
-93957 -4543894354
94572 -8846758394
-77102 -5521997601
23028 -7082585584
-41395 -9530982324
45310 -4019075508
64335 -4399756499
-66504 -3518905484
-55136 -8983432419
39070 -47523633
-74687 -4316092842
16783 -3935365947
64488 -8497711192
4235 -3714477792
-44060 -5450614110
-174 -5625736177
-49629 -8621998072
-53118 -715247086
91426 -1636630140
-95952 -1398485050
32740 -4023949026
-53247 -3442153921
77518 -6729258660
-82815 -6976781684
-56084 -4974270861
-87126 -8368822592
-98625 -122750095
27018 -133486232
65382 -5634093377
-50665 -5734868370
23694 -3967556390
20406 -2483630906
64461 -4314675493
-21014 -4946451192
73640 -2843830815
-9733 -9205482354
-43739 -2045915550
38721 -6079412354
58952 -8969523396
-25276 -4554255096
-82917 -4627018123
45030 -2947775146
-60152 -1578091305
51047 -5645427312
-34044 -7496216884
45765 -7755631745
-81247 -6643412616
84334 -8025171540
15404 -6447694842
-21227 -9279918549
-79821 -8970392167
-71508 -6534133900
29457 -8193097480
-76933 -7568409840
-36502 -6008890284
-52119 -7911298832
-64399 -5866384332
11752 -7579485228
-44430 -3368273288
-40660 -9736655079
31933 -3859572384
32318 -2502727158
-43215 -5842901828
34761 -8439781732
-87297 -5691038915
-89511 370861595
62037 -755912996
86947 -154374066
-3406 -4786739154
75318 -2693133034
-86111 -8102237985
-90400 368571966
94954 -3335181582
-26004 -3680428087
1555 -620923770
87868 -6941154735
-94389 -2738735095
-84102 -4863671824
-91778 -3370442016
-4866 -9521872397
-13236 -2166391381
-85158 -2979189260
69128 -9924582522
-84474 -6224709587
-50316 -5700639304
16635 -3303166228
-40002 -8689593010
-15566 -7946649669
-75594 -2388779732
-58331 -3677482041
-576 -8423540123
4807 -9106579503
229 -2995717005
-75327 -8363256718
62816 -25005219
-85690 -1123968468
-10641 -7698388472
86477 -2530643634
31125 -8439662033
-13992 -3399800408
78173 -1640874513
-49081 -5070341322
-73500 -5387779241
-42573 -4037703827
28587 -7900332716
87516 -1008125864
92903 -3240742143
-80961 -9557230234
-41640 -47673862
48964 -1401701841
-64673 -3184158204
-93141 -2927006828
68689 -7109585808
-45230 -5008257
-26070 -5817147083
-4564 -5708173557
92544 -6061492682
39714 -6130724663
56862 -6454977928
-61791 -6650082604
-61764 -5875476824
-96325 -4704218382
-15394 -5525888589
25052 -5496063477
-54266 -8534502447
72168 -2505115478
-82488 -7176093940
-93840 -6232340441
25941 -9634981862
80137 -7919397084
63356 -9499114821
-10039 -3853358013
83616 -6233004763
73981 -8482972905
62160 -8562751910
-13819 -9116324070
79498 -1280486319
-2725 -7133857746
55141 -278123856
57744 -9588102302
-52525 -7448153955
-91068 -6253299703
84966 -3861384728
-49306 -9275457783
-59841 -5911227584
-77774 -4025682486
-54373 -8115077814
-10750 -1513822437
95944 -3200106273
-4129 -6849686382
12458 -1457307360
-73179 -7628146838
-21241 -9891481332
47274 -1835405620
41226 -1282705489
-44694 -7448781313
-97707 -4743686714
24910 -4533041883
-80394 -3063977750
-51847 -8045984889
79992 -7348387759
-33718 -9674410500
-26320 -6912877194
47401 -6209064261
-77333 -5525554470
-64923 35174888
64191 -2269993487
-84019 -8263307814
81496 -401105385
-36372 -7092052961
25278 -1242193204
97602 -4256740460
-23990 -9673592682
-76405 -1839392679
29760 -1620884129
25013 -4544993280
-41991 -1105042400
-94266 -3358127606
34199 -5252022624
46479 -6316195331
-23595 -5227364689
18616 -295456596
-82599 -9650461517
-33151 -4917794589
-83151 -654390946
-61816 -9189944298
-87154 -897218745
-13747 -6700984620
20718 -9217712246
46430 -8205613365
-36634 -3610767906
39678 -8569099955
-65151 -2470507169
76476 -5356164809
-56850 -9530276906
64022 -2460501657
21291 -5728061567
-80164 -8916066054
-5520 -2981110616
36737 -6309951012
50264 -1177331472
24672 -8841803240
53772 -3921493994
-1162 -1862089407
73020 -7113991699
37663 -6141594558
-30447 -1469906297
-3987 -7403157694
87259 -4477432110
-74311 -2869923018
40003 -5315112924
57809 -1720106748
19074 -7801350634
11352 -4592975330
-80932 -3745190985
-88977 149518088
-21516 -770478751
-55034 -558425574
-68637 -6526414796
-48613 -7531984302
-43112 -3751634175
-89521 -7019098536
20940 -7283468827
-7852 -9123154341
-62540 -3210108288
-78085 -174059076
45541 -2019755142
88379 -5800162767
32484 -4202154352
99267 -7447031324
87006 -192236093
-68407 -6113769834
-12369 -4897397687
-46348 -6422774862
28431 -7860023936
57978 -3423132886
90605 -5742936924
-9557 -7503721206
82009 -9598268721
-97734 -4005605435
17196 -5539658657
49810 -7490864856
95940 -4102860496
-87586 -2200487052
12939 -1245251180
-34851 -2489714284
22839 -8106053939
-80273 -6035842647
18447 -7951208779
-11739 -2940749945
1469 -8198161890
-66774 -2148539450
96164 -343756764
-33708 -326134927
38770 -9025332255
-19532 -4505305938
-45926 -1104951195
-51898 -3333483789
62775 -1683784766
-32351 -5550998028
92587 -3485104386
4201 -5369718216
-34695 -5064152708
-79374 -1992529543
8421 -1459072765
-42533 -4093615959
19864 -3682875327
-87541 -4939496262
50061 -2104571690
90114 -4331129687
-87249 -2404946623
65687 -5953424028
78411 -9614011156
26208 -1084590995
44021 -942777765
69237 -7020000470
-57795 -1945172257
72396 -9653638279
16533 -9530758454
-90793 -2710230546
22436 -7519613568
2250 -5656789924
-19246 -7474739076
77013 -330479009
25417 -2453640774
-81179 -4625069073
-40000 -840479811
-16750 -9267709686
85502 -6852061443
38137 -8275966137
-36586 -4416860235
-84255 -9437223262
-10515 -9045547642
88363 -5791348602
-19782 -4577089294
-28497 -1776079687
-77312 -4092040896
-58432 -3416704287
-7136 -3817292121
-21847 -9580631094
-6726 -2103036235
-26850 -6500212472
-81611 -7330882008
-45012 -6385933109
45071 -9250899366
40665 -3434382778
75717 -231398429
-38060 -8519241687
53851 -1000823691
52894 -9790594875
-75482 -2962326342
332 -8821153101
-13041 -5317785484
-9016 -7504860519
60776 -6550732794
72275 -7261368912
-36664 -1772002704
93828 -5766632131
-56051 -2843992977
-83961 -1664196787
13939 -6997969272
27642 -8684663668
-82737 -198748210
39995 -2198005752
-57348 -3691329431
-31623 -349661042
-1626 -913896878
86736 -2820003475
82386 -4381620368
-71017 -6379467624
-35494 -1820208753
-48764 -5637663726
13736 -8574443532
16734 -3022702631
-77034 -4975144579
-70002 -6353881091
-75762 -8640872345
19285 -1656904968
85858 -750617175
-52610 -1268922294
28494 -4964506559
32891 -5809987104
62075 -5633459604
30001 -6086852349
-60924 300728786
36004 -3839723625
-68402 -9428112705
-54262 -4525538739
33696 -6287662919
88768 -4105284975
31392 -9380457944
-50142 -4548110662
508 -4312181850
11893 -7891222338
8812 -9017018838
-10029 -7221930368
16296 -8970094358
-54964 -1689492585
64596 -5431903724
86841 -8858747926
99735 -7762505618
8380 -7953218583
53081 -4796536533
97089 -2118286804
7367 -6502254447
-60562 -7984227891
-36391 -5612362824
-90152 -5711783466
-24294 -8197303936
71192 -7539393666
15897 -9608353118
-69231 -2507500078
22020 -8317043102
-74553 -8858783542
22998 -2680490465
62238 -4599453184
13320 -2243001275
-27951 -3370950733
86238 -856734388
-98022 -6940062491
-46461 -8899871756
-60352 -7950030402
71094 -9211493011
53253 -7872874613
-67942 -3960520092
3763 -602689959
-74878 -6346272537
48253 -776208654
-88152 -1914227692
-91705 -4725325500
85682 -9911131782
-37140 -8332854163
-79128 -1299613931
-46146 -8335605800
-41811 -358677584
79383 -1151769572
-38054 -7272077700
81504 -9106257842
6827 -7130513532
39162 -7987078540
4407 -6114926582
18092 -7524470907
-16637 -334788696
-72762 -8296418587
43570 -3766171257
-16406 -1922634195
90654 -2284968775
52976 -261767505
39555 -9733013410
78148 -6600849309
-57909 -631294804
3293 -3035647098
22498 -633840633
-13956 -3836967842
1506 -4722133988
-30387 -2708173142
98875 -9147555735
-37798 -3738246252
-46113 -6109833308
-31330 -2979239523
79783 -9590998572
-58736 -9206374293
56085 -2521242425
18563 -212322558
54851 -7801813032
52149 -7593531610
-74347 -9729522921
-84222 -7534760696
-92424 -8282854990
-59754 -8121812872
67706 -480220605
-49932 -8101429568
-42032 -2231100387
-6192 -2946001808
-44349 -5464054780
60745 -125372292
43080 -6037501184
26412 -7363535452
-27458 -9285361959
61512 -5708904286
23290 -7613133141
14133 -547806442
49077 -7478929480
63969 -1025570528
-61644 -4070824069
1027 -8558831751
91364 -5611226367
-26889 -2301578671
-60698 -6449849499
79193 -2668332120
26470 -9877317984
-63324 -4278323282
-44712 -4614520591
-41504 -6643693623
9510 -1454829277
-93470 -3108903108
-10533 -9331074308
-17798 -8224894725
-26209 -2734569399
-24990 -6519709751
98040 -2047689247
43992 -1134350087
-55776 -7772417468
63571 -5754069519
-46486 -8142518790
77455 -6938362287
98115 -7308091750
-90502 -8323039137
50238 -7285661918
-4136 -6682178439
58935 -1880929532
-51283 -1340869017
42222 -6205262476
57894 -587049722
-79124 -7882808538
-94143 -5260518764
-33978 -3601629737
-28765 -3835959804
85404 -9274148300
62933 -1502875293
56912 -821789787
-4188 -1210082953
-55512 -2554449971
54851 -4550475771
73323 -2816615695
32806 -3482209020
-50246 -2945193702
-37390 -8031645690
41088 -5482781363
-77706 -4463529571
-30101 -2677364520
-44688 -8878636147
-53879 -5040892929
23913 -4548166958
66664 -569618640
-6351 -2154259310
95647 -1600100730
93700 -7601302917
15430 -3109183056
-70144 -7768140954
1848 -16161278
-93937 -2099059938
88364 -7815282771
23378 -4175557176
-23982 -6836527787
60086 -3064190286
94876 -1894966716
-92186 -7828779864
43105 -5452291485
33159 -1670062858
36817 -6919142052
-27405 -7006879388
16327 -7145699115
35227 -4377868752
46736 -6640178079
-70874 -1747576506
93579 -4098634610
82918 -64252884
60702 -9864238679
-61843 -5682603690
55611 -1466229880
-72621 -7038359966
7191 -5280855727
-94147 -5068075842
-98671 -3867604452
-47863 -4577956149
-34260 -4957281527
41670 -6058535537
10781 -2915109732
18918 -4226235242
3807 -9795234032
-39708 -354722956
-96861 -6168871216
24041 -1016618826
6158 -4661627610
-16296 -7869697762
74832 -3706302166
-35150 -894533259
92383 -9536818071
69279 -1106733272
-53601 -5835067952
-13124 -5951702022
42192 -2692865455
25920 -4678705337
-71922 -7576851239
44442 -4492640308
-5724 -5501604497
-18255 -7008966220
-83423 -7346076156
-35484 -1544971031
24587 -1799989299
-40858 -8870220111
2333 -538888416
26870 -16188774
54508 -9105112248
-34651 -9301081137
-7808 -5332326480
15504 -6376878610
67820 -2377510878
-7928 -9963271329
-6246 -8407802317
21518 -6360917433
81304 -8689978803
-60554 183939432
94941 -5255034392
-38179 -6945374553
-5491 -4815227349
14397 -1440419636
14211 -4509984331
3974 -5138000928
18975 -6905270611
-94452 -7013551372
20609 -6037481436
59262 -6127712267
-41464 -1393033704
57527 -3272361042
-23261 -4368248382
-69762 -5374678871
60051 -1619823680
75369 -9185324405
-95046 -6998675834
-83887 -444066414
-39190 -9518014728
-37489 -2688140199
-5906 -1820015982
23955 -7737624404
65457 -4239057814
90546 -4429434575
85631 -6079566072
85898 -7806659055
-61958 -7955015274
12035 -8547994530
-74969 -1977227523
-64439 -8328022968
966 -3721920076
60709 -3414870084
27304 -3303701616
51462 -5029702949
15108 -1728280966
-27813 -236936887
-30423 -5840927597
59026 -1127967729
-52362 -6221485628
33282 -7870491557
95904 -5762607122
-45051 -4079276353
-68908 -9787446924
-14588 -3171350895
-5307 -226761433
-78524 -8715470037
66425 -876622560
-20594 -9521940693
93357 -6085387532
56130 -5244994310
17691 -9471868724
-76980 -1923257195
-21467 -3408092286
60860 -2292243345
1096 -9002948319
-33019 -6316232037
-25418 -8784569640
-96816 -4296333089
-83889 -6351540446
14589 -7548885290
-89145 -2066001280
-8980 -8817119805
-98294 -1835744481
-35970 -3265134371
-64484 -4615030866
94874 -7606719246
-26136 -3629554312
19388 -8265432249
98035 -4044355359
95961 -1290203716
71166 -1998854924
25807 -6172518150
-53393 -9722460834
-24766 -15657396
-38432 -912287772
52476 -7274607626
-97309 -7824378543
-69514 -5172755883
-93786 -3487464635
-92602 -9143500320
64601 -8277045900
9255 -9103998962
-67098 -8295666091
-29313 -5715331732
-73816 -7374329814
-78830 -5824219101
18356 -4418328138
19369 -4575601521
33852 -4795135805
-31658 -2647569924
36443 -6951227040
33849 -3589993316
27154 -729685086
-98610 -4648262495
56111 -2364931299
-60659 -8269882200
-90675 -2236276805
-10609 -5001840852
-2523 -7337580518
42996 -6470422801
40005 -2764751129
13922 -1379665974
-64983 -7919597002
37776 -465944848
87334 -4119065727
94104 -85047133
37930 -3209589465
-35880 -9001199714
16746 -2204322373
30001 -9743603481
-63070 -7598411223
37140 -2418776998
-16508 -5204745558
45065 -1720038789
-91904 -7133893476
-92859 -2407445201
-33311 -3674646018
48536 -2911325058
28412 -7685873505
51054 -9538769372
-69058 -1813289739
33220 -1289078175
81194 -8661496608
88798 -7767626391
-17819 -6435179733
45052 -2760377703
43539 -9044135288
-92532 -1187489570
91354 -1555439694
11872 -8413853976
-38031 -3972789754
-5070 -3831680737
8554 -6430462527
-26994 -6221458151
-46765 -4482982590
89113 -301880745
56649 -4814147065
-14067 -7460363314
99372 -5197407697
95372 -3055481955
6324 -7541336345
-61716 -1824634600
1206 -7411687423
96103 -5149622190
-685 -5632093650
-14928 -1110201980
-69556 -5477203338
-17176 -2056312764
29628 -3927942173
32747 -4641416895
16656 -9661806568
28420 -6056695092
-867 -7749069541
97881 -4503620150
56142 -4500143821
-55730 -9064953933
-73765 -7352820930
71574 -2358352982
72795 -3306320876
-61372 -2820846771
34118 -4640659329
-27308 -1935181641
63768 -5844790180
-51530 -1782970110
27238 -4368081903
65901 -8402974828
84267 -115889611
-81135 -9645082613
22467 -4444249318
83422 -1589126832
-40824 -4302206308
88842 -6508629403
79908 -749509726
-23385 -5343097564
-26019 -3551598962
50799 -3082494274
-12274 -1441843977
73226 -2501816133
-45072 -9486062999
16953 -5998793396
-50200 -8961730194
-91227 -805072256
79553 -498084336
-96588 -3054622505
2853 -2440457230
25150 -7821380721
5142 -4206426913
-35613 -4245522151
-15581 -298708776
53314 -289985754
-248 -1374878652
40881 -2755837349
-50187 -6489224998
-6683 -5847696
9673 -5505445545
12739 -4396272096
48059 -1583753082
5949 -3680733142
17999 -1706634807
4705 -2249608998
-11654 -8827688916
75074 -2042278392
-96317 -2265986799
-77296 -9795582312
-69096 -9192256519
15218 -7627317276
-23330 -4787467584
55557 -9064211561
-79696 -9468284679
14684 -9473245710
26818 -414922458
15275 -4018317054
-43470 -139157255
64980 -8657953760
-2599 -6858457410
82343 -6562962627
15785 -8487442026
-8574 -9974193398
90614 -602991255
45507 -8125015556
60255 -8576637235
87961 -6332366556
79463 -9641726964
-23099 -574535580
-12007 -1803422853
-27319 -1762116876
-62712 -7219282657
5070 -5776565261
50940 -1096544779
64883 -7911166011
20949 -7616794634
-17263 -5311364253
55343 -8330178450
-11470 -1830819063
73913 -935256876
-24063 -4561157209
26262 -5851321015
-48795 -8455947898
-16962 -1322777788
-24636 -2854405540
-74407 -7615758585
-34298 -2910461469
-75927 -8707686137
-63380 -1617598857
97371 -7850128028
52644 -4495722007
54605 -9948511260
57588 -2242829465
65580 -2801238370
26628 -8649799438
-963 -3824570398
-73056 -8780119792
-4769 -8089688964
-4487 -8460072657
91801 -5611749801
83562 -178120508
79257 -7172214205
34320 -9942985471
-44434 -9816281412
-75194 -1434795669
-47744 -1314417948
39024 -8531347867
42435 -9284119790
95207 -2878428900
91802 -5799590421
16052 -1112029671
19428 -6213725410
21969 -9978769441
28476 -7900008892
-16014 -2603712838
49795 -9220308927
-31614 -8384490160
-52521 -6078535187
-65823 -6886945478
-92133 -2701338443
40329 -370492280
95160 -5661817930
22370 -5846080629
-76696 -5638099218
85063 -1171271799
-43145 -9868800756
-32904 -5901441692
-3704 -8260386429
-51 -4137788332
-31564 -7454935143
59252 -2650588968
-45661 -2529980388
27192 -4118526719
-97292 -9925863633
25167 -8127981908
-99991 506800254
39734 -6385695120
96330 -2427690683
41244 -1356541117
520 -2012254347
-39196 -6005431992
-90963 -86701900
44910 -6712419242
-86778 -6446523482
2008 -5412038499
7998 -6486076475
53199 -7990359203
41776 -6608217726
-48198 -7302996550
29096 -1762251684
18389 -344406510
-32014 -3344797953
-58237 -3568297275
-6472 -8457578586
-11289 -9900843512
-96075 -9611284888
11688 -1608820208
-27071 -8815243692
30004 -4011926835
-12054 -2819995336
-56976 -199165615
16062 -5077333961
10089 -1831834244
76805 -5147638188
13032 -1585397437
-84218 -5016272235
-56861 -32103942
-82716 -3970002724
48167 -76933884
-27526 -7317871179
-45493 -5334684816
-99099 806484982
79431 -2280565916
96309 -1805851526
-64110 -5301193421
-28007 -9870215214
-14901 -1179654164
-3921 -3265723763
-10656 -5585553859
76503 -4573593604
-80222 365562810
69078 -9828876886
24834 -6743214982
19054 -1277678016
-58284 -3289399481
-78594 -2927805014
5682 -2976528583
-79257 -5268167504
55194 -9687118093
-82835 -9255238782
81872 -4807587930
-64674 -3963356701
-34963 -9805732890
-53535 -7948599290
90886 -7715280921
-67969 -8747087322
27232 -3337806882
5596 -1365204543
-5878 -226758795
25767 -8762162384
45198 -3030274205
61746 -5061780839
-86109 -150743522
79755 -2046397775
-90077 -8356854399
51111 -6339033511
-93634 -3598502340
-93970 -120216396
-71812 -8041428762
-89583 -5263595050
10617 -9783304253
-41408 -2956670526
82930 -8289260418
-57978 150525196
-78009 -6414846668
-42058 -283420740
-24812 -8066997711
24914 -8472546498
878 -6191330580
71520 -9103370005
-82825 302106006
89000 -8319719958
-54181 -7055324898
-84914 -5713213950
52846 -1439033547
-42052 -2014999491
16817 -3118279980
-8573 -2376088062
-6732 -8365821868
79850 -4606248279
-898 -4002398988
-71292 -1003371304
85911 -6256405799
3356 -2731213077
36268 -5540584242
-29508 -8340529463
-44074 -1826982354
63988 -8658415533
-69024 -7993141720
47710 -8566319667
-96495 -9296105189
-45774 -5866906441
-55810 -3194083695
-4312 -7641013071
29270 -7242419427
45111 -2798268832
-26955 -9723635662
86199 -6706277824
-41526 -862315838
-41596 -7891020072
54900 -2735032681
-91411 -9260606592
41376 -4674862769
9776 -1582835727
910 -2502936333
47854 -8572796142
-75761 -1880611731
-61269 -6030996454
90034 -7173175281
56231 -9852324576
-66525 -9479467834
-4533 -5446555382
-93903 -5132213833
41808 -1830188944
12918 -9101853320
-37559 -3741183669
-67825 -8619416532
-32082 -4641274522
40242 -4525577131
-87282 -2119696112
-37203 -3889222193
-73269 -8967911198
-69902 -4297205913
71772 -6403011974
53412 -5739402578
1185 -4068501232
-57884 -3118013277
-67484 -6573478980
-33258 -1747826540
15975 -3550098131
45468 -2773354102
-47524 -5744255214
51192 -4850710799
12365 -1311020541
37697 -4534591620
-18095 -5290008480
-56179 -5337685662
-87925 -3157964760
4335 -691908620
6710 -2063119401
-23714 -8450709120
14660 -9458228235
-15678 -5805980972
-1772 -1242119685
39992 -4169538312
-88553 -5739039306
-78542 -6303187320
-54495 -4370993288
-21970 -6262888260
-47222 -4745375922
-94653 -4664343608
-13679 -1739383029
-5787 -3186017297
16230 -7838531831
72508 -2701905453
4666 -7282608033
-13095 -104157064
-82783 -4656459210
72149 -7611976866
23175 -8251459442
69994 -454001526
-29376 -1690288519
-5688 -8897295967
30399 -2424942671
87714 -6653245366
-53458 -1014900756
-5965 -840422466
61600 -1238832090
-75050 -4141520262
-79634 -9077658807
24432 -2226160939
-74951 -9393629193
-87771 -2138117828
71622 -1479536102
84597 -3807207097
-5335 -9877685694
90732 -9260245729
88102 -5521185360
-87768 -3882609425
-21453 -8382411604
91773 -4671048808
-77749 -9105922947
70110 -3151761365
71961 -661063798
92873 -9458662284
-21809 -1246586946
66092 -6543020520
-58434 -9773399555
-91149 -9202355215
14069 -7340247213
98753 -2152787940
-71541 -7842499895
80679 -9761974679
12959 -7137641886
89676 -6829038031
-4035 -5352004805
96040 -675512247
6501 -1244294989
-35746 -8354440512
-43977 -3978000730
96126 -5562623023
-99811 -9111604206
87424 -9636428166
-54128 -553930581
53256 -5075966125
-29749 -3072180984
57639 -7123171216
-61638 -29950402
60234 -1062978287
45296 -7697031753
2718 -8034975965
40261 -2466826101
65820 -7370373169
99137 -4835488881
-49646 -558207906
-40401 -9186929479
-56804 237600750
45781 -6556240524
-20793 -9917382578
95365 -3866358237
25804 -5503971342
82611 -8017030799
-85984 -761765676
71091 -270768428
-42882 -621373108
40078 -7893949413
27868 -4881433929
98872 -9899760120
-21003 -4018507642
-74157 -6919431959
34312 -2955148161
-31598 -3990396861
-39454 -3256776510
-1606 -113097072
-76037 -3173971650
-25862 -3445611369
-15231 -8102253466
-94959 -9856939642
-2966 -7199271603
77983 -5081037939
-15344 -2547575256
18856 -1944995889
25590 -1455554524
-10360 -9246116667
2450 -2322264219
-44722 -6353824143
-87846 -6797174282
-39213 -2269305626
3882 -7197755678
47272 -8044519188
-86827 368615028
-99894 -2376054448
45760 -2436701166
-84603 -8048998060
42552 -8177218456
-49783 -5692884261
31131 -7625278075
-1813 -3810507891
-76788 -4593882031
-74065 -34180491
-48264 -6903300892
-80388 -6635307077
70471 -2863020987
-74386 -4119680463
87614 -6078922308
90432 -451511258
-10167 -7269406588
25254 -4850934511
-80667 -7489754744
9901 -3706262160
35070 -6681753829
-85016 -6139586700
-53518 -5413114869
91632 -7180701818
-15843 -1252466818
-53511 -1422987457
93848 -4643185203
-20788 -9331246740
-57566 -3111300648
-1213 -6438976566
-12615 -5989827478
-97314 -8273988094
44080 -8976917184
5841 -3278244481
86138 -9853160772
-58360 -9239561574
74800 -7700320635
14354 -8510742498
65340 -728166680
61135 -2108372472
-20379 -9090963422
13887 -8081782870
-8149 -6748476174
50445 -6390416930
79463 -9374419119
9396 -4965006092
82988 -4890448650
-90130 -3595808997
36015 -4746760312
-44820 -7810027345
9288 -7416940850
-67278 -2444745454
-5135 -5459014626
-2200 -339684534
29981 -3602276346
-77172 -9314453065
-21842 -6742422468
-68485 -3205637403
-42126 -5599794854
-14991 -2702083048
-90784 -4423416171
-6650 -9397429275
76744 -2661190254
-11453 -294345876
-38537 -8706588036
14459 -7611026502
49362 -7538569238
69861 -3602142421
-97812 -3386137400
52048 -3209992800
-7119 -7142565641
95121 -5342926297
-33759 -5382780970
-32082 -1913293819
-20494 -3827110941
-23422 -158373585
-56983 -4427384778
-47799 -5836462249
-9558 -636283751
57895 -5037325560
-29369 -6340574583
-75031 -2331387444
-4387 -3010617504
56553 -5892709430
-22134 -2794781414
28858 -8240895687
-72371 -5247762930
85587 -2702878547
-78510 -6759399568
98997 -138748969
93636 -8583510812
-68276 -2449795569
93534 -4874326171
-71053 -8472940719
-60046 -7466766576
-88084 -1068042162
37626 -7693668415
41286 -7618358216
99334 -182060601
-43542 -556827014
74188 -7869657630
45154 -7747910526
10566 -901742216
-58804 146130660
62453 -3306942333
78873 -4366202705
23596 -7917316866
78061 -3804741534
-71688 -3392671309
27511 -249876579
-33265 -2773109730
-17510 -5506048383
-29452 -3541861104
41837 -9075801345
-49089 -8424314123
82098 -2967372457
-8551 -3226507980
-44549 -2120895111
46968 -251207086
-46938 -5922609284
-55188 -2756902372
82255 -2714049510
8605 -7653983889
-58507 -3430357977
-24926 -5338854333
-20001 -5256041146
36182 -6112646997
-27279 -4831370338
-92484 332473907
-66516 -6472155094
-67640 -6721933317
-91660 -5808206352
-61244 -4499935350
83117 -5743518996
68246 -3410434152
81114 -7432280593
44504 -9860609238
-51612 -139668259
-71927 426210312
43866 -5010784184
-21910 -4403566365
86420 -234003900
90167 -2538092412
-84366 -3603676817
47372 -5930395593
-46995 -6632606593
34106 -6830931579
-84356 -8996989620
-17622 -2734954037
-40608 -3110543675
-73950 -8147964367
84438 -2477844208
57581 -9897941229
65425 -2580635652
-40232 -463112598
27148 -7691976480
-7936 -6377144124
18198 -7642189946
-9703 -9532808646
56013 -614010164
59618 -1181254677
38222 -7253363520
96828 -7839160415
29329 -9033399189
24866 -7806063594
-47596 -2565113508
-77292 -8544098461
-12 -1772977325
-82017 -6051247156
-20502 -3328959130
3892 -3976187178
-35321 -6097632387
98418 -5230760882
87818 -8079776985
-20750 -9959671107
-2975 -4549493574
-3236 -7462168833
84908 -2137912911
-58765 -2898870030
-51581 -9425108655
-83271 515915308
18108 -320863003
-23793 -4760442062
