53979 -7124771512
41383 -6030454331
-54049 -3822918164
77719 -2867158107
-41733 -1466641231
28005 -9385446948
74377 -2636203230
14047 -2960478426
-50549 -5516948952
-14829 -6326952882
-12933 -4630912995
77937 -7959488418
-32341 -4345636217
35655 -6425833504
40859 -2914078674
-87247 -3641734099
5765 -3005018224
-87153 194807588
-11283 -9053421740
51805 -63393698
92087 -8493131106
-67291 -6035310369
75453 -809652623
-50539 -3140136390
25735 -8259170669
95745 -5189823275
-59731 -5969263062
4367 -6424088887
85445 -6338102063
86079 -2131239943
-98301 -572864278
49881 -544559770
-75123 -3899600004
-19287 -2232547406
36241 -8313052975
-47153 -4361710510
-53085 -2190277790
-53335 -3518038705
49837 -4645081527
-4575 -2120964534
70033 -7206127392
-82739 -683732818
33867 -2022736960
-91645 -7037340707
-39415 -6090336190
15245 -6588017344
41083 -4847137895
-94633 -6979748737
40815 -9360416214
51963 -4465863292
-52761 -8290041296
61657 -9074236667
68389 -5681989783
90763 -8218657866
-43539 -4040807010
647 -7333056666
-46135 -408566346
47591 -3378939711
38681 -6168048270
-99727 -1098787436
-51641 -1393185509
-10977 -7698986903
7835 -9738907810
-16827 -944827723
-57055 -7161294766
67295 -3877095883
-42167 -1861310203
-67319 -9062440001
-37111 -644999903
12765 -4625484258
73509 -5815211473
27495 -1275752612
63363 -6299710701
19737 -5302663298
42125 -2464968253
-84915 -2886402072
51041 -5154764816
-71787 -916681613
-43807 -7421892217
89085 -7398701185
-3049 -9828827809
87701 -977227982
5631 -5051688109
-13587 -9588067402
-11155 -7162206912
89683 -2748423194
13517 -476340418
-79213 -3045819556
-44111 -3196102157
10915 -2171945023
64023 -5405966602
-88861 -4972562930
50807 -369468629
-57945 -8169814190
14757 -8219956163
60123 -9835375546
24015 -3626997499
-21027 -7305054710
-46279 -9083177006
11559 -486313126
82135 -7911687279
6127 -5140658511
-98797 -9545523661
48971 -896035134
-41777 -6769164309
-23551 -2230255415
-87939 -2731922013
-78255 -3133053301
-76629 -8661922819
21347 -1968259650
6171 -6934365937
-95683 -53929817
33669 -9839396156
-5117 -6664632821
17651 -9932245046
23017 -2069160555
50367 -1482096786
80701 -9009377352
-58695 -7300328537
-61329 -7880242811
-14879 -653516888
53813 -4741434611
-68353 -6661615085
33003 -4663500071
-46787 -1445542950
37157 -7809875159
-74063 -9872697043
-13535 -1340965318
-98583 -9018120867
-34321 -2430454769
78463 -6364249503
62645 -7489795949
-1099 -1763815738
97153 -3256656560
82041 -5842741365
-17187 -7664908520
70799 -3261835563
-13859 -4049322255
91039 -7006397561
-31799 -4664710672
44453 -6987053261
9309 -7400268731
16367 -9380960238
-44197 -8173324309
-95823 -507911441
-26229 -9986480075
-70207 -4473080847
70329 -3425439224
67779 -4963227514
62729 -7996632856
-25203 -5968840996
-25637 -6990439401
10323 -4706730992
81079 -9796599936
22073 -2083335240
-85823 -5633586664
47191 -4984040200
-31045 -1128044552
-10665 -8364615109
-69829 -1157833727
-61753 -2908010452
73553 -8840129340
80867 -1377098270
7625 -7323237581
-33307 -296488994
-92839 -3884528743
-69141 -1989378393
88795 -400408834
20867 -7978067891
8905 -8302474934
60823 -6067669558
97431 -1035568526
-66479 -7963494324
63949 -2730353184
52629 -1317691247
-12833 -2563149472
1169 -6397348395
76149 -3152055713
-42397 -5532890770
-92603 -5983611447
-92643 -5861606092
-41945 -895139518
-9245 -9204436796
-83883 -5945584349
47475 -3949991953
48059 -7970773884
49933 -1497724162
-88275 -128060956
-67419 -7010823485
91815 -9884891060
95657 -3111606857
48047 -6044956826
-83789 -9937345251
98853 -1568336901
87343 -9057689631
33523 -3129839294
-25521 -5505163444
26739 -1045048990
-60203 -2224479175
53279 -468281424
41715 -9328082300
37771 -3120117598
24905 -2532714618
-66417 -3076353946
-23325 -7033344839
-29697 -3175345748
16499 -9287760135
-19589 -9810272629
-96577 -7672455525
-1131 -1295278053
-903 -7145146660
-33657 -4623668185
36543 -7158144446
-73045 -7579327842
26911 -9498918879
-28439 -4732233505
15375 -1522963414
60887 -8762150127
39729 -6500135539
-65847 -4277996856
20983 -1944083910
-56217 -3091217176
92611 -1316169470
-34571 -101451918
-54529 -702829997
99183 -5683550055
25323 -4040209400
-18745 -5987249654
-44695 -3253051805
-37525 -5557142630
-81855 24899582
80545 -8066821216
90091 -2371526116
-29629 -2266444732
94781 -1114939752
-88047 -4681511623
75351 -975156205
96467 -5580834967
76979 -5674895897
89847 -7232417699
-15233 -6297114307
-69645 -2804891957
-97403 -6442027365
11527 -9410486852
-45973 -558145290
64007 -9833660693
7433 -4738382301
36249 -4177890424
10421 -7318242787
-15343 -3401484699
82291 -8181747240
-67551 -7360847753
-18221 -109723396
-85853 -1541958658
-51185 -3966787302
-60119 -8051649912
37847 -6583882641
-90521 -4911714326
3909 -3963555043
-95635 -9097060213
-55719 -5347255534
25157 -5253099054
86001 -2200319537
35441 -5605323744
71309 -3268967477
70163 -9810322929
50455 -8766222921
80225 -4358435786
-9307 -7260781983
37019 -3369024089
87541 -6631849321
60395 -2754425275
-41059 -6695449687
-29571 -9531924311
29115 -9137909113
-11981 -3423914999
-29223 -2560166584
-24239 -5936070290
-23675 -4449740243
10217 -7289676750
-76709 -6838291154
-14089 -9007123567
-32927 -6813594183
-145 -9446453855
-71823 -1746035645
52879 -2671674281
-55761 -8394126653
-69337 -8273912325
-59071 -7645066443
-2741 -108388781
-75521 -1538563871
51069 -2859291917
-35687 -3193797056
-25657 -3195081802
-4311 -3975287923
-34201 -7017062485
-75527 -5408350047
12647 -6060804227
-93265 -5703468000
-64373 -1684603677
13035 -4699273651
-94487 -6100465591
-25331 -5501367031
96071 -6122277191
70587 -8938615206
93859 -5789007504
36281 -2795387453
-87801 -4417061757
-79297 -9640353461
-96561 -8944638940
20853 -8939869783
63127 -4644600639
-34715 -6578448752
67561 -228663401
-86889 -9241142543
-51883 -9561353982
-2563 -4906954067
81287 -8464339271
83039 -1858189240
99425 -5479769443
-27937 -3764077292
29815 -7544582490
-14849 -5207537625
-28531 -522671456
-35399 -5078528247
45325 -9720221870
-72367 -4458972274
19625 -4117745613
38093 -8866471327
-69679 -3869839943
34587 -6377431995
-5733 -4036897253
57969 -8304481145
-54889 -4977945518
79639 -6539002977
66055 -2362038821
617 -6919367573
-94095 -1382467721
-361 -4208417955
16567 -5511149467
30477 -3494833055
70259 -916011683
-21941 -2858590870
-53763 -2843239178
-45687 -4259801228
-34909 -96133215
33811 -9860381908
49333 -4739789277
-69741 -7980404933
-13073 -2523652903
-40083 -3503261481
33149 -8425513195
-16339 -8483851772
-17833 -8790941165
-69159 -4205592575
-43099 -6174297857
-85219 -2924090908
-20121 -7237608451
43821 -5495380518
39547 -2857448164
54839 -319276055
21759 -7298604369
-61871 -7862010150
38077 -9097425536
11217 -384336777
63709 -1222059942
79121 -874480239
-80611 -1047541238
28961 -7553361626
-37125 -3902178594
12239 -7540989360
-31651 -127945284
-84611 414553179
-35915 -9827494821
-19713 -1169772781
58265 -2055737744
211 -7777013719
3543 -5638444613
74701 -7886845193
92765 -411602257
5069 -5272137528
-35709 -7400655613
-24845 -4486733424
22433 -3932090221
93107 -8832465137
-25401 -7012607125
-70561 -2326888048
-47669 -883329248
-22657 -7780172649
-40185 -8535249274
56373 -8106683464
-97015 -132371919
28535 -2361823132
-65829 -8381941423
43069 -3428526241
-76343 -3433415783
-42997 -4380063344
21297 -6895962984
40019 -5733840844
43111 -9085719913
11715 -4216106855
33737 -894391279
-92547 -4359127152
-29857 -9519046122
10549 -4499665011
97463 -313715445
-61825 -2592628975
86331 -1769232649
-7317 -5315699826
50115 -760724029
-30967 -9955377879
75233 -3367981386
-56327 -5239465097
2445 -6849741434
-82303 -8470780156
-30415 -1152742404
-89755 -5624322092
40979 -812346030
-44193 -7151655752
-35309 -2211700021
45859 -4236933010
12207 -7687778303
967 -6368271268
-59121 -6066372779
97563 -4541795402
-64843 -2581189333
98299 -2972692062
59951 -1401773190
-42883 -3852891109
78903 -7004469519
76885 -282686061
-9255 -7898663854
-21953 -65667545
-37033 -2412666863
-1689 -4390413850
-39773 -7869324934
69057 -8054769546
27907 -9702617034
-90205 -7128579447
-68945 -9416737266
-39867 -2337404240
45421 -6515256852
43217 -9943822228
-18475 -1845228191
47063 -1836937862
99441 -9085319266
-6539 -653676123
87773 -2593107679
-95587 -3026482901
-48099 -4207924975
-2477 -7009826417
-12503 -2835395948
99173 -594010201
-24557 -5724191019
-56483 -8629163671
-2915 -8141242605
33015 -840751482
-1445 -375029245
-11875 -7016466920
-8755 -4055103399
97953 -3804471634
57323 -479054319
78527 -8861788189
-39921 -6847673042
-53425 -9505738736
-47879 -7440852271
92341 -8009310479
-7469 -6764508929
-54253 -1957305792
15809 -8376731562
-20795 -8655972760
25519 -6826146393
25181 -2470316434
42869 -2929341244
8279 -5688023391
41051 -6863230948
39871 -59810026
26987 -8725227283
56945 -6393684925
86147 -7457133142
-47785 -3331615533
71365 -1454462360
29177 -7725399478
-95371 -7068868573
43201 -2534351632
-8261 -7561778458
44401 -602158801
-37911 -3702186366
94827 -2972981067
-38937 -1259132001
25551 -6344245861
81949 -8406559154
-75047 -6088972509
-997 -8058386515
49107 -4375951661
-78103 -7879145955
-46565 -3720067911
-53455 -8786933277
-57595 -8938668411
11593 -6722785353
-28611 -6114271797
-15027 -614783864
-73471 -8954303662
-82541 -9326293656
47267 -3982304978
-91001 105185647
-19397 -2176876564
-525 -6126916090
13617 -7102229994
-89271 -6528345901
-76439 -8941445316
76695 -3731416150
-25761 -2413995522
-85493 -4019091072
23799 -7038148309
6381 -3773889943
-54341 -1176122950
85393 -2992480942
33515 -1242418905
55425 -3777062415
-6095 -2876857180
-9039 -4386104444
95023 -9520948942
-84791 -930262541
34745 -8804209696
26457 -2663197780
77031 -5340824468
-90461 -4609274081
23891 -6795695457
63617 -874819418
88309 -1669823025
-98445 -5924532259
35507 -8385835047
49899 -2108662826
-64449 -3058702171
87897 -1099699478
79679 -6404596591
-14893 -2211379889
-22653 -7379932802
-40113 -1230832676
95265 -8468587359
-28899 -2733326667
77401 -8730869107
-39103 -5653272090
67461 -2897028898
-88045 -7947862988
62899 -5347526988
-90221 -4966768668
-80725 -3904517616
84283 -5944249842
93247 -4481263710
-8363 -1556874753
-86693 292881464
-72597 -6430225291
-29159 -387337676
22043 -4044010389
-95437 -1899219421
-71695 -6117195619
16015 -1138503428
68335 -2380548594
-98933 -7552833635
-7519 -2467774100
65345 -4875237101
57255 -6323769260
10557 -6865921485
40571 -8170785582
-71991 -8177120946
91203 -8911950280
-95221 -9242282770
-23335 -4986026452
93857 -9812530034
-93319 -4937514393
-44579 -1755551477
-17447 -9014227508
-53265 -8847046172
-48025 -7064357470
-61401 -8292746534
653 -5682831128
68823 -2204041899
-15057 -3078744059
85365 -4042208003
-59695 -1859058783
36335 -327927621
-18597 -8647709663
-68453 -8924304693
50429 -5160481822
16925 -5365339810
26071 -3804963078
34117 -3142628844
54203 -2734471638
-14113 -5959513270
57915 -380464599
51309 -7242889634
-62553 -4751646790
-76253 -3313543409
41929 -4549508606
55335 -8804174855
-79441 -158009666
-42745 -6412023925
-62055 -6620159233
-48613 -9165784561
34679 -5243136251
13961 -5342210848
-26979 -6047417910
31625 -644089216
88977 -3083571894
6479 -9053148679
-7775 -1072459564
-63029 -4925271890
-9269 -4088367099
50121 -1586371892
1617 -7886514454
12727 -6200526461
19325 -4809665125
52469 -7141391976
-62543 -78722859
-26801 -6061594977
9119 -5538032609
22907 -2620390589
-38521 -9012143865
75595 -360010772
72443 -2755069718
92591 -7944804322
-70443 -6668281479
-77341 -4729946553
81451 -9818498966
89689 -7858347489
-18913 -7043205494
-8777 -8297654923
33905 -8102736076
26381 -1489082092
-75673 -6278350697
-89557 -2374853488
48605 -5827319696
39665 -9021054225
34109 -6977419807
21193 -7601920686
85119 -1884787834
-72893 -326254687
78633 -2726919504
73523 -7996705008
-80177 -6027163983
51431 -8645276472
-4705 -8945397651
-81515 -6387809387
-84163 -4473135150
23139 -7908818588
-64259 -8220616596
59461 -4826788658
-6145 -2256826651
-46475 -8141063634
28397 -7146324680
28047 -7013944235
63067 -4218845883
56961 -2269419566
-70025 249094178
-43715 -2218728666
-69007 -2990836041
-25089 -575750090
-10975 -2120361885
-50633 -7773100114
64473 -2833796755
-25129 -4369910221
34953 -8852902861
805 -6702029295
-60679 -4958559192
84971 -7684173806
-59243 -2365882269
96357 -3915669758
-9107 -6130844685
-70709 -7958550237
-34909 -8744802850
80627 -5971316118
83471 -1170967171
85569 -6637680332
-72533 -4231828625
-73069 -182934716
73969 -7536975707
-26739 -4351318828
-29359 -2415943939
-18185 -3891430214
-51807 -4946416272
-12925 -1422374921
80979 -9575053447
-44817 -4778467761
-73789 -6258240933
6911 -7070516982
27289 -8402362949
63573 -3843422060
33661 -4352086977
-58267 -4229663414
-24903 -2925373044
4877 -892352583
10277 -9762979866
-83795 -8286090020
22339 -581756385
18087 -4919141587
-79351 -5097059333
39685 -5904843632
8489 -4129857832
25555 -1256294393
86655 -1263858563
96441 -608794357
69693 -250146532
-11677 -837991750
69757 -9690186287
-54519 -8062899112
-63403 -8440913337
43239 -5271706741
54533 -1691831786
30053 -2977910679
-20325 -6207025997
34585 -4831763412
-7329 -8685762763
41949 -8519911621
67859 -1623360485
4351 -1140623240
66565 -5562238131
62039 -8483713281
-28745 -7913043996
18695 -8559940109
24933 -7832214263
32803 -9488982507
-5733 -4589005222
16833 -9487178488
-35017 -7189392356
-83973 -7488750345
32089 -3920968381
7689 -788988211
19835 -4998971746
-59255 -9390457206
-49143 -4755892767
58141 -99293368
-88533 -656732037
46289 -7906707660
-16085 -7225910857
11037 -7430036833
-8791 -777265363
22253 -386374647
21929 -4264555727
-42965 -1593359133
19095 -6364376711
34457 -7554223371
-79439 -2286948563
-74363 -6647801732
42889 -6419841417
-66619 -9908498100
-66837 -1182773194
39353 -6200458668
71533 -163027615
-40035 -9125255796
57955 -7439107725
-50051 -1972493979
9475 -6984145339
51609 -6238616117
-75313 -6906970114
-78445 -2554235841
3185 -4495241194
94737 -4134972032
-63905 -8813553727
-40523 -5667194304
22385 -5386805997
-23373 -1299322103
65769 -8759579258
20463 -1585717116
-20527 -4100628989
-36035 -5736224061
10409 -5201823529
-44415 -5751182538
-28331 -6736231381
-57631 -2925860263
34475 -3468927139
16055 -8202254512
83979 -2512335765
-6655 -490998404
10203 -3540333933
-12069 -9304257567
2601 -2619729583
-97949 -7266364673
-27571 -184195092
19141 -5885456120
-29649 -4466656658
-89077 -1294374535
-42045 -6720634096
86197 -979248423
-9101 -4436456482
24483 -1529453609
85797 -375529737
32057 -5012289289
11067 -127398896
90445 -3887522618
-4229 -1785954687
-85771 167800346
-97801 -4257890077
-98299 -9257041924
-68695 151920705
21033 -6192009008
-351 -4016285760
16239 -7668234155
75669 -1563745589
-91789 -391861662
69811 -5704616333
85405 -5705506388
77075 -6304951862
17541 -9142092520
52541 -4147057266
11241 -9305572141
-79229 -4442917564
55193 -723994147
-37737 -1808942216
-84039 -2165887190
32859 -8016859620
-32989 -3537818321
35615 -5493426261
73093 -2971850176
36355 -9578129948
76317 -1904458238
-89787 -5538008293
39653 -2415851222
48321 -2456608678
87481 -8383986498
98621 -7613628056
85861 -3898404042
-60411 -6479187518
6645 -2902465498
-80637 -2812227520
71071 -5414495834
66025 -6270063849
-35493 -8819713794
-82061 -8918282110
-92989 -2873606988
-14803 -3537010494
-99007 -7755750961
51641 -6862033920
-66431 -415829737
8993 -7881770900
-7005 -7971272146
-31259 -2938575575
-45595 -8955111886
98875 -1696717907
71357 -8693751504
-84829 -8136346459
91037 -9439561354
90669 -9214781280
-44111 -6129458632
26877 -7932999794
14735 -4844792938
40187 -4320095037
87151 -881904963
57555 -3288557303
-44059 -2157075807
-64269 -7641483853
22299 -3863118713
79915 -1959494206
-13771 -7588923903
11149 -6159004144
83053 -5579859123
-11091 -7287364429
67745 -8046116776
4543 -6900188861
-69083 -6853290196
-10753 -663696370
-97541 -6258373503
-12797 -2476525540
-52643 -7233299690
21561 -2763533493
-3397 -7969840222
-69547 -9931003025
-71269 -6988874828
-90583 -5074074264
-44149 -2936295742
-63991 -5421310604
77973 -3951487402
44955 -9146114107
97421 -90936081
13765 -7475143861
-54955 -4621000906
92383 -3926895252
-35183 -214616505
-38067 -8276147392
98793 -8024131688
96041 -2475242249
-71583 -4396700697
66463 -3384249363
-75353 -6993421960
-61779 220512308
78925 -2847741117
30775 -1307767556
27845 -8218613766
-72291 -1952078802
-16879 -7928690452
48623 -469900314
7719 -6902470278
-72741 -64174526
85319 -2227758313
1461 -3263424027
32723 -9424942047
-18527 -2898816029
-55977 -7351541468
17491 -3661207642
85361 -9303575945
11167 -2221367240
9163 -6240629941
57431 -7236771816
3479 -940565469
-25211 -2278016421
94169 -8874573145
60093 -7651472720
-45461 -5485866155
67155 -2589100125
-75145 -6259284723
96009 -3485062041
-78303 -2645093085
-45523 -9789227664
77885 -8057604416
96765 -9002330340
-42221 -1756817762
13839 -645469796
-23823 -3974438540
91561 -3055643204
-74903 -7899259527
-50675 -8109241971
88061 -8737008771
67347 -3675460698
62619 -9056383335
22401 -1489758206
52331 -9588420615
58731 -3424645746
87853 -2435003234
69069 -4049213480
-41727 -372785599
-37063 -8319813982
-61075 -4510540798
-64891 -6362637351
-61785 -6526304830
87633 -8659778312
-35603 -6238556082
-91541 -9709119270
-77977 -4411070548
95971 -3239546157
38207 -8102319243
-21659 -2105658415
61051 -3678155550
12733 -3158782777
82419 -9957857740
48607 -2280142430
-69501 -4204505907
59627 -6760272748
63125 -9402133878
69837 -8742805363
-81339 -2862449067
-56299 -2280775515
-23697 -5002170178
55337 -1356794802
92795 -1004767422
66511 -7006940921
98581 -4670865766
51459 -4871478935
59981 -9850370476
9457 -8362157736
60607 -3712712079
-83059 -8705060775
10571 -17348380
-5759 -537572880
84411 -1313349591
49653 -1252320025
27547 -5092246494
78319 -3578518757
2493 -9378318469
64959 -4278732092
36451 -6882139763
-35133 -2604228821
-41971 -6906079131
-46099 -4867180739
4243 -4981627964
26383 -1895745513
22261 -7839939720
-87367 -3871020744
47809 -5447488153
56557 -1563327358
-80645 -4210389440
-81013 -1868470292
87829 -659226524
-6609 -6590324794
79041 -8141407945
49259 -4244656023
-37139 -7051735349
-21689 -2631224806
-16517 -9384220509
-74629 -9910808042
-8087 -217716608
1453 -1612261976
13141 -3120414127
-49175 -2860353160
18945 -9241478554
30089 -6921850266
11893 -1885716915
-29795 -2781209675
95525 -3547960779
-48033 -9769190659
-4561 -7147366698
66991 -2522468377
59981 -9982041405
66647 -2476858901
-33991 -2971329408
-20227 -2159842517
98331 -1976824662
-29557 -484663796
-24917 -4498514447
51503 -6507747125
-41885 -9691763054
59637 -309905180
20651 -8094916113
-77207 -2709950482
43777 -1484191601
27687 -5912929740
53993 -9287582579
13065 -8192681917
33003 -3694084039
20835 -5849018638
-29637 -5974009150
38889 -6388138497
-82119 -3535235420
11101 -7945781160
69875 -2352668406
94219 -3419302022
-86609 -2064380162
32499 -1012993095
-79133 -9568992605
-19833 -6730635489
-55651 -4667065233
-18767 -6015020523
-17317 -2893553441
58639 -1121946564
-8723 -1147836102
-82117 -8121265961
-11327 -2752359115
11745 -5849826352
11141 -7673194807
75169 -3723300103
-36949 42706475
-44193 -8175072112
10131 -8136939695
92453 -6717872051
-67851 -1275614864
32199 -9323727453
-49725 -6763335200
-56539 -2710448889
79085 -4724588183
44159 -4667631213
61429 -6992339827
-18963 -9262603130
61315 -3542285324
46111 -9340946552
-77147 -3994014047
54873 -9013598128
-85583 334297569
-72771 -4102590120
-9813 -7663043759
18583 -6753659351
-84463 -6745181455
41301 -2127575290
63349 -6275669677
1223 -6787235767
-18199 -1499862845
-92823 -2951379655
-34069 -7743713892
37409 -740259567
77007 -7573358776
58521 -6148596727
42829 -3189302173
-19421 -7504052247
-21565 -624251364
-7581 -2926524910
-61977 -8780113541
67163 -2450744985
13637 -7855536877
-43979 -9842884983
31727 -3469955540
-6619 -808952334
12459 -5758701513
-52947 -7901492310
51271 -2522461100
75023 -3693184188
-87341 -5191460950
41517 -8503439322
-58391 -2443729008
91429 -4302276975
-3645 -7115516867
52693 -9529963410
-37449 -220518702
-68435 -2229942401
27019 -3857567259
-86809 -2092496081
-88897 -1658345552
98065 -3515277771
93901 -5700647088
-45193 -8959531436
72755 -5252555746
-32221 -8091177834
77861 -3436198721
-28551 -8343992090
33537 -8775335058
-13337 -202095282
74667 -9741856407
81871 -3250969732
-5565 -8621540282
-64121 -666595587
1661 -2137995162
-97135 -8782435185
36125 -5004727671
-71219 -6641119107
173 -1256992447
-26159 -8403865129
-959 -3499498871
39215 -545321453
-49327 -8693518516
12125 -8650527579
-29435 -6883671768
-13693 -7788277189
-16779 -6145270606
65083 -7262823848
22247 -5295450268
-13591 -2321039119
78237 -1976835830
-58589 -4308341432
26323 -1734023163
-12247 -4554583367
-57827 -2697549374
46421 -8581885005
23539 -7019458575
34501 -2821918294
14585 -7349814151
-81035 -7258982724
-99319 -5510033994
-84145 -121085658
-16921 -9285433353
44779 -2830042109
42577 -6486106759
-66301 -1333058601
-39193 -8272011324
-80941 -9370653129
-7639 -6391259049
-54059 -812305653
58331 -2782346343
60115 -189354894
-18685 -721005572
60883 -768665408
95105 -874385106
-75505 -4443496927
87899 -6671396488
-82815 368860226
-43007 -1367697514
51585 -2360525451
-86843 -5864328682
67357 -4129278659
-34567 -514711728
81317 -1112764619
4035 -2576727452
51561 -2839395254
-57079 -6252591508
29459 -3697853448
1841 -2293314697
45251 -939426621
-75787 -7673113598
95241 -2563804167
15563 -5731611992
34653 -6631635912
35059 -9241246120
-8083 -3217374357
67387 -2937173276
-99495 -531017184
67879 -3751771863
76563 -5294623265
-25587 -2591787695
71595 -2148319384
-35069 -9484290868
18063 -1015556747
48803 -3460802202
-27609 -6967317028
-14385 -6464298238
71253 -3283112375
-48871 -8746765263
-90935 206641272
-3353 -2112030815
47117 -3730520282
35951 -4095354221
25551 -6103913230
-57971 -3132167646
55751 -7272161842
-74845 -7231123860
-89023 -7929837291
54035 -341286088
31331 -9015943537
52243 -1462252929
67521 -472790562
86117 -9685468207
-72575 -8855744773
-66781 -1020273233
33389 -8408520311
-1165 -8535075454
-68121 -9719557650
69089 -2251312332
-78335 -966875909
-23739 -6766423034
12073 -758549108
83103 -3590426812
96097 -4642296708
-11965 -1265479569
77497 -2552063101
24773 -1796844854
-52191 -1615610244
-12561 -352564499
-81135 -5911854878
86015 -7235864470
-3241 -7539489616
-33233 -733254088
16379 -7797299778
29815 -9217535784
-31533 -5830532492
92547 -8858002842
-15511 -6462079563
-49449 -2145503975
2633 -2574778884
34811 -2489997941
-32221 -9515294206
-40183 -9783158440
-28941 -6287767862
35409 -9159651218
-4405 -8691726295
69145 -5424137427
-74205 -4090865102
-54175 -7935551440
-36381 -5355602899
44577 -2842361116
10293 -8606472728
42877 -1030881461
94173 -7906944321
-91989 -3815525230
-93707 -6410335053
4851 -9747149679
-5413 -460374347
40057 -2724464705
58517 -8920738264
-47739 -4359893374
-65147 -3041627427
-98061 -5948373359
49947 -3800951955
-22171 -9627634234
-46435 -9406766276
42175 -651446585
77837 -333814755
36569 -1611932306
76909 -4187490933
-39653 -8684571032
31513 -4205256243
-39599 -2082217178
52547 -8119938403
26611 -7893837792
-82683 -1766395053
-87109 -2103591294
34933 -3572433802
-43555 -6227984027
-58193 -3533441159
56751 -8634780910
63587 -4953015452
-8527 -3529442854
75679 -2546248737
14331 -4315862518
78675 -7904096285
71403 -6077532944
673 -7575108663
133 -1524846819
66857 -57855390
-91753 -1437580341
-55807 -1515629713
-67883 -453919202
-21041 -170078841
-69933 -6525108959
-75727 -3471512899
-84889 -7693899203
-16905 -3244558597
36233 -4417236119
-75607 -6973790096
-10271 -5959605034
-74723 -6535752918
21725 -9850909706
-23057 -8976608494
47741 -362304719
76993 -1328737017
88653 -4896058346
61267 -7352984686
-1229 -7883548862
-56755 -759603015
-1649 -1990003559
20703 -5771261517
-23157 -5762499546
85643 -594286257
-96471 -9707108092
-84413 -4657752442
-51257 38240815
-78647 -578161572
-36225 -8739452056
44297 -1228458140
-44001 -101124045
-68291 -7327997585
55059 -1049438736
46555 -943134516
88523 -9209232380
-95587 -229263212
86531 -2856355025
51515 -6666406021
-43207 -7447667048
-58201 -6757039396
-11895 -7880611163
51705 -9142917200
15347 -8041954069
-73701 -1203781876
-16391 -3576180294
-13163 -1126091633
-4135 -6117916046
27743 -1678535290
63279 -1133151256
-25897 -4231913488
20575 -1466100065
-53701 -7321413014
-96243 -3962442351
-25891 -2243876192
11619 -5605007717
89257 -4397970743
67003 -4981535027
-57003 -4479864514
-96369 -8314893160
58821 -5987251426
95119 -793733756
36407 -9392060662
-34637 -4662526611
-83295 -3255665684
-94155 -7083740143
-21093 -9320201353
68101 -6191378780
19161 -37744488
58645 -3434405287
85951 -523125032
-83217 -51288476
-38747 -7008333351
-25715 -7658041472
-57753 -6148647508
-23085 -5734382466
32281 -7339828647
80933 -1803284865
-94149 -8919593914
-83463 -1227379765
-73595 -3481643071
85715 -3691638931
-88187 -6846488448
-11603 -2718752621
49709 -8467449163
-52319 -2164173935
57577 -5298915566
88247 -8605840268
95603 -11816765
59679 -5333778677
-35121 -1475446849
-27155 -7738204876
53331 -855796585
72731 -8876625676
64847 -6008505193
19343 -2982851732
52343 -1083704643
96721 -5259275952
-9911 -7285018193
80617 -2723472848
25619 -4894247157
76791 -5466032164
71071 -6751557583
-43335 -3550334438
-73587 -8131706843
42697 -8873388742
55747 -9679940213
-6231 -6582046364
1337 -5352127284
-87159 -5722436158
-20865 -727072334
98583 -6842979178
77115 -6562670259
-62719 -6360062097
10191 -2357798584
-93913 346283378
-33943 -830956730
-26409 -7811029397
3831 -4383228287
-99981 -6435198686
-89359 -1326083932
-41589 -3007777373
96821 -4684347826
-1581 -6597092737
97411 -1428987687
31157 -9831819071
-49345 -3728598740
-30999 -2543262569
-149 -212577539
38751 -7329202098
57445 -59547355
41681 -6688369309
71999 -6864234439
685 -9609892531
-70191 -831034328
-14633 -3642643555
97425 -3811656235
-25117 -1536649195
26181 -5653621931
-24323 -3301063179
-21841 -2121468785
-65305 -672200101
-40633 -7895996943
64209 -7791055395
20643 -9868933981
-66045 -584780278
24705 -5545469520
93851 -4506940128
31235 -3718244559
75333 -9912655257
-84795 -9533470532
23833 -5128337967
-8561 -1664394210
74521 -5743366278
-39603 -314046490
62483 -7190335809
-39109 -2393486295
-12559 -723034895
16983 -6184332358
-79687 -2802374315
-59129 -8987758314
-27089 -1051026286
63989 -323985554
-35653 -7373018927
-96197 -1143483458
-57285 -2075348370
17233 -9359680380
-71691 -6483843260
-15579 -5355976274
73155 -5497059119
90469 -4727862981
-51989 -5640372303
-45753 -7472400387
7117 -9110814321
33277 -2228555694
3927 -368946767
-86847 -301255226
12433 -9308073477
-49563 -4125464813
58157 -7185694518
93325 -4759657251
-41915 -3999822165
-71647 -9866054645
59981 -5878872413
4635 -4182438464
51223 -4284209818
14639 -6559233383
-2563 -8323602112
-32171 -7028496173
75901 -510514422
71763 -4139894155
-61685 -533019801
-9197 -9715068816
22185 -6006900916
-47447 -1977298013
-56905 -5022661680
-93153 -9911552225
-80193 -4274034558
-97205 -8425410861
7141 -8494046718
-85593 -9545823427
80567 -6318923982
46395 -1171791791
24753 -5586901496
3455 -9238143341
67255 -4696854328
-95249 226284025
63695 -5890558785
-10403 -2176536738
-10825 -8849099589
68181 -2185419293
15589 -1016745366
68515 -6992323053
-96083 -1540438665
-96617 -9655831407
99431 -7960804052
23817 -4952498286
5867 -7570123213
17621 -5444573724
4795 -5083640387
-66559 -4000180940
-85937 -964818842
-53559 -7027208937
-1683 -3604155110
-2111 -7091864669
47945 -6283053239
48203 -1144039231
-34715 -7068587394
-88207 -9763497368
-35235 -2925702509
-70967 -1504118022
-39493 -4212731480
-97617 -6199740143
88621 -6446585885
-98485 -9462157225
30837 -6516393810
-83189 -3257845629
-49369 -147651327
5957 -6913464110
-15723 -5456395422
77611 -6805684793
79613 -5781037067
-37649 -3029903739
-85431 -665238767
-53989 -6748702065
18365 -2790313866
-79319 -7040558590
50039 -7201878830
73075 -7624020772
95957 -6289239417
297 -5192582554
-89751 -5021200768
4633 -4660615155
-55797 -9349402728
-91967 -2718470600
-67417 -7577333899
10749 -5541368282
-50371 -5705432858
78483 -5960457743
-87919 88648003
54889 -2542990026
-22361 -185032010
-34403 -7530846535
-531 -1953905036
-44979 -3581893513
-66439 -383278499
94481 -5837483513
-92085 -8985431534
-17191 -3722015101
41429 -6940954420
87207 -6298464541
-34913 -2468058357
68389 -5019541265
98969 -1716906032
-37929 -2579822333
44439 -6470761183
-90449 -2044150652
97373 -8940068115
39233 -4112594078
-31875 -2270013569
-94329 -6498750535
89729 -8487425000
58961 -1154027952
91733 -3374821739
19997 -9645596655
75615 -8818028131
-97485 -905419250
22827 -4361938626
-69191 -4614438477
33753 -7632511496
41621 -1611294832
67383 -9895587408
-97047 -9767108259
-86673 -1844067210
46169 -3464943487
37339 -8375242830
-63309 -5587618915
17953 -1680657185
40951 -8580524867
80749 -3505417901
-68829 -9624184847
5683 -1806651963
98235 -1713694257
58189 -7488948334
-42009 -9313258843
-13645 -7418891281
68139 -9638480027
50609 -828306859
-40775 -9471943092
-74995 -4150311260
94933 -4988182558
-73239 -3855075107
-80633 -4578493330
-59569 -2443864384
-52407 -3724596021
-73215 -7146746686
-34633 -2876371129
-2153 -6587307118
7751 -1740687420
34481 -1402145219
-57603 -8779327193
98261 -1338692978
-30771 -9526128543
-25799 -2015083401
27901 -2898898807
-96541 -5547359325
66675 -4915890113
-37653 -3415279875
-99013 -5152236074
-3549 -846843079
13637 -4676746510
-40303 -1979273654
40909 -7149056703
-7785 -3253172558
87253 -3345464390
-97163 -7951013645
76421 -4055976522
-3755 -8276904389
87825 -7986038807
-31775 -2853301563
31997 -1337844690
86451 -9993292206
86475 -886921894
-82133 -7116882386
58299 -1530065311
72957 -558440533
-59273 -7790711719
49701 -2404428799
-23967 -9477489944
-90285 -8635280281
93655 -4407631439
-72243 -5749290887
52555 -8958330954
45203 -3366953886
96081 -6384219234
3417 -9898577825
11383 -6413836789
87197 -3297854409
-19729 -3040260832
-231 -8125314680
38255 -271190493
-6871 -5283916448
-1519 -3897828644
94149 -880535431
-12485 -1755002346
17321 -3362272012
-52617 -5852821864
-64853 -9047933258
61729 -324301411
-78487 -9405699259
79963 -32119157
-54941 -551242841
-82149 -9810324875
-54203 -4711299656
-20453 -8592751401
-657 -2564542737
59097 -2505926832
5443 -8807884097
-53561 -9961738641
49639 -7272031866
-53945 -6923702829
-59637 -7363249652
-29609 -8176163988
-19457 -3732694647
71711 -5673926111
-46337 -7627494911
17907 -8727781610
-44609 -2892848511
-92743 -4235498358
56777 -8725038282
-46277 -5427156829
13031 -4057292892
86451 -6555540320
-95553 -8046452376
-80715 -6671078902
24407 -608176119
-70301 -9009166941
48693 -3531540437
38635 -780858488
12341 -166328364
-67971 -3288254248
-81403 -5951683728
-86819 -7891802666
-46357 -9786422854
-9961 -3286409486
-65747 -4986480087
70733 -4607585933
-41905 -6876487450
94895 -9819246517
64461 -3969736648
20427 -6034113467
12591 -8123201393
-10177 -4683079466
47929 -3714759198
39575 -7328336667
-41557 -7542782393
-10979 -4945812199
44883 -1040655655
-61477 -9490398909
37153 -1796272432
-92797 -6054798726
-57023 -2642650573
-28879 -4051162881
14223 -7887686289
43669 -9364297504
92415 -1646238894
82443 -7537133242
72659 -2373735130
48691 -7095862146
-38955 -3207108461
-71905 -3845924668
50885 -235351183
-37849 -8970474748
-81191 -1003177304
87777 -1234779784
21475 -5530135666
-53389 -374338663
-15353 -9934693763
-34921 -9249320368
53289 -7851060522
-60145 -1565168614
-21557 -1606455403
-423 -6759811119
23183 -2266078418
23561 -8391035106
40711 -5563893005
-96827 -4687360796
-64907 -6277282220
21899 -7502043249
-49531 -407078642
75863 -1068325219
81603 -2265100418
15219 -460020922
-39589 -7062086688
96351 -3114841726
20287 -6398425394
54847 -5388967975
-20523 -998719602
18831 -6968643791
-41979 -7103635551
-95551 -6549664278
15911 -2879970711
47297 -8563221695
-79837 -4224151512
-17055 -6110607046
-80199 -2312139630
32647 -8571188468
88271 -5148812721
-97841 -3551238077
-45127 -7811624746
-56157 -1223636138
-24923 -2075546944
65459 -9984677694
46325 -7638944514
51709 -164259850
-14661 -3327825810
45513 -3737015668
-91075 -1607965676
-2497 -7778318626
57809 -3829340570
-12679 -1689335524
-53891 -4149699502
21089 -1169763460
-16905 -9655936990
-53551 -1804729521
17045 -4100934113
69679 -5432069214
2273 -6085047553
-6703 -3134248059
-14943 -6805245503
-189 -6861752444
-26759 -5181037955
-85175 -1635156659
37207 -2957192395
94145 -2697448137
-82051 -6383389913
60801 -9763907168
29237 -7514444508
-3021 -2254238274
-56667 -330038863
37177 -6528874673
31161 -4951694796
-88697 -4345295894
-66379 211944535
-2057 -3467816533
-62749 -5294826394
-42289 -3172093965
44201 -3592136854
86533 -3613004229
-99939 -1988180096
82751 -8401429811
-82011 -7790642453
-27813 -7334739784
-80741 -3201533679
25767 -9010672459
89141 -9446020381
-13849 -5480894875
39209 -7002564848
-4285 -3424515035
-74389 -4464347508
-69691 -3619545051
58493 -9572002085
-91215 450698281
8533 -8578359372
57731 -9630107292
29659 -8971621769
55247 -6008656348
61709 -4595555848
-369 -3440444797
-28697 -9986587366
-17139 -6538463410
79403 -4859282417
24245 -6372829397
78155 -4235384115
40647 -3412319097
-3227 -9834849696
94893 -2719314110
37841 -7405158070
75931 -1833900939
73923 -4481381261
-51915 -1895187401
-25139 -6673481451
38283 -7660513883
-36249 -7409303522
94799 -4905521579
-2541 -8810973728
-15851 -2206158960
45997 -9064331102
43137 -9069860590
90231 -2366598741
1983 -8967572679
99485 -9911981990
-407 -5810728880
-48365 -8845390195
-16499 -4868870534
-14539 -4950760636
13145 -5216062310
2013 -7842211216
13231 -5183458638
-81497 -913007098
-24047 -7249771017
42017 -1858469739
75563 -1732126241
82289 -7433369053
4297 -6103626396
-57367 -9103158908
80955 -7758608390
34097 -3183014860
48305 -1714979429
-79435 -9449874859
-72467 -9661354568
-24367 -1868751
-95215 -6552845913
53697 -2715348167
36121 -982553367
-11349 -5708901410
10711 -3495892953
50753 -800843033
28609 -3320606174
-5977 -4947819724
-71771 -4797188024
-55029 -3542518386
25375 -9638007148
24337 -4120836982
65633 -5393695842
-80129 -8466568173
73553 -8662048283
51631 -8343860339
-30427 -2323572709
767 -7604892615
25119 -1394719958
30637 -361306311
-45593 -1687155579
21001 -6149523402
80091 -6011503537
-60533 -4297191397
-72715 -1909876308
-33075 -2271934867
17171 -3891194834
19107 -4071994316
78959 -1207932694
10933 -2681105019
9541 -2373519346
-47937 -6941317501
84517 -5719807231
90681 -7129318939
83649 -9736498595
-3491 -3576145428
-43413 -1399107381
46129 -6231467840
-14333 -2157845655
-77735 234163975
41879 -4200271290
-21317 -34040480
-80515 -6050667613
-78983 -7584716850
79737 -4553686817
4383 -8368816934
59223 -3430854015
-98379 -2458675328
-26439 -9770334791
-21101 -5295960285
31499 -9288366088
27133 -4733993783
82913 -3833082900
80147 -4629944427
82943 -7816263313
-90121 -2944581734
-91053 -1327426790
25971 -7658116726
25545 -2600620359
46865 -1854401183
20565 -9430978374
-61921 -22171992
39407 -7406324550
3107 -9705361150
-38301 -9057855395
59075 -3265737526
-92301 -8399100038
-16575 -61606814
-91087 -4680198507
-56637 -3738958064
33727 -728060188
-16753 -3745979896
36329 -5755686190
-42289 -2449429698
-58735 -9172382470
-24249 -5105610311
61301 -4157134030
76273 -8543111469
-90107 -5767261566
8789 -4825848544
-64273 -6748898415
-71631 -8622372605
-61637 -956130830
-76169 -5433451777
-69669 -5228286503
36751 -3965354956
83415 -9648146506
-36011 -1983353135
-88047 -5910433111
-76041 -1592058968
-58567 -2701321658
75727 -8760003588
-34541 -2207470037
51151 -7140330658
-65167 -3493903943
-87829 -5325554118
-86665 -1878483415
37525 -4767559841
-54651 -8330429576
-88489 -7043054432
2733 -7331512524
33661 -7255170700
70623 -3196451971
-14309 -8985136476
-49425 -8858067337
-47615 -8743407891
-79231 -838628108
78755 -7964004720
-73385 -7380621326
66249 -7063560363
-5267 -3699789480
15599 -6190048484
-68893 -405276335
40039 -9339463505
-84465 -7431999595
47755 -9024801640
2403 -4620363229
23033 -6873490096
97457 -3697084044
-22707 -5101744494
96977 -8703272404
-62583 -7158993944
23701 -821884817
83605 -2297524348
-38907 -2278470087
-77891 -5389464348
-58189 -7701132463
-7653 -4934574602
93741 -3422758466
-46455 -7056887836
15399 -6503518904
-8369 -2800469158
65489 -1780749359
1749 -9351760613
75969 -2459547980
74711 -978153001
-75499 -9958081230
-10773 -2915159322
-32165 -6301095966
-79189 193065892
90833 -9612226699
-95319 -841986900
-49137 -1917471361
-71767 -7259433628
-35261 -9931972052
-1499 -9770726699
-52255 -2230998971
-61131 -3681051889
89937 -233572949
-82857 -7384207481
95043 -5541602680
11509 -7913321762
99269 -6722176853
40363 -6162013487
-44167 -3970645160
32061 -9811993985
78131 -5948032971
98683 -8154600360
66581 -9915121616
-91859 -4861845557
-81739 -452570103
-65699 -1510975949
-77553 -1349427695
-79939 -1672621325
-55729 -1058762838
-90063 -2395920702
46211 -4604853738
-88391 -9639150693
-64033 -6414482204
66541 -9249300243
2893 -3717586943
-27687 -1681258284
-61945 -171358445
-1979 -3106529662
60393 -1280431291
-70749 -1629773726
-41843 -9128419549
45433 -1030097927
-42327 -9879388751
-43717 -8686081554
-30703 -4341645273
48923 -8325786069
22703 -7224624132
56247 -836576465
-75847 -8067769960
59771 -1648475638
51657 -5459566936
-33619 -3609397296
-61759 -8591170629
26777 -7464653050
-3157 -1517988115
-52285 -703902566
19223 -6810622322
-85297 -1426186217
-90633 -8849326714
-86549 -216271151
49319 -6339120143
72469 -6090525395
-89439 -5307738628
87239 -7496726791
7571 -4341531063
44217 -7260037492
41107 -9590713035
20985 -3496970771
98039 -6738812369
-91639 -1477101511
-85309 -9186132922
29371 -7450245215
-19539 -5815014946
86685 -4626141071
-47229 -4104969688
58363 -5725728496
99845 -6830895484
-39467 -2190571061
3929 -8979077892
-23025 -7929630495
-32127 -2350316926
66891 -3337272838
-79873 -2294624690
31837 -3717042835
-7895 -7814662161
-93357 -2470973050
54365 -7111979694
-86871 -2550343453
30933 -672393297
4373 -9477022364
-7605 -8578097789
-12071 -1098524355
98905 -3491616686
-90157 -1545738460
49027 -383162761
-90371 -6113690729
-31275 -9700703713
-75353 -1607142032
98365 -8417533774
21847 -8222712989
-25409 -5056051718
-26867 -1334704948
-55055 -7081234111
-15347 -8204236140
9117 -2428490205
-15263 -8173298461
56685 -6342386423
-49559 91107934
-39325 -5730522366
42489 -4934054600
44583 -6294793513
20305 -9257446615
-65783 -1726190145
-39625 -9394980647
-36267 -2466895199
75437 -4994429364
89687 -7043362789
-53619 -5605113558
42289 -4803528324
-71615 -3056435479
-93689 -3900446896
67823 -5598457556
44551 -8071316531
50581 -9509871685
-52197 -9904659951
65857 -2039595035
-14131 -9014477522
-18309 -3307511602
28659 -3569471018
-36221 -2515595581
-60163 -6003133235
-90349 308721484
38883 -4991875645
82223 -2551240955
-71709 -5452863864
1671 -2028840567
-86705 -1054479723
-7397 -9427194978
-30819 -386216347
-5885 -9787924553
81415 -4674583295
-44983 -440473838
48863 -9438526359
79403 -8598765172
-42099 -2223936345
-34649 -1848334408
-94515 -2075031251
2567 -8696089535
-97753 -882848206
68625 -5811186916
51421 -4233413487
-39307 -8491186824
-1247 -6335832059
-83293 -5767782541
89405 -4731901816
-94455 -3787954118
-43913 -5002901144
91367 -3095358736
-50793 -1999478157
74735 -9037637812
9841 -8554478873
-15975 -1384115457
66015 -4283727185
-80507 90120856
749 -6424265059
-53987 -9991044087
17389 -3201625586
28973 -2717652740
52971 -399455506
-96085 -2749410227
-62073 -5732478772
13417 -6989503314
47817 -149033217
-85687 -1576013138
-80937 -6045631272
82163 -9432196421
70493 -5736148204
-74775 -3166760416
36701 -9506610346
-34417 -6602654893
-75643 -1293591675
64807 -9390302198
8303 -7545116684
81255 -5853875811
1729 -8616888029
-71731 -1964358857
-94289 -7163186865
38061 -7237143770
64695 -3263669588
-96873 -3719229361
-4653 -8637637419
-47573 -971289716
-89653 -2695203892
-82249 -890591501
81357 -239341375
61073 -3809095367
13733 -385193607
17895 -8746653353
60469 -9326104538
41547 -4867969107
76407 -4259788597
47261 -7685426914
-50911 -6199778007
21205 -1207027074
-86197 -7391878071
18623 -2143665421
29987 -8379681170
-31853 -1957931985
22481 -5036541813
-45175 -6548895271
-4715 -3559607994
-76215 -9550974436
-19313 -709703564
-54145 -5457626983
-17317 -5340725167
80457 -8224447939
-68739 -4585399747
-78301 -9388148978
15615 -8859560381
26677 -9926665083
-99201 -5614350514
20603 -3593048786
27331 -1804177679
17143 -8363304037
-93995 -6288970808
-54297 -8130536828
62189 -2521853901
-6049 -6168738008
36501 -4158956843
66141 -3312646491
4985 -8213137614
-67251 -4640661618
-95463 -7590362904
61825 -1572610780
-80511 -7678309521
-72037 -9750796702
-32551 -4510180093
-43883 -727349100
78771 -5057723055
97971 -5419749592
-33147 -6636698647
17049 -6153581150
16893 -4241563135
-56063 -2948666463
1013 -8163094482
-9733 -1188158614
58501 -8080454133
-83943 -5944277495
-72035 -9917333383
-57355 -9260508341
-54829 -9217046560
15367 -9776811516
-66627 -5885544349
-26743 -9056514949
-56113 -6087810462
76783 -242784635
80979 -690892009
52093 -5565815774
-12747 -7206689995
-36281 -5132643820
-43273 -9864244568
-21711 -1886216110
-26277 -8480678378
-59423 -2998252513
80975 -7500199988
-28959 -399578691
99189 -1544496760
95801 -6378174668
49883 -3948274973
-65869 -9819392254
-26751 -6004451796
7563 -234885829
-30569 -4055890474
78891 -7969801393
77619 -4179854505
-16275 -8460959544
25105 -9865250802
-68787 -7361559144
11299 -7525310698
6107 -7631977177
69761 -9230837496
18433 -8876549217
-55355 -9622947660
29081 -3049265115
-74287 -4530834556
5641 -577204577
-88119 -465491980
10411 -227343941
82575 -7412100737
-86201 -3241732962
-42191 -8039274538
50101 -3274959509
94347 -1702030107
-80495 -6762498936
-82373 -2717155305
94517 -1315321375
78577 -4612037040
2411 -969043024
48803 -1912128958
-69073 -3092518317
2687 -4802253426
13801 -2520035784
-84661 217904364
48043 -9664050141
78415 -9281325039
71013 -9596019340
59937 -2330883965
-59413 -2802494122
-99207 -9100342592
-13707 -9909658418
13907 -7287167489
10257 -5601461398
28601 -1846784435
95649 -8310082507
57009 -9030523758
74113 -5971151040
-90243 -9657703294
11105 -6194980820
-82013 -1737243058
-41349 -6462728062
-94197 -509117785
-50695 -5083177771
-42185 -7490084517
-39279 -6779036894
26381 -3112078119
9585 -781647715
62547 -893789196
2781 -9227610777
3101 -1943548878
45779 -7225498430
-6269 -3776073312
82285 -4716036860
54235 -2157621726
70667 -4309906642
82301 -4075216885
22553 -8380263859
57173 -7921869388
43341 -3182959396
-29199 -1876498261
94655 -6947741970
46551 -4062571663
-83419 -411868080
-64761 -9339022983
9661 -4235646474
-88123 -9699939970
62523 -1538588673
87237 -7434281461
-73975 -8202319735
-5731 -6545822080
-62163 -1789356379
5849 -5319552100
-37129 -4549293379
-86905 -5633805793
-73845 -9123856268
-1001 -9776179373
-40615 -2454248618
-87583 -4832989198
-24015 -1315929448
-54655 -849599431
36665 -8573284882
23967 -4613996021
-57369 -6270919200
-13901 -4038061114
15579 -4849528016
63907 -5460480000
-71915 -5914127712
-22851 -1770326
-92173 -4395041391
51415 -8776128734
28519 -6881241772
-94297 -9321800815
-47713 -5368990785
-53103 -6696869032
-46611 -3013113529
39971 -5149047199
45725 -5788560923
-94187 -9613918547
59921 -5021767310
-26203 -5324383049
-48947 -6387089417
31523 -5533875572
-57519 -6246654834
-79465 -7271695431
59379 -3954602261
37381 -4777188845
-14275 -9223707656
-43219 -3666597822
-72889 -2394857140
-14117 -1248077307
75157 -8454066138
71 -5604464761
-77123 -1854441474
-30367 -3233282257
-41537 -9406958715
-53319 -4958734900
27983 -6486492980
-2215 -7787507054
-19491 -6361286795
-12631 -5774090886
-92449 -8140571592
-99555 -1718448973
8781 -9489998836
-83033 -4069451421
-28009 -6339630193
-4825 -968121213
-54679 -4295766314
1057 -1163880290
-36565 -3519992648
51745 -724457834
28119 -5582228488
-72081 -6107876989
-86735 -419479576
74963 -6939756074
98937 -5316522532
79667 -1288286864
41917 -8579352572
-22725 -5779259937
16419 -2354432614
-52717 -4639825217
77987 -8273730487
-56191 -995848312
-42097 -4125035010
71375 -6573640095
19465 -3588429158
64959 -5378283735
-4923 -7961536966
-2173 -8062284649
-3803 -937529963
-17327 -26397084
82837 -1003044378
-8053 -7012365032
-96515 -114100143
-12389 -2078850435
-23511 -4680137682
-69063 -9591837073
-65031 -1456127436
-88213 -4779907180
17503 -6894584267
58405 -2827640917
1533 -277397108
8047 -5752781496
-81545 -7697843220
-50553 -4727777909
41187 -6458753323
-31295 -998451318
-6111 -6569433918
5251 -1286641535
-19033 -788942655
73175 -4052067237
-34637 -6897931190
-12151 -2559733836
71439 -6766797300
-54905 -1107687426
8895 -1765013758
-80987 -7814734600
-88345 -7113370693
42957 -7924796554
41585 -8064267274
-26655 -5220933169
-89577 -2011014421
-60063 -6589009695
315 -3657108226
-80083 -1039449248
26445 -7151692659
10589 -1083470717
97735 -5214909784
-88421 -4803318839
-87025 -2801494860
5269 -1414725360
-3663 -3237369364
-99995 -8443917594
22971 -7266547457
40775 -1727218664
61625 -1839781490
28655 -7837747582
15047 -8507181516
-32401 -4398149209
32283 -3996733238
76521 -4891837213
-27605 -6183728843
88733 -5966530531
10503 -2248039480
46193 -817479457
19833 -9427685732
44577 -4629641058
38255 -8016387293
-14627 -6553830140
6411 -6889520965
-45591 -7899515882
61589 -836684004
-94403 -117409543
-76531 -5147547439
26943 -1656678506
55891 -1807111606
-46807 -208716286
-42459 -6521218472
-9189 -885790862
-49811 -110973610
-80323 -3794680743
-38289 -5505930132
-54669 -6240538350
56347 -8553042448
-4307 -2617394136
-42811 -5095509778
70837 -7919351312
-75821 -3287248764
47955 -7534824328
28969 -3100183559
-87739 -1408219118
-94187 -4913765271
77533 -9643109095
57661 -4567969666
5691 -9969042779
-92885 440857543
-43907 -9247882142
16999 -3554927202
-42533 -7067865323
-33347 -6852527603
34823 -4621505599
-38353 -7688487310
-77329 -4724066550
69607 -9861922114
54137 -3716850786
-14407 -1950390879
71531 -1535883383
-25381 -6607815157
37267 -1421328930
-12287 -9599915588
-59867 -6609028754
-44699 -5659318086
-31207 -3067292908
37235 -2048366835
50695 -2181008651
-47039 -5733051488
-24317 -681410742
-87287 -7663381998
33041 -9687102973
-66183 -7584932969
-75299 -4062912565
56963 -2346991534
-3743 -7834551824
38291 -4166859313
-10225 -1263902319
67437 -1618587029
79269 -644957371
72907 -2823284783
-27779 -3379475093
-40511 -2621815059
-51525 -2805790753
81929 -6733431692
-29299 -1946361128
-9467 -5882647930
-44871 -394822929
-87229 -4015034048
60101 -3996224129
84203 -2795546051
66337 -9839705808
50819 -629543988
38953 -9031996898
-99057 -9389967013
60179 -6775134066
12343 -3497994324
-93319 125619520
-88239 -8730058186
95329 -3597914594
-24685 -614702696
-67047 -1527253249
-43811 -8041034299
-28005 -9765979892
-54329 -1285177909
-4159 -623424665
88293 -1464297177
-78923 -4885884054
-68891 -7258719361
20783 -4745548997
61389 -5901959197
82793 -458597400
-40863 -578991678
85795 -3875664003
-53561 -9458331123
41269 -7347606283
64047 -9962253357
-84787 -633183291
-98263 -251661375
94689 -774190525
-24115 -8617130929
60609 -3808190626
91215 -8151891142
85049 -7072339603
-79767 -6247891092
81603 -8042028762
-29925 -1348234389
-2505 -7981184868
21013 -6015249236
80469 -272701449
-97127 -7202130188
87861 -3424385926
52285 -7816681595
81883 -6781404851
-86635 -133436496
-41749 -5526276486
62145 -1900947422
-36431 -322870034
64205 -2445399000
-59629 -8905494285
-76245 -5398259636
74765 -9304041731
-88927 -7172635555
34265 -3769438445
-50099 -1371326708
-39049 -2834905243
-93707 -7815784668
-90865 -5129208878
-83551 -3164931507
-46099 -4346787483
5563 -6122198187
-58891 -9808744093
-54023 -2815200915
6727 -5985693624
55093 -1769717362
-73797 -1885554530
18135 -87219719
-40557 -9907118952
-64227 -505763987
5581 -7004400476
-84889 -4199870405
2433 -449837664
29945 -8065594096
47749 -8652478452
99155 -2416550442
45207 -5895643023
-16417 -6571834214
-97145 -1098960110
86087 -1684685895
-83029 -6513669707
35257 -7232964900
-65055 -6073641485
97967 -4383729202
59277 -7068396467
-95533 -927022671
-51769 -7929612480
47505 -8467158784
-82927 -5009916900
69271 -4177199707
25159 -5123369407
-18039 -3863589635
-73499 -5575282343
14007 -7352246620
-95049 -3665647533
-71999 25518834
-54157 -4906685491
57695 -1307498788
-7307 -2943392685
-88103 -9832870063
-4255 -205717701
35333 -3683582444
-57603 -6307226597
-77341 -6290227344
-75425 -2573745987
-58461 -246255064
-74489 -4388451869
15113 -1617167650
58385 -9829000003
77389 -9707949572
-22645 -7556881317
15663 -7233159327
-23405 -6812206643
-93879 -6713151146
-27317 -6172757499
50865 -5067597874
-93413 -6269892171
74865 -7736261558
-80215 -6563672579
-55425 -3523205196
-20727 -2426403279
81555 -8591794440
-66805 -4509106171
93285 -8342039449
34321 -7440084032
-29643 -124933054
-62015 -7678015476
24731 -7525605350
-35665 -8221865629
-15457 -850831847
-28635 -4309673694
52369 -1125315656
38523 -7202964331
60643 -6616076397
94427 -3828636556
29479 -9103886754
-91687 -8580018910
84593 -3089653368
79543 -2325893738
42751 -5795127585
70181 -8650970309
-11421 -7147731279
36789 -610575569
3479 -2426441119
-35867 -5773382267
76597 -4127021204
94271 -8541536215
35095 -39066548
-45873 -3623815978
-22579 -6533753175
62537 -3673147029
-19797 -1834127989
-79891 -2947465566
18729 -1728520642
86277 -670575812
-92619 -5051219907
-24841 -2210845364
67139 -2520911382
19765 -906229722
71497 -6777237697
-65635 -5354943627
-85699 -4158849904
-80571 -6064722119
-64143 -1940368828
-53385 -9042791601
-91863 -125490178
52849 -4176741976
20015 -8306268707
-92905 -3981652328
-95311 -9022215404
77387 -7961246318
65231 -2801307349
55251 -1715930741
-47065 -2951007631
-23369 25743675
-23471 -1535201914
37267 -7337422985
-62553 -1633591183
-72871 -6915773302
65415 -7979532600
2851 -6938157715
-68899 -6494055724
-98023 -8994429163
-15473 -3807514649
-49599 -6882554848
7227 -2896374591
37639 -1694851028
22219 -3161138082
4173 -750848951
67457 -7832144433
94425 -500627328
29873 -5550873197
-75519 -8551795780
59565 -3122883815
-6255 -1304056151
89635 -4783385669
-9239 -3393911179
-80985 -9210665560
-14753 -2630714559
-2439 -3639608613
-20165 -760493078
-66479 -4702853526
-31171 -4143161549
59901 -4948101173
-16757 -4093160012
55207 -2408993260
-61563 232393685
52255 -3618976531
81013 -9561544706
90589 -6701163311
13227 -9002493262
74819 -8508742056
32185 -1292337893
27901 -2559871476
85995 -8575367566
-76657 -4679126167
77629 -4037790281
-54833 -3345263347
-38215 -9896361179
97273 -2787872931
72071 -6340888525
57519 -9881950132
10273 -5197120875
52343 -3556864767
43701 -2746461127
57665 -7535688415
-40103 -8879626137
93451 -9210376761
68719 -3222955794
-54061 -8480546853
-37007 -1429555385
65991 -2520025149
64417 -395810221
21443 -9011764565
1415 -4140925674
12911 -5699854070
62545 -5874847402
-36229 -2740199659
55059 -1406857960
-71277 -7862116604
-74955 -7769075306
69843 -2885694647
-39937 -6144107972
-13085 -3345765854
-87859 -6378663699
92837 -6145734263
6001 -6813710947
38113 -8592062403
-59689 -5444290627
44409 -724803691
-45321 -7368048527
19311 -8195608539
-44631 -5022629357
-31175 -5099685243
71409 -175997870
53501 -5138725613
13521 -4278205043
68007 -2565667879
2089 -8986644916
10197 -3994115893
87083 -3059240331
-36609 -2996689046
-88325 -2891052585
49355 -854843751
99041 -4895855133
-75513 -5169334276
37111 -9421763219
64543 -4776320786
-77203 -232217730
-16609 -4291193231
29499 -4189387195
-72315 -7276017476
-50913 -264162577
50765 -2478832492
-5099 -9579544467
-49679 -3273710105
41719 -9749735783
42515 -3861908670
-16141 -6202073075
68323 -6637373432
-37113 -6037562364
81911 -8879131854
6863 -2688760838
51671 -7239981014
65317 -3009995104
-11987 -578182237
10075 -999033106
20681 -8128997756
58129 -4137907293
57917 -3343393395
-24323 -5008544442
-63667 -1872946392
-62715 -4353603724
-18917 -6114301200
18219 -53648831
59055 -9668569911
-38431 -9359485492
29285 -6906484637
-54895 -7171329029
-69593 -3420571033
-84571 -9603289322
-49591 -5471563736
-67333 -628584862
-98729 -9263737790
82543 -3989365870
2531 -4618690971
42089 -9141167404
33363 -6735615524
-90679 -7493376754
-20001 -9627712712
42311 -3743702460
52817 -5591884168
-1369 -5842197859
32071 -3414791753
20433 -3634727970
-25147 -7860228026
97983 -6742797805
-72789 -5165742119
-27197 -9749981663
77083 -3096208742
54867 -6045932757
79171 -5921821133
-89279 -4017389805
79683 -6783616781
-73895 -1856068800
38799 -5074357973
11923 -4735631706
-7147 -733677684
-30695 -508398875
24847 -6721372148
-8113 -7221923392
26707 -2635845724
99427 -4388883328
-77217 -3664518431
-73535 217972378
4449 -9371937790
7187 -616941654
-27055 -4430813554
-47103 -24570719
-62631 -8062941857
50159 -2420575906
38903 -8179938690
-24051 -7678558081
-75461 -6734243952
-53391 -6307948426
-84999 -8191398610
-52437 -5759299973
-16123 -5741060094
86527 -8479430790
53097 -1658559002
-17723 -9227105823
-58687 -5482180703
-84417 -1909452207
29861 -5196667767
-74453 119330900
21195 -1575484505
27627 -9863976228
54601 -9145642170
29243 -6539565073
90557 -9805517712
56755 -2149182752
-69395 -1262864695
96851 -8831697858
-81781 -5172042690
31859 -6061104711
-32177 -6443107446
30243 -577086640
74873 -1175905736
86719 -7767996994
18215 -6741404339
84755 -5591416866
11601 -5318713126
-73647 -3158975277
3819 -3496212492
-89373 -5517276156
-95841 -2392832557
53363 -6463259088
-30477 -9423241602
-24321 -705471262
-75623 -6481669998
16693 -2953516110
77293 -2427907066
-62785 -3061683021
-22693 -4624939120
24123 -6777322802
77111 -6610853895
30657 -2121721111
-50727 -6979027201
13885 -2190209991
-62439 -3215319207
37161 -2931409665
61173 -247466867
26835 -5850685757
9353 -3832867191
-98615 -5601812400
94863 -638862562
-47467 -9222983173
-57517 -1861539207
87379 -8117989625
23677 -44486999
-24661 -4455520759
123 -4620156280
-94767 -9839586128
44127 -638570626
86359 -9681959796
89355 -4242895769
70281 -9765131585
70137 -6284737742
-91513 -8767864357
98245 -4288048364
59611 -8151805506
9855 -7565912829
91969 -8797289176
97185 -2529373214
33897 -8247225083
75467 -8725355130
-2831 -6099515217
-49471 -238620940
89273 -33322497
59099 -5947656291
87625 -5126334759
98475 -1621411442
-20249 -5356418985
54647 -2184708585
-19795 -8807570161
-77103 -6624862851
-17957 -8491092657
-67893 -8540534941
-58465 -6701807793
51553 -7227161845
85117 -8154225805
-90645 -6520028453
-47113 -9566419785
-48309 -5223654667
10799 -4619410784
75745 -5342994830
-29507 -1209826497
43515 -5899808209
-69931 -5219017466
-11851 -113615816
8917 -7913161020
-61047 -1484933717
-79211 -2518710598
-533 -1556569182
39449 -5414934903
-70375 -6998068732
83121 -2861092321
82495 -4546603204
12387 -2308903512
44253 -404972757
82247 -1240999031
-17893 -8257641889
-94581 -3238679005
23121 -1718821276
70687 -5633352981
-25813 -9332228679
44291 -5679574907
14369 -4177943364
26647 -7642251493
55317 -1177546458
74911 -9555259475
-92287 -5689261999
-68943 -5337474250
-16953 -3413561954
4199 -1648591825
30939 -8736469591
37431 -7042962739
-22351 -500956054
52413 -4485046551
1637 -3187432513
32311 -8282410002
-18213 -7700678526
-78125 -2236893691
99823 -1315240741
-47149 -677687717
-72395 -9981127934
45277 -3439845262
-70543 169871788
32831 -1239033992
-87933 -3496792373
-65375 -9514619143
30915 -14293209
70257 -2527747154
56537 -3311166554
-25251 -6702533933
72397 -9464919189
85563 -4798655191
-76459 -2886072683
36455 -2171366648
50651 -6163451653
29591 -9305228107
6833 -6427601158
-91513 -9063148129
49035 -23328344
-71665 -3477860186
-10113 -4944717904
30521 -2088705222
34565 -4163752401
42379 -9764695542
-96527 -856823029
-95041 -7934094089
-94871 -4591386152
-95477 -2847570997
-93221 -2710158831
40893 -2341153583
96771 -9962140286
-41195 -7782364841
77785 -1357555407
81055 -3350230938
-1975 -7015664863
-51847 -3858901228
-19027 -3987885106
-13909 -557990518
-42307 -646925016
-6363 -8435714895
-81957 231014397
-23477 -821634275
13695 -3373782161
-79653 -5424008042
-28477 -1211585241
37287 -555482884
92281 -6097279031
-88415 -7975298905
5979 -946909525
98717 -1347151086
84823 -422075858
-34051 -2044394250
75245 -212071898
-12037 -2579157907
-26927 -2508708707
18429 -5186214406
-29431 -9503155908
47341 -9686517845
-10417 -3463050310
13381 -5019190422
-90201 -3309529632
77767 -5685234521
94921 -1361528111
45095 -398466018
87909 -3186051217
-20845 -4194080640
-55267 -8451471527
44333 -1445450182
-58003 -9168162798
23109 -6045027688
55517 -7695822624
-56307 -5664804190
5233 -912739749
-15693 -1621021333
34869 -1775230049
1547 -2356287592
-7227 -2933725518
39481 -2320710661
-70529 -1625150525
18769 -8128815714
-53349 -4451820772
-2067 -3533416735
-64243 -7121680702
-30979 -5952014041
-83643 -9073795282
-15535 -2992276871
6545 -3476502568
96027 -4667874652
59095 -291497470
-28629 -6052577362
45635 -1903029196
28907 -2473571232
-89327 -5771283166
-10115 -542348851
31517 -8521215688
-48261 -3877872557
-79469 -2082336072
-43679 -6755374938
25943 -5638928498
55743 -8527928065
71765 -6213287381
-40237 -2982967136
21891 -6182826667
82691 -5547525900
82789 -4441602101
46841 -6857791652
87085 -2000699822
24155 -8256484246
-77485 -5857377585
7131 -9363464923
70109 -1041416158
-48483 -187493634
16319 -4368708271
-60347 -8067983061
34563 -339204408
26851 -1841747219
50577 -6459115078
-46599 -2618500773
59003 -5799593860
-78231 -6278647322
-33263 -3175725719
-67739 -7862384207
-54337 -3381993881
-50609 -3519886467
45321 -8635269933
-82467 -566336834
-76135 -1653784406
78507 -114917546
82097 -1234227949
8949 -3689260610
-22835 -7302055809
53441 -9428257294
71591 -4707095101
92451 -688609930
81969 -8726287982
-18647 -9427995720
-3221 -8487008178
-66615 -5404175885
-35399 -2970008614
1337 -764791524
-92005 -1416555310
-60505 -9339449522
-39583 -2713502812
29449 -4331975597
-8133 -6709369871
-40289 -2842429850
-90393 -9543486793
-58495 -7085661791
-53687 -5549661183
37601 -4438534989
-92287 -3922570763
12125 -7808851129
74921 -8495954363
18277 -1986270338
-69777 -6297873659
86521 -1400742469
72021 -7958191210
7395 -1166355881
-28373 -8607226428
91471 -835874223
-45457 -5820882180
-78355 -3076823852
-57371 -928996356
30117 -5244765510
-50625 -6215371373
-58677 -1369315000
92181 -5091759769
51795 -6679510146
-17127 -1398496574
-4589 -355248547
66747 -3543226869
-10355 -9947993745
66769 -3629885613
-55367 -1427881198
32719 -3611183309
-16409 -5290020441
81053 -501219971
64027 -6585211199
-97339 222039050
9111 -199770243
-16539 -8485575995
76627 -7948355780
-45307 -9166988309
-54839 -8333043900
-14677 -6548608051
22517 -3513318410
10115 -3231492420
71375 -8324790463
99387 -2781945694
51723 -3335251287
58907 -1636536708
-74741 -3058165242
80035 -6132628371
39453 -8058705805
-25509 -5822118146
-74855 -6311503445
80447 -4527358041
57225 -7215244109
6203 -9664833555
-30377 -1991402424
49299 -9379324036
-21365 -8158518069
42597 -6749035600
67705 -9860880894
96591 -1590348768
91535 -479820718
54201 -3500511442
-37971 -4512027017
-31127 -1560117798
96337 -6633962421
-4269 -5168095967
-31267 -9365731452
-50985 -3910252142
77681 -4306892273
66373 -2309633841
-98583 -6494405687
-18363 -7612420970
35487 -207652825
62077 -9921227436
-59375 -3561742846
96457 -1671391851
45693 -2633084814
-96603 -2881690219
-36169 -5942595510
46629 -2125901542
-56225 -1498473734
-47431 -1831621757
-76377 -2564073123
-47841 -7604281282
92775 -3741432679
-3337 -3027146353
4213 -8735699061
43921 -8244261004
28403 -5557671435
43769 -4717265166
-6663 -2160461646
6179 -443518073
-76719 -4425294570
74655 -6906656546
-85895 -9369271241
32521 -5270651645
88239 -718754304
-16857 -89568319
80175 -6685471618
-50117 -8351835870
49455 -4837904198
34713 -2893885254
76255 -6838821207
60993 -3131841238
-84197 -2814059563
-55657 -4775925420
95553 -7254452845
-19705 -9048613379
54833 -536065674
34453 -3818251391
70773 -8222925975
98397 -1293236676
47811 -2309955227
51403 -4362312055
75925 -3035501711
60399 -3042683413
-73813 -7539900650
10573 -6408116756
97123 -1218060684
-48879 -8255542012
-95063 -9274843515
-68681 -9760396759
-78941 -8656924037
20149 -3329302051
46895 -9848042129
85463 -5869083291
-22729 -5608047784
-31167 -4583655163
-68811 -8195208805
84545 -9459912245
-15693 -9275183493
37157 -3466884317
-40277 -6808659779
27927 -3757472249
37673 -372294271
-10557 -6412652287
54229 -1519345413
34933 -9748255974
-82331 -2663094234
-88709 -3499378708
-87505 -5108979609
26983 -5144809550
-46557 -4916643079
57053 -6488255089
-14271 -7750441645
53609 -4019574205
-92281 -7010200720
-77699 -5046286946
17671 -1109065169
42851 -8340205912
80511 -8652939533
-74445 322617561
37529 -4827583167
-2325 -1206042828
-65007 -2509775249
74237 -8091066003
-26867 -1226791092
29629 -1859028948
66629 -7577773587
62241 -4616381562
50035 -2562957059
11485 -2528628933
53995 -1296923804
-38857 -4509697783
90481 -7568472029
-25561 -609809077
-31957 -6518369804
-46675 -1097837895
71183 -6634954492
-50837 -5273414669
-31031 -9377676674
80399 -6177188291
-88963 -7485322458
-43041 -4328435113
-15205 -6822492675
-62727 -9505273470
55337 -6284660190
-44609 -9501519268
25197 -4857564532
-27917 -8387453115
-4559 -5316027333
-32893 -7028222418
88397 -4823784312
-4661 -3788852379
-96379 -5242074600
90363 -7697072760
-64503 -1859164263
28145 -8533880025
-16905 -1580699530
40915 -9803293086
65305 -8587819212
3453 -7128230588
-31859 -1343072767
17127 -7391508483
-21057 -1876584624
-23661 -9640487351
-62195 -464183718
-1495 -8717768011
-16603 -9597463515
-85833 -5978659997
46725 -224788842
-82261 -6742029396
8867 -830098282
-27537 -9931711991
18711 -4906964057
-77071 -1188927122
2907 -7347863322
-54467 -6464383303
86469 -1858271726
64401 -5507003668
9389 -802283227
12801 -9135123002
61643 -7786044371
-58929 -8517598701
77011 -7033028626
-92053 -1814820678
86309 -8445167711
-29121 -5330186440
48371 -7538228029
29773 -7671048116
27899 -1947003643
78621 -4873720547
85153 -5745636541
-84729 -9852599510
27259 -1776322728
-76909 -3982761413
-53107 -1509458123
-59975 -4592219344
-30971 -7852010455
-48287 -9746511275
44537 -5711704572
-75407 -7664518975
-34017 -1340253390
50209 -250950156
23167 -8210960999
72391 -6891418479
-71113 -190500813
50671 -3000219115
-91125 -7269147775
-209 -836451353
-78535 -8688098339
43313 -5161660507
19497 -8689274040
31335 -8361467336
25857 -4516006160
86797 -7798856771
-36673 -84180133
17639 -8277401268
53977 -2066053322
60831 -3289339805
-62199 -8793389776
-91291 -1237841520
-47233 -2321731870
-42501 -5534712987
-19727 -1660496472
96099 -1360433771
-37069 -2268579301
-57363 -462948144
31047 -4565371439
94031 -5882476459
18649 -7969976714
80307 -4152444044
-64831 -2131920473
-19781 -2281065466
19635 -5957177218
75297 -9196606352
74551 -2136215319
-72427 -9795303976
81335 -9605338562
31025 -630126024
14757 -2797642908
9781 -6555916688
-2367 -1186975389
-11931 -4514420274
66337 -5177317835
-34979 -470748279
-63761 -3092242886
4375 -2144692115
73077 -5095364954
-74151 -3919618570
-59029 -2341228670
76179 -5396747714
76625 -3619597205
96695 -4678299352
29699 -1527091351
65931 -2448608766
52075 -8398553378
38393 -8256411598
-14913 -5655628780
-57785 -2933844855
51475 -4506262267
-21529 -4396020334
-36379 -5448759855
71495 -9253667729
-44081 -2383458260
-3325 -6402747817
-85969 -3291538127
-33535 -7722948771
-44787 -4929738419
83171 -63747995
6705 -9071903289
-67407 -6700593002
84641 -2482623410
-67577 -8206525533
-17093 -702678084
-13269 -8443038653
60497 -7616291640
-37381 -6815975419
36515 -8167290845
83763 -7671934118
45819 -8238900054
-62289 -2152160462
-69223 -8342191529
-92577 -9182672671
69711 -6702862680
-92049 -9186338157
64059 -2278599154
76367 -2140221887
-28011 -7202100761
45855 -4845967937
-30761 -1156297355
7619 -6907560037
8013 -1103914442
51697 -2409065585
47703 -2602157693
21329 -1340238895
22189 -8055823599
-24909 -1129146877
-23509 -9848536540
-3885 -3631138415
-95863 -2995880914
92153 -1298926298
34071 -9511028862
-63981 -1671991030
37215 -3732276693
-17371 -5705467923
47641 -9610324687
-86997 -9993699150
-91119 -2435491107
36791 -1266854305
-39733 -8852067746
-91891 -1524747049
69909 -2148286527
-69239 -9198641388
-89731 -5796453526
47199 -6719565115
33717 -4268773249
30821 -1248201072
-11099 -9270093485
-23543 -2287289891
32531 -2224365461
-50969 -804741461
71839 -3190000849
-5449 -9146669730
-49331 101106777
-6685 -383224021
18971 -7822220734
-71853 -3599812418
-28511 -1587616364
17407 -5878942452
94795 -174217287
68759 -2849689404
44383 -2718413508
34433 -4582076116
-84395 -6752775920
21381 -2131321850
4851 -1440433075
69843 -7090697292
27443 -1765018876
7811 -7239771525
34125 -9583231757
15235 -876852054
-93447 -7580636451
52125 -4541791112
52801 -7379924897
89757 -296773768
44079 -5413253129
24337 -7253909957
-4725 -8808015595
-8767 -2104619367
68479 -1580688451
97795 -1773758304
90407 -2086274987
97903 -9954332288
47483 -6531797389
62481 -9817251342
78921 -171233932
50827 -4653267806
-14119 -3281458079
8245 -4184674745
11991 -3798955140
58713 -5546536183
90833 -9216696912
-82109 -8494412721
-81029 -7650533453
26817 -3376865724
74727 -4457290597
-92285 -9095421293
-8303 -1837389612
34371 -6401692204
96215 -6403847685
-39155 -8818033619
67737 -5962928651
7553 -1608881354
-15985 -9230589544
74753 -1725775174
49907 -3515411902
-35025 -724778466
-47219 -4965793431
70773 -5737504311
-36485 -96437408
34163 -7524738298
71453 -1921721693
49537 -7577075646
-53825 -748716803
-65315 -8220411550
23181 -255810078
76711 -8029155935
28897 -7037549000
59533 -987290825
-78607 -4316189348
41305 -2016650265
61761 -2247266605
-86901 -2574309589
-31859 -7884929363
50643 -6200767738
1227 -4736338567
-48453 88355329
-12393 -7450849123
-33117 -7978986993
-66411 44155239
-91069 -6794109354
63421 -5021763113
-19263 -5145470945
-63273 -8108960777
-29497 -4195451558
31423 -1991090745
29047 -7146672528
1401 -3264664979
4989 -6785664383
-71837 -5647433087
78533 -3196754988
-64325 -1376911676
55383 -7199342307
-7311 -9104553123
-51617 -9730968618
-46027 -4876231276
-50029 -7577525642
62925 -1885218469
95049 -5316584945
19795 -3398709179
-59989 -6246300397
-51859 -5310514623
38999 -7513885791
19695 -1923471219
-94915 -3236073700
74593 -9577047543
61993 -3622344309
74237 -7593144611
-38493 -189975275
-94951 -4504378383
-37341 -643683630
71239 -4536617399
3485 -8243737762
-2921 -486069700
-37803 -7765466613
-79557 -5697225686
-32071 -4612944997
39827 -4685279174
80837 -6364534624
97325 -7103814269
8299 -2922407831
21581 -5394619473
-92577 -6367804286
-45473 -1773868442
73879 -8520214119
78523 -4769728333
86153 -5056628859
-30821 -8841018118
-28231 -1872663596
-62467 -5946178992
-41107 -7082850417
-64185 72138106
-78013 -2449130204
-39019 -4882484410
30071 -837932442
62199 -7068359776
27665 -823129645
23599 -1044028759
-43913 -6203954192
14793 -8821052901
4463 -7436266997
69231 -5078756603
-50291 -8332317816
-75595 -9408981400
-81681 -6650291962
26887 -9315377833
-96243 -30827245
21591 -5373254230
-36139 -3980394575
3141 -8439233864
63541 -6058163760
-71453 -2706602933
84303 -368016854
-14537 -4108154238
-46027 -1674818152
-87851 -4448330836
39003 -7322084936
-84951 -7066967760
-26603 -5979535501
-51229 -6192928039
55535 -9826940460
39359 -2196001266
-46995 -2214098633
76661 -1418221373
44049 -7302527777
37899 -3158984178
-12777 -2954081658
57385 -9443126109
-52613 -503263410
10637 -6338169695
80885 -3399937454
-76905 -7336298908
61183 -704942997
-60167 -5696665228
-51981 -2063102379
-40859 -8279706695
79325 -8629441900
-95883 -78202808
-33381 -3265275614
-26067 -3769138972
-49155 -6914295137
2735 -6325797890
-86807 -2644474338
3883 -9027778877
39217 -6747007832
-10939 -7257346770
-54037 -2290025253
9641 -2711946239
-85341 -4275511281
-44953 -3426047197
91875 -583342184
99271 -2347114738
-65501 -3733495684
-94017 -5233124651
81745 -8182295264
881 -5279052172
62247 -7123514426
-41441 -7641427266
39 -773271429
-78099 -3413081748
2031 -7947615341
-52795 -4139373792
-93599 -2296717208
84113 -6786509326
-90779 -2219696955
66609 -8022384466
2725 -9664251274
19965 -8643746731
77579 -3949254933
97661 -8859200411
59345 -6258492190
-52763 -5087689256
-29583 -2049168802
-45705 -1560478778
-56853 -8342487570
18459 -4861594594
93283 -997691475
-70137 -3429597913
-11643 -7134556684
2473 -8887957643
-10183 -8586778986
74749 -5115721370
94535 -8692404855
-83195 -2914898182
-67779 -8398310431
-73187 -978392810
-21999 -8862120438
-53713 -3822468235
79035 -2775275327
20591 -2774341486
-67391 -8869427258
63409 -974170320
77145 -2309359304
-8829 -4088858691
68689 -5264106097
56175 -7800031557
79381 -5837802710
-9267 -8321134292
82115 -2511567774
-39789 -2326388357
28477 -2438975481
68657 -3409311138
30841 -8273145427
-31751 -4838205843
-48527 -5167035057
-90079 -5659588818
-13623 -7545159870
39467 -6869734505
48895 -4126005116
-77591 355218873
18291 -2501390369
30329 -7961982839
51567 -1853277232
-67183 -1207942553
60353 -2954105818
51887 -7319397414
-85253 -3376570647
15887 -6627582495
59023 -396666916
23641 -8546182023
-59913 -7920543569
-68379 -3560686985
-87407 -2187560779
79945 -5796921956
-69935 -8339633414
-45889 -3291688420
20485 -5353472000
66995 -4623208653
60279 -1656782755
-54675 -8820856169
-46505 -7241271942
-49325 -8940604699
-10337 -5244715907
965 -4717489735
-69957 -4654797156
-77579 -4167403124
76621 -1706391828
19643 -7965638321
43185 -6180644599
-38155 -2889033604
-1813 -3848539699
-75895 -1885262315
-60933 -8522753884
25745 -3365255249
-78981 77069760
-42327 -6141813770
-81095 -9105179363
-467 -5959238844
98059 -3273640354
-42473 -2485708259
-64993 -6656792250
23801 -9816209446
90377 -494389676
-93647 -5370481612
39695 -2624603329
-63811 -4101541521
57629 -5112809481
-5383 -9043131384
72279 -2930374638
55339 -2898334622
3161 -9303879008
34395 -7712878604
-39817 -2145897658
51715 -1813983669
-19155 -9275348374
-41097 -2718209681
-18743 -5503712058
25793 -4532788860
19683 -6161484463
-1473 -8196313553
56825 -5545319745
-54917 -4500619699
8045 -9079494699
-75535 -5173251703
79243 -2682619250
6491 -8905939823
84299 -9617549796
-27279 -295928220
25593 -8942020046
79625 -7740946146
-32533 -6224830043
-17853 -7154002754
-55225 -7010299714
-41403 -5333664354
-56231 -3761755026
11567 -5079740603
40907 -6916683112
39165 -176778009
-82015 -9677676401
-19067 -5133422047
52287 -595515743
-59843 -8000159135
58513 -4541805536
37611 -1096395751
7895 -292494386
-351 -9618909519
-67129 -2470934994
46839 -8653430080
99009 -1378870875
-17743 -3372241915
98585 -2672890937
90647 -265582224
-55147 -2421162439
-56079 -5575417364
87519 -2718191945
-55953 -4631219984
56139 -4530292930
-84685 -8625482396
32425 -6446936688
-33587 -6136708403
-86055 -4872930929
28869 -8846325866
28571 -8409336585
84207 -4978972240
-47539 -9779533442
92613 -1681131145
1969 -4749216524
33537 -7138343806
-74155 -6283520622
71333 -7428279766
61021 -751961389
5889 -4844405325
-57991 -5407904077
-33981 46280685
1579 -5137438524
99595 -5600759378
12459 -6414871235
21047 -5497449140
78423 -7502871091
79627 -2330938705
51055 -4861265874
-41785 -6309620385
50743 -1796367645
-82531 -1546696721
26881 -2719372373
-25773 -8153475900
18517 -490267722
-16809 -596996959
-80239 -6133115708
47561 -5469598843
42613 -8535846085
-25441 -9402657734
-83731 -3486711758
-26497 -2106977495
19825 -8969504883
30893 -2634256290
83003 -7302362935
-23755 -9046582666
73713 -7226543038
-49699 -8569784622
49017 -7783361337
-95299 -6136858083
55717 -3828886018
-97469 -4737240278
63719 -3064104434
-63685 -7771284765
-11881 -5682250271
76071 -7772194563
-57019 -6972560275
-48985 -9514118707
56017 -2818154987
-43221 -6263866687
89603 -4774281722
-55241 -8946908288
-13653 -5706998045
94321 -5064314555
67321 -7696418690
-78207 -1810890208
-46861 -8721110493
58985 -5983113498
-10469 -9168180139
-25063 -4587702031
3903 -8301418540
-74359 -5988536901
14497 -4930104459
-64587 -7611660847
28089 -4016046334
-70987 -7866510233
82119 -507438208
83569 -879161095
-34221 -6143201163
-91689 -1963516934
-94943 -3215309493
37705 -5644857932
29491 -1680548052
41655 -8040696425
-40809 -5961999377
64315 -2972355873
9311 -227285224
-31893 -7882835150
72955 -3060140229
-85555 -1960248213
42985 -5583708832
-44131 -8674280014
43099 -6909029065
-41597 -4187770816
38775 -4983306553
31827 -7658746888
85525 -7856031468
47657 -6650121718
-52233 -7488466349
38493 -8119834540
-56409 -373787139
-10629 -1012130508
65607 -1697969458
69527 -8382216650
-70965 -9076610810
-93911 -4284362353
-47031 -2940743740
-83943 -8406378849
42557 -752372782
-84541 -8738492702
-90261 -7633591847
88689 -3283010914
37329 -8900156241
-37093 -4675036321
-40507 -8023866309
-54645 -4103590650
-89455 -3470522330
-51785 -6811416719
24713 -7333550521
56741 -1259512987
38139 -8596004369
-80861 -8574747952
-35271 -6513336472
-95613 -5034913645
-4943 -418301847
-75517 -1069110018
58783 -3223050626
55523 -6594857334
16061 -256286635
-93577 -7038111961
15025 -6558127067
30709 -305651039
-70265 155536487
-62137 -7696242712
39179 -1404860177
45777 -4534815502
-65859 -2913051517
-2739 -2646916646
-41767 -7489838801
85667 -6715821499
39131 -3899864496
-31957 -3525640997
-69657 81973445
-81675 -1986362787
1247 -7275352214
-24015 -5261367721
67295 -1213058337
4383 -2822785213
44479 -528545828
5707 -4321173116
8307 -6679977353
9779 -7549650819
-61663 -6433926845
1125 -3467091472
-1291 -938535287
-33791 -7952970935
60253 -4524808633
-16697 -8305049595
-95361 -6181392604
58993 -6471548064
44141 -8590275062
58337 -5773458642
-98303 -3148767471
-34541 -8349911283
-57843 -7121964718
95403 -8266407639
-87079 391270745
-52345 -948558873
35269 -2259832361
12437 -1722235177
61097 -9869673007
-1385 -1525030108
84849 -2960587516
-925 -1601198486
-87523 -2920285580
21579 -1851821124
-27415 -8648536288
73043 -877227265
6317 -6407311816
-7569 -7558976326
60215 -2515461204
4235 -2092273994
-13579 -2781969196
55339 -6627184391
-14631 -9896382786
-86765 -9514312446
-20829 -6392721275
-43309 -6804993260
-34959 -6689949964
-98671 -3493541738
-1347 -7471639150
74359 -2131092868
-80389 -5596960557
27959 -4053759433
-73171 -2464257594
76657 -3237264616
-93963 -6737622161
32271 -747056805
91533 -4494090797
-64543 -5945543748
-14865 -2468216351
52765 -8115797061
-44209 -5879352417
-29463 -7774415736
-77067 -8984493318
96103 -1821178073
87429 -9854469517
2981 -7415384136
46949 -6248913416
41197 -6795219695
62581 -6612782765
59837 -9702913504
-85371 -5531842958
-95147 -1441735380
-18291 -9384295118
69233 -4004448472
-82155 -5371127414
41633 -8931672647
93601 -939212168
94933 -7019442146
78843 -6798055279
33881 -932437872
-35525 -3506380008
-25933 -6789636404
21961 -9531691665
-20107 -4229410582
-9773 -3809517765
-38515 -3968396198
-53515 -9848134984
-88275 -7798104257
27741 -8462485984
-85181 -8858196373
-3445 -5122706909
76647 -9062833463
-47605 -2109811901
13317 -8173929044
-28467 -6565991178
90207 -9063140173
-1843 -6043597536
-82565 -663816000
79769 -9209368911
40927 -9534936406
14353 -9974924856
25487 -3239306574
71885 -7564090347
-67209 -4836294803
97867 -7973878449
80941 -7584057453
-7007 -7963331791
32017 -5862103464
73101 -9657955369
27493 -8042476555
90247 -9885215929
-49277 -6521564781
73385 -5529124208
-5989 -6753183096
-83665 -4091332264
-10445 -4623054346
-38631 -5485572773
20243 -2127116052
-69387 -395234378
62345 -398640092
-98547 -9884392635
-14895 -6075052003
66603 -8783593088
10513 -323507511
85111 -369877760
60341 -5043619547
87285 -4240283462
-4281 -1540930379
-75575 -5192573013
90163 -4492608155
-39639 -665823601
-99637 -4554157226
-91429 390802886
-77017 -1218686549
-92313 -3960029801
-99037 -6251011556
75735 -627859024
-55571 -1470846584
40123 -9652897539
-86333 -551823661
-78893 -8024221699
33175 -4298208300
27271 -2881397768
74867 -9811759965
24767 -6779686288
62379 -5050765315
46951 -3321033784
-3327 -7018083313
30313 -9486229695
-10277 -3076218009
53871 -9817786060
36557 -1999729048
32151 -3687383663
-91311 -7897236828
20325 -7314204900
59987 -7532467508
-72369 -4311342613
-23363 -5970176376
-25689 -4567315855
87851 -2305875713
22871 -4365308698
86907 -3789137384
-66349 -6430419884
91731 -6306108673
-32703 -4276165773
63787 -5874675113
-91811 -6412144757
61939 -4538943882
-21833 -4471153239
-11401 -340452813
37651 -6325066626
26149 -9669664418
-1483 -9123823403
70541 -7629578241
-52985 -7615701660
45521 -7083404245
-75265 -1496732203
-87291 262963507
-67553 -5448771916
-63685 -1093461543
88167 -9919386566
-93049 -4599976373
19023 -4440066184
71695 -8403845231
-2287 -2994719522
-42059 -8301270400
-11571 -1987800106
90901 -8081970824
94131 -4981461979
-49137 -392421304
77909 -6305955798
-70471 -9491428675
-90241 -697628863
51037 -9148807578
-56107 -5728865599
-79933 -9586578459
-78551 -7380321848
33673 -1920201499
28631 -4474680497
64997 -2908184721
5265 -3413327071
71183 -2198278157
-42077 -8958378843
67355 -2138170267
36923 -4331581465
3845 -1805527797
27677 -2836406670
55983 -5069511790
-80515 -8639295790
64913 -2296056713
-97079 -3204237636
91233 -8991967782
59009 -484093252
-54621 -3823151992
24251 -8826645584
20039 -42649992
35081 -9143747038
-34429 -2933860016
-94417 -1887484002
13635 -6926904552
-83159 -1026573695
-49525 -5017235505
75893 -7176109196
95451 -5066139489
78151 -2552147508
85093 -8629750962
46367 -9715055440
13697 -8685883243
-60469 -8536260449
11617 -4048715702
66413 -865718104
72911 -3355632046
-27713 -2859536810
-66445 -2712307973
-15765 -8733619697
-22033 -1062832249
43975 -2651133033
-34457 -2863486417
-95297 -9221269594
73213 -2055114685
-95305 -7848337730
-99137 -8661609510
31731 -4509224611
30589 -7922920689
99201 -4756483230
-38101 -9412688649
59717 -6907819383
-90723 -2813129179
2249 -8373798731
-20909 -7630836633
12841 -106558995
-9147 -6449927712
-34317 -5273985178
18369 -5367232844
-89821 -4690239248
83679 -3391091758
-55447 -9641519548
34533 -4988800172
98091 -783460639
-58177 -1410344148
-54821 -4525424418
31753 -7543851030
9313 -3728645810
92815 -3489794461
61685 -3491220216
2015 -9811881711
-70367 268088443
-32885 -5277953238
-46077 -6464401339
93771 -6566497060
83169 -5952470737
48581 -3446330237
-27221 -8205381594
-17991 -6892625678
-52687 -9682664136
30561 -5691286415
-77681 -424808539
-18695 -9569487857
-89869 -287359949
-90759 -7927661282
65569 -627902186
36273 -303531995
73129 -9598866104
-40255 -7836043578
17217 -7892116115
10471 -76714355
95127 -5544048901
-78143 -1832090271
-76761 -7202043279
83419 -5883575257
62771 -4196009339
99167 -1540377175
-23207 -3558288225
-63755 -7602711470
25491 -5457521858
-60395 -1329791341
57405 -4928006773
-47463 -9631296115
-48917 -9444364588
-2913 -3682160070
56993 -2384251096
35483 -3547890839
889 -5526307773
-93073 414696071
45867 -2449361829
19577 -176081206
-90355 -7105023497
-21475 -1395076631
67949 -7654902452
-8319 -3935604628
-85317 -6888315120
-60067 -9251979240
-48467 -8627838609
-67721 -9410149386
88433 -50232009
-44053 -5072359553
17399 -9166234678
-87051 335531028
-3467 -3333960837
-69551 -4983978090
37719 -6076452007
-64023 -7395731448
-90035 -6519589059
-70885 -9193782009
45127 -8012507030
12865 -6100730964
65407 -3013161159
-51187 -9932568384
63283 -893013231
55863 -9537578753
12853 -2749038611
-99315 -5444073083
2057 -5985746538
-47523 -424937331
43149 -3248620927
-21083 -3785898070
-20799 -6024287267
-18921 -9030952327
-1375 -1259195599
41381 -3254185450
25363 -277160870
31723 -7195406852
83299 -8308429741
92789 -5139113369
-19219 -8811841578
59051 -6003906701
95055 -9382869911
-22803 -7390771635
77577 -234752964
41891 -4876437346
55729 -5009940867
51103 -9917535471
-52853 -5964387278
93455 -3715177466
-24087 -659398390
-90107 -3950286042
-97817 -395405534
-54933 -2373977246
34377 -1477342224
20949 -1239079144
21073 -6231557786
99065 -2758082814
-48365 -8449983382
-9835 -3141004998
31971 -4601056718
84695 -9274108018
-64619 -9462629090
39139 -9802234542
60521 -2103940056
-18743 -668841750
49375 -8012163869
-91045 -6006814805
-19613 -8958280213
-78561 -8523279721
-34961 -909026961
40089 -2326271479
-29289 -4559278100
21235 -3559847780
-53721 -8460117801
81619 -7164322416
71557 -496051871
-37271 -2915154944
63165 -9592472580
-68079 -9061513641
-95813 -9836825926
-88553 95029083
-35647 -5426138347
-28447 -4189295835
88405 -2451568426
56705 -9003340448
71829 -7275844228
69107 -3738074832
50755 -5295208267
75203 -7484105017
-35237 -6450674267
53067 -7588810525
-35503 -1039706075
91825 -7109282885
80229 -2167976271
63079 -8916568491
17075 -822387411
50103 -3420431456
62227 -8770202095
29797 -131760440
-257 -8295015343
47037 -9261291562
-67129 -5632476455
55823 -1056196999
71883 -8582114942
18885 -2247781169
77139 -142707865
-92693 -9080240496
60545 -9415626095
-47617 -3456804977
56355 -5086325723
6833 -4259207198
-50931 -8860686481
-84147 -3243097939
-10847 -5721856784
-6399 -3305247946
-39433 -8820266932
93717 -9328375047
-7077 -6298979805
31837 -2541008681
-29757 -8141936884
73215 -618600761
36621 -3887554248
32561 -4215642555
28937 -540499215
25835 -3590445556
35825 -1216267589
53363 -3453705786
-36539 -228900166
56705 -5675970664
-75403 -1585533849
42353 -8400599065
60953 -7915385176
-90823 -4845272944
-40109 -5069811296
55273 -6409700626
-88539 -5419614610
76617 -4918224765
21801 -100501318
19955 -747083827
-22699 -5658108758
-89047 -3797674178
-24661 -2633132885
11731 -6652212755
-3701 -6692654985
-30365 -8562683423
89365 -7992729768
-23477 -4024318784
80495 -2289869790
13449 -6394319935
-71359 -3639008025
53967 -5674377793
-96033 -6739225782
1679 -3826462978
56701 -6897816212
-36635 -9041622084
-44761 -7981498331
66119 -5729722890
86137 -2939292388
-5675 -2769074694
-33991 -8416237320
43587 -8977242844
-15389 -1864149757
90263 -8771033602
-80563 -220785127
-21099 -5341243696
-75393 -6814660073
33037 -9774663875
9479 -8389433531
-98145 -4721465870
-1393 -4899489174
7607 -617989438
-96915 -9607846360
-6297 -2089882803
25865 -7290719129
-39805 -3167265068
-16919 -7808679285
-71313 -5322796787
62041 -3160141323
50879 -2975628750
-75125 -1104896887
-49961 -6439039975
86431 -4421375918
57835 -1452808694
-75835 -9599462167
40933 -2606876654
-52985 -1804523131
-56917 -68703975
73777 -6449181674
-17709 -5474674985
43013 -3793212572
-93157 -1662417306
-32563 -1957202769
53623 -1404617589
44963 -1208003150
79705 -4056895718
99651 -8540541610
85187 -9615645475
-39493 -752893212
-41689 -152769718
32241 -5417883219
-18113 -8468226309
81571 -2458953948
-10019 -6747714335
68769 -4712831553
86043 -1702955698
-10059 -8474333323
29623 -5253017021
10731 -4179345387
-83431 -7630305141
72453 -8528196778
-98707 -3304759713
61999 -3352657466
89469 -7553967257
51807 -9007673372
-95307 -5543804631
-28855 -1007407117
40135 -6491338195
-29419 -957354527
52959 -5184269527
66831 -3338808178
50641 -8592678951
-8695 -7677294279
32043 -4819824457
-68557 -748047575
63657 -125389849
-30645 -9146813942
-92535 -7018060360
-36941 -3322201537
74735 -3485189925
-75437 272060476
84527 -7120192448
-71113 -6668749421
-34019 -7478991700
28613 -6784067902
-79569 -8929967961
20609 -8776327259
-59441 -4593041598
-54517 -9886492936
-61805 -9271850628
-76637 -1218881661
-19869 -223526272
-19631 -9969699728
90459 -3759309013
-20279 -76443482
-26489 -3709500669
-94401 -9647303535
-18885 -3293374811
-25559 -7251999052
-81127 -4078356479
60935 -9036645525
-68443 -1909798552
-98265 -4083975144
-66409 -190465962
-19211 -9726556207
58195 -852665083
-78099 -6764253436
-58543 -3629918041
29929 -3691059687
-73623 -5947559732
46755 -6906975687
40741 -1240290599
-96255 -3987958260
7973 -2666266595
46065 -7410566956
71235 -8092344158
-16251 -7526481388
-16997 -7927084643
-66485 -9334390826
-27441 -6518931771
-61207 -2454269096
17183 -620748497
59379 -3168413662
-44671 -4539419583
-75655 -5790835969
-58277 -1902016241
-39315 -1711058256
-17219 -5931704465
26567 -102195898
-85475 -171771494
-43075 -312256718
76305 -8487386003
-2453 -2238405897
29039 -1690654350
-86881 -2310378346
-3597 -7834039435
-33049 -8508488314
-41407 -6736376865
45753 -9752780078
86513 -4315823075
-17487 -6820925466
-8193 -8103549850
-71095 -6049470748
-41489 -7961614641
-20743 -6555890169
43719 -5804817621
-27827 -6036665825
-53147 -1413172475
95767 -8092582158
-24405 -5064068471
-2541 -7608865063
42617 -855623667
56325 -4612669763
43309 -9582887625
-29537 -2235771736
48703 -1437531137
-60577 -6865769824
61249 -3125812765
-16915 -1480379900
-78289 -5169214443
63653 -9561101714
87899 -7370374582
94125 -3282596384
25811 -3585209346
44761 -8830453573
42737 -9138692993
16917 -7126010959
-86915 -2827443408
-59835 -4665254023
-18403 -2842925913
-16397 -4606487712
47733 -495655370
53191 -7517731444
-98289 -8421740924
7583 -8337446331
21207 -6793531665
66353 -4045600265
-487 -2881109136
89247 -4612538447
-84695 -7685138007
-69757 87923073
-76197 240178114
-42009 -8807088814
37227 -1668996447
7047 -4271477076
-72285 -5268995250
-26569 -1789035476
-50191 -3092558877
-54551 -5104517261
97407 -1760587223
-90487 -9345319049
28317 -4362181355
-79195 -5695755008
-22807 -3192072166
62653 -2590738222
-89783 156215319
21531 -3630613676
-73711 -7100166363
-7123 -7850937694
24429 -2606730378
66031 -3889316205
-32443 -2484597451
-51171 -4503492758
29267 -1303992594
1397 -668635642
93 -4903225986
71011 -1543241268
-86241 -3869834881
-4457 -1171786228
39555 -7965481624
-41757 -9471521611
-7785 -7484966181
6989 -2475357058
18519 -9649652335
97649 -6992934023
-84841 -6516822736
-70119 -1656878818
62475 -3642738416
-15823 -3664292266
-37109 -9275961393
61429 -6507826334
14917 -474428190
-23665 -1857826074
-82035 -1300826923
-64445 -5105205878
-41383 -4409214125
-67041 -3786126642
-50289 -344733348
9749 -1978500272
62037 -8387142579
-7089 -7350982991
78947 -7445368113
65297 -2154367299
-11655 -4276015006
50791 -9707945287
-49543 -7328444723
14513 -688499825
27521 -5156292131
-57615 -4492524612
-98917 -6344795418
23975 -4041408425
2071 -4869926034
-98061 -9380652369
-43587 -7055190562
11637 -7618167832
-56909 -9683617241
-83605 -378640043
99849 -1149642418
68825 -4792058895
-893 -5664392466
-15111 -1123653969
98553 -4034412857
-4527 -1876815854
-35907 -381316439
-82135 -3646342796
11387 -5913629017
87929 -8486844115
26099 -2867019223
18865 -5157175142
76451 -8440346227
41101 -2473889049
-67137 -9888681147
-39735 -4543337863
41885 -827759311
-63585 -7665302188
49953 -4539094343
16901 -3617377518
28203 -8097092889
96741 -457126921
-26617 -9290227529
11453 -7636587452
87893 -1691973175
-15595 -4732725531
-6931 -8601589146
-33565 -6365314054
28433 -5989706595
-8417 -8067053424
-94171 -7445804659
-90935 -9522732513
-61623 -1230567444
-64259 -7505761228
-29123 -6405259310
31945 -2730772388
35591 -8487272136
30473 -1142069200
-94169 -1682212575
-185 -4554480698
1779 -3538506256
79277 -2160763860
-96507 -6452960940
-17585 -2312017335
-66561 -2576116061
-71657 -5271511211
-18459 -2164596287
7987 -9803899476
-62397 -9343135659
-70273 -6152695731
37701 -3209453986
-3163 -4949863564
12511 -7731764961
-77171 -868153505
-3197 -4538595850
89031 -4656616364
-32173 -7206942463
-6945 -4506101238
17219 -3297454672
-78149 -301783296
51657 -1080830152
7437 -1574545805
23797 -8577551657
-92413 227956346
-29337 -2539397603
-98439 -2607470600
25313 -4464887235
-91741 -1161696307
77443 -7799141901
30057 -5546280013
30075 -5948696774
65547 -7657373457
51575 -6654236621
-17979 -1560603308
-92569 -4048372842
-84349 -1412515400
33151 -5836054490
-13299 -700598909
-33399 -2450808062
-57753 -6645294666
16139 -9362342964
77153 -8759068267
-1959 -4980737881
28149 -4093866073
15467 -3268340331
-5305 -4257262385
19913 -7682873262
-69173 -5676965216
20161 -4572366224
-76363 -5686424942
-64857 -5042304848
57539 -1572837123
-54453 -5772518072
84629 -3318121878
-45063 -948999403
26417 -5698737490
-80445 -6641075650
-73029 -9433443763
-39735 -5155853155
9869 -3807624006
-89885 -1787392784
-86897 -4426682561
62249 -6584600800
30329 -1211802180
78603 -4631954463
-441 -8244631379
46279 -7562013620
-62131 -9537404369
59643 -762629021
13687 -3803501915
84635 -7600389421
-10125 -7921721833
-18091 -5729726137
94005 -8011329964
-92029 411338895
61041 -7714907238
13121 -4824475366
-55617 -9231177820
15995 -5416211926
-69383 -9281019373
78889 -7243000939
20949 -4067716182
-92077 -4379500852
-78517 -6464793776
14263 -1384571809
40035 -7058936300
-54321 -9434315047
-91023 -1261625864
74415 -3299936196
-22985 -2056188023
-6091 -6347967452
48953 -6206238479
-15331 -113284138
-61805 -2046619173
-98649 -5208957058
-35459 -3694143425
88565 -7954922600
3659 -3503818741
-6205 -371866889
-80629 -8540512588
-7619 -7502191314
-90843 -1877415337
-35323 -3060408559
23777 -8671531255
93401 -1266632062
-19545 -8655095756
89629 -126764274
-30461 -9908667377
72533 -4967298480
-95931 -3437874196
-18601 -9397381350
7731 -3883248768
96655 -2113086455
30407 -4440418385
15663 -1086536150
81793 -5965826141
-56029 -5617306004
-9741 -3704996403
36363 -3239444949
2053 -7471409583
-2415 -1082312999
94781 -9356049776
-91481 -9250900184
52229 -1401513931
-67345 -6458862041
68859 -4459579306
75129 -1211094784
-83239 -8333668618
88517 -715948082
-13493 -1795450398
-32243 -6299781994
3223 -2586220737
39939 -5410105711
-73111 -7999145924
-35813 -7969354774
-51815 -5730798155
55661 -5022876087
65943 -2049558443
86325 -9290362258
21581 -8580394704
-8717 -9054224466
62001 -4966379497
35431 -4259089106
17301 -796343208
59341 -9076997406
52023 -6261329960
-76093 -4166886871
-27891 -4735201566
66953 -2027691408
-90481 -8831264107
-41449 -5408047981
-95625 -3735625904
19589 -7702760696
-90193 -1225620645
15801 -8472238915
24995 -5897459896
-2503 -7574138167
45593 -8135392560
-45879 -1455387937
-12787 -5800970901
27459 -4841125101
-37625 -4602658287
-13149 -710123644
-11957 -1195262226
67901 -718268818
-9443 -3775047572
32791 -6540374031
-50751 -7483180145
32575 -2165242765
-61357 -7664727483
-56067 -7670419726
-97167 -4422314413
41079 -376086134
32357 -9246751837
20913 -2325335564
-38267 -2350500057
-83615 -26283977
72825 -7255233674
46897 -2877786559
-3921 -567958029
-41557 -5392543151
-60219 -4695556707
-44435 -3749567003
-42909 -6082927734
26611 -611771759
88419 -7862547306
23569 -1822187115
-50681 -591695435
44135 -2760885791
86745 -8969735204
-72831 -8374713770
-60123 -2098604965
-33807 -3802258331
-94783 -3372164854
93175 -2199366930
-89109 485871614
-71395 -6636964479
-7357 -527904231
-70683 -4770834805
37891 -2094537284
40851 -4334020518
-74747 -6656654994
-5061 -721910673
70887 -8226222494
-85015 -6732536665
80261 -289193763
-20803 -6804453175
54611 -3834386593
2405 -5096348346
-31011 -1089579308
52905 -2413397955
-27249 -6352857608
54065 -3255928651
-78257 -9246303024
-99743 -4197064339
76427 -4922532807
-98449 -6004043512
75323 -1458248113
20843 -5111170618
17387 -9521683992
-64631 -416230715
-19617 -2133873608
44655 -2428875487
-31041 -1330204412
-87539 -7997761613
-26665 -8026394024
-48817 -6101389759
11809 -4932779443
-22111 -8229480800
-74889 -9202454721
81873 -9743905657
-94419 -2258330558
14437 -6782973059
45305 -6488322743
-16953 -7111710175
-20855 -8402799906
-87203 -3417626458
67487 -3478229514
-86729 -9399567617
68207 -9052381011
55361 -9588822050
-39037 -8695501921
-42857 -2610273363
22731 -9367838596
81369 -3175618512
-81965 -9663039171
21787 -3439060536
93641 -1280960365
48097 -970959667
1053 -1307013813
50393 -4128764366
40315 -346248557
41311 -4771014860
15241 -7783684643
-89447 -7594786601
80065 -3380453921
-88659 -3685901885
-70961 -4460340704
23799 -259603824
27153 -6300778954
-36045 -6987250929
-39003 -6741246565
-3123 -3865491782
37371 -1983252503
8011 -2740286622
37683 -6935977820
-40901 -9793095186
53157 -867803215
-30159 -754784080
59611 -1155994685
